-5.120000000000000107e-01 -1.663999999999999924e+00 -8.529999999999999805e-01 2.100000000000000130e-02
-6.919999999999999485e-01 1.700000000000000122e-01 -1.872000000000000108e+00 1.200000000000000025e-02
-6.979999999999999538e-01 1.306000000000000050e+00 -2.088999999999999968e+00 2.100000000000000130e-02
-8.920000000000000151e-01 1.089999999999999997e-01 -1.762000000000000011e+00 3.899999999999999994e-02
-4.339999999999999969e-01 -1.413999999999999924e+00 -4.759999999999999787e-01 4.700000000000000011e-02
5.620000000000000551e-01 -1.002000000000000002e+00 1.116000000000000103e+00 3.200000000000000067e-02
7.009999999999999565e-01 4.309999999999999942e-01 1.425000000000000044e+00 7.000000000000000146e-03
-3.619999999999999885e-01 7.590000000000000080e-01 5.600000000000000533e-01 -0.000000000000000000e+00
-1.252999999999999892e+00 -2.620000000000000107e-01 2.310000000000000109e-01 1.099999999999999936e-02
-8.329999999999999627e-01 -1.294000000000000039e+00 1.090000000000000080e+00 2.000000000000000042e-02
2.540000000000000036e-01 -1.074000000000000066e+00 1.903999999999999915e+00 2.199999999999999872e-02
6.450000000000000178e-01 6.089999999999999858e-01 1.538000000000000034e+00 2.900000000000000147e-02
2.250000000000000056e-01 2.301000000000000156e+00 5.869999999999999662e-01 3.099999999999999978e-02
1.239999999999999991e-01 2.051000000000000156e+00 3.099999999999999978e-01 1.600000000000000033e-02
8.760000000000000009e-01 1.700000000000000122e-02 6.149999999999999911e-01 1.000000000000000021e-03
1.663999999999999924e+00 -1.459999999999999964e+00 4.000000000000000222e-01 5.000000000000000104e-03
1.747000000000000108e+00 -8.629999999999999893e-01 -8.999999999999999667e-02 1.799999999999999864e-02
1.348999999999999977e+00 6.630000000000000338e-01 6.750000000000000444e-01 1.299999999999999940e-02
7.910000000000000364e-01 1.272000000000000020e+00 2.504999999999999893e+00 -1.000000000000000021e-02
2.449999999999999956e-01 1.004999999999999893e+00 3.334999999999999964e+00 -2.100000000000000130e-02
1.010000000000000064e-01 7.349999999999999867e-01 2.527000000000000135e+00 -6.000000000000000125e-03
1.809999999999999942e-01 2.550000000000000044e-01 1.364999999999999991e+00 1.400000000000000029e-02
-4.959999999999999964e-01 -3.860000000000000098e-01 6.159999999999999920e-01 2.000000000000000042e-02
-1.935000000000000053e+00 -7.900000000000000078e-02 2.600000000000000089e-01 1.000000000000000021e-02
-2.619000000000000217e+00 1.175000000000000044e+00 1.980000000000000093e-01 -7.000000000000000146e-03
-1.814999999999999947e+00 1.864000000000000101e+00 7.000000000000000666e-02 -1.400000000000000029e-02
-5.050000000000000044e-01 1.153000000000000025e+00 6.500000000000000222e-02 2.000000000000000042e-03
5.789999999999999591e-01 -2.939999999999999836e-01 7.439999999999999947e-01 1.700000000000000122e-02
1.324000000000000066e+00 -1.292999999999999927e+00 1.266000000000000014e+00 7.000000000000000146e-03
1.000999999999999890e+00 -1.165999999999999925e+00 5.659999999999999476e-01 -1.000000000000000021e-02
-5.190000000000000169e-01 -2.570000000000000062e-01 -2.869999999999999774e-01 5.000000000000000104e-03
-1.473000000000000087e+00 3.589999999999999858e-01 1.160000000000000059e-01 3.300000000000000155e-02
-5.869999999999999662e-01 -4.000000000000000083e-03 9.270000000000000462e-01 1.799999999999999864e-02
8.319999999999999618e-01 -1.046999999999999931e+00 9.070000000000000284e-01 -3.400000000000000244e-02
8.030000000000000471e-01 -1.993000000000000105e+00 7.089999999999999636e-01 -5.800000000000000294e-02
-4.879999999999999893e-01 -2.000999999999999890e+00 9.619999999999999662e-01 -3.400000000000000244e-02
-1.254000000000000004e+00 -8.229999999999999538e-01 4.799999999999999822e-01 -5.000000000000000104e-03
-9.819999999999999840e-01 3.029999999999999916e-01 -1.342000000000000082e+00 -5.000000000000000104e-03
-5.320000000000000284e-01 2.290000000000000091e-01 -2.641000000000000014e+00 -2.400000000000000050e-02
-5.999999999999999778e-02 -3.780000000000000027e-01 -1.826999999999999957e+00 -5.199999999999999761e-02
4.480000000000000093e-01 -1.004000000000000004e+00 -8.400000000000000522e-02 -7.599999999999999811e-02
2.919999999999999818e-01 -2.185999999999999943e+00 7.700000000000000178e-01 -6.600000000000000311e-02
-3.669999999999999929e-01 -3.214999999999999858e+00 7.199999999999999734e-01 -1.899999999999999953e-02
-4.939999999999999947e-01 -2.648000000000000131e+00 4.410000000000000031e-01 2.400000000000000050e-02
-1.769999999999999907e-01 -1.072000000000000064e+00 -2.469999999999999973e-01 3.400000000000000244e-02
-2.620000000000000107e-01 -4.020000000000000240e-01 -1.477999999999999980e+00 1.700000000000000122e-02
-6.310000000000000053e-01 -1.338999999999999968e+00 -2.148000000000000131e+00 1.000000000000000021e-03
-6.350000000000000089e-01 -2.782000000000000028e+00 -1.562000000000000055e+00 8.000000000000000167e-03
-2.530000000000000027e-01 -2.987000000000000099e+00 -1.116999999999999993e+00 2.699999999999999969e-02
8.300000000000000433e-02 -1.542000000000000037e+00 -1.790999999999999925e+00 2.599999999999999881e-02
1.400000000000000029e-02 1.739999999999999880e-01 -2.177000000000000046e+00 -3.000000000000000062e-03
-4.209999999999999853e-01 1.036999999999999922e+00 -1.528000000000000025e+00 -2.400000000000000050e-02
-6.550000000000000266e-01 9.190000000000000391e-01 -1.294999999999999929e+00 -8.000000000000000167e-03
-3.599999999999999867e-01 -2.049999999999999878e-01 -1.923999999999999932e+00 2.100000000000000130e-02
-2.690000000000000169e-01 -1.413000000000000034e+00 -1.915999999999999925e+00 2.599999999999999881e-02
-1.175999999999999934e+00 -8.539999999999999813e-01 -6.480000000000000204e-01 1.799999999999999864e-02
-2.209000000000000075e+00 1.286000000000000032e+00 7.900000000000000355e-01 2.000000000000000042e-02
-1.590000000000000080e+00 2.757000000000000117e+00 1.203000000000000069e+00 1.299999999999999940e-02
4.560000000000000164e-01 2.907999999999999918e+00 3.119999999999999996e-01 -8.000000000000000167e-03
1.574999999999999956e+00 2.634999999999999787e+00 -8.790000000000000036e-01 -6.000000000000000125e-03
9.290000000000000480e-01 1.747000000000000108e+00 -9.040000000000000258e-01 2.199999999999999872e-02
5.700000000000000205e-02 2.220000000000000029e-01 1.350000000000000089e-01 2.800000000000000058e-02
-7.299999999999999545e-02 -2.560000000000000053e-01 7.009999999999999565e-01 -3.000000000000000062e-03
4.989999999999999991e-01 9.709999999999999742e-01 3.380000000000000226e-01 -2.000000000000000042e-02
1.834999999999999964e+00 2.107000000000000206e+00 9.500000000000000111e-02 -6.000000000000000125e-03
3.142999999999999794e+00 1.647999999999999909e+00 2.999999999999999889e-01 2.000000000000000042e-03
3.240000000000000213e+00 1.759999999999999898e-01 1.910000000000000031e-01 -1.799999999999999864e-02
2.383000000000000007e+00 -6.059999999999999831e-01 7.000000000000000146e-03 -3.899999999999999994e-02
1.324999999999999956e+00 3.130000000000000004e-01 7.409999999999999920e-01 -3.200000000000000067e-02
8.899999999999999578e-02 1.850000000000000089e+00 1.780999999999999917e+00 -6.000000000000000125e-03
-6.340000000000000080e-01 2.192000000000000171e+00 1.737999999999999989e+00 2.000000000000000042e-02
6.189999999999999947e-01 1.502999999999999892e+00 9.889999999999999902e-01 2.800000000000000058e-02
3.142999999999999794e+00 1.100000000000000089e+00 7.810000000000000275e-01 7.000000000000000146e-03
3.789000000000000146e+00 1.088999999999999968e+00 1.098000000000000087e+00 -2.299999999999999961e-02
1.461000000000000076e+00 8.770000000000000018e-01 1.092000000000000082e+00 -2.500000000000000139e-02
-1.008999999999999897e+00 4.809999999999999831e-01 3.140000000000000013e-01 -8.000000000000000167e-03
-9.989999999999999991e-01 2.750000000000000222e-01 -8.289999999999999591e-01 -5.000000000000000104e-03
3.400000000000000244e-01 2.290000000000000091e-01 -1.342999999999999972e+00 -1.400000000000000029e-02
1.769999999999999907e-01 -1.719999999999999862e-01 -1.048999999999999932e+00 -2.299999999999999961e-02
-1.393999999999999906e+00 -6.840000000000000524e-01 -1.010000000000000009e+00 -3.200000000000000067e-02
-1.274999999999999911e+00 -3.639999999999999902e-01 -1.558999999999999941e+00 -2.699999999999999969e-02
1.217000000000000082e+00 2.149999999999999967e-01 -1.566999999999999948e+00 5.000000000000000104e-03
2.545999999999999819e+00 -1.789999999999999925e-01 -5.709999999999999520e-01 1.899999999999999953e-02
7.339999999999999858e-01 -7.389999999999999902e-01 3.230000000000000093e-01 -4.000000000000000083e-03
-1.451000000000000068e+00 -2.660000000000000142e-01 3.250000000000000111e-01 -1.299999999999999940e-02
-1.447000000000000064e+00 6.380000000000000115e-01 -1.019999999999999934e-01 1.600000000000000033e-02
-6.580000000000000293e-01 1.241999999999999993e+00 -4.149999999999999800e-01 4.000000000000000083e-02
-1.094999999999999973e+00 1.643000000000000016e+00 -3.350000000000000200e-01 3.799999999999999906e-02
-1.911000000000000032e+00 1.631000000000000005e+00 3.760000000000000009e-01 3.400000000000000244e-02
-1.409999999999999920e+00 8.249999999999999556e-01 1.199999999999999956e+00 3.899999999999999994e-02
-1.429999999999999882e-01 -4.809999999999999831e-01 1.221000000000000085e+00 3.599999999999999728e-02
-7.000000000000000666e-02 -1.354000000000000092e+00 7.379999999999999893e-01 2.100000000000000130e-02
-1.457000000000000073e+00 -1.074000000000000066e+00 9.020000000000000240e-01 4.000000000000000083e-03
-2.391999999999999904e+00 -2.740000000000000213e-01 1.627000000000000002e+00 -2.000000000000000042e-03
-1.701999999999999957e+00 -3.890000000000000124e-01 1.514999999999999902e+00 4.000000000000000083e-03
-5.300000000000000266e-01 -1.548000000000000043e+00 3.360000000000000209e-01 8.999999999999999320e-03
-3.290000000000000147e-01 -2.120000000000000107e+00 -2.839999999999999747e-01 -3.000000000000000062e-03
-9.659999999999999698e-01 -9.320000000000000506e-01 1.809999999999999942e-01 -2.299999999999999961e-02
-1.368000000000000105e+00 5.699999999999999512e-01 4.700000000000000011e-02 -2.500000000000000139e-02
-1.131999999999999895e+00 8.799999999999999489e-02 -1.429999999999999938e+00 -4.000000000000000083e-03
-9.569999999999999618e-01 -1.596000000000000085e+00 -2.661999999999999922e+00 2.100000000000000130e-02
-1.421999999999999931e+00 -1.584999999999999964e+00 -2.245000000000000107e+00 3.099999999999999978e-02
-1.929999999999999938e+00 2.859999999999999765e-01 -6.620000000000000329e-01 1.899999999999999953e-02
-1.697999999999999954e+00 1.340999999999999970e+00 6.029999999999999805e-01 -2.000000000000000042e-03
-9.010000000000000231e-01 4.640000000000000235e-01 5.490000000000000435e-01 -5.000000000000000104e-03
-9.700000000000000289e-02 -8.040000000000000480e-01 -4.299999999999999933e-01 6.000000000000000125e-03
5.270000000000000240e-01 -9.090000000000000302e-01 -8.569999999999999840e-01 -4.000000000000000083e-03
1.127999999999999892e+00 2.429999999999999938e-01 -8.100000000000000255e-02 -3.400000000000000244e-02
1.614000000000000101e+00 1.395000000000000018e+00 6.510000000000000231e-01 -5.399999999999999939e-02
1.193999999999999950e+00 1.106999999999999984e+00 2.359999999999999876e-01 -5.500000000000000028e-02
-2.210000000000000020e-01 -2.200000000000000011e-01 -1.049999999999999961e-01 -4.800000000000000100e-02
-9.110000000000000320e-01 -7.940000000000000391e-01 1.252000000000000002e+00 -4.499999999999999833e-02
1.179999999999999938e-01 -1.199999999999999956e-01 2.975999999999999979e+00 -4.599999999999999922e-02
1.360999999999999988e+00 6.069999999999999840e-01 2.338000000000000078e+00 -3.300000000000000155e-02
1.479000000000000092e+00 5.110000000000000098e-01 -2.069999999999999896e-01 1.000000000000000021e-02
8.860000000000000098e-01 1.600000000000000033e-01 -1.733999999999999986e+00 4.800000000000000100e-02
2.580000000000000071e-01 4.540000000000000147e-01 -1.578000000000000069e+00 3.300000000000000155e-02
-1.580000000000000016e-01 8.369999999999999662e-01 -1.193000000000000060e+00 -1.700000000000000122e-02
-5.040000000000000036e-01 7.499999999999999722e-02 -8.549999999999999822e-01 -2.699999999999999969e-02
-9.310000000000000497e-01 -1.243000000000000105e+00 -3.330000000000000182e-01 1.700000000000000122e-02
-8.120000000000000551e-01 -1.598000000000000087e+00 -2.220000000000000029e-01 4.800000000000000100e-02
6.800000000000000488e-02 -1.258999999999999897e+00 -3.890000000000000124e-01 1.600000000000000033e-02
2.730000000000000204e-01 -1.163999999999999924e+00 -5.500000000000000028e-02 -3.200000000000000067e-02
-1.072000000000000064e+00 -8.120000000000000551e-01 4.040000000000000258e-01 -2.299999999999999961e-02
-2.192000000000000171e+00 2.760000000000000231e-01 3.200000000000000067e-01 2.699999999999999969e-02
-1.052000000000000046e+00 9.599999999999999645e-01 2.129999999999999949e-01 4.100000000000000172e-02
1.366999999999999993e+00 2.190000000000000002e-01 5.170000000000000151e-01 7.000000000000000146e-03
2.612000000000000099e+00 -1.153999999999999915e+00 4.119999999999999774e-01 -1.299999999999999940e-02
2.327999999999999847e+00 -1.796999999999999931e+00 -2.819999999999999729e-01 3.000000000000000062e-03
1.729000000000000092e+00 -1.433000000000000052e+00 2.100000000000000130e-02 1.200000000000000025e-02
1.290999999999999925e+00 -9.439999999999999503e-01 1.877999999999999892e+00 4.000000000000000083e-03
7.620000000000000107e-01 -1.038000000000000034e+00 3.185000000000000053e+00 1.000000000000000021e-02
1.700000000000000122e-02 -1.213999999999999968e+00 2.451999999999999957e+00 2.400000000000000050e-02
-2.999999999999999889e-01 -7.870000000000000329e-01 1.270999999999999908e+00 2.000000000000000042e-02
7.029999999999999583e-01 1.660000000000000087e-01 1.383999999999999897e+00 1.200000000000000025e-02
2.060000000000000053e+00 1.181000000000000050e+00 2.013999999999999790e+00 1.700000000000000122e-02
1.933999999999999941e+00 1.383999999999999897e+00 2.057999999999999829e+00 7.000000000000000146e-03
9.669999999999999707e-01 1.880000000000000004e-01 1.727999999999999980e+00 -2.000000000000000042e-02
8.429999999999999716e-01 -1.280999999999999917e+00 9.240000000000000435e-01 -1.899999999999999953e-02
1.139999999999999902e+00 -1.443000000000000060e+00 -6.360000000000000098e-01 1.499999999999999944e-02
9.389999999999999458e-01 -5.220000000000000195e-01 -1.663000000000000034e+00 3.599999999999999728e-02
6.570000000000000284e-01 4.119999999999999774e-01 -9.909999999999999920e-01 2.800000000000000058e-02
3.200000000000000067e-01 1.096999999999999975e+00 9.900000000000000466e-02 1.400000000000000029e-02
-8.800000000000000044e-01 1.350000000000000089e+00 3.200000000000000067e-01 1.000000000000000021e-02
-2.306999999999999940e+00 5.580000000000000515e-01 5.210000000000000187e-01 5.000000000000000104e-03
-2.365000000000000213e+00 -7.830000000000000293e-01 1.256000000000000005e+00 -8.999999999999999320e-03
-1.697999999999999954e+00 -8.519999999999999796e-01 1.364000000000000101e+00 -1.700000000000000122e-02
-2.016000000000000014e+00 6.280000000000000027e-01 -5.099999999999999672e-02 -4.000000000000000083e-03
-2.214999999999999858e+00 1.562999999999999945e+00 -1.877999999999999892e+00 4.000000000000000083e-03
-2.290000000000000091e-01 9.060000000000000275e-01 -2.081999999999999851e+00 -2.000000000000000042e-02
2.355999999999999872e+00 -2.800000000000000058e-02 -6.999999999999999556e-01 -5.000000000000000278e-02
2.500000000000000000e+00 -4.319999999999999951e-01 1.150000000000000050e-01 -3.899999999999999994e-02
9.210000000000000409e-01 -9.130000000000000338e-01 -5.659999999999999476e-01 -0.000000000000000000e+00
4.299999999999999656e-02 -1.276999999999999913e+00 -1.574999999999999956e+00 1.099999999999999936e-02
-3.109999999999999987e-01 -5.939999999999999725e-01 -1.905999999999999917e+00 -8.999999999999999320e-03
-7.239999999999999769e-01 5.490000000000000435e-01 -1.697000000000000064e+00 -1.299999999999999940e-02
-2.700000000000000178e-01 8.339999999999999636e-01 -1.379999999999999893e+00 -1.000000000000000021e-03
6.600000000000000311e-01 7.399999999999999911e-01 -1.133999999999999897e+00 -1.099999999999999936e-02
3.250000000000000111e-01 1.447999999999999954e+00 -1.076999999999999957e+00 -3.200000000000000067e-02
-1.060999999999999943e+00 2.318999999999999950e+00 -1.397999999999999909e+00 -2.699999999999999969e-02
-1.544000000000000039e+00 2.164000000000000146e+00 -1.995999999999999996e+00 -8.000000000000000167e-03
-6.350000000000000089e-01 1.437999999999999945e+00 -2.226999999999999869e+00 -5.000000000000000104e-03
3.230000000000000093e-01 9.639999999999999680e-01 -1.669999999999999929e+00 -8.000000000000000167e-03
4.769999999999999796e-01 6.219999999999999973e-01 -7.259999999999999787e-01 1.000000000000000021e-03
2.389999999999999902e-01 4.490000000000000102e-01 2.220000000000000029e-01 2.100000000000000130e-02
-4.499999999999999833e-02 5.759999999999999565e-01 1.104999999999999982e+00 3.599999999999999728e-02
-8.040000000000000480e-01 1.509999999999999953e-01 1.415000000000000036e+00 2.699999999999999969e-02
-1.574999999999999956e+00 -1.310999999999999943e+00 7.610000000000000098e-01 4.000000000000000083e-03
-7.880000000000000338e-01 -2.529999999999999805e+00 -8.599999999999999312e-02 8.999999999999999320e-03
7.770000000000000240e-01 -2.326999999999999957e+00 -1.209999999999999964e-01 4.499999999999999833e-02
6.199999999999999956e-01 -1.514000000000000012e+00 4.319999999999999951e-01 6.400000000000000133e-02
-3.890000000000000124e-01 -1.197000000000000064e+00 6.710000000000000409e-01 4.399999999999999745e-02
3.709999999999999964e-01 -7.309999999999999831e-01 5.260000000000000231e-01 1.000000000000000021e-02
1.477999999999999980e+00 5.839999999999999636e-01 5.530000000000000471e-01 -8.999999999999999320e-03
-7.299999999999999545e-02 1.391000000000000014e+00 6.330000000000000071e-01 -1.099999999999999936e-02
-2.575000000000000178e+00 5.180000000000000160e-01 2.770000000000000240e-01 -7.000000000000000146e-03
-2.097999999999999865e+00 -4.889999999999999902e-01 -2.169999999999999984e-01 4.000000000000000083e-03
8.419999999999999707e-01 1.100000000000000006e-01 -4.929999999999999938e-01 2.000000000000000042e-02
2.626999999999999780e+00 1.397000000000000020e+00 -9.629999999999999671e-01 1.899999999999999953e-02
2.388999999999999790e+00 1.598000000000000087e+00 -1.485000000000000098e+00 -6.000000000000000125e-03
1.905000000000000027e+00 6.650000000000000355e-01 -1.330000000000000071e+00 -2.199999999999999872e-02
1.766999999999999904e+00 -8.899999999999999578e-02 -9.529999999999999583e-01 1.000000000000000021e-03
1.302999999999999936e+00 1.729999999999999871e-01 -1.000999999999999890e+00 3.899999999999999994e-02
5.739999999999999547e-01 9.699999999999999734e-01 -6.979999999999999538e-01 5.000000000000000278e-02
6.000000000000000125e-03 1.332999999999999963e+00 1.980000000000000093e-01 2.999999999999999889e-02
-5.380000000000000338e-01 9.619999999999999662e-01 3.439999999999999725e-01 -8.000000000000000167e-03
-8.870000000000000107e-01 5.270000000000000240e-01 -4.749999999999999778e-01 -4.100000000000000172e-02
-3.619999999999999885e-01 8.559999999999999831e-01 -7.439999999999999947e-01 -3.699999999999999817e-02
5.759999999999999565e-01 1.393000000000000016e+00 -1.509999999999999953e-01 -4.000000000000000083e-03
6.199999999999999956e-01 6.810000000000000497e-01 1.779999999999999916e-01 8.999999999999999320e-03
-1.630000000000000060e-01 -9.519999999999999574e-01 2.270000000000000073e-01 -8.999999999999999320e-03
-8.609999999999999876e-01 -1.514999999999999902e+00 8.159999999999999476e-01 -2.000000000000000042e-02
-1.379999999999999893e+00 -5.929999999999999716e-01 1.479999999999999982e+00 -3.000000000000000062e-03
-1.675000000000000044e+00 4.010000000000000231e-01 1.044000000000000039e+00 1.700000000000000122e-02
-1.280999999999999917e+00 6.780000000000000471e-01 -2.280000000000000082e-01 8.000000000000000167e-03
-5.090000000000000080e-01 4.259999999999999898e-01 -7.079999999999999627e-01 -2.299999999999999961e-02
-2.660000000000000142e-01 3.400000000000000244e-02 2.670000000000000151e-01 -3.899999999999999994e-02
-5.270000000000000240e-01 -3.019999999999999907e-01 1.167000000000000037e+00 -2.199999999999999872e-02
-4.480000000000000093e-01 -8.040000000000000480e-01 5.959999999999999742e-01 -8.000000000000000167e-03
-7.399999999999999634e-02 -1.054999999999999938e+00 -1.799999999999999933e-01 -2.199999999999999872e-02
-3.699999999999999956e-01 -1.789999999999999925e-01 5.550000000000000488e-01 -2.900000000000000147e-02
-1.028000000000000025e+00 1.014999999999999902e+00 1.528000000000000025e+00 -7.000000000000000146e-03
-5.679999999999999494e-01 8.239999999999999547e-01 5.779999999999999583e-01 7.000000000000000146e-03
8.489999999999999769e-01 -5.899999999999999689e-01 -1.274000000000000021e+00 -8.999999999999999320e-03
1.790999999999999925e+00 -1.465000000000000080e+00 -1.491000000000000103e+00 -2.400000000000000050e-02
2.186999999999999833e+00 -8.669999999999999929e-01 -1.000000000000000056e-01 -1.499999999999999944e-02
2.504000000000000004e+00 2.750000000000000222e-01 9.340000000000000524e-01 2.000000000000000042e-03
2.271999999999999797e+00 3.780000000000000027e-01 7.810000000000000275e-01 -4.000000000000000083e-03
1.540999999999999925e+00 -9.409999999999999476e-01 2.859999999999999765e-01 -2.699999999999999969e-02
1.159999999999999920e+00 -2.225000000000000089e+00 3.860000000000000098e-01 -3.899999999999999994e-02
1.100000000000000089e+00 -1.681999999999999940e+00 9.399999999999999467e-01 -2.800000000000000058e-02
6.770000000000000462e-01 4.789999999999999813e-01 1.237999999999999989e+00 -1.000000000000000021e-03
-7.799999999999999989e-02 2.158999999999999808e+00 1.042000000000000037e+00 2.999999999999999889e-02
-6.790000000000000480e-01 1.764000000000000012e+00 4.129999999999999782e-01 4.000000000000000083e-02
-9.789999999999999813e-01 -3.910000000000000142e-01 -7.269999999999999796e-01 2.000000000000000042e-02
-1.116000000000000103e+00 -2.567000000000000171e+00 -2.021999999999999797e+00 -3.000000000000000062e-03
-1.217999999999999972e+00 -3.177999999999999936e+00 -2.311999999999999833e+00 3.000000000000000062e-03
-1.423000000000000043e+00 -2.154999999999999805e+00 -1.012999999999999901e+00 2.599999999999999881e-02
-2.188000000000000167e+00 -1.036999999999999922e+00 5.210000000000000187e-01 3.099999999999999978e-02
-3.638999999999999790e+00 -1.397999999999999909e+00 6.889999999999999458e-01 1.099999999999999936e-02
-4.730000000000000426e+00 -2.266999999999999904e+00 -1.499999999999999944e-02 -2.000000000000000042e-03
-4.826999999999999957e+00 -1.175999999999999934e+00 5.099999999999999672e-02 2.000000000000000042e-03
-4.645999999999999908e+00 1.112999999999999989e+00 1.151999999999999913e+00 1.000000000000000021e-03
-3.990000000000000213e+00 1.163000000000000034e+00 1.667000000000000037e+00 -2.000000000000000042e-03
-2.129999999999999893e+00 -1.135999999999999899e+00 6.500000000000000222e-01 1.400000000000000029e-02
-2.000000000000000111e-01 -2.076999999999999957e+00 -2.330000000000000127e-01 2.900000000000000147e-02
8.139999999999999458e-01 -4.580000000000000182e-01 4.089999999999999747e-01 1.799999999999999864e-02
1.582999999999999963e+00 5.999999999999999778e-01 1.072999999999999954e+00 4.000000000000000083e-03
1.822000000000000064e+00 -2.640000000000000124e-01 5.320000000000000284e-01 1.299999999999999940e-02
6.129999999999999893e-01 -3.039999999999999925e-01 3.109999999999999987e-01 1.799999999999999864e-02
-9.399999999999999467e-01 1.602000000000000091e+00 1.205999999999999961e+00 -8.000000000000000167e-03
-8.229999999999999538e-01 2.938000000000000167e+00 1.258999999999999897e+00 -3.200000000000000067e-02
9.579999999999999627e-01 2.347999999999999865e+00 -1.539999999999999980e-01 -1.700000000000000122e-02
2.205000000000000071e+00 1.241999999999999993e+00 -5.340000000000000302e-01 1.000000000000000021e-02
1.479999999999999982e+00 9.300000000000000488e-01 1.092999999999999972e+00 8.999999999999999320e-03
8.400000000000000522e-02 1.256999999999999895e+00 2.345000000000000195e+00 -1.099999999999999936e-02
-1.160000000000000059e-01 1.461999999999999966e+00 1.872000000000000108e+00 -2.100000000000000130e-02
7.279999999999999805e-01 1.530999999999999917e+00 9.719999999999999751e-01 -2.800000000000000058e-02
1.608000000000000096e+00 2.103000000000000203e+00 3.770000000000000018e-01 -4.100000000000000172e-02
2.204000000000000181e+00 2.662999999999999812e+00 -5.400000000000000355e-01 -4.900000000000000189e-02
2.116999999999999993e+00 1.776000000000000023e+00 -1.457999999999999963e+00 -4.499999999999999833e-02
1.183999999999999941e+00 -1.880000000000000004e-01 -1.129999999999999893e+00 -3.400000000000000244e-02
5.090000000000000080e-01 -1.070000000000000062e+00 3.260000000000000120e-01 -1.499999999999999944e-02
9.160000000000000364e-01 -2.989999999999999880e-01 1.308999999999999941e+00 4.000000000000000083e-03
1.649000000000000021e+00 2.879999999999999782e-01 8.449999999999999734e-01 1.000000000000000021e-03
1.846999999999999975e+00 -3.420000000000000262e-01 -5.669999999999999485e-01 -2.199999999999999872e-02
1.604999999999999982e+00 -1.076999999999999957e+00 -1.633999999999999897e+00 -2.299999999999999961e-02
1.145000000000000018e+00 -1.143000000000000016e+00 -1.203000000000000069e+00 4.000000000000000083e-03
6.390000000000000124e-01 -1.254999999999999893e+00 3.880000000000000115e-01 1.200000000000000025e-02
9.180000000000000382e-01 -1.935999999999999943e+00 1.387999999999999901e+00 -1.899999999999999953e-02
2.232000000000000206e+00 -2.604999999999999982e+00 1.076999999999999957e+00 -5.299999999999999850e-02
2.887000000000000011e+00 -2.298000000000000043e+00 4.169999999999999818e-01 -4.499999999999999833e-02
1.804999999999999938e+00 -1.070000000000000062e+00 -6.700000000000000400e-02 1.400000000000000029e-02
5.709999999999999520e-01 -2.800000000000000266e-01 -6.670000000000000373e-01 7.599999999999999811e-02
4.089999999999999747e-01 -2.119999999999999940e-01 -1.060999999999999943e+00 7.499999999999999722e-02
3.360000000000000209e-01 5.240000000000000213e-01 -5.280000000000000249e-01 1.700000000000000122e-02
1.170000000000000068e-01 1.752999999999999892e+00 6.919999999999999485e-01 -1.400000000000000029e-02
1.056000000000000050e+00 1.528999999999999915e+00 1.217000000000000082e+00 1.700000000000000122e-02
2.652000000000000135e+00 -1.700000000000000122e-01 8.000000000000000167e-03 4.800000000000000100e-02
2.470000000000000195e+00 -1.199000000000000066e+00 -1.941999999999999948e+00 2.699999999999999969e-02
-1.400000000000000029e-02 -8.719999999999999973e-01 -2.512999999999999901e+00 -1.000000000000000021e-02
-2.467000000000000082e+00 -5.110000000000000098e-01 -1.449999999999999956e+00 -1.000000000000000021e-02
-2.536999999999999922e+00 -3.109999999999999987e-01 -6.390000000000000124e-01 1.499999999999999944e-02
-5.450000000000000400e-01 7.950000000000000400e-01 -1.034000000000000030e+00 1.600000000000000033e-02
7.820000000000000284e-01 2.165000000000000036e+00 -1.538999999999999924e+00 -8.000000000000000167e-03
1.039999999999999952e-01 2.056000000000000050e+00 -1.370999999999999996e+00 -1.899999999999999953e-02
-7.860000000000000320e-01 7.690000000000000169e-01 -1.219999999999999973e+00 -3.000000000000000062e-03
-4.620000000000000218e-01 1.769999999999999907e-01 -1.427999999999999936e+00 2.500000000000000139e-02
-1.529999999999999971e-01 7.520000000000000018e-01 -1.377999999999999892e+00 4.399999999999999745e-02
-1.175000000000000044e+00 1.056999999999999940e+00 -1.110000000000000098e+00 4.200000000000000261e-02
-2.540999999999999925e+00 1.529999999999999971e-01 -1.155000000000000027e+00 2.999999999999999889e-02
-2.414000000000000146e+00 -1.094000000000000083e+00 -1.143999999999999906e+00 2.999999999999999889e-02
-1.133999999999999897e+00 -1.572000000000000064e+00 -6.530000000000000249e-01 3.599999999999999728e-02
-7.730000000000000204e-01 -1.064999999999999947e+00 -1.549999999999999989e-01 2.500000000000000139e-02
-1.451999999999999957e+00 2.959999999999999853e-01 4.000000000000000083e-02 -0.000000000000000000e+00
-1.506999999999999895e+00 1.846999999999999975e+00 1.089999999999999997e-01 -6.000000000000000125e-03
-1.024999999999999911e+00 2.233999999999999986e+00 -1.489999999999999936e-01 1.400000000000000029e-02
-8.810000000000000053e-01 1.072999999999999954e+00 -9.549999999999999600e-01 2.400000000000000050e-02
-3.250000000000000111e-01 -3.519999999999999796e-01 -1.606000000000000094e+00 5.000000000000000104e-03
7.409999999999999920e-01 -8.249999999999999556e-01 -1.058000000000000052e+00 -2.000000000000000042e-02
7.760000000000000231e-01 -1.829999999999999960e-01 3.390000000000000235e-01 -2.699999999999999969e-02
-7.299999999999999545e-02 8.519999999999999796e-01 1.030000000000000027e+00 -1.400000000000000029e-02
1.859999999999999987e-01 8.329999999999999627e-01 6.989999999999999547e-01 -2.000000000000000042e-03
1.524999999999999911e+00 -6.430000000000000160e-01 3.180000000000000049e-01 -1.499999999999999944e-02
1.453999999999999959e+00 -1.758000000000000007e+00 2.400000000000000050e-02 -4.100000000000000172e-02
-9.330000000000000515e-01 -1.239000000000000101e+00 -2.489999999999999991e-01 -3.799999999999999906e-02
-3.164000000000000146e+00 -2.969999999999999862e-01 2.389999999999999902e-01 -8.999999999999999320e-03
-2.766999999999999904e+00 -9.299999999999999933e-02 1.161999999999999922e+00 6.000000000000000125e-03
-5.789999999999999591e-01 -1.920000000000000040e-01 1.064000000000000057e+00 -1.000000000000000021e-03
6.680000000000000382e-01 -2.680000000000000160e-01 1.010000000000000064e-01 -1.099999999999999936e-02
3.899999999999999994e-02 -4.430000000000000049e-01 -1.799999999999999864e-02 -1.499999999999999944e-02
-8.449999999999999734e-01 -3.170000000000000040e-01 1.072000000000000064e+00 -1.200000000000000025e-02
-7.770000000000000240e-01 2.020000000000000129e-01 1.834999999999999964e+00 -8.000000000000000167e-03
-5.560000000000000497e-01 3.599999999999999867e-01 1.183999999999999941e+00 -1.400000000000000029e-02
-8.329999999999999627e-01 -2.129999999999999949e-01 -1.049999999999999961e-01 -2.299999999999999961e-02
-8.149999999999999467e-01 -9.260000000000000453e-01 -6.350000000000000089e-01 -2.599999999999999881e-02
-2.999999999999999889e-02 -9.389999999999999458e-01 -2.819999999999999729e-01 -2.599999999999999881e-02
5.620000000000000551e-01 -2.379999999999999893e-01 1.499999999999999944e-02 -2.699999999999999969e-02
7.599999999999999811e-02 -3.000000000000000062e-03 1.580000000000000016e-01 -2.800000000000000058e-02
-8.669999999999999929e-01 -7.219999999999999751e-01 7.990000000000000435e-01 -1.400000000000000029e-02
-1.030000000000000027e+00 -9.060000000000000275e-01 1.463000000000000078e+00 2.000000000000000042e-02
-2.720000000000000195e-01 1.960000000000000075e-01 1.195000000000000062e+00 5.099999999999999672e-02
4.010000000000000231e-01 1.060000000000000053e+00 5.679999999999999494e-01 5.399999999999999939e-02
3.609999999999999876e-01 8.699999999999999956e-01 5.789999999999999591e-01 3.599999999999999728e-02
-5.700000000000000205e-02 6.610000000000000320e-01 7.680000000000000160e-01 2.100000000000000130e-02
-4.339999999999999969e-01 9.160000000000000364e-01 5.909999999999999698e-01 1.200000000000000025e-02
-5.989999999999999769e-01 9.320000000000000506e-01 4.979999999999999982e-01 1.000000000000000021e-03
-2.159999999999999976e-01 2.969999999999999862e-01 2.949999999999999845e-01 -5.000000000000000104e-03
6.580000000000000293e-01 -4.510000000000000120e-01 -6.179999999999999938e-01 2.000000000000000042e-03
9.300000000000000488e-01 -5.819999999999999618e-01 -1.306999999999999940e+00 6.000000000000000125e-03
-2.079999999999999905e-01 -3.830000000000000071e-01 -6.139999999999999902e-01 -5.000000000000000104e-03
-1.879999999999999893e+00 -7.299999999999999822e-01 6.059999999999999831e-01 -8.999999999999999320e-03
-2.349000000000000199e+00 -1.252999999999999892e+00 9.959999999999999964e-01 1.000000000000000021e-02
-8.800000000000000044e-01 -8.449999999999999734e-01 7.209999999999999742e-01 3.300000000000000155e-02
9.829999999999999849e-01 2.710000000000000187e-01 2.989999999999999880e-01 2.699999999999999969e-02
8.179999999999999494e-01 1.147000000000000020e+00 -1.350000000000000089e-01 -5.000000000000000104e-03
-1.050999999999999934e+00 1.465999999999999970e+00 3.499999999999999778e-01 -2.400000000000000050e-02
-1.731999999999999984e+00 1.040999999999999925e+00 2.196000000000000174e+00 -1.899999999999999953e-02
-1.320000000000000062e-01 7.900000000000000078e-02 3.327999999999999847e+00 -7.000000000000000146e-03
1.852999999999999980e+00 -2.169999999999999984e-01 1.939999999999999947e+00 5.000000000000000104e-03
2.478000000000000203e+00 3.689999999999999947e-01 -1.910000000000000031e-01 1.600000000000000033e-02
2.033999999999999808e+00 1.310000000000000053e-01 -4.440000000000000058e-01 1.099999999999999936e-02
1.639999999999999902e+00 -1.411000000000000032e+00 7.389999999999999902e-01 -8.000000000000000167e-03
1.661999999999999922e+00 -2.092000000000000082e+00 1.326999999999999957e+00 -2.299999999999999961e-02
1.588999999999999968e+00 -7.600000000000000089e-01 8.449999999999999734e-01 -2.500000000000000139e-02
9.859999999999999876e-01 3.300000000000000155e-01 8.500000000000000611e-02 -1.299999999999999940e-02
2.630000000000000115e-01 -8.810000000000000053e-01 -5.380000000000000338e-01 5.000000000000000104e-03
4.000000000000000083e-03 -3.499000000000000110e+00 -1.026999999999999913e+00 8.000000000000000167e-03
-1.340000000000000080e-01 -8.114000000000000767e+00 -1.181999999999999940e+00 -8.000000000000000167e-03
-6.949999999999999512e-01 -1.733699999999999974e+01 -9.230000000000000426e-01 -1.499999999999999944e-02
-1.171000000000000041e+00 -2.723499999999999943e+01 -8.830000000000000071e-01 -4.000000000000000083e-03
-8.259999999999999565e-01 -2.883399999999999963e+01 -1.475000000000000089e+00 -1.000000000000000021e-03
1.350000000000000089e-01 -2.148699999999999832e+01 -1.655999999999999917e+00 -8.000000000000000167e-03
8.489999999999999769e-01 -1.310800000000000054e+01 -6.099999999999999867e-01 -5.000000000000000104e-03
5.939999999999999725e-01 -7.480999999999999872e+00 3.549999999999999822e-01 4.000000000000000083e-03
-3.270000000000000129e-01 -1.816999999999999948e+00 1.590000000000000024e-01 6.000000000000000125e-03
-6.919999999999999485e-01 5.562999999999999723e+00 8.799999999999999489e-02 8.000000000000000167e-03
1.529999999999999971e-01 1.298399999999999999e+01 9.300000000000000488e-01 1.700000000000000122e-02
1.574000000000000066e+00 1.875100000000000122e+01 9.220000000000000417e-01 1.400000000000000029e-02
2.174999999999999822e+00 2.261799999999999855e+01 -9.389999999999999458e-01 -1.099999999999999936e-02
1.169000000000000039e+00 2.537999999999999901e+01 -2.302999999999999936e+00 -3.400000000000000244e-02
-3.990000000000000213e-01 2.803800000000000026e+01 -1.084000000000000075e+00 -2.100000000000000130e-02
-9.170000000000000373e-01 3.054700000000000060e+01 6.630000000000000338e-01 1.400000000000000029e-02
-1.960000000000000075e-01 3.250699999999999790e+01 8.999999999999999667e-02 2.900000000000000147e-02
1.181999999999999940e+00 3.513900000000000290e+01 -1.447999999999999954e+00 8.000000000000000167e-03
3.225000000000000089e+00 3.900500000000000256e+01 -8.090000000000000524e-01 -1.400000000000000029e-02
5.668999999999999595e+00 4.003399999999999892e+01 1.270000000000000018e+00 -1.400000000000000029e-02
6.822000000000000064e+00 3.343999999999999773e+01 1.375999999999999890e+00 -1.000000000000000021e-02
5.275999999999999801e+00 2.090399999999999991e+01 -4.799999999999999822e-01 -1.700000000000000122e-02
2.009999999999999787e+00 8.454000000000000625e+00 -1.211999999999999966e+00 -1.799999999999999864e-02
-6.380000000000000115e-01 -6.119999999999999885e-01 -3.210000000000000075e-01 -4.000000000000000083e-03
-1.120000000000000107e+00 -6.798000000000000043e+00 3.990000000000000213e-01 1.499999999999999944e-02
2.630000000000000115e-01 -1.126800000000000068e+01 6.450000000000000178e-01 2.400000000000000050e-02
1.616000000000000103e+00 -1.444899999999999984e+01 6.370000000000000107e-01 1.299999999999999940e-02
1.320000000000000062e+00 -1.656200000000000117e+01 -1.819999999999999951e-01 -1.200000000000000025e-02
-5.270000000000000240e-01 -1.794200000000000017e+01 -1.300000000000000044e+00 -2.500000000000000139e-02
-2.670999999999999819e+00 -1.865800000000000125e+01 -1.415000000000000036e+00 -1.400000000000000029e-02
-3.809000000000000163e+00 -1.859100000000000108e+01 -6.570000000000000284e-01 5.000000000000000104e-03
-3.548999999999999932e+00 -1.808599999999999852e+01 -2.600000000000000089e-01 1.299999999999999940e-02
-2.758999999999999897e+00 -1.766799999999999926e+01 -9.040000000000000258e-01 4.000000000000000083e-03
-2.374000000000000110e+00 -1.725199999999999889e+01 -2.165999999999999925e+00 -3.000000000000000062e-03
-2.302999999999999936e+00 -1.660000000000000142e+01 -2.572000000000000064e+00 -0.000000000000000000e+00
-2.055000000000000160e+00 -1.584200000000000053e+01 -9.409999999999999476e-01 -0.000000000000000000e+00
-1.645000000000000018e+00 -1.495400000000000063e+01 1.324000000000000066e+00 -1.200000000000000025e-02
-1.395000000000000018e+00 -1.397100000000000009e+01 1.495000000000000107e+00 -2.299999999999999961e-02
-1.090000000000000080e+00 -1.331099999999999994e+01 -2.320000000000000118e-01 -1.600000000000000033e-02
-1.170000000000000068e-01 -1.279700000000000060e+01 -1.102000000000000091e+00 6.000000000000000125e-03
1.060999999999999943e+00 -1.185599999999999987e+01 -3.190000000000000058e-01 2.199999999999999872e-02
9.240000000000000435e-01 -1.085500000000000043e+01 3.079999999999999960e-01 1.700000000000000122e-02
-7.369999999999999885e-01 -1.019299999999999962e+01 -1.130000000000000032e-01 3.000000000000000062e-03
-2.029999999999999805e+00 -9.314999999999999503e+00 -3.559999999999999831e-01 5.000000000000000104e-03
-1.631999999999999895e+00 -8.519000000000000128e+00 2.479999999999999982e-01 1.899999999999999953e-02
-7.650000000000000133e-01 -8.830000000000000071e+00 6.550000000000000266e-01 2.500000000000000139e-02
-1.022999999999999909e+00 -9.048999999999999488e+00 4.909999999999999920e-01 2.400000000000000050e-02
-1.639999999999999902e+00 -6.972999999999999865e+00 6.239999999999999991e-01 2.299999999999999961e-02
-1.096000000000000085e+00 -3.716000000000000192e+00 9.020000000000000240e-01 1.700000000000000122e-02
-1.370000000000000107e-01 -2.315999999999999837e+00 5.160000000000000142e-01 1.200000000000000025e-02
-4.209999999999999853e-01 -2.693000000000000060e+00 1.739999999999999880e-01 2.100000000000000130e-02
-1.254999999999999893e+00 -2.515000000000000124e+00 7.129999999999999671e-01 2.800000000000000058e-02
-1.024000000000000021e+00 -1.457000000000000073e+00 1.066000000000000059e+00 8.000000000000000167e-03
-5.380000000000000338e-01 -5.020000000000000018e-01 3.770000000000000018e-01 -2.699999999999999969e-02
-1.139999999999999902e+00 5.060000000000000053e-01 -3.260000000000000120e-01 -3.300000000000000155e-02
-1.566000000000000059e+00 1.752999999999999892e+00 -2.200000000000000011e-01 -6.000000000000000125e-03
-4.650000000000000244e-01 2.380999999999999783e+00 4.420000000000000040e-01 1.400000000000000029e-02
7.570000000000000062e-01 2.060000000000000053e+00 1.560999999999999943e+00 8.999999999999999320e-03
4.560000000000000164e-01 1.082999999999999963e+00 2.420999999999999819e+00 5.000000000000000104e-03
-6.039999999999999813e-01 -2.577999999999999847e+00 1.487999999999999989e+00 1.099999999999999936e-02
-9.609999999999999654e-01 -1.191099999999999959e+01 -7.840000000000000302e-01 -2.000000000000000042e-03
-1.030000000000000027e+00 -2.292500000000000071e+01 -2.068999999999999950e+00 -2.999999999999999889e-02
-1.788999999999999924e+00 -2.578000000000000114e+01 -1.818000000000000060e+00 -2.400000000000000050e-02
-2.037999999999999812e+00 -1.879400000000000048e+01 -1.372000000000000108e+00 2.199999999999999872e-02
-7.209999999999999742e-01 -1.037299999999999933e+01 -1.235999999999999988e+00 4.299999999999999656e-02
1.280000000000000027e-01 -4.392000000000000348e+00 -1.028000000000000025e+00 1.799999999999999864e-02
-7.059999999999999609e-01 2.995000000000000107e+00 -6.989999999999999547e-01 -2.000000000000000042e-03
-1.036000000000000032e+00 1.269899999999999984e+01 -4.520000000000000129e-01 8.999999999999999320e-03
1.660000000000000087e-01 2.113800000000000168e+01 -5.100000000000000089e-01 1.700000000000000122e-02
1.072000000000000064e+00 2.696099999999999852e+01 -7.790000000000000258e-01 3.000000000000000062e-03
9.649999999999999689e-01 3.152199999999999847e+01 -8.399999999999999689e-01 -1.299999999999999940e-02
1.137000000000000011e+00 3.531600000000000250e+01 -9.040000000000000258e-01 -1.400000000000000029e-02
1.971999999999999975e+00 3.756499999999999773e+01 -1.580999999999999961e+00 -5.000000000000000104e-03
2.415999999999999925e+00 3.819100000000000250e+01 -2.532999999999999918e+00 2.000000000000000042e-03
2.306999999999999940e+00 3.949099999999999966e+01 -2.662999999999999812e+00 2.000000000000000042e-03
3.097999999999999865e+00 4.374300000000000210e+01 -1.397999999999999909e+00 -7.000000000000000146e-03
5.208000000000000185e+00 4.754399999999999693e+01 7.359999999999999876e-01 -1.400000000000000029e-02
6.152999999999999581e+00 4.355899999999999750e+01 2.592000000000000082e+00 -1.099999999999999936e-02
4.003000000000000114e+00 3.046399999999999864e+01 3.378000000000000114e+00 -8.999999999999999320e-03
1.417999999999999927e+00 1.545199999999999996e+01 3.302000000000000046e+00 -1.600000000000000033e-02
1.727000000000000091e+00 5.181000000000000050e+00 3.169000000000000039e+00 -1.400000000000000029e-02
3.011000000000000121e+00 -6.330000000000000071e-01 3.075000000000000178e+00 1.000000000000000021e-03
1.836000000000000076e+00 -5.266000000000000014e+00 2.321000000000000174e+00 -6.000000000000000125e-03
-5.899999999999999689e-01 -9.561999999999999389e+00 1.171000000000000041e+00 -4.200000000000000261e-02
-1.401999999999999913e+00 -1.284200000000000053e+01 1.092999999999999972e+00 -5.800000000000000294e-02
-9.619999999999999662e-01 -1.518099999999999916e+01 2.273000000000000131e+00 -2.699999999999999969e-02
-1.080999999999999961e+00 -1.660000000000000142e+01 2.629000000000000004e+00 7.000000000000000146e-03
-1.860000000000000098e+00 -1.657900000000000063e+01 1.054999999999999938e+00 -2.000000000000000042e-03
-2.177999999999999936e+00 -1.534800000000000075e+01 -5.070000000000000062e-01 -3.200000000000000067e-02
-1.657000000000000028e+00 -1.415300000000000047e+01 -5.679999999999999494e-01 -3.099999999999999978e-02
-1.088000000000000078e+00 -1.374900000000000055e+01 -2.969999999999999862e-01 -6.000000000000000125e-03
-7.019999999999999574e-01 -1.352399999999999913e+01 -5.190000000000000169e-01 -8.999999999999999320e-03
3.140000000000000013e-01 -1.294299999999999962e+01 -5.979999999999999760e-01 -3.799999999999999906e-02
1.598999999999999977e+00 -1.271100000000000030e+01 -6.620000000000000329e-01 -3.400000000000000244e-02
1.703000000000000069e+00 -1.338899999999999935e+01 -1.177999999999999936e+00 5.000000000000000104e-03
5.779999999999999583e-01 -1.432600000000000051e+01 -1.272999999999999909e+00 2.299999999999999961e-02
-5.809999999999999609e-01 -1.451299999999999990e+01 -5.360000000000000320e-01 8.999999999999999320e-03
-7.620000000000000107e-01 -1.332600000000000051e+01 -1.809999999999999942e-01 -8.000000000000000167e-03
5.999999999999999778e-02 -1.093200000000000038e+01 -3.790000000000000036e-01 -1.299999999999999940e-02
-4.000000000000000083e-02 -8.711000000000000298e+00 -1.350000000000000089e-01 -6.000000000000000125e-03
-2.954000000000000181e+00 -7.830000000000000071e+00 1.300000000000000044e-01 1.099999999999999936e-02
-6.977000000000000313e+00 -7.389999999999999680e+00 -2.280000000000000082e-01 2.900000000000000147e-02
-8.574999999999999289e+00 -6.488000000000000433e+00 -4.789999999999999813e-01 3.899999999999999994e-02
-7.296999999999999709e+00 -6.427999999999999936e+00 -4.779999999999999805e-01 4.299999999999999656e-02
-5.639999999999999680e+00 -7.583999999999999631e+00 -1.046999999999999931e+00 2.599999999999999881e-02
-5.035999999999999588e+00 -7.612000000000000099e+00 -2.148000000000000131e+00 -1.000000000000000021e-02
-4.543000000000000149e+00 -5.591999999999999638e+00 -2.951999999999999957e+00 -2.999999999999999889e-02
-2.875000000000000000e+00 -3.721999999999999975e+00 -2.755999999999999783e+00 -1.299999999999999940e-02
-4.909999999999999920e-01 -3.486000000000000210e+00 -1.445999999999999952e+00 1.400000000000000029e-02
8.770000000000000018e-01 -3.666999999999999815e+00 8.999999999999999667e-02 2.400000000000000050e-02
9.759999999999999787e-01 -2.809000000000000163e+00 7.740000000000000213e-01 1.299999999999999940e-02
1.713999999999999968e+00 -1.467000000000000082e+00 7.019999999999999574e-01 -8.999999999999999320e-03
4.519000000000000128e+00 -1.080000000000000071e+00 8.000000000000000444e-01 -2.500000000000000139e-02
8.958999999999999631e+00 -1.473000000000000087e+00 1.254999999999999893e+00 -1.700000000000000122e-02
1.381700000000000017e+01 -9.649999999999999689e-01 1.231999999999999984e+00 7.000000000000000146e-03
1.684799999999999898e+01 1.036000000000000032e+00 5.570000000000000506e-01 2.599999999999999881e-02
1.435399999999999920e+01 2.947000000000000064e+00 6.360000000000000098e-01 2.999999999999999889e-02
5.998999999999999666e+00 2.935999999999999943e+00 2.205999999999999961e+00 2.199999999999999872e-02
-1.354999999999999982e+00 1.556000000000000050e+00 3.289000000000000146e+00 6.000000000000000125e-03
-1.947000000000000064e+00 1.306999999999999940e+00 2.108000000000000096e+00 -3.000000000000000062e-03
5.000000000000000278e-02 2.657000000000000028e+00 2.179999999999999993e-01 1.600000000000000033e-02
-1.526999999999999913e+00 3.197999999999999954e+00 -1.529999999999999971e-01 5.000000000000000278e-02
-4.471000000000000085e+00 2.511000000000000121e+00 6.580000000000000293e-01 5.299999999999999850e-02
-4.224000000000000199e+00 3.181000000000000050e+00 9.220000000000000417e-01 7.000000000000000146e-03
-2.278000000000000025e+00 5.094000000000000306e+00 -8.100000000000000255e-02 -4.000000000000000083e-02
-1.231000000000000094e+00 4.780999999999999694e+00 -1.518999999999999906e+00 -4.200000000000000261e-02
8.409999999999999698e-01 2.068000000000000060e+00 -2.087000000000000188e+00 -1.299999999999999940e-02
4.980000000000000426e+00 9.050000000000000266e-01 -1.288999999999999924e+00 3.000000000000000062e-03
6.889999999999999680e+00 2.543000000000000149e+00 7.599999999999999811e-02 -5.000000000000000104e-03
3.565999999999999837e+00 3.900999999999999801e+00 5.100000000000000089e-01 -1.299999999999999940e-02
-4.600000000000000200e-01 3.037999999999999812e+00 -5.580000000000000515e-01 -5.000000000000000104e-03
3.970000000000000195e-01 1.802999999999999936e+00 -1.560999999999999943e+00 1.000000000000000021e-03
3.552999999999999936e+00 2.471999999999999975e+00 -4.610000000000000209e-01 -4.000000000000000083e-03
2.527000000000000135e+00 3.979000000000000092e+00 1.927000000000000046e+00 1.000000000000000021e-03
-2.587000000000000188e+00 3.552999999999999936e+00 2.669999999999999929e+00 1.799999999999999864e-02
-6.129999999999999893e+00 1.792000000000000037e+00 1.197999999999999954e+00 2.400000000000000050e-02
-5.788999999999999702e+00 2.181999999999999940e+00 -2.479999999999999982e-01 1.899999999999999953e-02
-4.445999999999999730e+00 4.842999999999999972e+00 -4.869999999999999885e-01 4.000000000000000083e-03
-4.708000000000000185e+00 5.892999999999999794e+00 -3.310000000000000164e-01 -2.500000000000000139e-02
-5.767999999999999794e+00 4.222999999999999865e+00 -3.719999999999999973e-01 -4.100000000000000172e-02
-5.578999999999999737e+00 3.216000000000000192e+00 -5.480000000000000426e-01 -1.400000000000000029e-02
-4.075999999999999623e+00 4.440000000000000391e+00 -9.799999999999999822e-01 2.100000000000000130e-02
-3.123000000000000220e+00 5.429000000000000270e+00 -1.437000000000000055e+00 1.299999999999999940e-02
-3.459000000000000075e+00 4.804000000000000270e+00 -9.929999999999999938e-01 -1.200000000000000025e-02
-3.418000000000000149e+00 3.996999999999999886e+00 3.970000000000000195e-01 -1.000000000000000021e-03
-1.802999999999999936e+00 3.511000000000000121e+00 1.272000000000000020e+00 2.900000000000000147e-02
-2.469999999999999973e-01 2.507000000000000117e+00 7.790000000000000258e-01 3.200000000000000067e-02
-8.880000000000000115e-01 1.568999999999999950e+00 -4.089999999999999747e-01 1.299999999999999940e-02
-3.052000000000000046e+00 1.822999999999999954e+00 -1.399999999999999911e+00 -5.000000000000000104e-03
-4.506999999999999673e+00 2.811999999999999833e+00 -1.354000000000000092e+00 -1.799999999999999864e-02
-5.259000000000000341e+00 3.541999999999999815e+00 -3.140000000000000013e-01 -2.599999999999999881e-02
-6.998999999999999666e+00 3.282000000000000028e+00 -3.990000000000000213e-01 -1.899999999999999953e-02
-9.093999999999999417e+00 1.574999999999999956e+00 -2.370999999999999996e+00 -4.000000000000000083e-03
-9.210000000000000853e+00 -3.990000000000000213e-01 -3.212000000000000188e+00 4.000000000000000083e-03
-7.639999999999999680e+00 -7.520000000000000018e-01 -1.225999999999999979e+00 8.000000000000000167e-03
-6.607999999999999652e+00 -5.099999999999999672e-02 8.539999999999999813e-01 1.400000000000000029e-02
-6.163000000000000256e+00 -6.079999999999999849e-01 4.749999999999999778e-01 1.600000000000000033e-02
-4.439000000000000057e+00 -2.774999999999999911e+00 -1.191999999999999948e+00 8.000000000000000167e-03
-8.790000000000000036e-01 -4.392999999999999794e+00 -1.548999999999999932e+00 -6.000000000000000125e-03
3.253000000000000114e+00 -3.975000000000000089e+00 -2.169999999999999984e-01 -1.899999999999999953e-02
6.567000000000000171e+00 -2.528999999999999915e+00 8.100000000000000533e-01 -2.400000000000000050e-02
8.058999999999999275e+00 -1.368999999999999995e+00 2.700000000000000178e-01 -2.100000000000000130e-02
6.940999999999999837e+00 -2.969999999999999862e-01 -8.179999999999999494e-01 -1.899999999999999953e-02
4.306000000000000050e+00 9.180000000000000382e-01 -1.213999999999999968e+00 -2.699999999999999969e-02
4.110000000000000320e+00 1.901999999999999913e+00 -9.020000000000000240e-01 -2.999999999999999889e-02
8.900000000000000355e+00 2.708000000000000185e+00 -1.779999999999999916e-01 -7.000000000000000146e-03
1.491600000000000037e+01 2.770000000000000018e+00 5.530000000000000471e-01 3.400000000000000244e-02
1.560500000000000043e+01 6.850000000000000533e-01 6.089999999999999858e-01 5.199999999999999761e-02
9.919999999999999929e+00 -2.495000000000000107e+00 2.670000000000000151e-01 3.500000000000000333e-02
4.352000000000000313e+00 -3.439000000000000057e+00 8.169999999999999485e-01 1.200000000000000025e-02
6.277000000000000135e+00 -1.602000000000000091e+00 2.392999999999999794e+00 1.499999999999999944e-02
1.473399999999999999e+01 -9.900000000000000466e-02 3.458000000000000185e+00 3.799999999999999906e-02
1.951300000000000168e+01 -1.497000000000000108e+00 3.080999999999999961e+00 5.000000000000000278e-02
1.398799999999999955e+01 -5.820000000000000284e+00 1.917000000000000037e+00 3.899999999999999994e-02
4.932999999999999829e+00 -1.148099999999999987e+01 8.760000000000000009e-01 1.400000000000000029e-02
1.245999999999999996e+00 -1.654400000000000048e+01 4.079999999999999738e-01 -4.000000000000000083e-03
7.299999999999999545e-02 -1.965099999999999980e+01 7.379999999999999893e-01 -7.000000000000000146e-03
-4.977999999999999758e+00 -1.986599999999999966e+01 2.076999999999999957e+00 -1.000000000000000021e-03
-1.163100000000000023e+01 -1.708299999999999841e+01 4.200000000000000178e+00 5.000000000000000104e-03
-1.520400000000000063e+01 -1.313000000000000078e+01 5.389000000000000234e+00 -0.000000000000000000e+00
-1.680499999999999972e+01 -9.589999999999999858e+00 3.918000000000000149e+00 -1.899999999999999953e-02
-1.881099999999999994e+01 -5.250000000000000000e+00 1.060000000000000053e+00 -2.100000000000000130e-02
-2.096900000000000119e+01 6.850000000000000533e-01 -1.046000000000000041e+00 1.899999999999999953e-02
-2.307000000000000028e+01 5.644000000000000128e+00 -3.148000000000000131e+00 6.300000000000000044e-02
-2.489799999999999969e+01 7.868999999999999773e+00 -5.915000000000000036e+00 4.700000000000000011e-02
-2.444399999999999906e+01 9.079000000000000625e+00 -6.972000000000000419e+00 -2.100000000000000130e-02
-2.035000000000000142e+01 9.872999999999999332e+00 -5.575000000000000178e+00 -6.900000000000000577e-02
-1.387500000000000000e+01 8.460000000000000853e+00 -4.862000000000000099e+00 -5.999999999999999778e-02
-5.770999999999999908e+00 6.551999999999999602e+00 -5.738000000000000433e+00 -2.699999999999999969e-02
6.822000000000000064e+00 9.801999999999999602e+00 -5.000000000000000000e+00 -8.999999999999999320e-03
2.652700000000000102e+01 1.873199999999999932e+01 -1.806999999999999940e+00 -8.999999999999999320e-03
4.867099999999999937e+01 2.553699999999999903e+01 6.630000000000000338e-01 -4.000000000000000083e-03
6.495000000000000284e+01 2.546399999999999864e+01 8.110000000000000542e-01 -6.000000000000000125e-03
7.464700000000000557e+01 2.463200000000000145e+01 6.139999999999999902e-01 -3.099999999999999978e-02
8.069700000000000273e+01 2.760200000000000031e+01 1.921999999999999931e+00 -5.500000000000000028e-02
7.645999999999999375e+01 2.579799999999999827e+01 3.736000000000000210e+00 -4.700000000000000011e-02
5.348299999999999699e+01 1.187299999999999933e+01 4.198999999999999844e+00 -2.699999999999999969e-02
1.992200000000000060e+01 -4.278999999999999915e+00 4.203999999999999737e+00 -1.899999999999999953e-02
-5.988999999999999879e+00 -9.523999999999999133e+00 5.834999999999999964e+00 -5.000000000000000104e-03
-1.675499999999999901e+01 -7.227999999999999758e+00 7.724000000000000199e+00 1.799999999999999864e-02
-1.641900000000000048e+01 -8.141000000000000014e+00 6.889999999999999680e+00 2.800000000000000058e-02
-9.781000000000000583e+00 -1.190600000000000058e+01 4.238999999999999879e+00 2.000000000000000042e-02
-2.450000000000000178e+00 -1.143999999999999950e+01 2.963000000000000078e+00 1.099999999999999936e-02
-7.830000000000000293e-01 -7.628000000000000114e+00 2.998000000000000220e+00 6.000000000000000125e-03
-4.274000000000000021e+00 -8.611000000000000654e+00 1.889999999999999902e+00 8.000000000000000167e-03
-7.078999999999999737e+00 -1.834400000000000119e+01 -1.229999999999999982e-01 2.599999999999999881e-02
-8.782000000000000028e+00 -3.112399999999999878e+01 -6.780000000000000471e-01 4.499999999999999833e-02
-1.516399999999999970e+01 -3.717399999999999949e+01 -2.149999999999999967e-01 3.099999999999999978e-02
-2.733999999999999986e+01 -3.339200000000000301e+01 -1.272999999999999909e+00 -1.899999999999999953e-02
-3.833700000000000330e+01 -2.569000000000000128e+01 -3.524000000000000021e+00 -6.500000000000000222e-02
-4.328799999999999670e+01 -1.920200000000000173e+01 -4.434000000000000163e+00 -6.099999999999999867e-02
-4.551700000000000301e+01 -1.252200000000000024e+01 -3.539000000000000146e+00 -1.600000000000000033e-02
-4.896500000000000341e+01 -3.833000000000000185e+00 -2.412999999999999812e+00 2.000000000000000042e-02
-5.099600000000000222e+01 4.607000000000000206e+00 -2.254000000000000004e+00 2.199999999999999872e-02
-4.742199999999999704e+01 1.054899999999999949e+01 -2.920999999999999819e+00 1.600000000000000033e-02
-4.002000000000000313e+01 1.515099999999999980e+01 -3.240000000000000213e+00 1.700000000000000122e-02
-3.361800000000000210e+01 2.013299999999999912e+01 -2.955000000000000071e+00 4.000000000000000083e-03
-2.946699999999999875e+01 2.433699999999999974e+01 -3.430000000000000160e+00 -2.100000000000000130e-02
-2.596600000000000108e+01 2.594999999999999929e+01 -4.809000000000000163e+00 -2.900000000000000147e-02
-2.224200000000000088e+01 2.672299999999999898e+01 -5.049999999999999822e+00 -8.000000000000000167e-03
-1.817800000000000082e+01 3.001399999999999935e+01 -2.974000000000000199e+00 7.000000000000000146e-03
-1.363299999999999912e+01 3.479999999999999716e+01 5.399999999999999939e-02 -8.000000000000000167e-03
-9.821999999999999176e+00 3.518800000000000239e+01 1.608000000000000096e+00 -3.099999999999999978e-02
-9.948000000000000398e+00 2.756800000000000139e+01 5.889999999999999680e-01 -3.400000000000000244e-02
-1.497700000000000031e+01 1.592399999999999949e+01 -1.475000000000000089e+00 -3.500000000000000333e-02
-2.003000000000000114e+01 6.806000000000000050e+00 -2.197000000000000064e+00 -4.800000000000000100e-02
-2.018499999999999872e+01 1.385000000000000009e+00 -1.231999999999999984e+00 -4.299999999999999656e-02
-1.744200000000000017e+01 -3.549999999999999822e+00 -1.759999999999999898e-01 -8.999999999999999320e-03
-1.613100000000000023e+01 -9.410999999999999588e+00 -2.449999999999999956e-01 1.099999999999999936e-02
-1.514400000000000013e+01 -1.408000000000000007e+01 -1.070000000000000062e+00 -5.000000000000000104e-03
-1.049000000000000021e+01 -1.443599999999999994e+01 -1.762000000000000011e+00 -2.999999999999999889e-02
-2.758000000000000007e+00 -9.051000000000000156e+00 -2.335999999999999854e+00 -3.799999999999999906e-02
2.456999999999999851e+00 -5.199999999999999761e-02 -2.903999999999999915e+00 -2.500000000000000139e-02
1.445000000000000062e+00 6.729000000000000092e+00 -2.662999999999999812e+00 -1.000000000000000021e-03
-2.763999999999999790e+00 4.983999999999999986e+00 -1.766999999999999904e+00 1.299999999999999940e-02
-3.652000000000000135e+00 -6.568999999999999950e+00 -1.995000000000000107e+00 4.000000000000000083e-03
3.039000000000000146e+00 -2.128000000000000114e+01 -3.209999999999999964e+00 -8.999999999999999320e-03
1.826999999999999957e+01 -2.904700000000000060e+01 -2.403999999999999915e+00 -0.000000000000000000e+00
4.070900000000000318e+01 -2.567999999999999972e+01 1.750999999999999890e+00 2.500000000000000139e-02
6.474599999999999511e+01 -1.671600000000000108e+01 6.910000000000000142e+00 4.599999999999999922e-02
7.856100000000000705e+01 -1.090499999999999936e+01 9.970000000000000639e+00 6.600000000000000311e-02
7.098300000000000409e+01 -1.248000000000000043e+01 9.160000000000000142e+00 8.200000000000000344e-02
4.522699999999999676e+01 -2.071699999999999875e+01 5.054000000000000270e+00 7.799999999999999989e-02
1.976699999999999946e+01 -3.243699999999999761e+01 7.510000000000000009e-01 5.999999999999999778e-02
8.746000000000000441e+00 -4.282399999999999807e+01 -1.314999999999999947e+00 5.000000000000000278e-02
1.002500000000000036e+01 -4.799600000000000222e+01 -1.584999999999999964e+00 4.100000000000000172e-02
1.909799999999999898e+01 -4.772200000000000131e+01 -1.022000000000000020e+00 2.400000000000000050e-02
3.766899999999999693e+01 -4.393699999999999761e+01 2.210000000000000020e-01 6.000000000000000125e-03
5.910699999999999932e+01 -3.913600000000000279e+01 1.205999999999999961e+00 -4.000000000000000083e-03
6.714100000000000534e+01 -3.523199999999999932e+01 8.569999999999999840e-01 -1.700000000000000122e-02
5.757699999999999818e+01 -3.053699999999999903e+01 1.700000000000000122e-01 -4.000000000000000083e-02
4.055499999999999972e+01 -2.163700000000000045e+01 1.155000000000000027e+00 -5.299999999999999850e-02
2.073699999999999832e+01 -9.454000000000000625e+00 4.009999999999999787e+00 -3.699999999999999817e-02
-1.776999999999999913e+00 1.262000000000000011e+00 6.854000000000000092e+00 -6.000000000000000125e-03
-1.567300000000000004e+01 8.512999999999999901e+00 8.355999999999999872e+00 1.000000000000000021e-02
-7.969999999999999751e+00 1.665599999999999881e+01 9.493999999999999773e+00 6.000000000000000125e-03
1.499099999999999966e+01 3.081800000000000139e+01 1.081300000000000061e+01 -5.000000000000000104e-03
3.226599999999999824e+01 4.652900000000000347e+01 9.548999999999999488e+00 -1.200000000000000025e-02
2.896300000000000097e+01 5.041599999999999682e+01 3.504999999999999893e+00 -1.000000000000000021e-03
6.708000000000000185e+00 3.575200000000000244e+01 -4.123000000000000220e+00 1.099999999999999936e-02
-2.098000000000000043e+01 1.234900000000000020e+01 -8.073000000000000398e+00 -8.999999999999999320e-03
-4.070400000000000063e+01 -4.572000000000000064e+00 -7.440000000000000391e+00 -5.500000000000000028e-02
-4.567099999999999937e+01 -1.140199999999999925e+01 -6.009999999999999787e+00 -7.199999999999999456e-02
-3.532000000000000028e+01 -1.535699999999999932e+01 -7.153999999999999915e+00 -4.299999999999999656e-02
-1.673499999999999943e+01 -2.071699999999999875e+01 -1.005300000000000082e+01 -1.299999999999999940e-02
1.653999999999999915e+00 -2.274099999999999966e+01 -1.148900000000000077e+01 -2.100000000000000130e-02
2.712500000000000000e+01 -1.154100000000000037e+01 -9.387999999999999901e+00 -2.800000000000000058e-02
7.593200000000000216e+01 1.871399999999999864e+01 -3.365000000000000213e+00 2.800000000000000058e-02
1.339650000000000034e+02 5.735499999999999687e+01 4.623999999999999666e+00 1.310000000000000053e-01
1.483329999999999984e+02 8.120000000000000284e+01 9.586000000000000298e+00 1.880000000000000004e-01
8.787900000000000489e+01 8.050700000000000500e+01 8.044000000000000483e+00 1.600000000000000033e-01
-7.147999999999999687e+00 6.862699999999999534e+01 2.810999999999999943e+00 1.000000000000000056e-01
-7.127599999999999625e+01 6.069100000000000250e+01 -3.220000000000000084e-01 6.400000000000000133e-02
-8.560599999999999454e+01 5.986899999999999977e+01 9.849999999999999867e-01 5.600000000000000117e-02
-6.489600000000000080e+01 6.531399999999999295e+01 4.955000000000000071e+00 8.100000000000000255e-02
-1.664799999999999969e+01 7.464100000000000534e+01 9.388999999999999346e+00 1.390000000000000124e-01
3.750099999999999767e+01 7.903100000000000591e+01 1.440700000000000003e+01 1.809999999999999942e-01
4.965200000000000102e+01 7.063700000000000045e+01 2.148799999999999955e+01 1.600000000000000033e-01
3.087000000000000188e+00 5.242600000000000193e+01 2.853500000000000014e+01 9.600000000000000200e-02
-5.918399999999999750e+01 3.171799999999999997e+01 2.968400000000000105e+01 2.999999999999999889e-02
-9.241899999999999693e+01 1.053100000000000058e+01 2.398600000000000065e+01 -2.699999999999999969e-02
-9.812199999999999989e+01 -1.026399999999999935e+01 1.700900000000000034e+01 -7.499999999999999722e-02
-9.702899999999999636e+01 -2.489900000000000091e+01 1.126999999999999957e+01 -9.800000000000000377e-02
-9.237000000000000455e+01 -2.923900000000000077e+01 4.557999999999999829e+00 -1.029999999999999943e-01
-7.783299999999999841e+01 -2.782999999999999829e+01 -2.809000000000000163e+00 -1.300000000000000044e-01
-5.560799999999999699e+01 -2.708500000000000085e+01 -8.134999999999999787e+00 -1.660000000000000087e-01
-3.197899999999999920e+01 -2.737000000000000099e+01 -1.202500000000000036e+01 -1.580000000000000016e-01
-8.515000000000000568e+00 -2.821699999999999875e+01 -1.761899999999999977e+01 -1.170000000000000068e-01
1.295700000000000074e+01 -3.332000000000000028e+01 -2.506099999999999994e+01 -1.100000000000000006e-01
2.194099999999999895e+01 -4.310099999999999909e+01 -3.039900000000000091e+01 -1.350000000000000089e-01
6.605999999999999872e+00 -5.061200000000000188e+01 -3.068700000000000117e+01 -1.370000000000000107e-01
-2.667399999999999949e+01 -5.203799999999999670e+01 -2.812999999999999901e+01 -1.079999999999999988e-01
-5.294200000000000017e+01 -5.198899999999999721e+01 -2.701200000000000045e+01 -8.999999999999999667e-02
-5.761800000000000210e+01 -5.185099999999999909e+01 -2.824699999999999989e+01 -9.299999999999999933e-02
-5.481499999999999773e+01 -4.510799999999999699e+01 -2.999899999999999878e+01 -9.400000000000000022e-02
-6.754600000000000648e+01 -3.192200000000000060e+01 -3.138400000000000034e+01 -8.100000000000000255e-02
-1.000699999999999932e+02 -2.454700000000000060e+01 -3.242499999999999716e+01 -5.600000000000000117e-02
-1.339350000000000023e+02 -2.931400000000000006e+01 -3.249900000000000233e+01 -3.300000000000000155e-02
-1.439319999999999879e+02 -3.591599999999999682e+01 -3.092800000000000082e+01 -1.799999999999999864e-02
-1.194519999999999982e+02 -3.233599999999999852e+01 -2.764099999999999824e+01 -8.000000000000000167e-03
-7.063800000000000523e+01 -2.012699999999999889e+01 -2.238800000000000168e+01 1.200000000000000025e-02
-1.139799999999999969e+01 -8.981999999999999318e+00 -1.435899999999999999e+01 5.600000000000000117e-02
4.971500000000000341e+01 -2.455999999999999961e+00 -3.710999999999999854e+00 1.110000000000000014e-01
9.432200000000000273e+01 3.914000000000000146e+00 6.043000000000000149e+00 1.439999999999999891e-01
9.659799999999999898e+01 1.116699999999999982e+01 9.586999999999999744e+00 1.429999999999999882e-01
6.256000000000000227e+01 1.390099999999999980e+01 7.086999999999999744e+00 1.229999999999999982e-01
4.090200000000000102e+01 1.280700000000000038e+01 6.689000000000000057e+00 9.700000000000000289e-02
6.326299999999999812e+01 1.843100000000000094e+01 1.505199999999999960e+01 7.000000000000000666e-02
9.460399999999999920e+01 3.499300000000000210e+01 2.760500000000000043e+01 5.399999999999999939e-02
7.953300000000000125e+01 4.784300000000000352e+01 3.254699999999999704e+01 5.099999999999999672e-02
2.311400000000000077e+01 3.596099999999999852e+01 2.495899999999999963e+01 3.599999999999999728e-02
-1.474699999999999989e+01 -1.099999999999999936e-02 1.280199999999999960e+01 -7.000000000000000146e-03
-3.449999999999999734e-01 -3.139000000000000057e+01 6.193999999999999950e+00 -4.599999999999999922e-02
3.564000000000000057e+01 -3.573199999999999932e+01 5.950000000000000178e+00 -4.100000000000000172e-02
4.733899999999999864e+01 -2.478999999999999915e+01 6.910999999999999588e+00 -4.000000000000000083e-03
3.212500000000000000e+01 -2.065800000000000125e+01 7.256999999999999673e+00 8.000000000000000167e-03
2.198999999999999844e+01 -2.257499999999999929e+01 9.705999999999999517e+00 -2.299999999999999961e-02
3.511999999999999744e+01 -1.645799999999999841e+01 1.575600000000000023e+01 -5.099999999999999672e-02
5.825900000000000034e+01 -3.549999999999999822e-01 2.175199999999999889e+01 -3.699999999999999817e-02
6.891599999999999682e+01 1.324600000000000044e+01 2.176699999999999946e+01 -2.000000000000000042e-03
6.285999999999999943e+01 1.220299999999999940e+01 1.457000000000000028e+01 1.099999999999999936e-02
6.286699999999999733e+01 -2.489999999999999991e-01 6.139999999999999680e+00 -1.000000000000000021e-02
9.299500000000000455e+01 -5.844999999999999751e+00 3.721999999999999975e+00 -3.899999999999999994e-02
1.379590000000000032e+02 6.368000000000000327e+00 8.548000000000000043e+00 -4.599999999999999922e-02
1.509010000000000105e+02 2.507199999999999918e+01 1.606200000000000117e+01 -3.300000000000000155e-02
1.125540000000000020e+02 3.217999999999999972e+01 2.190700000000000003e+01 -1.799999999999999864e-02
5.477100000000000080e+01 2.285800000000000054e+01 2.481599999999999895e+01 -1.200000000000000025e-02
1.688299999999999912e+01 4.445000000000000284e+00 2.376699999999999946e+01 -2.299999999999999961e-02
7.017999999999999794e+00 -1.500900000000000034e+01 1.636799999999999855e+01 -7.000000000000000666e-02
8.680999999999999162e+00 -3.181700000000000017e+01 3.012000000000000011e+00 -1.310000000000000053e-01
4.869999999999999885e-01 -4.372899999999999920e+01 -9.914999999999999147e+00 -1.400000000000000133e-01
-2.888100000000000023e+01 -4.626299999999999812e+01 -1.535999999999999943e+01 -7.900000000000000078e-02
-7.015800000000000125e+01 -3.633700000000000330e+01 -1.342500000000000071e+01 -1.200000000000000025e-02
-1.039639999999999986e+02 -1.947800000000000153e+01 -9.698000000000000398e+00 1.899999999999999953e-02
-1.236620000000000061e+02 -5.825000000000000178e+00 -7.222000000000000419e+00 3.500000000000000333e-02
-1.330389999999999873e+02 2.095000000000000195e+00 -5.125000000000000000e+00 5.000000000000000278e-02
-1.294130000000000109e+02 8.890000000000000568e+00 -2.826999999999999957e+00 4.399999999999999745e-02
-1.114500000000000028e+02 1.471799999999999997e+01 -4.269999999999999907e-01 2.599999999999999881e-02
-9.081000000000000227e+01 1.490099999999999980e+01 3.166999999999999815e+00 2.199999999999999872e-02
-7.407699999999999818e+01 1.066699999999999982e+01 8.811999999999999389e+00 2.199999999999999872e-02
-4.881099999999999994e+01 9.747999999999999332e+00 1.482300000000000040e+01 2.500000000000000139e-02
-7.081999999999999851e+00 1.481600000000000072e+01 1.819500000000000028e+01 6.300000000000000044e-02
3.237599999999999767e+01 2.017399999999999949e+01 1.811700000000000088e+01 1.189999999999999947e-01
4.539500000000000313e+01 2.123199999999999932e+01 1.665399999999999991e+01 1.209999999999999964e-01
3.458899999999999864e+01 1.923499999999999943e+01 1.535399999999999920e+01 5.000000000000000278e-02
2.294500000000000028e+01 1.676399999999999935e+01 1.338299999999999912e+01 -1.700000000000000122e-02
2.387099999999999866e+01 1.500799999999999912e+01 9.957000000000000739e+00 -1.600000000000000033e-02
2.977499999999999858e+01 1.381000000000000050e+01 6.299000000000000377e+00 1.600000000000000033e-02
2.417500000000000071e+01 1.037899999999999956e+01 4.075999999999999623e+00 2.800000000000000058e-02
3.990000000000000213e-01 9.270000000000000462e-01 3.198999999999999844e+00 3.300000000000000155e-02
-2.859799999999999898e+01 -1.301699999999999946e+01 2.487999999999999989e+00 5.399999999999999939e-02
-4.264699999999999847e+01 -2.312500000000000000e+01 1.439000000000000057e+00 6.500000000000000222e-02
-3.754599999999999937e+01 -2.329100000000000037e+01 -5.699999999999999512e-01 4.200000000000000261e-02
-2.650400000000000134e+01 -1.699699999999999989e+01 -4.427999999999999936e+00 2.000000000000000042e-03
-1.975300000000000011e+01 -1.163199999999999967e+01 -8.670999999999999375e+00 -2.400000000000000050e-02
-1.561100000000000065e+01 -1.017600000000000016e+01 -1.083200000000000074e+01 -2.000000000000000042e-02
-1.103999999999999915e+01 -1.197400000000000020e+01 -1.178299999999999947e+01 -2.000000000000000042e-03
-9.680999999999999162e+00 -1.580799999999999983e+01 -1.359699999999999953e+01 -2.000000000000000042e-03
-1.723100000000000165e+01 -1.892000000000000171e+01 -1.499300000000000033e+01 -2.900000000000000147e-02
-3.130300000000000082e+01 -1.682100000000000151e+01 -1.355400000000000027e+01 -5.500000000000000028e-02
-3.795799999999999841e+01 -6.690999999999999837e+00 -1.003500000000000014e+01 -5.999999999999999778e-02
-2.406899999999999906e+01 9.330000000000000071e+00 -7.820000000000000284e+00 -5.299999999999999850e-02
8.970000000000000639e+00 2.615500000000000114e+01 -8.781000000000000583e+00 -4.700000000000000011e-02
4.965999999999999659e+01 4.089300000000000068e+01 -1.070100000000000051e+01 -3.899999999999999994e-02
8.432599999999999341e+01 5.147599999999999909e+01 -1.070199999999999996e+01 -2.900000000000000147e-02
9.867700000000000671e+01 5.205700000000000216e+01 -1.011700000000000088e+01 -2.699999999999999969e-02
8.979300000000000637e+01 3.979299999999999926e+01 -1.188700000000000045e+01 -2.900000000000000147e-02
7.422499999999999432e+01 2.457700000000000173e+01 -1.505499999999999972e+01 -2.100000000000000130e-02
7.229500000000000171e+01 1.916700000000000159e+01 -1.684600000000000009e+01 -1.799999999999999864e-02
9.259900000000000375e+01 2.194999999999999929e+01 -1.726999999999999957e+01 -4.100000000000000172e-02
1.281250000000000000e+02 2.188599999999999923e+01 -1.732600000000000051e+01 -6.199999999999999956e-02
1.570049999999999955e+02 1.518800000000000061e+01 -1.648999999999999844e+01 -4.499999999999999833e-02
1.579000000000000057e+02 5.865000000000000213e+00 -1.447600000000000087e+01 -8.000000000000000167e-03
1.244030000000000058e+02 -3.190999999999999837e+00 -1.203800000000000026e+01 7.000000000000000146e-03
6.029699999999999704e+01 -1.044899999999999984e+01 -9.667999999999999261e+00 1.000000000000000021e-02
-1.989499999999999957e+01 -1.356900000000000084e+01 -7.503000000000000114e+00 3.300000000000000155e-02
-8.925900000000000034e+01 -1.338000000000000078e+01 -5.668000000000000149e+00 7.199999999999999456e-02
-1.281620000000000061e+02 -1.441399999999999970e+01 -4.261999999999999567e+00 9.400000000000000022e-02
-1.335029999999999859e+02 -1.771499999999999986e+01 -3.611000000000000210e+00 9.299999999999999933e-02
-1.056440000000000055e+02 -1.861700000000000088e+01 -3.588999999999999968e+00 9.199999999999999845e-02
-5.144100000000000250e+01 -1.278899999999999970e+01 -2.755999999999999783e+00 1.199999999999999956e-01
3.549999999999999822e+00 3.420000000000000262e-01 2.310000000000000109e-01 1.900000000000000022e-01
3.320499999999999829e+01 1.756400000000000006e+01 5.011999999999999567e+00 2.859999999999999765e-01
4.105299999999999727e+01 3.138700000000000045e+01 1.042999999999999972e+01 3.669999999999999929e-01
4.757399999999999807e+01 3.446399999999999864e+01 1.506900000000000084e+01 3.890000000000000124e-01
5.108500000000000085e+01 2.735500000000000043e+01 1.646300000000000097e+01 3.400000000000000244e-01
3.932800000000000296e+01 1.771199999999999974e+01 1.368699999999999939e+01 2.419999999999999929e-01
2.712500000000000000e+01 1.155300000000000082e+01 1.007000000000000028e+01 1.199999999999999956e-01
2.996099999999999852e+01 9.153999999999999915e+00 8.375000000000000000e+00 8.999999999999999320e-03
2.558999999999999986e+01 8.935999999999999943e+00 6.334999999999999964e+00 -5.299999999999999850e-02
-6.650999999999999801e+00 1.133200000000000074e+01 1.622000000000000108e+00 -6.400000000000000133e-02
-4.480700000000000216e+01 1.590300000000000047e+01 -3.745999999999999996e+00 -6.099999999999999867e-02
-6.123400000000000176e+01 1.735200000000000031e+01 -7.166999999999999815e+00 -9.400000000000000022e-02
-6.164200000000000301e+01 1.084299999999999997e+01 -8.243999999999999773e+00 -1.710000000000000131e-01
-6.237400000000000233e+01 -3.489999999999999769e-01 -6.724999999999999645e+00 -2.369999999999999885e-01
-6.350500000000000256e+01 -8.092999999999999972e+00 -3.326999999999999957e+00 -2.379999999999999893e-01
-6.078999999999999915e+01 -7.625000000000000000e+00 -1.794999999999999929e+00 -1.990000000000000102e-01
-5.968800000000000239e+01 -1.838999999999999968e+00 -4.179000000000000270e+00 -1.789999999999999925e-01
-7.117600000000000193e+01 -7.039999999999999591e-01 -6.294999999999999929e+00 -1.819999999999999951e-01
-1.057309999999999945e+02 -1.195899999999999963e+01 -3.248000000000000220e+00 -1.759999999999999898e-01
-1.625000000000000000e+02 -3.110500000000000043e+01 3.202999999999999847e+00 -1.620000000000000051e-01
-2.165260000000000105e+02 -4.640100000000000335e+01 6.642999999999999794e+00 -1.680000000000000104e-01
-2.322040000000000077e+02 -5.136800000000000210e+01 3.572000000000000064e+00 -1.839999999999999969e-01
-1.969960000000000093e+02 -4.805499999999999972e+01 -3.169999999999999929e+00 -1.739999999999999880e-01
-1.304039999999999964e+02 -4.141499999999999915e+01 -7.636999999999999567e+00 -1.509999999999999953e-01
-5.760099999999999909e+01 -3.312800000000000011e+01 -6.543999999999999595e+00 -1.559999999999999998e-01
6.344999999999999751e+00 -2.217599999999999838e+01 -1.925999999999999934e+00 -1.960000000000000075e-01
4.078199999999999648e+01 -1.179400000000000048e+01 1.834999999999999964e+00 -2.409999999999999920e-01
2.573199999999999932e+01 -7.673000000000000043e+00 2.334999999999999964e+00 -2.710000000000000187e-01
-1.636899999999999977e+01 -6.767999999999999794e+00 6.089999999999999858e-01 -2.600000000000000089e-01
-3.053000000000000114e+01 -1.622999999999999998e+00 -2.900000000000000147e-02 -1.859999999999999987e-01
-4.844999999999999751e+00 3.572000000000000064e+00 2.333000000000000185e+00 -8.699999999999999400e-02
1.309800000000000075e+01 -1.544999999999999929e+00 5.293000000000000149e+00 -2.900000000000000147e-02
-2.980999999999999872e+00 -1.361899999999999977e+01 5.504999999999999893e+00 -4.000000000000000083e-03
-1.862699999999999889e+01 -1.824699999999999989e+01 3.326000000000000068e+00 5.700000000000000205e-02
-4.527999999999999581e+00 -1.042399999999999949e+01 4.200000000000000261e-02 1.650000000000000078e-01
2.024699999999999989e+01 2.286000000000000032e+00 -5.745000000000000107e+00 2.479999999999999982e-01
3.400200000000000244e+01 1.344500000000000028e+01 -1.344200000000000017e+01 2.429999999999999938e-01
4.198599999999999710e+01 2.056099999999999994e+01 -1.751300000000000168e+01 1.719999999999999862e-01
4.774799999999999756e+01 1.864900000000000091e+01 -1.440499999999999936e+01 8.400000000000000522e-02
4.912700000000000244e+01 4.671999999999999709e+00 -6.717999999999999972e+00 -5.000000000000000104e-03
6.362899999999999778e+01 -1.360299999999999976e+01 1.685999999999999943e+00 -7.499999999999999722e-02
1.075919999999999987e+02 -2.428399999999999892e+01 8.231999999999999318e+00 -1.000000000000000056e-01
1.556579999999999870e+02 -2.716799999999999926e+01 1.013599999999999923e+01 -9.199999999999999845e-02
1.673230000000000075e+02 -3.199299999999999855e+01 7.445000000000000284e+00 -8.799999999999999489e-02
1.423660000000000139e+02 -3.934599999999999653e+01 5.759000000000000341e+00 -7.499999999999999722e-02
1.092669999999999959e+02 -3.809499999999999886e+01 9.606999999999999318e+00 -1.299999999999999940e-02
8.130299999999999727e+01 -2.672299999999999898e+01 1.505700000000000038e+01 8.400000000000000522e-02
5.940699999999999648e+01 -1.976500000000000057e+01 1.495500000000000007e+01 1.459999999999999909e-01
5.330700000000000216e+01 -2.433299999999999841e+01 9.865000000000000213e+00 1.449999999999999900e-01
7.443999999999999773e+01 -2.771900000000000119e+01 6.863999999999999879e+00 1.260000000000000009e-01
1.131670000000000016e+02 -1.695799999999999841e+01 8.689000000000000057e+00 1.429999999999999882e-01
1.303389999999999986e+02 7.185999999999999943e+00 1.190799999999999947e+01 1.890000000000000013e-01
9.103900000000000148e+01 3.944200000000000017e+01 1.448099999999999987e+01 2.330000000000000127e-01
8.662000000000000810e+00 7.229399999999999693e+01 1.718900000000000006e+01 2.710000000000000187e-01
-7.332999999999999829e+01 8.977700000000000102e+01 1.891900000000000048e+01 2.999999999999999889e-01
-1.316589999999999918e+02 8.148399999999999466e+01 1.716700000000000159e+01 2.810000000000000275e-01
-1.627510000000000048e+02 6.001899999999999835e+01 1.296000000000000085e+01 2.039999999999999869e-01
-1.583930000000000007e+02 4.815699999999999648e+01 1.092999999999999972e+01 1.320000000000000062e-01
-1.201779999999999973e+02 5.389099999999999824e+01 1.308300000000000018e+01 1.229999999999999982e-01
-8.140999999999999659e+01 6.570300000000000296e+01 1.560699999999999932e+01 1.640000000000000069e-01
-7.813299999999999557e+01 6.747599999999999909e+01 1.482099999999999973e+01 2.119999999999999940e-01
-9.356199999999999761e+01 5.524600000000000222e+01 1.285399999999999920e+01 2.250000000000000056e-01
-5.881700000000000017e+01 3.881600000000000250e+01 1.247499999999999964e+01 1.819999999999999951e-01
6.632899999999999352e+01 2.829899999999999949e+01 1.061200000000000010e+01 1.049999999999999961e-01
2.225000000000000000e+02 2.479500000000000171e+01 3.767999999999999794e+00 4.100000000000000172e-02
2.915570000000000164e+02 2.233699999999999974e+01 -5.147000000000000242e+00 5.000000000000000104e-03
2.198799999999999955e+02 1.110599999999999987e+01 -1.172000000000000064e+01 -1.799999999999999864e-02
7.777299999999999613e+01 -1.835300000000000153e+01 -1.577999999999999936e+01 -5.999999999999999778e-02
-1.825300000000000011e+01 -6.460699999999999932e+01 -1.840899999999999892e+01 -1.380000000000000115e-01
-1.992599999999999838e+01 -1.091080000000000041e+02 -1.920200000000000173e+01 -2.089999999999999913e-01
2.691000000000000014e+01 -1.303710000000000093e+02 -1.851899999999999835e+01 -2.010000000000000120e-01
4.975200000000000244e+01 -1.271389999999999958e+02 -1.790500000000000114e+01 -1.419999999999999873e-01
2.600900000000000034e+01 -1.167249999999999943e+02 -1.693199999999999861e+01 -1.199999999999999956e-01
-1.360899999999999999e+01 -1.095070000000000050e+02 -1.373499999999999943e+01 -1.479999999999999927e-01
-4.192199999999999704e+01 -1.002950000000000017e+02 -1.014400000000000013e+01 -1.809999999999999942e-01
-5.919500000000000028e+01 -8.566100000000000136e+01 -1.092500000000000071e+01 -2.069999999999999896e-01
-6.633299999999999841e+01 -7.211100000000000421e+01 -1.556499999999999950e+01 -2.359999999999999876e-01
-5.379200000000000159e+01 -6.341899999999999693e+01 -1.683800000000000097e+01 -2.449999999999999956e-01
-1.767000000000000171e+01 -5.459899999999999665e+01 -1.063199999999999967e+01 -2.190000000000000002e-01
2.908899999999999864e+01 -4.304899999999999949e+01 -2.184000000000000163e+00 -1.809999999999999942e-01
5.488700000000000045e+01 -3.299900000000000233e+01 9.429999999999999494e-01 -1.630000000000000060e-01
3.262599999999999767e+01 -2.395400000000000063e+01 -1.282000000000000028e+00 -1.809999999999999942e-01
-1.539899999999999913e+01 -5.315999999999999837e+00 -2.529999999999999805e+00 -2.250000000000000056e-01
-2.974200000000000088e+01 3.365899999999999892e+01 9.929999999999999938e-01 -2.550000000000000044e-01
3.225999999999999979e+00 9.112900000000000489e+01 7.185999999999999943e+00 -2.300000000000000100e-01
2.183399999999999963e+01 1.450039999999999907e+02 1.184999999999999964e+01 -1.570000000000000007e-01
-3.018400000000000105e+01 1.639879999999999995e+02 1.184299999999999997e+01 -1.100000000000000006e-01
-1.266650000000000063e+02 1.401970000000000027e+02 6.653999999999999915e+00 -1.219999999999999973e-01
-1.922889999999999873e+02 1.008310000000000031e+02 -2.399999999999999911e-01 -1.219999999999999973e-01
-1.920680000000000121e+02 7.569499999999999318e+01 -3.516000000000000014e+00 -4.100000000000000172e-02
-1.559430000000000121e+02 6.928300000000000125e+01 -1.358999999999999986e+00 8.100000000000000255e-02
-1.343830000000000098e+02 7.186499999999999488e+01 2.322000000000000064e+00 1.829999999999999960e-01
-1.561169999999999902e+02 7.638500000000000512e+01 2.504999999999999893e+00 2.620000000000000107e-01
-1.958499999999999943e+02 7.801900000000000546e+01 -6.939999999999999503e-01 2.919999999999999818e-01
-1.737630000000000052e+02 7.568399999999999750e+01 -2.391000000000000014e+00 2.320000000000000118e-01
-4.354899999999999949e+01 7.665500000000000114e+01 4.979999999999999982e-01 1.449999999999999900e-01
1.218389999999999986e+02 8.473300000000000409e+01 5.157000000000000028e+00 1.489999999999999936e-01
2.001740000000000066e+02 8.567300000000000182e+01 6.086000000000000298e+00 2.310000000000000109e-01
1.639149999999999920e+02 5.989399999999999835e+01 1.463999999999999968e+00 2.660000000000000142e-01
8.998399999999999466e+01 1.060599999999999987e+01 -5.110999999999999766e+00 2.139999999999999958e-01
4.994100000000000250e+01 -3.453000000000000114e+01 -9.695999999999999730e+00 1.549999999999999989e-01
5.365200000000000102e+01 -5.422299999999999898e+01 -1.190000000000000036e+01 1.529999999999999971e-01
8.175000000000000000e+01 -5.346000000000000085e+01 -1.190199999999999925e+01 1.809999999999999942e-01
1.127720000000000056e+02 -4.807099999999999795e+01 -8.257999999999999119e+00 1.950000000000000067e-01
1.255649999999999977e+02 -4.453999999999999915e+01 -1.624000000000000110e+00 1.759999999999999898e-01
1.249159999999999968e+02 -4.199300000000000210e+01 3.588999999999999968e+00 1.239999999999999991e-01
1.432009999999999934e+02 -4.110499999999999687e+01 4.346000000000000085e+00 6.099999999999999867e-02
1.821320000000000050e+02 -4.167799999999999727e+01 3.020999999999999908e+00 4.299999999999999656e-02
2.061750000000000114e+02 -3.893299999999999983e+01 3.576000000000000068e+00 5.000000000000000278e-02
1.998739999999999952e+02 -3.088200000000000145e+01 5.921000000000000263e+00 -8.000000000000000167e-03
1.681550000000000011e+02 -2.383399999999999963e+01 6.738000000000000433e+00 -1.320000000000000062e-01
1.114920000000000044e+02 -2.452400000000000091e+01 4.386000000000000121e+00 -1.910000000000000031e-01
4.032000000000000028e+01 -3.002599999999999980e+01 2.949999999999999845e-01 -1.340000000000000080e-01
-3.280400000000000205e+01 -2.804400000000000048e+01 -3.758000000000000007e+00 -7.499999999999999722e-02
-1.071869999999999976e+02 -1.242900000000000027e+01 -6.666000000000000369e+00 -9.900000000000000466e-02
-1.700929999999999893e+02 2.303999999999999826e+00 -7.431000000000000050e+00 -1.310000000000000053e-01
-2.072450000000000045e+02 -2.249000000000000110e+00 -6.762999999999999901e+00 -9.500000000000000111e-02
-2.335900000000000034e+02 -1.961400000000000077e+01 -6.956000000000000405e+00 -2.400000000000000050e-02
-2.529490000000000123e+02 -2.726899999999999835e+01 -7.652999999999999581e+00 3.500000000000000333e-02
-2.248470000000000084e+02 -1.898699999999999832e+01 -5.490000000000000213e+00 6.500000000000000222e-02
-1.325109999999999957e+02 -8.647000000000000242e+00 2.059999999999999887e-01 4.399999999999999745e-02
-3.481700000000000017e+01 -7.623000000000000220e+00 6.118000000000000327e+00 -2.500000000000000139e-02
1.318000000000000060e+00 -1.489600000000000080e+01 9.842999999999999972e+00 -7.799999999999999989e-02
-2.660399999999999920e+01 -2.638899999999999935e+01 1.135399999999999920e+01 -7.499999999999999722e-02
-8.588700000000000045e+01 -4.280799999999999983e+01 1.143099999999999916e+01 -7.499999999999999722e-02
-1.590910000000000082e+02 -6.868300000000000693e+01 1.227699999999999925e+01 -1.429999999999999882e-01
-2.322220000000000084e+02 -1.058859999999999957e+02 1.632900000000000063e+01 -2.069999999999999896e-01
-2.669209999999999923e+02 -1.437789999999999964e+02 2.212800000000000011e+01 -1.370000000000000107e-01
-2.250120000000000005e+02 -1.598739999999999952e+02 2.357300000000000040e+01 3.200000000000000067e-02
-1.246179999999999950e+02 -1.421370000000000005e+02 1.479499999999999993e+01 1.010000000000000064e-01
-3.068299999999999983e+01 -1.059740000000000038e+02 -2.963999999999999968e+00 6.000000000000000125e-03
2.969000000000000128e+01 -7.629900000000000659e+01 -2.106099999999999994e+01 -8.799999999999999489e-02
8.898699999999999477e+01 -5.910499999999999687e+01 -3.260999999999999943e+01 -7.599999999999999811e-02
1.655399999999999920e+02 -4.119599999999999795e+01 -3.781400000000000006e+01 -6.099999999999999867e-02
2.334250000000000114e+02 -1.048499999999999943e+01 -3.854800000000000182e+01 -1.280000000000000027e-01
2.630260000000000105e+02 3.103300000000000125e+01 -3.409799999999999898e+01 -1.859999999999999987e-01
2.424679999999999893e+02 6.904900000000000659e+01 -2.428900000000000148e+01 -1.320000000000000062e-01
1.792150000000000034e+02 9.011100000000000421e+01 -1.269100000000000072e+01 -2.900000000000000147e-02
9.973000000000000398e+01 9.636599999999999966e+01 -3.817000000000000171e+00 5.000000000000000104e-03
2.538500000000000156e+01 1.019980000000000047e+02 2.048000000000000043e+00 -2.999999999999999889e-02
-2.678999999999999915e+01 1.144759999999999991e+02 8.391999999999999460e+00 -3.599999999999999728e-02
-3.774999999999999911e+00 1.312889999999999873e+02 1.760999999999999943e+01 7.199999999999999456e-02
1.365529999999999973e+02 1.511639999999999873e+02 2.862800000000000011e+01 2.660000000000000142e-01
3.096309999999999718e+02 1.693499999999999943e+02 3.680100000000000193e+01 4.079999999999999738e-01
3.582010000000000218e+02 1.702290000000000134e+02 3.643099999999999739e+01 3.810000000000000053e-01
2.551200000000000045e+02 1.459830000000000041e+02 2.726899999999999835e+01 2.340000000000000135e-01
1.322870000000000061e+02 1.102240000000000038e+02 1.630300000000000082e+01 1.000000000000000056e-01
9.115900000000000603e+01 7.698399999999999466e+01 1.008300000000000018e+01 2.199999999999999872e-02
9.169799999999999329e+01 4.306499999999999773e+01 8.833999999999999631e+00 -4.700000000000000011e-02
4.972500000000000142e+01 1.322000000000000064e+00 9.234999999999999432e+00 -1.229999999999999982e-01
-4.482000000000000028e+01 -4.658500000000000085e+01 8.294999999999999929e+00 -2.030000000000000138e-01
-1.552760000000000105e+02 -9.580299999999999727e+01 4.432000000000000384e+00 -2.889999999999999791e-01
-2.719859999999999900e+02 -1.402170000000000130e+02 -1.072999999999999954e+00 -3.300000000000000155e-01
-3.834479999999999791e+02 -1.673509999999999991e+02 -5.217999999999999972e+00 -2.500000000000000000e-01
-4.326820000000000164e+02 -1.673480000000000132e+02 -8.448000000000000398e+00 -1.120000000000000023e-01
-3.846469999999999914e+02 -1.475320000000000107e+02 -1.382699999999999996e+01 -7.399999999999999634e-02
-2.914769999999999754e+02 -1.227590000000000003e+02 -1.978200000000000003e+01 -1.529999999999999971e-01
-2.231999999999999886e+02 -9.314900000000000091e+01 -2.121399999999999864e+01 -2.089999999999999913e-01
-1.706510000000000105e+02 -4.888499999999999801e+01 -1.850199999999999889e+01 -1.779999999999999916e-01
-8.043200000000000216e+01 4.262999999999999901e+00 -1.808999999999999986e+01 -1.469999999999999918e-01
2.863500000000000156e+01 4.031300000000000239e+01 -2.344500000000000028e+01 -2.069999999999999896e-01
5.836599999999999966e+01 3.597500000000000142e+01 -3.064799999999999969e+01 -3.519999999999999796e-01
-2.922100000000000009e+01 -6.181000000000000050e+00 -3.336500000000000199e+01 -5.020000000000000018e-01
-1.335790000000000077e+02 -5.614999999999999858e+01 -2.772299999999999898e+01 -5.420000000000000373e-01
-1.327340000000000089e+02 -7.949599999999999511e+01 -1.378599999999999959e+01 -4.089999999999999747e-01
-2.111499999999999844e+01 -6.213499999999999801e+01 2.626999999999999780e+00 -1.429999999999999882e-01
1.112129999999999939e+02 -1.264300000000000068e+01 1.355000000000000071e+01 1.819999999999999951e-01
1.758120000000000118e+02 4.986200000000000188e+01 1.802599999999999980e+01 5.010000000000000009e-01
1.463979999999999961e+02 1.026129999999999995e+02 2.131099999999999994e+01 7.249999999999999778e-01
7.111499999999999488e+01 1.231239999999999952e+02 2.472500000000000142e+01 7.880000000000000338e-01
1.855199999999999960e+01 1.054039999999999964e+02 2.586400000000000077e+01 7.099999999999999645e-01
1.816499999999999915e+01 7.701200000000000045e+01 2.712300000000000111e+01 5.969999999999999751e-01
8.235399999999999920e+01 7.925199999999999534e+01 3.221399999999999864e+01 5.530000000000000471e-01
2.102719999999999914e+02 1.180409999999999968e+02 3.554399999999999693e+01 5.759999999999999565e-01
3.318799999999999955e+02 1.559939999999999998e+02 2.744999999999999929e+01 5.550000000000000488e-01
3.573190000000000168e+02 1.681419999999999959e+02 1.048900000000000077e+01 4.249999999999999889e-01
2.957049999999999841e+02 1.742079999999999984e+02 -1.163000000000000034e+00 2.740000000000000213e-01
2.265260000000000105e+02 1.908739999999999952e+02 -4.199999999999999845e-01 2.250000000000000056e-01
1.744360000000000070e+02 1.893830000000000098e+02 4.107999999999999652e+00 2.550000000000000044e-01
9.806600000000000250e+01 1.358640000000000043e+02 9.829999999999999849e-01 2.129999999999999949e-01
-1.432099999999999973e+01 4.496500000000000341e+01 -8.791000000000000369e+00 1.899999999999999953e-02
-1.085759999999999934e+02 -3.759300000000000352e+01 -1.449200000000000088e+01 -2.099999999999999922e-01
-1.301210000000000093e+02 -8.453300000000000125e+01 -1.085699999999999932e+01 -3.240000000000000102e-01
-7.907999999999999829e+01 -9.837300000000000466e+01 -3.688000000000000167e+00 -3.260000000000000120e-01
5.269000000000000128e+00 -9.378799999999999670e+01 -8.279999999999999583e-01 -3.009999999999999898e-01
8.352200000000000557e+01 -8.505700000000000216e+01 -2.778999999999999915e+00 -2.520000000000000018e-01
1.512920000000000016e+02 -7.661400000000000432e+01 -3.890000000000000124e+00 -1.630000000000000060e-01
2.372359999999999900e+02 -5.899300000000000210e+01 -1.383999999999999897e+00 -9.900000000000000466e-02
3.136440000000000055e+02 -2.723799999999999955e+01 1.122000000000000108e+00 -1.160000000000000059e-01
2.634619999999999891e+02 -8.000000000000000167e-02 3.099999999999999978e-02 -1.739999999999999880e-01
4.946699999999999875e+01 -2.068000000000000060e+00 -3.728000000000000203e+00 -2.179999999999999993e-01
-1.837949999999999875e+02 -3.065700000000000003e+01 -7.065000000000000391e+00 -2.359999999999999876e-01
-2.977509999999999764e+02 -5.788300000000000267e+01 -7.488999999999999879e+00 -1.799999999999999933e-01
-3.160380000000000109e+02 -6.271999999999999886e+01 -4.910999999999999588e+00 -6.000000000000000125e-03
-3.171650000000000205e+02 -5.024399999999999977e+01 -2.564999999999999947e+00 1.759999999999999898e-01
-3.132799999999999727e+02 -3.742300000000000182e+01 -3.346000000000000085e+00 1.779999999999999916e-01
-2.804649999999999750e+02 -3.273299999999999699e+01 -6.041000000000000369e+00 -8.999999999999999320e-03
-2.175699999999999932e+02 -3.759100000000000108e+01 -7.900999999999999801e+00 -2.190000000000000002e-01
-1.433429999999999893e+02 -5.132399999999999807e+01 -7.392000000000000348e+00 -3.240000000000000102e-01
-5.360799999999999699e+01 -6.370400000000000063e+01 -3.269000000000000128e+00 -2.849999999999999756e-01
8.422199999999999420e+01 -5.985499999999999687e+01 4.107000000000000206e+00 -1.229999999999999982e-01
2.568659999999999854e+02 -4.134100000000000108e+01 1.057699999999999996e+01 6.600000000000000311e-02
3.770009999999999764e+02 -2.824299999999999855e+01 1.197199999999999953e+01 1.549999999999999989e-01
3.900880000000000223e+02 -3.452900000000000347e+01 9.134000000000000341e+00 1.179999999999999938e-01
3.330360000000000014e+02 -5.218699999999999761e+01 5.168999999999999595e+00 2.000000000000000042e-03
2.367340000000000089e+02 -6.500600000000000023e+01 6.939999999999999503e-01 -1.650000000000000078e-01
9.210999999999999943e+01 -6.717799999999999727e+01 -3.456999999999999851e+00 -3.350000000000000200e-01
-4.980799999999999983e+01 -6.280899999999999750e+01 -3.170999999999999819e+00 -4.060000000000000275e-01
-1.029479999999999933e+02 -5.783899999999999864e+01 3.740000000000000213e+00 -3.230000000000000093e-01
-9.140099999999999625e+01 -5.375099999999999767e+01 1.241600000000000037e+01 -1.529999999999999971e-01
-1.123310000000000031e+02 -4.318900000000000006e+01 1.638100000000000023e+01 1.299999999999999940e-02
-1.816659999999999968e+02 -1.972100000000000009e+01 1.594599999999999973e+01 1.300000000000000044e-01
-2.561309999999999718e+02 7.551000000000000156e+00 1.519100000000000072e+01 1.769999999999999907e-01
-3.344350000000000023e+02 2.125000000000000000e+01 1.272300000000000075e+01 1.529999999999999971e-01
-4.161750000000000114e+02 1.525099999999999945e+01 2.895999999999999908e+00 8.100000000000000255e-02
-4.404830000000000041e+02 -1.582999999999999963e+00 -1.434800000000000075e+01 1.600000000000000033e-02
-3.627069999999999936e+02 -1.769699999999999918e+01 -3.155799999999999983e+01 2.699999999999999969e-02
-2.365550000000000068e+02 -2.759199999999999875e+01 -4.248199999999999932e+01 1.250000000000000000e-01
-1.506750000000000114e+02 -3.162399999999999878e+01 -4.782699999999999818e+01 2.220000000000000029e-01
-1.247750000000000057e+02 -3.640899999999999892e+01 -5.109499999999999886e+01 2.139999999999999958e-01
-1.189000000000000057e+02 -4.957600000000000051e+01 -5.182399999999999807e+01 9.099999999999999756e-02
-1.008490000000000038e+02 -6.235499999999999687e+01 -4.572500000000000142e+01 -5.500000000000000028e-02
-6.627700000000000102e+01 -4.829399999999999693e+01 -3.260999999999999943e+01 -1.000000000000000056e-01
-4.204999999999999716e+01 3.232000000000000206e+00 -2.115599999999999881e+01 -5.199999999999999761e-02
-8.169199999999999307e+01 6.105299999999999727e+01 -2.075000000000000000e+01 -6.199999999999999956e-02
-1.891999999999999886e+02 8.026300000000000523e+01 -3.005499999999999972e+01 -2.020000000000000129e-01
-2.653009999999999877e+02 5.407800000000000296e+01 -3.908700000000000330e+01 -3.340000000000000191e-01
-2.173220000000000027e+02 1.984799999999999898e+01 -4.080299999999999727e+01 -2.989999999999999880e-01
-8.357399999999999807e+01 1.317800000000000082e+01 -3.510399999999999920e+01 -8.500000000000000611e-02
2.739300000000000068e+01 3.248199999999999932e+01 -2.542999999999999972e+01 1.960000000000000075e-01
6.939300000000000068e+01 5.235799999999999699e+01 -1.677700000000000102e+01 3.960000000000000187e-01
8.554099999999999682e+01 5.846000000000000085e+01 -1.150399999999999956e+01 4.069999999999999729e-01
1.352259999999999991e+02 5.866700000000000159e+01 -6.067000000000000171e+00 2.560000000000000053e-01
2.128520000000000039e+02 6.187199999999999989e+01 2.287999999999999812e+00 5.800000000000000294e-02
2.549859999999999900e+02 6.201700000000000301e+01 1.129700000000000060e+01 -1.140000000000000041e-01
2.228389999999999986e+02 5.440999999999999659e+01 2.053800000000000026e+01 -2.169999999999999984e-01
1.369379999999999882e+02 4.857800000000000296e+01 3.207099999999999795e+01 -1.960000000000000075e-01
4.677100000000000080e+01 5.152799999999999869e+01 4.236500000000000199e+01 -7.099999999999999367e-02
-6.956999999999999851e+00 5.722299999999999898e+01 4.615500000000000114e+01 7.799999999999999989e-02
-2.959600000000000009e+01 5.392000000000000171e+01 4.668200000000000216e+01 2.179999999999999993e-01
-6.743399999999999750e+01 2.788800000000000168e+01 4.845799999999999841e+01 2.889999999999999791e-01
-1.465759999999999934e+02 -2.504899999999999949e+01 4.591499999999999915e+01 1.570000000000000007e-01
-2.352920000000000016e+02 -8.319599999999999795e+01 3.451800000000000068e+01 -1.600000000000000033e-01
-2.544029999999999916e+02 -1.154530000000000030e+02 2.476500000000000057e+01 -3.900000000000000133e-01
-1.192590000000000003e+02 -1.164530000000000030e+02 3.022400000000000020e+01 -3.310000000000000164e-01
1.859199999999999875e+02 -1.057960000000000065e+02 4.915999999999999659e+01 -8.100000000000000255e-02
5.590769999999999982e+02 -9.385200000000000387e+01 6.782299999999999329e+01 1.409999999999999865e-01
8.361900000000000546e+02 -6.547400000000000375e+01 7.584399999999999409e+01 2.379999999999999893e-01
9.387580000000000382e+02 -1.655000000000000027e+00 7.456399999999999295e+01 2.650000000000000133e-01
9.493279999999999745e+02 8.867300000000000182e+01 7.293200000000000216e+01 3.489999999999999769e-01
9.762469999999999573e+02 1.656129999999999995e+02 7.502500000000000568e+01 5.610000000000000542e-01
9.758329999999999700e+02 1.898950000000000102e+02 7.377400000000000091e+01 7.670000000000000151e-01
8.036459999999999582e+02 1.546899999999999977e+02 6.026800000000000068e+01 7.439999999999999947e-01
4.420869999999999891e+02 9.320099999999999341e+01 3.642600000000000193e+01 5.020000000000000018e-01
7.929099999999999682e+01 5.646600000000000108e+01 1.428599999999999959e+01 2.750000000000000222e-01
-1.119150000000000063e+02 6.417300000000000182e+01 3.398000000000000131e+00 1.439999999999999891e-01
-1.865320000000000107e+02 7.856699999999999307e+01 2.182999999999999829e+00 -1.499999999999999944e-02
-2.988020000000000209e+02 4.910900000000000176e+01 1.530999999999999917e+00 -2.139999999999999958e-01
-4.546979999999999791e+02 -2.488100000000000023e+01 -5.961000000000000298e+00 -3.150000000000000022e-01
-5.269039999999999964e+02 -9.626200000000000045e+01 -2.017599999999999838e+01 -3.130000000000000004e-01
-4.432749999999999773e+02 -1.225109999999999957e+02 -3.447999999999999687e+01 -3.240000000000000102e-01
-2.567409999999999854e+02 -9.843000000000000682e+01 -4.167000000000000171e+01 -3.649999999999999911e-01
-8.402400000000000091e+01 -4.888199999999999790e+01 -3.983800000000000097e+01 -3.820000000000000062e-01
-4.040299999999999869e+01 -4.538000000000000256e+00 -3.281700000000000017e+01 -3.880000000000000115e-01
-1.634929999999999950e+02 1.918100000000000094e+01 -2.517899999999999849e+01 -3.830000000000000071e-01
-3.453190000000000168e+02 2.615500000000000114e+01 -1.873400000000000176e+01 -2.929999999999999827e-01
-4.180269999999999868e+02 2.804200000000000159e+01 -1.474499999999999922e+01 -1.330000000000000071e-01
-3.302839999999999918e+02 3.349499999999999744e+01 -1.541300000000000026e+01 -5.700000000000000205e-02
-1.518309999999999889e+02 4.534100000000000108e+01 -1.899899999999999878e+01 -1.019999999999999934e-01
4.470199999999999818e+01 6.070700000000000074e+01 -1.852599999999999980e+01 -6.900000000000000577e-02
1.885749999999999886e+02 7.182099999999999795e+01 -1.152299999999999969e+01 1.890000000000000013e-01
2.037620000000000005e+02 6.961700000000000443e+01 -5.700999999999999623e+00 5.000000000000000000e-01
9.507999999999999829e+01 4.643500000000000227e+01 -9.994999999999999218e+00 5.350000000000000311e-01
-8.238400000000000034e+01 -1.578999999999999959e+00 -2.442099999999999937e+01 1.819999999999999951e-01
-3.365400000000000205e+02 -6.514100000000000534e+01 -4.103999999999999915e+01 -3.300000000000000155e-01
-6.573519999999999754e+02 -1.181029999999999944e+02 -5.207099999999999795e+01 -7.209999999999999742e-01
-8.868310000000000173e+02 -1.375579999999999927e+02 -5.478600000000000136e+01 -8.950000000000000178e-01
-8.681960000000000264e+02 -1.286140000000000043e+02 -5.002600000000000335e+01 -8.589999999999999858e-01
-6.761710000000000491e+02 -1.144899999999999949e+02 -4.075900000000000034e+01 -6.400000000000000133e-01
-4.874139999999999873e+02 -1.003400000000000034e+02 -3.193400000000000105e+01 -3.439999999999999725e-01
-2.753750000000000000e+02 -6.729900000000000659e+01 -2.671699999999999875e+01 -1.219999999999999973e-01
1.004489999999999981e+02 -6.996000000000000441e+00 -2.213599999999999923e+01 -8.000000000000000167e-03
5.703769999999999527e+02 6.001599999999999824e+01 -1.116600000000000037e+01 1.479999999999999927e-01
9.039679999999999609e+02 1.039479999999999933e+02 7.940000000000000391e+00 4.959999999999999964e-01
9.894619999999999891e+02 1.080300000000000011e+02 2.509700000000000131e+01 8.960000000000000187e-01
8.582219999999999800e+02 7.863299999999999557e+01 2.908999999999999986e+01 1.054000000000000048e+00
5.720940000000000509e+02 4.205899999999999750e+01 2.373499999999999943e+01 9.639999999999999680e-01
2.230840000000000032e+02 1.747299999999999898e+01 1.959499999999999886e+01 8.599999999999999867e-01
-5.807300000000000040e+01 2.999999999999999889e-02 1.443099999999999916e+01 7.369999999999999885e-01
-1.930389999999999873e+02 -1.776300000000000168e+01 1.620000000000000051e-01 3.790000000000000036e-01
-2.523019999999999925e+02 -3.220100000000000051e+01 -1.764799999999999969e+01 -1.130000000000000032e-01
-3.669230000000000018e+02 -4.169400000000000261e+01 -2.471799999999999997e+01 -3.519999999999999796e-01
-5.118050000000000068e+02 -4.917600000000000193e+01 -1.809299999999999997e+01 -2.520000000000000018e-01
-5.335320000000000391e+02 -5.348700000000000188e+01 -9.374000000000000554e+00 -1.489999999999999936e-01
-4.049340000000000259e+02 -5.174600000000000222e+01 -8.455999999999999517e+00 -2.710000000000000187e-01
-2.327379999999999995e+02 -4.255100000000000193e+01 -1.242600000000000016e+01 -4.319999999999999951e-01
-6.065999999999999659e+01 -2.658299999999999841e+01 -1.435299999999999976e+01 -3.950000000000000178e-01
9.952800000000000580e+01 -1.283099999999999952e+01 -1.552399999999999913e+01 -2.459999999999999964e-01
1.631980000000000075e+02 -1.038299999999999912e+01 -2.032799999999999940e+01 -1.779999999999999916e-01
1.175669999999999931e+02 -6.149000000000000021e+00 -2.455499999999999972e+01 -1.370000000000000107e-01
8.831300000000000239e+01 1.771399999999999864e+01 -2.124800000000000111e+01 2.100000000000000130e-02
8.918399999999999750e+01 3.772200000000000131e+01 -1.529800000000000004e+01 1.650000000000000078e-01
-2.979599999999999937e+01 1.162100000000000044e+01 -1.784199999999999875e+01 4.000000000000000083e-02
-2.457669999999999959e+02 -4.597800000000000153e+01 -2.725900000000000034e+01 -3.160000000000000031e-01
-3.134499999999999886e+02 -7.180700000000000216e+01 -2.992699999999999960e+01 -6.079999999999999849e-01
-1.549159999999999968e+02 -4.506900000000000261e+01 -2.077400000000000091e+01 -6.820000000000000506e-01
5.740699999999999648e+01 -1.112599999999999945e+01 -1.010200000000000031e+01 -6.530000000000000249e-01
2.351560000000000059e+02 -4.866999999999999993e+00 -6.267999999999999794e+00 -6.430000000000000160e-01
4.323999999999999773e+02 -6.006000000000000227e+00 -4.586999999999999744e+00 -5.929999999999999716e-01
6.026989999999999554e+02 8.582000000000000739e+00 3.210000000000000075e-01 -4.309999999999999942e-01
6.316839999999999691e+02 2.017000000000000171e+01 4.657000000000000028e+00 -2.770000000000000240e-01
5.403490000000000464e+02 9.185999999999999943e+00 5.358999999999999986e+00 -2.989999999999999880e-01
4.014870000000000232e+02 -7.155999999999999694e+00 7.876999999999999780e+00 -3.960000000000000187e-01
2.017750000000000057e+02 -1.314300000000000068e+01 1.553299999999999947e+01 -3.039999999999999925e-01
-2.760999999999999943e+01 -2.508500000000000085e+01 2.076300000000000168e+01 -1.099999999999999936e-02
-1.739679999999999893e+02 -5.463799999999999812e+01 1.736400000000000077e+01 2.210000000000000020e-01
-2.703229999999999791e+02 -7.902400000000000091e+01 1.261299999999999955e+01 2.969999999999999862e-01
-4.609590000000000032e+02 -6.653300000000000125e+01 1.659600000000000009e+01 4.279999999999999916e-01
-6.451860000000000355e+02 -8.260999999999999233e+00 2.866300000000000026e+01 7.269999999999999796e-01
-5.185090000000000146e+02 7.693300000000000693e+01 4.113900000000000290e+01 1.014999999999999902e+00
-7.922100000000000364e+01 1.484569999999999936e+02 4.735699999999999932e+01 1.082000000000000073e+00
2.755009999999999764e+02 1.669079999999999870e+02 4.386699999999999733e+01 8.990000000000000213e-01
2.712679999999999723e+02 1.350900000000000034e+02 3.233100000000000307e+01 5.620000000000000551e-01
5.357000000000000028e+01 9.944599999999999795e+01 2.019000000000000128e+01 2.079999999999999905e-01
-8.276800000000000068e+01 9.527700000000000102e+01 1.521400000000000041e+01 -1.600000000000000033e-02
-2.979000000000000092e+00 1.125130000000000052e+02 1.792699999999999960e+01 -1.899999999999999953e-02
2.132920000000000016e+02 1.204509999999999934e+02 2.176899999999999835e+01 1.559999999999999998e-01
3.660480000000000018e+02 1.043829999999999956e+02 2.182100000000000151e+01 3.210000000000000075e-01
3.272350000000000136e+02 7.223900000000000432e+01 1.859299999999999997e+01 2.800000000000000266e-01
1.758969999999999914e+02 3.667999999999999972e+01 1.244899999999999984e+01 1.000000000000000021e-02
5.657399999999999807e+01 1.647999999999999909e+00 2.363999999999999879e+00 -3.250000000000000111e-01
-4.288799999999999812e+01 -3.445000000000000284e+01 -9.320999999999999730e+00 -5.330000000000000293e-01
-2.143319999999999936e+02 -7.168999999999999773e+01 -1.841300000000000026e+01 -5.799999999999999600e-01
-4.011850000000000023e+02 -1.045600000000000023e+02 -2.385200000000000031e+01 -5.620000000000000551e-01
-4.638999999999999773e+02 -1.226039999999999992e+02 -2.626699999999999946e+01 -5.350000000000000311e-01
-4.255950000000000273e+02 -1.194440000000000026e+02 -2.436899999999999977e+01 -4.339999999999999969e-01
-4.192219999999999800e+02 -9.893000000000000682e+01 -1.696399999999999864e+01 -2.010000000000000120e-01
-4.322350000000000136e+02 -6.936100000000000421e+01 -7.142999999999999794e+00 7.599999999999999811e-02
-3.286379999999999768e+02 -3.907099999999999795e+01 -4.229999999999999871e-01 2.220000000000000029e-01
-7.941200000000000614e+01 -1.969900000000000162e+01 1.256000000000000005e+00 1.580000000000000016e-01
2.019919999999999902e+02 -1.988100000000000023e+01 1.098999999999999977e+00 -1.299999999999999940e-02
3.974889999999999759e+02 -2.977299999999999969e+01 3.595000000000000195e+00 -1.160000000000000059e-01
4.426320000000000050e+02 -2.942200000000000060e+01 8.757999999999999119e+00 -7.399999999999999634e-02
3.071549999999999727e+02 -1.845799999999999841e+01 1.032799999999999940e+01 1.400000000000000029e-02
3.803300000000000125e+01 -1.497300000000000075e+01 4.633000000000000007e+00 2.000000000000000042e-02
-1.832570000000000050e+02 -2.060699999999999932e+01 -9.419999999999999485e-01 -2.500000000000000139e-02
-1.495589999999999975e+02 -1.438199999999999967e+01 2.524000000000000021e+00 1.899999999999999953e-02
1.582170000000000130e+02 1.056099999999999994e+01 1.118099999999999916e+01 1.539999999999999980e-01
5.285710000000000264e+02 3.305799999999999983e+01 1.532099999999999973e+01 2.710000000000000187e-01
7.021960000000000264e+02 3.828600000000000136e+01 1.550399999999999956e+01 3.699999999999999956e-01
5.941290000000000191e+02 3.592300000000000182e+01 1.780300000000000082e+01 4.739999999999999769e-01
3.715590000000000259e+02 3.622999999999999687e+01 2.021499999999999986e+01 4.590000000000000191e-01
2.612760000000000105e+02 3.668900000000000006e+01 1.965299999999999869e+01 3.280000000000000138e-01
2.755350000000000250e+02 3.152899999999999991e+01 2.155999999999999872e+01 3.109999999999999987e-01
2.745539999999999736e+02 1.962800000000000011e+01 2.785900000000000176e+01 4.480000000000000093e-01
2.215500000000000114e+02 1.120199999999999996e+01 2.985000000000000142e+01 5.020000000000000018e-01
1.469850000000000136e+02 1.667699999999999960e+01 2.219300000000000139e+01 4.050000000000000266e-01
1.665200000000000102e+01 2.000000000000000000e+01 9.160999999999999588e+00 2.740000000000000213e-01
-1.467330000000000041e+02 -3.387000000000000011e+00 -4.222999999999999865e+00 1.089999999999999997e-01
-2.211930000000000121e+02 -4.021399999999999864e+01 -1.535999999999999943e+01 -1.000000000000000056e-01
-2.061630000000000109e+02 -5.728900000000000148e+01 -2.204400000000000048e+01 -2.520000000000000018e-01
-2.645369999999999777e+02 -5.508700000000000330e+01 -2.398699999999999832e+01 -3.250000000000000111e-01
-4.602769999999999868e+02 -5.360900000000000176e+01 -2.204799999999999827e+01 -3.800000000000000044e-01
-6.230800000000000409e+02 -4.498499999999999943e+01 -1.548199999999999932e+01 -3.549999999999999822e-01
-5.624109999999999445e+02 -1.175799999999999912e+01 -5.304999999999999716e+00 -1.670000000000000095e-01
-3.576270000000000095e+02 2.427199999999999847e+01 1.481000000000000094e+00 4.700000000000000011e-02
-2.949449999999999932e+02 2.091499999999999915e+01 -2.334000000000000075e+00 4.299999999999999656e-02
-4.553059999999999832e+02 -2.095200000000000173e+01 -1.393900000000000006e+01 -1.819999999999999951e-01
-5.854610000000000127e+02 -5.510600000000000165e+01 -2.185900000000000176e+01 -3.459999999999999742e-01
-4.974529999999999745e+02 -5.393500000000000227e+01 -1.820899999999999963e+01 -2.520000000000000018e-01
-2.846720000000000255e+02 -3.510499999999999687e+01 -5.623999999999999666e+00 -1.200000000000000025e-02
-5.949199999999999733e+01 -2.252899999999999991e+01 5.671000000000000263e+00 1.229999999999999982e-01
1.424430000000000121e+02 -2.178999999999999915e+01 5.959999999999999964e+00 2.900000000000000147e-02
2.141649999999999920e+02 -3.183299999999999841e+01 -3.898000000000000131e+00 -1.819999999999999951e-01
1.138569999999999993e+02 -4.332300000000000040e+01 -1.206600000000000072e+01 -2.590000000000000080e-01
2.916700000000000159e+01 -3.422800000000000153e+01 -9.939000000000000057e+00 -9.299999999999999933e-02
1.082939999999999969e+02 2.318000000000000060e+00 -1.487999999999999989e+00 1.690000000000000113e-01
2.295459999999999923e+02 3.911099999999999710e+01 4.730000000000000426e+00 3.499999999999999778e-01
2.422379999999999995e+02 4.608299999999999841e+01 5.200999999999999623e+00 3.930000000000000160e-01
1.851150000000000091e+02 2.530999999999999872e+01 6.650000000000000355e-01 2.969999999999999862e-01
1.208169999999999931e+02 2.029999999999999805e+00 -6.213000000000000078e+00 1.179999999999999938e-01
8.250000000000000000e+00 -5.956999999999999851e+00 -1.124399999999999977e+01 -3.099999999999999978e-02
-1.589739999999999895e+02 -3.966000000000000192e+00 -1.331600000000000072e+01 -1.340000000000000080e-01
-2.968319999999999936e+02 -6.748999999999999666e+00 -1.564100000000000001e+01 -2.909999999999999809e-01
-3.632749999999999773e+02 -1.142300000000000004e+01 -1.837500000000000000e+01 -4.809999999999999831e-01
-3.747330000000000041e+02 -6.199999999999999956e-02 -1.802199999999999847e+01 -5.590000000000000524e-01
-2.939130000000000109e+02 2.884700000000000131e+01 -1.596000000000000085e+01 -5.500000000000000444e-01
-9.176000000000000512e+01 5.268500000000000227e+01 -1.732300000000000040e+01 -6.380000000000000115e-01
1.350500000000000114e+02 5.427199999999999847e+01 -2.017299999999999827e+01 -7.850000000000000311e-01
3.130779999999999745e+02 4.464000000000000057e+01 -1.525600000000000023e+01 -6.909999999999999476e-01
5.270670000000000073e+02 4.410699999999999932e+01 -2.250000000000000056e-01 -2.800000000000000266e-01
8.335710000000000264e+02 5.175600000000000023e+01 1.451500000000000057e+01 1.019999999999999934e-01
1.099099999999999909e+03 5.687500000000000000e+01 2.070100000000000051e+01 2.469999999999999973e-01
1.138761999999999944e+03 6.609000000000000341e+01 2.301699999999999946e+01 4.010000000000000231e-01
9.248920000000000528e+02 8.756499999999999773e+01 2.732900000000000063e+01 7.219999999999999751e-01
5.968709999999999809e+02 1.065330000000000013e+02 2.963500000000000156e+01 9.360000000000000542e-01
3.015919999999999845e+02 1.055649999999999977e+02 2.532100000000000151e+01 8.529999999999999805e-01
1.002139999999999986e+02 9.026600000000000534e+01 1.919500000000000028e+01 7.089999999999999636e-01
-4.113999999999999879e+00 7.616500000000000625e+01 1.719999999999999929e+01 6.979999999999999538e-01
-5.504200000000000159e+01 6.447700000000000387e+01 1.460699999999999932e+01 5.819999999999999618e-01
-1.273769999999999953e+02 4.004899999999999949e+01 2.540000000000000036e+00 1.019999999999999934e-01
-2.605240000000000009e+02 -7.660000000000000142e+00 -1.550000000000000000e+01 -4.939999999999999947e-01
-4.339549999999999841e+02 -6.172200000000000131e+01 -2.439600000000000080e+01 -7.399999999999999911e-01
-5.884189999999999827e+02 -8.801900000000000546e+01 -1.659400000000000119e+01 -5.879999999999999671e-01
-6.255779999999999745e+02 -7.582599999999999341e+01 -9.370000000000000551e-01 -3.400000000000000244e-01
-4.627939999999999827e+02 -5.152499999999999858e+01 1.039000000000000057e+01 -1.179999999999999938e-01
-1.705720000000000027e+02 -4.094899999999999807e+01 1.539100000000000001e+01 1.859999999999999987e-01
4.412800000000000011e+01 -3.874799999999999756e+01 1.760800000000000054e+01 5.430000000000000382e-01
8.140500000000000114e+01 -3.317399999999999949e+01 1.460699999999999932e+01 6.969999999999999529e-01
5.519599999999999795e+01 -3.415999999999999659e+01 2.482000000000000206e+00 4.839999999999999858e-01
7.192900000000000205e+01 -5.014000000000000057e+01 -1.144699999999999918e+01 1.140000000000000041e-01
5.223899999999999721e+01 -6.728000000000000114e+01 -1.582399999999999984e+01 -7.000000000000000666e-02
-1.078810000000000002e+02 -7.512900000000000489e+01 -1.264100000000000001e+01 -7.499999999999999722e-02
-3.384060000000000059e+02 -7.869400000000000261e+01 -1.151500000000000057e+01 -1.600000000000000033e-01
-4.981009999999999991e+02 -7.687699999999999534e+01 -1.340000000000000036e+01 -3.719999999999999973e-01
-5.773590000000000373e+02 -6.959699999999999420e+01 -1.679400000000000048e+01 -6.209999999999999964e-01
-6.597459999999999809e+02 -7.329699999999999704e+01 -2.701800000000000068e+01 -9.340000000000000524e-01
-7.321059999999999945e+02 -8.716100000000000136e+01 -4.172699999999999676e+01 -1.197000000000000064e+00
-6.643880000000000337e+02 -7.850199999999999534e+01 -4.461800000000000210e+01 -1.080999999999999961e+00
-3.715249999999999773e+02 -3.172100000000000009e+01 -2.766300000000000026e+01 -5.280000000000000249e-01
7.723099999999999454e+01 3.286099999999999710e+01 -2.218999999999999861e+00 1.519999999999999962e-01
4.848249999999999886e+02 9.009099999999999397e+01 1.734400000000000119e+01 6.949999999999999512e-01
6.661150000000000091e+02 1.201460000000000008e+02 2.672899999999999920e+01 1.046999999999999931e+00
6.579959999999999809e+02 1.161640000000000015e+02 2.962099999999999866e+01 1.231999999999999984e+00
7.101050000000000182e+02 1.043539999999999992e+02 3.064900000000000091e+01 1.254999999999999893e+00
8.894289999999999736e+02 1.128700000000000045e+02 2.865200000000000102e+01 1.056000000000000050e+00
8.907799999999999727e+02 1.230390000000000015e+02 1.927199999999999847e+01 6.159999999999999920e-01
5.172329999999999472e+02 9.905400000000000205e+01 6.477999999999999758e+00 1.010000000000000064e-01
6.916800000000000637e+01 4.433200000000000074e+01 6.590000000000000302e-01 -2.710000000000000187e-01
-8.451800000000000068e+01 -1.245500000000000007e+01 1.741999999999999993e+00 -4.759999999999999787e-01
-3.080199999999999960e+01 -5.636899999999999977e+01 -1.209999999999999964e+00 -5.949999999999999734e-01
-8.138100000000000023e+01 -8.311199999999999477e+01 -1.066300000000000026e+01 -6.159999999999999920e-01
-2.824130000000000109e+02 -8.745300000000000296e+01 -1.713500000000000156e+01 -5.200000000000000178e-01
-4.324739999999999895e+02 -7.225100000000000477e+01 -1.674800000000000111e+01 -4.169999999999999818e-01
-4.140319999999999823e+02 -5.028499999999999659e+01 -1.609700000000000131e+01 -4.149999999999999800e-01
-3.155939999999999941e+02 -3.236099999999999710e+01 -1.871199999999999974e+01 -4.650000000000000244e-01
-2.814519999999999982e+02 -2.232499999999999929e+01 -2.016700000000000159e+01 -4.510000000000000120e-01
-3.387289999999999850e+02 -2.084799999999999898e+01 -1.713800000000000168e+01 -3.830000000000000071e-01
-4.034759999999999991e+02 -2.729599999999999937e+01 -1.226299999999999990e+01 -3.649999999999999911e-01
-4.021850000000000023e+02 -3.396500000000000341e+01 -8.726000000000000867e+00 -3.980000000000000204e-01
-3.024599999999999795e+02 -2.386599999999999966e+01 -5.022999999999999687e+00 -3.390000000000000235e-01
-1.027969999999999970e+02 7.900999999999999801e+00 1.163999999999999924e+00 -1.400000000000000133e-01
8.029200000000000159e+01 3.379999999999999716e+01 6.868000000000000327e+00 1.499999999999999944e-02
5.801800000000000068e+01 2.296000000000000085e+01 8.439999999999999503e+00 -1.700000000000000122e-02
-1.431150000000000091e+02 -1.315399999999999991e+01 8.653999999999999915e+00 -9.500000000000000111e-02
-2.401990000000000123e+02 -3.443999999999999773e+01 1.114899999999999913e+01 -3.400000000000000244e-02
-7.764400000000000546e+01 -2.650300000000000011e+01 1.312400000000000055e+01 1.079999999999999988e-01
1.651680000000000064e+02 -1.591200000000000081e+01 9.711999999999999744e+00 1.610000000000000042e-01
2.265929999999999893e+02 -3.010000000000000142e+01 1.286000000000000032e+00 7.399999999999999634e-02
5.385199999999999676e+01 -5.703000000000000114e+01 -5.432999999999999829e+00 -4.100000000000000172e-02
-1.710099999999999909e+02 -6.225300000000000011e+01 -5.179999999999999716e+00 -7.599999999999999811e-02
-2.510370000000000061e+02 -4.499099999999999966e+01 -4.288999999999999702e+00 -1.260000000000000009e-01
-2.365550000000000068e+02 -3.818099999999999739e+01 -1.101600000000000001e+01 -2.919999999999999818e-01
-3.294649999999999750e+02 -4.195799999999999841e+01 -1.557300000000000040e+01 -3.049999999999999933e-01
-4.983700000000000045e+02 -1.370299999999999940e+01 -2.299999999999999822e+00 1.350000000000000089e-01
-4.599700000000000273e+02 6.151800000000000068e+01 2.231700000000000017e+01 7.369999999999999885e-01
-9.440399999999999636e+01 1.456490000000000009e+02 3.862700000000000244e+01 9.759999999999999787e-01
3.576229999999999905e+02 1.927700000000000102e+02 4.088799999999999812e+01 8.389999999999999680e-01
5.673089999999999691e+02 1.812210000000000036e+02 3.672500000000000142e+01 6.600000000000000311e-01
4.775210000000000150e+02 1.222699999999999960e+02 3.212100000000000222e+01 5.350000000000000311e-01
3.147470000000000141e+02 5.825699999999999790e+01 2.737699999999999889e+01 3.950000000000000178e-01
2.652880000000000109e+02 2.560399999999999920e+01 2.039900000000000091e+01 2.929999999999999827e-01
3.234510000000000218e+02 1.861100000000000065e+01 1.060899999999999999e+01 2.419999999999999929e-01
4.741139999999999759e+02 8.862999999999999545e+00 -2.299999999999999961e-02 4.900000000000000189e-02
7.244890000000000327e+02 -1.482000000000000028e+01 -9.211000000000000298e+00 -3.679999999999999938e-01
9.104679999999999609e+02 -4.016599999999999682e+01 -1.423300000000000054e+01 -7.169999999999999707e-01
7.671430000000000291e+02 -5.524099999999999966e+01 -1.309099999999999930e+01 -6.770000000000000462e-01
2.727149999999999750e+02 -6.642000000000000171e+01 -1.007699999999999996e+01 -3.850000000000000089e-01
-2.668969999999999914e+02 -8.402299999999999613e+01 -1.234399999999999942e+01 -2.159999999999999976e-01
-5.399779999999999518e+02 -9.934600000000000364e+01 -1.796199999999999974e+01 -2.099999999999999922e-01
-5.039209999999999923e+02 -9.515699999999999648e+01 -1.747899999999999920e+01 -1.219999999999999973e-01
-3.180969999999999800e+02 -7.337199999999999989e+01 -8.272999999999999687e+00 9.900000000000000466e-02
-1.235430000000000064e+02 -5.512299999999999756e+01 1.822999999999999954e+00 2.379999999999999893e-01
5.609700000000000131e+01 -4.989200000000000301e+01 6.741999999999999993e+00 2.230000000000000038e-01
2.204499999999999886e+02 -3.647899999999999920e+01 1.168299999999999983e+01 2.909999999999999809e-01
3.163070000000000164e+02 3.467999999999999972e+00 2.284700000000000131e+01 5.470000000000000417e-01
3.349370000000000118e+02 4.602199999999999847e+01 3.211800000000000210e+01 7.029999999999999583e-01
3.442520000000000095e+02 6.153799999999999670e+01 2.770499999999999829e+01 5.809999999999999609e-01
3.489220000000000255e+02 6.626099999999999568e+01 1.423000000000000043e+01 4.400000000000000022e-01
2.493629999999999995e+02 8.210999999999999943e+01 2.717000000000000082e+00 4.269999999999999907e-01
-1.736700000000000088e+01 8.675000000000000000e+01 -7.347000000000000419e+00 3.069999999999999951e-01
-3.433799999999999955e+02 6.572899999999999920e+01 -1.617399999999999949e+01 3.400000000000000244e-02
-5.049279999999999973e+02 5.795900000000000318e+01 -1.393399999999999928e+01 -7.299999999999999545e-02
-3.935419999999999732e+02 8.647799999999999443e+01 -1.520000000000000018e+00 5.199999999999999761e-02
-1.217369999999999948e+02 1.079539999999999935e+02 3.337000000000000188e+00 5.199999999999999761e-02
1.044080000000000013e+02 8.306199999999999761e+01 -5.711000000000000298e+00 -1.910000000000000031e-01
1.254830000000000041e+02 3.271999999999999886e+01 -1.441900000000000048e+01 -3.559999999999999831e-01
-5.572999999999999687e+01 -7.713000000000000078e+00 -1.361500000000000021e+01 -2.859999999999999765e-01
-2.537609999999999957e+02 -3.336999999999999744e+01 -1.056000000000000050e+01 -2.290000000000000091e-01
-3.136859999999999786e+02 -5.058100000000000307e+01 -1.115399999999999991e+01 -3.280000000000000138e-01
-2.381250000000000000e+02 -5.391400000000000148e+01 -1.008600000000000030e+01 -3.910000000000000142e-01
-7.166500000000000625e+01 -4.304599999999999937e+01 -2.753000000000000114e+00 -3.170000000000000040e-01
9.300900000000000034e+01 -3.925500000000000256e+01 7.171000000000000263e+00 -2.849999999999999756e-01
7.290699999999999648e+01 -5.874699999999999989e+01 1.497199999999999953e+01 -3.589999999999999858e-01
-1.754420000000000073e+02 -8.681900000000000261e+01 1.756800000000000139e+01 -4.040000000000000258e-01
-4.292210000000000036e+02 -1.018629999999999995e+02 9.855999999999999872e+00 -4.620000000000000218e-01
-4.801899999999999977e+02 -1.003850000000000051e+02 -8.300000000000000711e+00 -6.790000000000000480e-01
-3.596290000000000191e+02 -8.350300000000000011e+01 -2.550799999999999912e+01 -8.910000000000000142e-01
-1.711959999999999980e+02 -4.420900000000000318e+01 -2.951000000000000156e+01 -7.530000000000000027e-01
9.391800000000000637e+01 2.427499999999999858e+01 -1.693400000000000105e+01 -1.150000000000000050e-01
4.254639999999999986e+02 1.075499999999999972e+02 7.017000000000000348e+00 8.609999999999999876e-01
6.401549999999999727e+02 1.554300000000000068e+02 2.630900000000000105e+01 1.667000000000000037e+00
5.582300000000000182e+02 1.228209999999999980e+02 2.290800000000000125e+01 1.772000000000000020e+00
2.654580000000000268e+02 3.469599999999999795e+01 1.029999999999999943e-01 1.254999999999999893e+00
2.325400000000000134e+01 -3.657900000000000063e+01 -1.974200000000000088e+01 6.630000000000000338e-01
-5.521300000000000097e+01 -5.832900000000000063e+01 -2.566100000000000136e+01 2.700000000000000178e-01
-8.018800000000000239e+01 -5.468699999999999761e+01 -2.598300000000000054e+01 -4.000000000000000083e-03
-1.268810000000000002e+02 -4.742399999999999949e+01 -2.622700000000000031e+01 -1.479999999999999927e-01
-7.700600000000000023e+01 -3.061799999999999855e+01 -2.185099999999999909e+01 -9.199999999999999845e-02
1.404410000000000025e+02 -4.277999999999999581e+00 -1.439899999999999913e+01 1.899999999999999953e-02
3.036619999999999777e+02 1.127800000000000047e+01 -1.406900000000000084e+01 -4.399999999999999745e-02
1.801599999999999966e+02 5.665000000000000036e+00 -2.207700000000000173e+01 -2.700000000000000178e-01
-7.448000000000000398e+01 -8.676000000000000156e+00 -2.738599999999999923e+01 -4.550000000000000155e-01
-1.447059999999999889e+02 -2.098000000000000043e+01 -2.435900000000000176e+01 -4.989999999999999991e-01
-2.880600000000000094e+01 -3.339999999999999858e+01 -1.909600000000000009e+01 -5.090000000000000080e-01
4.010900000000000176e+01 -4.788400000000000034e+01 -1.709400000000000119e+01 -5.919999999999999707e-01
-2.796699999999999875e+01 -6.409600000000000364e+01 -1.735099999999999909e+01 -7.119999999999999662e-01
-1.590349999999999966e+02 -8.549099999999999966e+01 -1.858999999999999986e+01 -7.870000000000000329e-01
-3.138179999999999836e+02 -1.094099999999999966e+02 -2.018700000000000117e+01 -8.040000000000000480e-01
-4.693109999999999786e+02 -1.177870000000000061e+02 -1.768299999999999983e+01 -7.950000000000000400e-01
-5.271520000000000437e+02 -9.241700000000000159e+01 -7.339999999999999858e+00 -7.309999999999999831e-01
-4.390360000000000014e+02 -3.520600000000000307e+01 7.214000000000000412e+00 -5.030000000000000027e-01
-3.146560000000000059e+02 2.962800000000000011e+01 1.889799999999999969e+01 -9.099999999999999756e-02
-2.362100000000000080e+02 7.019199999999999307e+01 2.298199999999999932e+01 2.790000000000000258e-01
-9.645499999999999829e+01 7.756199999999999761e+01 2.076000000000000156e+01 3.609999999999999876e-01
1.671250000000000000e+02 7.872499999999999432e+01 2.037199999999999989e+01 2.409999999999999920e-01
3.234370000000000118e+02 9.267900000000000205e+01 2.532900000000000063e+01 1.559999999999999998e-01
1.391699999999999875e+02 9.515999999999999659e+01 2.770899999999999963e+01 8.699999999999999400e-02
-1.798739999999999952e+02 6.383800000000000097e+01 2.431099999999999994e+01 -7.900000000000000078e-02
-1.799279999999999973e+02 2.589099999999999824e+01 2.533599999999999852e+01 -1.350000000000000089e-01
2.161659999999999968e+02 1.929799999999999827e+01 3.642300000000000182e+01 2.230000000000000038e-01
5.724109999999999445e+02 2.995799999999999841e+01 4.685900000000000176e+01 7.910000000000000364e-01
5.283200000000000500e+02 9.836000000000000298e+00 4.329299999999999926e+01 9.969999999999999973e-01
2.571770000000000209e+02 -4.051200000000000045e+01 2.783899999999999864e+01 7.680000000000000160e-01
9.335699999999999932e+01 -5.910000000000000142e+01 1.489899999999999913e+01 6.590000000000000302e-01
1.239000000000000101e+00 -2.064999999999999858e+01 8.576999999999999957e+00 8.279999999999999583e-01
-2.182230000000000132e+02 1.451399999999999935e+01 -3.162999999999999812e+00 6.590000000000000302e-01
-5.207060000000000173e+02 -8.788000000000000256e+00 -2.437999999999999901e+01 -1.459999999999999909e-01
-7.480449999999999591e+02 -5.981400000000000006e+01 -3.936599999999999966e+01 -9.429999999999999494e-01
-8.289360000000000355e+02 -6.970300000000000296e+01 -3.400500000000000256e+01 -1.074000000000000066e+00
-6.809360000000000355e+02 -2.043499999999999872e+01 -1.297100000000000009e+01 -6.919999999999999485e-01
-2.476270000000000095e+02 3.995799999999999841e+01 9.423000000000000043e+00 -3.109999999999999987e-01
2.958269999999999982e+02 6.048499999999999943e+01 2.288200000000000145e+01 -9.600000000000000200e-02
6.566340000000000146e+02 5.441100000000000136e+01 2.603600000000000136e+01 9.099999999999999756e-02
7.861559999999999491e+02 8.001000000000000512e+01 2.718299999999999983e+01 3.579999999999999849e-01
8.930700000000000500e+02 1.459859999999999900e+02 3.462599999999999767e+01 6.770000000000000462e-01
1.031385999999999967e+03 1.886680000000000064e+02 4.280400000000000205e+01 8.820000000000000062e-01
9.575180000000000291e+02 1.689540000000000077e+02 3.974399999999999977e+01 7.990000000000000435e-01
5.813600000000000136e+02 1.255450000000000017e+02 2.624299999999999855e+01 5.020000000000000018e-01
2.208799999999999955e+02 1.043689999999999998e+02 1.397300000000000075e+01 2.500000000000000000e-01
1.268010000000000019e+02 9.883199999999999363e+01 8.589000000000000412e+00 1.680000000000000104e-01
1.314120000000000061e+02 7.703000000000000114e+01 5.110000000000000320e+00 1.370000000000000107e-01
3.177299999999999969e+01 2.714099999999999824e+01 -2.084999999999999964e+00 -4.000000000000000083e-03
-8.888800000000000523e+01 -2.823199999999999932e+01 -1.098600000000000065e+01 -2.530000000000000027e-01
-1.182159999999999940e+02 -5.444899999999999807e+01 -1.522100000000000009e+01 -4.470000000000000084e-01
-1.300120000000000005e+02 -4.650600000000000023e+01 -1.243599999999999994e+01 -4.510000000000000120e-01
-2.112479999999999905e+02 -3.722200000000000131e+01 -7.508000000000000007e+00 -3.220000000000000084e-01
-3.204130000000000109e+02 -5.731000000000000227e+01 -7.774000000000000021e+00 -2.680000000000000160e-01
-3.891920000000000073e+02 -1.017249999999999943e+02 -1.422799999999999976e+01 -3.750000000000000000e-01
-4.079019999999999868e+02 -1.422239999999999895e+02 -2.019399999999999906e+01 -4.949999999999999956e-01
-3.863299999999999841e+02 -1.613050000000000068e+02 -2.159799999999999898e+01 -4.819999999999999840e-01
-3.386549999999999727e+02 -1.622539999999999907e+02 -2.249399999999999977e+01 -4.010000000000000231e-01
-2.911490000000000009e+02 -1.517090000000000032e+02 -2.627499999999999858e+01 -3.780000000000000027e-01
-2.356959999999999980e+02 -1.263319999999999936e+02 -2.852400000000000091e+01 -3.820000000000000062e-01
-1.440569999999999879e+02 -8.038599999999999568e+01 -2.424899999999999878e+01 -2.770000000000000240e-01
-7.803499999999999659e+01 -2.334900000000000020e+01 -1.665700000000000003e+01 -6.700000000000000400e-02
-1.640660000000000025e+02 1.748499999999999943e+01 -1.249399999999999977e+01 4.900000000000000189e-02
-4.037699999999999818e+02 2.235900000000000176e+01 -1.344800000000000040e+01 -4.599999999999999922e-02
-6.330890000000000555e+02 3.669999999999999929e+00 -1.781599999999999895e+01 -2.049999999999999878e-01
-6.912870000000000346e+02 -7.392000000000000348e+00 -2.466700000000000159e+01 -2.690000000000000169e-01
-5.448970000000000482e+02 4.860999999999999766e+00 -3.061899999999999977e+01 -2.949999999999999845e-01
-2.671859999999999786e+02 3.609799999999999898e+01 -2.671699999999999875e+01 -2.959999999999999853e-01
6.257999999999999829e+01 8.438100000000000023e+01 -5.126000000000000334e+00 -1.700000000000000122e-02
4.221979999999999791e+02 1.457330000000000041e+02 2.790299999999999869e+01 6.830000000000000515e-01
7.742169999999999845e+02 1.906970000000000027e+02 5.140200000000000102e+01 1.443999999999999950e+00
1.000725000000000023e+03 1.832640000000000100e+02 4.962100000000000222e+01 1.719999999999999973e+00
1.002510999999999967e+03 1.240450000000000017e+02 2.720599999999999952e+01 1.322000000000000064e+00
7.955289999999999964e+02 4.807699999999999818e+01 7.930000000000000382e-01 5.520000000000000462e-01
4.583090000000000259e+02 -1.309099999999999930e+01 -1.664699999999999847e+01 -6.900000000000000577e-02
8.811199999999999477e+01 -5.082600000000000051e+01 -2.340599999999999881e+01 -2.680000000000000160e-01
-1.865999999999999943e+02 -7.411499999999999488e+01 -2.662099999999999866e+01 -2.439999999999999947e-01
-2.824619999999999891e+02 -9.670999999999999375e+01 -3.093299999999999983e+01 -2.949999999999999845e-01
-2.375409999999999968e+02 -1.218629999999999995e+02 -3.172899999999999920e+01 -3.920000000000000151e-01
-1.328029999999999973e+02 -1.375960000000000036e+02 -2.380399999999999849e+01 -3.699999999999999956e-01
-6.149000000000000021e+00 -1.349300000000000068e+02 -1.110399999999999920e+01 -2.670000000000000151e-01
8.794899999999999807e+01 -1.249809999999999945e+02 -2.069999999999999840e+00 -2.429999999999999938e-01
4.390800000000000125e+01 -1.223209999999999980e+02 3.200000000000000067e-02 -3.230000000000000093e-01
-1.480279999999999916e+02 -1.198119999999999976e+02 -2.576999999999999957e+00 -3.810000000000000053e-01
-3.181770000000000209e+02 -1.034230000000000018e+02 -7.333000000000000185e+00 -3.069999999999999951e-01
-3.119599999999999795e+02 -8.491500000000000625e+01 -1.255000000000000071e+01 -1.839999999999999969e-01
-1.882800000000000011e+02 -9.046899999999999409e+01 -1.559999999999999964e+01 -2.389999999999999902e-01
-1.435109999999999957e+02 -1.171230000000000047e+02 -1.372799999999999976e+01 -5.200000000000000178e-01
-2.761890000000000214e+02 -1.283249999999999886e+02 -7.003000000000000114e+00 -7.309999999999999831e-01
-4.310269999999999868e+02 -9.711599999999999966e+01 2.557999999999999829e+00 -5.939999999999999725e-01
-3.237060000000000173e+02 -3.249300000000000210e+01 1.420899999999999963e+01 -2.139999999999999958e-01
8.993399999999999750e+01 3.995600000000000307e+01 2.788400000000000034e+01 1.509999999999999953e-01
4.667370000000000232e+02 1.034890000000000043e+02 4.111299999999999955e+01 4.640000000000000235e-01
4.818389999999999986e+02 1.495900000000000034e+02 4.843399999999999750e+01 7.409999999999999920e-01
3.075230000000000246e+02 1.728830000000000098e+02 4.616700000000000159e+01 8.070000000000000506e-01
3.735179999999999723e+02 1.773149999999999977e+02 3.704800000000000182e+01 5.969999999999999751e-01
6.522680000000000291e+02 1.677410000000000139e+02 2.677299999999999969e+01 4.010000000000000231e-01
6.712050000000000409e+02 1.378950000000000102e+02 1.860099999999999909e+01 4.689999999999999725e-01
3.246589999999999918e+02 9.234399999999999409e+01 1.238000000000000078e+01 6.109999999999999876e-01
5.937899999999999778e+01 6.007699999999999818e+01 4.482999999999999652e+00 4.719999999999999751e-01
1.143190000000000026e+02 5.637400000000000233e+01 -8.060999999999999943e+00 4.200000000000000261e-02
2.058820000000000050e+02 6.060000000000000142e+01 -1.940299999999999869e+01 -3.029999999999999916e-01
8.266299999999999670e+01 5.169899999999999807e+01 -1.921300000000000097e+01 -2.680000000000000160e-01
-1.476409999999999911e+02 2.920100000000000051e+01 -1.023799999999999955e+01 -2.699999999999999969e-02
-2.954839999999999804e+02 -4.910000000000000142e+00 -8.538999999999999702e+00 -2.100000000000000130e-02
-3.177760000000000105e+02 -4.407500000000000284e+01 -1.833500000000000085e+01 -3.180000000000000049e-01
-2.678149999999999977e+02 -6.731199999999999761e+01 -2.322599999999999909e+01 -4.929999999999999938e-01
-2.276719999999999970e+02 -7.004300000000000637e+01 -1.256499999999999950e+01 -3.099999999999999978e-01
-2.715620000000000118e+02 -7.850000000000000000e+01 2.459999999999999964e+00 -9.299999999999999933e-02
-3.797939999999999827e+02 -9.896699999999999875e+01 9.214999999999999858e+00 -1.409999999999999865e-01
-4.456650000000000205e+02 -9.625300000000000011e+01 1.021299999999999919e+01 -2.540000000000000036e-01
-4.729250000000000114e+02 -5.662199999999999989e+01 1.120500000000000007e+01 -1.880000000000000004e-01
-6.089569999999999936e+02 -1.580499999999999972e+01 1.181099999999999994e+01 -9.800000000000000377e-02
-8.260539999999999736e+02 9.208999999999999631e+00 1.298099999999999987e+01 -1.489999999999999936e-01
-8.170159999999999627e+02 4.816199999999999903e+01 1.721900000000000119e+01 -1.320000000000000062e-01
-4.113779999999999859e+02 1.012439999999999998e+02 1.994900000000000162e+01 8.999999999999999667e-02
1.471539999999999964e+02 1.154399999999999977e+02 1.493399999999999928e+01 2.139999999999999958e-01
5.333750000000000000e+02 7.896299999999999386e+01 6.967999999999999972e+00 2.199999999999999872e-02
7.367259999999999991e+02 5.133899999999999864e+01 5.556000000000000050e+00 -1.930000000000000049e-01
9.012319999999999709e+02 6.452400000000000091e+01 9.598000000000000753e+00 -1.539999999999999980e-01
9.358730000000000473e+02 8.974699999999999989e+01 1.328599999999999959e+01 1.799999999999999864e-02
6.152910000000000537e+02 1.160720000000000027e+02 1.942899999999999849e+01 2.210000000000000020e-01
3.936099999999999710e+01 1.563919999999999959e+02 2.894399999999999906e+01 5.530000000000000471e-01
-3.572549999999999955e+02 1.802969999999999970e+02 2.953099999999999881e+01 8.930000000000000160e-01
-3.173670000000000186e+02 1.444050000000000011e+02 1.416900000000000048e+01 9.370000000000000551e-01
-2.169999999999999929e+01 7.381799999999999784e+01 -4.522999999999999687e+00 6.790000000000000480e-01
1.997259999999999991e+02 2.803000000000000114e+01 -1.491999999999999993e+01 3.689999999999999947e-01
2.110440000000000111e+02 1.075399999999999956e+01 -2.331299999999999883e+01 1.089999999999999997e-01
8.042600000000000193e+01 -2.141799999999999926e+01 -3.691499999999999915e+01 -1.789999999999999925e-01
-1.016419999999999959e+02 -8.547599999999999909e+01 -4.877100000000000080e+01 -4.719999999999999751e-01
-3.095640000000000214e+02 -1.521639999999999873e+02 -5.107999999999999829e+01 -6.350000000000000089e-01
-5.323120000000000118e+02 -1.878389999999999986e+02 -4.787599999999999767e+01 -6.630000000000000338e-01
-7.381399999999999864e+02 -1.908129999999999882e+02 -4.556199999999999761e+01 -6.959999999999999520e-01
-8.758350000000000364e+02 -1.797669999999999959e+02 -4.185000000000000142e+01 -7.560000000000000053e-01
-8.187509999999999764e+02 -1.559619999999999891e+02 -3.022400000000000020e+01 -6.720000000000000417e-01
-4.314110000000000014e+02 -1.009039999999999964e+02 -9.855000000000000426e+00 -3.499999999999999778e-01
1.469219999999999970e+02 -2.151899999999999835e+01 1.124200000000000088e+01 6.099999999999999867e-02
5.122910000000000537e+02 3.582800000000000296e+01 2.304200000000000159e+01 4.229999999999999871e-01
5.154529999999999745e+02 4.823799999999999955e+01 2.483699999999999974e+01 7.730000000000000204e-01
4.807149999999999750e+02 5.170300000000000296e+01 2.398799999999999955e+01 1.014999999999999902e+00
6.303849999999999909e+02 7.148300000000000409e+01 2.237000000000000099e+01 7.930000000000000382e-01
6.837290000000000418e+02 7.572499999999999432e+01 1.624299999999999855e+01 8.799999999999999489e-02
4.042839999999999918e+02 4.226400000000000290e+01 7.599999999999999645e+00 -5.320000000000000284e-01
1.047309999999999945e+02 7.368999999999999773e+00 1.768000000000000016e+00 -6.540000000000000258e-01
1.902340000000000089e+02 1.211100000000000065e+01 1.960000000000000075e-01 -4.680000000000000271e-01
5.522440000000000282e+02 4.857999999999999829e+01 4.371999999999999886e+00 -2.449999999999999956e-01
7.420639999999999645e+02 7.696699999999999875e+01 1.465000000000000036e+01 -1.799999999999999864e-02
5.346319999999999482e+02 6.571299999999999386e+01 2.150700000000000145e+01 1.010000000000000064e-01
1.073919999999999959e+02 1.299900000000000055e+01 1.333900000000000041e+01 -6.700000000000000400e-02
-2.305699999999999932e+02 -5.025200000000000244e+01 -4.661999999999999922e+00 -3.770000000000000018e-01
-3.175210000000000150e+02 -8.051999999999999602e+01 -1.302500000000000036e+01 -4.359999999999999987e-01
-1.849470000000000027e+02 -5.877000000000000313e+01 -2.091000000000000192e+00 -1.049999999999999961e-01
3.553799999999999670e+01 -7.137999999999999901e+00 1.620700000000000074e+01 3.220000000000000084e-01
2.095949999999999989e+02 3.302799999999999869e+01 2.429599999999999937e+01 5.020000000000000018e-01
2.362839999999999918e+02 3.271200000000000330e+01 1.856200000000000117e+01 4.040000000000000258e-01
8.168099999999999739e+01 -8.814000000000000057e+00 6.953000000000000291e+00 2.020000000000000129e-01
-1.463120000000000118e+02 -6.410500000000000398e+01 -4.549999999999999822e+00 5.000000000000000104e-03
-2.941549999999999727e+02 -1.030400000000000063e+02 -1.468099999999999916e+01 -1.809999999999999942e-01
-4.020419999999999732e+02 -1.271710000000000065e+02 -2.256500000000000128e+01 -3.579999999999999849e-01
-6.027469999999999573e+02 -1.538379999999999939e+02 -2.702400000000000091e+01 -4.749999999999999778e-01
-7.835309999999999491e+02 -1.708120000000000118e+02 -2.751800000000000068e+01 -4.420000000000000040e-01
-7.149420000000000073e+02 -1.526599999999999966e+02 -2.471000000000000085e+01 -2.939999999999999836e-01
-4.447939999999999827e+02 -1.070610000000000070e+02 -1.948199999999999932e+01 -1.700000000000000122e-01
-1.664979999999999905e+02 -5.921900000000000119e+01 -1.022799999999999976e+01 -4.700000000000000011e-02
9.366400000000000148e+01 -2.184400000000000119e+01 3.438000000000000167e+00 2.169999999999999984e-01
2.690520000000000209e+02 -6.105000000000000426e+00 1.522199999999999953e+01 5.410000000000000364e-01
1.139759999999999991e+02 -1.703500000000000014e+01 1.887399999999999878e+01 6.700000000000000400e-01
-3.321960000000000264e+02 -3.233299999999999841e+01 1.476800000000000068e+01 4.839999999999999858e-01
-5.591789999999999736e+02 -1.808800000000000097e+01 6.597999999999999865e+00 9.700000000000000289e-02
-2.233650000000000091e+02 4.046699999999999875e+01 1.879000000000000004e+00 -1.719999999999999862e-01
3.472060000000000173e+02 1.223349999999999937e+02 8.480999999999999872e+00 -4.200000000000000261e-02
5.791609999999999445e+02 1.754519999999999982e+02 2.021900000000000119e+01 3.140000000000000013e-01
3.782819999999999823e+02 1.639919999999999902e+02 2.118799999999999883e+01 4.490000000000000102e-01
1.445989999999999895e+02 1.107309999999999945e+02 9.958999999999999631e+00 2.839999999999999747e-01
1.663129999999999882e+02 6.214600000000000080e+01 8.209999999999999520e-01 1.239999999999999991e-01
3.360869999999999891e+02 3.331099999999999994e+01 1.078999999999999959e+00 1.000000000000000056e-01
4.898249999999999886e+02 1.945700000000000074e+01 5.301999999999999602e+00 7.900000000000000078e-02
6.161140000000000327e+02 2.362199999999999989e+01 8.031000000000000583e+00 1.099999999999999936e-02
6.146169999999999618e+02 3.647299999999999898e+01 7.440000000000000391e+00 -3.099999999999999978e-02
3.212119999999999891e+02 2.999800000000000111e+01 1.973000000000000087e+00 -7.199999999999999456e-02
-8.700700000000000500e+01 1.661000000000000032e+00 -7.133000000000000007e+00 -1.690000000000000113e-01
-2.187199999999999989e+02 -1.747599999999999909e+01 -1.365499999999999936e+01 -2.240000000000000047e-01
-8.316599999999999682e+01 -1.839300000000000068e+01 -1.327299999999999969e+01 -1.120000000000000023e-01
-7.768200000000000216e+01 -2.956099999999999994e+01 -1.181400000000000006e+01 6.300000000000000044e-02
-3.691530000000000200e+02 -5.867699999999999960e+01 -1.812000000000000099e+01 1.019999999999999934e-01
-7.378220000000000027e+02 -7.431000000000000227e+01 -2.977799999999999869e+01 -1.400000000000000029e-02
-9.859900000000000091e+02 -6.901399999999999579e+01 -3.796099999999999852e+01 -2.389999999999999902e-01
-1.122804000000000087e+03 -7.973699999999999477e+01 -4.144400000000000261e+01 -6.109999999999999876e-01
-1.132546000000000049e+03 -1.152639999999999958e+02 -4.205299999999999727e+01 -1.002999999999999892e+00
-8.670259999999999536e+02 -1.203880000000000052e+02 -3.328999999999999915e+01 -1.046000000000000041e+00
-3.050330000000000155e+02 -4.776599999999999824e+01 -7.798000000000000043e+00 -5.749999999999999556e-01
2.988720000000000141e+02 7.370999999999999375e+01 2.611599999999999966e+01 1.250000000000000000e-01
7.034070000000000391e+02 1.740459999999999923e+02 4.805100000000000193e+01 6.780000000000000471e-01
9.088170000000000073e+02 2.160020000000000095e+02 4.829099999999999682e+01 9.709999999999999742e-01
9.301140000000000327e+02 2.067110000000000127e+02 3.570300000000000296e+01 1.046000000000000041e+00
6.906660000000000537e+02 1.710869999999999891e+02 2.110300000000000153e+01 9.070000000000000284e-01
3.785960000000000036e+02 1.405819999999999936e+02 6.533000000000000362e+00 5.490000000000000435e-01
3.886650000000000205e+02 1.305759999999999934e+02 -7.065999999999999837e+00 2.699999999999999969e-02
6.172640000000000100e+02 1.128859999999999957e+02 -1.496400000000000041e+01 -5.120000000000000107e-01
4.912359999999999900e+02 5.092600000000000193e+01 -1.506900000000000084e+01 -7.950000000000000400e-01
-6.418999999999999773e+01 -3.612500000000000000e+01 -1.189199999999999946e+01 -6.490000000000000213e-01
-4.586220000000000141e+02 -9.079900000000000659e+01 -1.145500000000000007e+01 -3.160000000000000031e-01
-3.581129999999999995e+02 -9.421599999999999397e+01 -1.434600000000000009e+01 -1.859999999999999987e-01
-3.303399999999999892e+01 -7.570699999999999363e+01 -1.481300000000000061e+01 -2.459999999999999964e-01
2.192069999999999936e+02 -5.601899999999999835e+01 -6.987000000000000099e+00 -1.690000000000000113e-01
3.607180000000000177e+02 -3.341899999999999693e+01 8.320999999999999730e+00 1.229999999999999982e-01
3.751139999999999759e+02 -1.356199999999999939e+01 2.337000000000000099e+01 3.950000000000000178e-01
2.382669999999999959e+02 -5.695000000000000284e+00 2.966499999999999915e+01 5.110000000000000098e-01
3.304299999999999926e+01 -5.447000000000000064e+00 2.404700000000000060e+01 4.959999999999999964e-01
-1.744199999999999875e+02 -1.088899999999999935e+01 9.400999999999999801e+00 2.690000000000000169e-01
-3.586600000000000250e+02 -2.507799999999999940e+01 -6.846000000000000085e+00 -2.240000000000000047e-01
-4.060000000000000000e+02 -3.325600000000000023e+01 -1.494100000000000072e+01 -6.919999999999999485e-01
-2.563229999999999791e+02 -1.861700000000000088e+01 -1.076500000000000057e+01 -7.399999999999999911e-01
-5.511699999999999733e+01 6.538999999999999702e+00 -1.322000000000000064e+00 -3.539999999999999813e-01
3.895400000000000063e+01 1.683699999999999974e+01 3.569999999999999840e+00 1.409999999999999865e-01
9.214999999999999858e+00 3.838000000000000078e+00 3.037999999999999812e+00 4.689999999999999725e-01
-1.045759999999999934e+02 -2.185399999999999920e+01 3.879999999999999893e+00 5.709999999999999520e-01
-2.203069999999999879e+02 -4.141299999999999670e+01 8.382999999999999119e+00 5.140000000000000124e-01
-1.833160000000000025e+02 -3.724000000000000199e+01 1.093299999999999983e+01 3.990000000000000213e-01
3.837500000000000000e+01 -7.948999999999999844e+00 9.810000000000000497e+00 3.240000000000000102e-01
2.103729999999999905e+02 1.499300000000000033e+01 1.075200000000000067e+01 2.989999999999999880e-01
1.143169999999999931e+02 -1.086599999999999966e+01 1.434299999999999997e+01 2.149999999999999967e-01
-1.418890000000000100e+02 -8.127100000000000080e+01 1.345899999999999963e+01 2.199999999999999872e-02
-2.959159999999999968e+02 -1.422040000000000077e+02 5.283000000000000362e+00 -1.789999999999999925e-01
-2.638430000000000177e+02 -1.586279999999999859e+02 -4.655000000000000249e+00 -3.180000000000000049e-01
-1.691370000000000005e+02 -1.509099999999999966e+02 -9.349999999999999645e+00 -4.650000000000000244e-01
-1.963640000000000043e+02 -1.578120000000000118e+02 -8.695999999999999730e+00 -6.640000000000000346e-01
-4.386770000000000209e+02 -1.875329999999999870e+02 -1.217099999999999937e+01 -8.569999999999999840e-01
-7.663600000000000136e+02 -2.079099999999999966e+02 -2.646999999999999886e+01 -9.759999999999999787e-01
-9.068129999999999882e+02 -1.786119999999999948e+02 -4.047500000000000142e+01 -9.749999999999999778e-01
-7.042210000000000036e+02 -8.356300000000000239e+01 -3.258800000000000097e+01 -7.079999999999999627e-01
-2.374099999999999966e+02 7.176300000000000523e+01 5.597999999999999865e+00 4.100000000000000172e-02
2.845910000000000082e+02 2.586979999999999791e+02 5.573100000000000165e+01 1.104000000000000092e+00
6.894089999999999918e+02 3.963740000000000236e+02 8.339300000000000068e+01 1.701000000000000068e+00
9.006870000000000118e+02 3.821879999999999882e+02 6.745300000000000296e+01 1.215999999999999970e+00
8.505520000000000209e+02 2.091090000000000089e+02 2.105600000000000094e+01 4.200000000000000261e-02
4.905450000000000159e+02 6.972000000000000419e+00 -2.088700000000000045e+01 -8.120000000000000551e-01
-3.268599999999999994e+01 -9.133599999999999852e+01 -3.501100000000000279e+01 -8.369999999999999662e-01
-4.102420000000000186e+02 -7.877299999999999613e+01 -2.569300000000000139e+01 -3.430000000000000271e-01
-4.241549999999999727e+02 -1.998999999999999844e+01 -9.430999999999999162e+00 2.109999999999999931e-01
-7.165300000000000580e+01 6.016100000000000136e+01 5.548000000000000043e+00 6.999999999999999556e-01
4.445339999999999918e+02 1.573870000000000005e+02 1.708999999999999986e+01 1.092000000000000082e+00
8.478500000000000227e+02 2.210730000000000075e+02 1.917399999999999949e+01 1.203000000000000069e+00
1.008659999999999968e+03 1.964329999999999927e+02 7.780999999999999694e+00 9.210000000000000409e-01
9.171920000000000073e+02 1.024989999999999952e+02 -1.015499999999999936e+01 4.050000000000000266e-01
5.562279999999999518e+02 1.019200000000000017e+01 -2.294399999999999906e+01 -7.000000000000000666e-02
6.163400000000000034e+01 -3.974600000000000222e+01 -2.615700000000000003e+01 -3.390000000000000235e-01
-2.597799999999999727e+02 -6.335699999999999932e+01 -2.453300000000000125e+01 -4.339999999999999969e-01
-2.987819999999999823e+02 -8.393999999999999773e+01 -2.231500000000000128e+01 -4.500000000000000111e-01
-1.926059999999999945e+02 -8.933700000000000330e+01 -1.635500000000000043e+01 -3.770000000000000018e-01
1.092600000000000016e+01 -6.036299999999999955e+01 -3.833000000000000185e+00 -2.039999999999999869e-01
3.188879999999999768e+02 -1.763700000000000045e+01 8.984999999999999432e+00 -6.600000000000000311e-02
5.182229999999999563e+02 -3.196000000000000174e+00 1.342200000000000060e+01 -7.799999999999999989e-02
3.533450000000000273e+02 -2.504599999999999937e+01 8.535999999999999588e+00 -1.700000000000000122e-01
-8.345499999999999829e+01 -5.348299999999999699e+01 -4.899999999999999911e-01 -2.119999999999999940e-01
-4.430740000000000123e+02 -6.341799999999999926e+01 -7.961000000000000298e+00 -1.789999999999999925e-01
-5.501019999999999754e+02 -5.100600000000000023e+01 -1.100799999999999912e+01 -1.110000000000000014e-01
-5.016429999999999723e+02 -2.461400000000000077e+01 -1.398799999999999955e+01 -9.700000000000000289e-02
-3.731139999999999759e+02 -2.962000000000000188e+00 -2.398499999999999943e+01 -2.459999999999999964e-01
-1.018149999999999977e+02 -2.011000000000000121e+00 -3.670600000000000307e+01 -5.100000000000000089e-01
2.558940000000000055e+02 -1.505000000000000071e+01 -3.952100000000000080e+01 -6.840000000000000524e-01
4.098340000000000032e+02 -2.595499999999999829e+01 -3.067500000000000071e+01 -6.390000000000000124e-01
1.573290000000000077e+02 -3.317099999999999937e+01 -1.899200000000000088e+01 -3.980000000000000204e-01
-3.256659999999999968e+02 -3.940800000000000125e+01 -7.136999999999999567e+00 -2.900000000000000147e-02
-6.555779999999999745e+02 -3.494200000000000017e+01 7.171000000000000263e+00 3.449999999999999734e-01
-6.258089999999999691e+02 -1.463899999999999935e+01 1.917099999999999937e+01 5.430000000000000382e-01
-3.216139999999999759e+02 1.112800000000000011e+01 2.430199999999999960e+01 5.530000000000000471e-01
6.058100000000000307e+01 3.995799999999999841e+01 2.962300000000000111e+01 5.809999999999999609e-01
3.311429999999999723e+02 7.165200000000000102e+01 3.981799999999999784e+01 6.670000000000000373e-01
3.083159999999999741e+02 7.871200000000000330e+01 4.340599999999999881e+01 5.490000000000000435e-01
-2.812399999999999878e+01 3.853699999999999903e+01 3.115200000000000102e+01 1.630000000000000060e-01
-3.848120000000000118e+02 -2.035999999999999943e+01 1.427699999999999925e+01 -1.479999999999999927e-01
-4.192869999999999777e+02 -4.930100000000000193e+01 8.625999999999999446e+00 -1.729999999999999871e-01
-1.562500000000000000e+02 -3.510099999999999909e+01 1.309900000000000020e+01 -9.600000000000000200e-02
7.040300000000000580e+01 -6.427999999999999936e+00 1.486500000000000021e+01 -1.290000000000000036e-01
5.368900000000000006e+01 -2.878000000000000114e+00 6.817000000000000171e+00 -2.660000000000000142e-01
-9.732699999999999818e+01 -3.597500000000000142e+01 -6.557000000000000384e+00 -4.139999999999999791e-01
-1.982270000000000039e+02 -7.412900000000000489e+01 -1.519500000000000028e+01 -5.010000000000000009e-01
-2.333110000000000070e+02 -8.174299999999999500e+01 -1.371799999999999997e+01 -4.769999999999999796e-01
-2.677989999999999782e+02 -6.514000000000000057e+01 -7.732000000000000206e+00 -3.659999999999999920e-01
-2.752980000000000018e+02 -5.512299999999999756e+01 -6.772000000000000242e+00 -2.720000000000000195e-01
-2.101959999999999980e+02 -6.162899999999999778e+01 -1.171700000000000053e+01 -2.500000000000000000e-01
-1.407199999999999989e+02 -7.296200000000000330e+01 -1.648900000000000077e+01 -2.500000000000000000e-01
-1.693640000000000043e+02 -8.314300000000000068e+01 -1.998499999999999943e+01 -2.720000000000000195e-01
-2.889080000000000155e+02 -9.190699999999999648e+01 -2.568499999999999872e+01 -4.060000000000000275e-01
-4.105810000000000173e+02 -8.681699999999999307e+01 -3.084400000000000119e+01 -5.639999999999999458e-01
-4.795749999999999886e+02 -5.076700000000000301e+01 -2.735399999999999920e+01 -4.699999999999999734e-01
-4.375720000000000027e+02 1.958399999999999963e+01 -1.271299999999999919e+01 -6.199999999999999956e-02
-1.603609999999999900e+02 1.142800000000000011e+02 9.044000000000000483e+00 4.729999999999999760e-01
3.445310000000000059e+02 2.111579999999999870e+02 3.360300000000000153e+01 1.006000000000000005e+00
8.260969999999999800e+02 2.759440000000000168e+02 5.439099999999999824e+01 1.441999999999999948e+00
1.097273999999999887e+03 2.837959999999999923e+02 6.029699999999999704e+01 1.566999999999999948e+00
1.210364000000000033e+03 2.383120000000000118e+02 4.546099999999999852e+01 1.252999999999999892e+00
1.165662000000000035e+03 1.608429999999999893e+02 1.845299999999999940e+01 6.790000000000000480e-01
8.066920000000000073e+02 7.700700000000000500e+01 -3.762000000000000011e+00 2.220000000000000029e-01
2.089300000000000068e+02 1.499300000000000033e+01 -1.055199999999999960e+01 1.260000000000000009e-01
-1.889290000000000020e+02 -6.544999999999999929e+00 -5.604000000000000092e+00 2.620000000000000107e-01
-7.611700000000000443e+01 6.858999999999999986e+00 3.900000000000000133e-01 2.849999999999999756e-01
3.407889999999999873e+02 2.869600000000000151e+01 3.157999999999999918e+00 8.799999999999999489e-02
5.765579999999999927e+02 2.761700000000000088e+01 5.964999999999999858e+00 -1.029999999999999943e-01
3.766109999999999900e+02 -6.812999999999999723e+00 1.010999999999999943e+01 -1.079999999999999988e-01
-6.339000000000000057e+01 -5.086899999999999977e+01 1.236500000000000021e+01 -2.000000000000000042e-02
-3.548790000000000191e+02 -7.596399999999999864e+01 1.081600000000000072e+01 -1.099999999999999936e-02
-3.576709999999999923e+02 -8.357500000000000284e+01 6.918999999999999595e+00 -1.360000000000000098e-01
-2.814060000000000059e+02 -9.129600000000000648e+01 2.259999999999999787e+00 -3.479999999999999760e-01
-3.397389999999999759e+02 -9.818999999999999773e+01 -2.089999999999999858e+00 -5.400000000000000355e-01
-4.589680000000000177e+02 -8.952599999999999625e+01 -4.269999999999999574e+00 -5.799999999999999600e-01
-4.114870000000000232e+02 -6.627400000000000091e+01 -3.306000000000000050e+00 -4.590000000000000191e-01
-1.373799999999999955e+02 -4.574900000000000233e+01 -3.499999999999999778e-01 -3.180000000000000049e-01
1.472040000000000077e+02 -4.074600000000000222e+01 1.931000000000000050e+00 -2.449999999999999956e-01
1.642270000000000039e+02 -5.467499999999999716e+01 -1.874000000000000110e+00 -2.570000000000000062e-01
-1.191899999999999977e+02 -8.346200000000000330e+01 -1.591900000000000048e+01 -4.149999999999999800e-01
-4.736610000000000014e+02 -1.079560000000000031e+02 -3.127799999999999869e+01 -6.330000000000000071e-01
-7.042279999999999518e+02 -1.047879999999999967e+02 -3.060600000000000165e+01 -6.009999999999999787e-01
-7.767259999999999991e+02 -7.788599999999999568e+01 -1.457499999999999929e+01 -2.560000000000000053e-01
-6.378479999999999563e+02 -5.530599999999999739e+01 -5.527999999999999581e+00 4.000000000000000083e-03
-2.462069999999999936e+02 -5.222800000000000153e+01 -1.498700000000000010e+01 -1.380000000000000115e-01
1.479859999999999900e+02 -6.200600000000000023e+01 -2.898199999999999932e+01 -5.020000000000000018e-01
1.537160000000000082e+02 -7.191200000000000614e+01 -3.279899999999999949e+01 -6.800000000000000488e-01
-2.076889999999999930e+02 -6.679300000000000637e+01 -2.869999999999999929e+01 -5.190000000000000169e-01
-4.617110000000000127e+02 -3.592099999999999937e+01 -2.304299999999999926e+01 -1.769999999999999907e-01
-2.926340000000000146e+02 1.050099999999999945e+01 -1.391900000000000048e+01 1.789999999999999925e-01
1.133370000000000033e+02 4.919400000000000261e+01 4.610000000000000209e-01 5.280000000000000249e-01
3.874870000000000232e+02 7.051200000000000045e+01 1.189499999999999957e+01 8.249999999999999556e-01
4.096070000000000277e+02 7.663299999999999557e+01 1.133999999999999986e+01 8.980000000000000204e-01
3.668249999999999886e+02 6.322200000000000131e+01 4.677999999999999936e+00 6.879999999999999449e-01
4.420760000000000218e+02 3.647299999999999898e+01 6.471000000000000085e+00 4.359999999999999987e-01
5.525810000000000173e+02 2.728999999999999915e+01 1.649800000000000111e+01 4.000000000000000222e-01
5.354819999999999709e+02 4.449000000000000199e+01 1.709600000000000009e+01 4.339999999999999969e-01
4.065799999999999841e+02 4.992699999999999960e+01 -1.150000000000000050e-01 1.990000000000000102e-01
2.484799999999999898e+02 2.946199999999999974e+01 -1.804899999999999949e+01 -1.880000000000000004e-01
1.247480000000000047e+02 3.496300000000000097e+01 -1.622100000000000009e+01 -2.250000000000000056e-01
1.538389999999999986e+02 1.002159999999999940e+02 1.582999999999999963e+00 1.650000000000000078e-01
3.178820000000000050e+02 1.730190000000000055e+02 1.657900000000000063e+01 5.090000000000000080e-01
3.660099999999999909e+02 1.852570000000000050e+02 2.055499999999999972e+01 5.230000000000000204e-01
2.318629999999999995e+02 1.399540000000000077e+02 1.742500000000000071e+01 3.659999999999999920e-01
1.722729999999999961e+02 8.122700000000000387e+01 1.219500000000000028e+01 1.849999999999999978e-01
2.583020000000000209e+02 2.681500000000000128e+01 9.646000000000000796e+00 -7.000000000000000666e-02
2.286020000000000039e+02 -2.096199999999999974e+01 1.220299999999999940e+01 -3.340000000000000191e-01
-7.312000000000000277e+00 -4.576200000000000045e+01 1.357300000000000040e+01 -4.040000000000000258e-01
-2.243720000000000141e+02 -4.379299999999999926e+01 5.115000000000000213e+00 -3.079999999999999960e-01
-3.286700000000000159e+02 -3.900800000000000267e+01 -1.043599999999999994e+01 -2.929999999999999827e-01
-4.905590000000000259e+02 -4.666599999999999682e+01 -2.194500000000000028e+01 -4.189999999999999836e-01
-7.263880000000000337e+02 -5.633200000000000074e+01 -2.547200000000000131e+01 -5.400000000000000355e-01
-7.691730000000000018e+02 -6.138100000000000023e+01 -2.718499999999999872e+01 -6.330000000000000071e-01
-5.210439999999999827e+02 -7.351200000000000045e+01 -3.092500000000000071e+01 -8.070000000000000506e-01
-2.435289999999999964e+02 -9.685399999999999920e+01 -3.076899999999999835e+01 -9.889999999999999902e-01
-1.328669999999999902e+02 -1.161020000000000039e+02 -1.978999999999999915e+01 -9.220000000000000417e-01
-1.066320000000000050e+02 -1.209200000000000017e+02 -1.913000000000000034e+00 -5.080000000000000071e-01
-1.098400000000000034e+02 -1.138379999999999939e+02 1.220700000000000074e+01 5.299999999999999850e-02
-1.787740000000000009e+02 -9.620699999999999363e+01 1.790500000000000114e+01 4.650000000000000244e-01
-1.618679999999999950e+02 -7.283899999999999864e+01 1.719099999999999895e+01 5.090000000000000080e-01
1.520579999999999927e+02 -4.777600000000000335e+01 1.389100000000000001e+01 2.409999999999999920e-01
6.126939999999999600e+02 -6.027999999999999581e+00 1.491499999999999915e+01 6.900000000000000577e-02
8.078790000000000191e+02 6.087599999999999767e+01 2.449800000000000111e+01 3.049999999999999933e-01
6.075130000000000337e+02 1.331550000000000011e+02 3.483400000000000318e+01 7.089999999999999636e-01
3.281619999999999777e+02 2.020049999999999955e+02 3.580700000000000216e+01 8.820000000000000062e-01
2.600140000000000100e+02 2.700690000000000168e+02 2.857999999999999829e+01 8.000000000000000444e-01
2.633860000000000241e+02 2.951669999999999732e+02 1.935800000000000054e+01 6.229999999999999982e-01
7.538599999999999568e+01 2.252889999999999873e+02 1.079299999999999926e+01 4.079999999999999738e-01
-2.051279999999999859e+02 9.745999999999999375e+01 4.016000000000000014e+00 1.910000000000000031e-01
-2.949019999999999868e+02 6.932000000000000384e+00 -7.840000000000000302e-01 2.999999999999999889e-02
-1.975380000000000109e+02 -1.815500000000000114e+01 -5.615000000000000213e+00 -4.700000000000000011e-02
-1.406229999999999905e+02 -3.091700000000000159e+01 -1.292900000000000027e+01 -4.000000000000000083e-02
-1.928909999999999911e+02 -7.059099999999999397e+01 -2.381700000000000017e+01 -2.699999999999999969e-02
-2.244509999999999934e+02 -1.169729999999999990e+02 -3.424000000000000199e+01 -9.900000000000000466e-02
-1.576649999999999920e+02 -1.316719999999999970e+02 -3.411399999999999721e+01 -1.370000000000000107e-01
-6.143599999999999994e+01 -1.070160000000000053e+02 -1.893400000000000105e+01 4.800000000000000100e-02
4.769999999999999796e-01 -6.730899999999999750e+01 1.137000000000000011e+00 3.340000000000000191e-01
6.830899999999999750e+01 -3.566299999999999670e+01 1.178100000000000058e+01 3.880000000000000115e-01
1.624079999999999870e+02 -1.690800000000000125e+01 9.154999999999999361e+00 1.199999999999999956e-01
1.870409999999999968e+02 -1.207900000000000063e+01 -2.500000000000000139e-02 -2.210000000000000020e-01
6.062800000000000011e+01 -2.589900000000000091e+01 -8.178000000000000824e+00 -3.719999999999999973e-01
-1.577139999999999986e+02 -5.235199999999999676e+01 -1.338400000000000034e+01 -3.330000000000000182e-01
-3.642429999999999950e+02 -7.642100000000000648e+01 -1.753300000000000125e+01 -3.109999999999999987e-01
-5.549489999999999554e+02 -9.967900000000000205e+01 -2.183599999999999852e+01 -4.209999999999999853e-01
-7.621849999999999454e+02 -1.353319999999999936e+02 -2.540399999999999991e+01 -5.460000000000000409e-01
-8.748899999999999864e+02 -1.677230000000000132e+02 -2.494300000000000139e+01 -5.030000000000000027e-01
-6.888419999999999845e+02 -1.570229999999999961e+02 -1.638299999999999912e+01 -2.819999999999999729e-01
-2.119170000000000016e+02 -9.974099999999999966e+01 -9.499999999999999556e-01 -4.000000000000000083e-02
2.692359999999999900e+02 -4.149199999999999733e+01 1.232099999999999973e+01 6.199999999999999956e-02
5.383450000000000273e+02 -1.248099999999999987e+01 1.551600000000000001e+01 1.200000000000000025e-02
6.236749999999999545e+02 8.224000000000000199e+00 1.198000000000000043e+01 -2.500000000000000139e-02
5.822129999999999654e+02 4.771500000000000341e+01 1.150999999999999979e+01 8.699999999999999400e-02
4.735779999999999745e+02 9.737199999999999989e+01 1.634900000000000020e+01 2.379999999999999893e-01
4.820029999999999859e+02 1.300320000000000107e+02 1.926599999999999824e+01 2.099999999999999922e-01
6.234370000000000118e+02 1.254279999999999973e+02 1.466999999999999993e+01 -2.500000000000000139e-02
5.507060000000000173e+02 7.781199999999999761e+01 4.189000000000000057e+00 -3.130000000000000004e-01
7.433899999999999864e+01 1.423300000000000054e+01 -6.285000000000000142e+00 -5.390000000000000346e-01
-4.579619999999999891e+02 -6.766000000000000014e+00 -8.393000000000000682e+00 -6.320000000000000062e-01
-5.965810000000000173e+02 4.594599999999999795e+01 5.703000000000000291e+00 -4.630000000000000226e-01
-2.820299999999999727e+02 1.301769999999999925e+02 3.435199999999999676e+01 4.000000000000000083e-02
2.115620000000000118e+02 1.731750000000000114e+02 6.136899999999999977e+01 6.790000000000000480e-01
5.899840000000000373e+02 1.540600000000000023e+02 6.863400000000000034e+01 1.122999999999999998e+00
7.104990000000000236e+02 1.199249999999999972e+02 5.670400000000000063e+01 1.268999999999999906e+00
5.352210000000000036e+02 1.092969999999999970e+02 4.131099999999999994e+01 1.209000000000000075e+00
1.207030000000000030e+02 9.375400000000000489e+01 2.833500000000000085e+01 9.230000000000000426e-01
-2.840249999999999773e+02 3.845499999999999829e+01 1.147300000000000075e+01 4.069999999999999729e-01
-4.163070000000000164e+02 -2.703200000000000003e+01 -7.865000000000000213e+00 -9.600000000000000200e-02
-3.792429999999999950e+02 -6.307399999999999807e+01 -2.133999999999999986e+01 -4.069999999999999729e-01
-5.013439999999999941e+02 -8.747199999999999420e+01 -2.888200000000000145e+01 -6.199999999999999956e-01
-7.594329999999999927e+02 -1.234020000000000010e+02 -3.504200000000000159e+01 -7.680000000000000160e-01
-7.581970000000000027e+02 -1.387729999999999961e+02 -3.712500000000000000e+01 -6.999999999999999556e-01
-3.373700000000000045e+02 -9.478700000000000614e+01 -2.822700000000000031e+01 -3.709999999999999964e-01
2.018859999999999957e+02 -1.188199999999999967e+01 -9.269000000000000128e+00 7.399999999999999634e-02
5.159569999999999936e+02 5.170199999999999818e+01 7.277000000000000135e+00 4.289999999999999925e-01
5.512780000000000200e+02 5.993999999999999773e+01 8.669000000000000483e+00 4.869999999999999885e-01
4.249700000000000273e+02 2.137999999999999901e+01 -3.575000000000000178e+00 1.690000000000000113e-01
2.000600000000000023e+02 -2.541400000000000148e+01 -1.559500000000000064e+01 -2.800000000000000266e-01
-8.975499999999999545e+01 -4.528000000000000114e+01 -1.864099999999999824e+01 -4.949999999999999956e-01
-2.913759999999999764e+02 -3.937400000000000233e+01 -1.705900000000000105e+01 -4.289999999999999925e-01
-2.370130000000000052e+02 -3.453499999999999659e+01 -1.535299999999999976e+01 -3.160000000000000031e-01
-4.759000000000000341e+00 -3.747099999999999653e+01 -8.432999999999999829e+00 -2.230000000000000038e-01
1.552990000000000066e+02 -2.837300000000000111e+01 5.796000000000000263e+00 -4.599999999999999922e-02
1.366740000000000066e+02 -2.907999999999999918e+00 1.610300000000000153e+01 1.330000000000000071e-01
7.533000000000000362e+00 1.577899999999999991e+01 1.335999999999999943e+01 1.160000000000000059e-01
-1.552030000000000030e+02 1.681400000000000006e+01 4.746999999999999886e+00 -7.399999999999999634e-02
-2.655380000000000109e+02 2.060500000000000043e+01 8.179999999999999494e-01 -2.119999999999999940e-01
-2.209559999999999889e+02 4.185699999999999932e+01 1.163000000000000034e+00 -2.039999999999999869e-01
-1.814600000000000080e+01 6.408400000000000318e+01 1.999000000000000110e+00 -1.739999999999999880e-01
2.461730000000000018e+02 7.165699999999999648e+01 5.415000000000000036e+00 -2.049999999999999878e-01
4.809739999999999895e+02 7.275400000000000489e+01 1.413599999999999923e+01 -2.010000000000000120e-01
5.887910000000000537e+02 6.835299999999999443e+01 2.489099999999999824e+01 -7.699999999999999900e-02
4.355849999999999795e+02 3.560799999999999699e+01 2.887300000000000111e+01 5.800000000000000294e-02
6.448999999999999844e+00 -3.613100000000000023e+01 1.742800000000000082e+01 -2.299999999999999961e-02
-4.688229999999999791e+02 -1.218709999999999951e+02 -7.934000000000000163e+00 -4.010000000000000231e-01
-6.969500000000000455e+02 -1.861659999999999968e+02 -3.227000000000000313e+01 -8.369999999999999662e-01
-5.812500000000000000e+02 -2.045759999999999934e+02 -3.862899999999999778e+01 -8.980000000000000204e-01
-2.408509999999999991e+02 -1.577199999999999989e+02 -2.194000000000000128e+01 -3.240000000000000102e-01
1.342210000000000036e+02 -4.496600000000000108e+01 6.500000000000000000e+00 7.289999999999999813e-01
3.710110000000000241e+02 8.210800000000000409e+01 2.536599999999999966e+01 1.709000000000000075e+00
3.492640000000000100e+02 1.399699999999999989e+02 1.917999999999999972e+01 2.004000000000000004e+00
1.308369999999999891e+02 9.569400000000000261e+01 -8.611000000000000654e+00 1.453000000000000069e+00
-2.292999999999999972e+01 2.946000000000000174e+00 -4.212899999999999778e+01 4.849999999999999867e-01
1.710000000000000131e-01 -6.804300000000000637e+01 -6.862399999999999523e+01 -2.810000000000000275e-01
-1.574999999999999956e+00 -1.005520000000000067e+02 -8.088200000000000500e+01 -5.090000000000000080e-01
-1.330070000000000050e+02 -1.098199999999999932e+02 -7.561499999999999488e+01 -3.370000000000000218e-01
-2.314089999999999918e+02 -1.025570000000000022e+02 -6.046999999999999886e+01 -1.980000000000000093e-01
-2.538249999999999886e+02 -8.265500000000000114e+01 -5.071800000000000352e+01 -3.210000000000000075e-01
-2.977819999999999823e+02 -5.144400000000000261e+01 -5.060499999999999687e+01 -4.600000000000000200e-01
-2.358280000000000030e+02 1.659999999999999920e+00 -4.948899999999999721e+01 -3.220000000000000084e-01
8.662199999999999989e+01 6.810399999999999920e+01 -3.905700000000000216e+01 -5.299999999999999850e-02
3.919769999999999754e+02 1.055210000000000008e+02 -2.142099999999999937e+01 6.500000000000000222e-02
3.096150000000000091e+02 9.740399999999999636e+01 -4.849999999999999867e-01 1.370000000000000107e-01
5.665699999999999648e+01 8.677500000000000568e+01 2.170599999999999952e+01 4.119999999999999774e-01
1.402539999999999907e+02 1.073229999999999933e+02 3.943299999999999983e+01 7.429999999999999938e-01
4.940090000000000146e+02 1.256770000000000067e+02 4.437100000000000222e+01 7.089999999999999636e-01
5.828329999999999700e+02 9.523499999999999943e+01 3.563000000000000256e+01 2.069999999999999896e-01
2.578129999999999882e+02 3.026800000000000068e+01 2.448699999999999832e+01 -3.549999999999999822e-01
-9.899399999999999977e+01 -1.535100000000000087e+01 2.432499999999999929e+01 -5.440000000000000391e-01
-1.976270000000000095e+02 -2.069699999999999918e+01 3.462599999999999767e+01 -4.189999999999999836e-01
-1.481930000000000121e+02 -1.295800000000000018e+01 4.081799999999999784e+01 -3.559999999999999831e-01
-1.724840000000000089e+02 -2.135300000000000153e+01 3.388400000000000034e+01 -4.829999999999999849e-01
-3.079820000000000277e+02 -4.377000000000000313e+01 2.195200000000000173e+01 -5.919999999999999707e-01
-4.384900000000000091e+02 -5.577499999999999858e+01 1.753999999999999915e+01 -5.300000000000000266e-01
-4.652210000000000036e+02 -3.955700000000000216e+01 2.241100000000000136e+01 -3.479999999999999760e-01
-3.770049999999999955e+02 -4.871999999999999886e+00 2.955000000000000071e+01 -5.899999999999999689e-02
-1.991850000000000023e+02 2.255000000000000071e+01 3.278399999999999892e+01 5.180000000000000160e-01
4.175399999999999778e+01 3.231300000000000239e+01 3.083500000000000085e+01 1.500000000000000000e+00
2.633319999999999936e+02 3.208200000000000074e+01 2.545799999999999841e+01 2.491999999999999993e+00
3.279590000000000032e+02 2.382199999999999918e+01 1.859900000000000020e+01 2.734999999999999876e+00
1.999050000000000011e+02 5.999999999999999778e-01 1.138100000000000023e+01 2.012000000000000011e+00
7.285000000000000142e+00 -3.443599999999999994e+01 4.397000000000000242e+00 9.479999999999999538e-01
-1.514900000000000091e+02 -6.389600000000000080e+01 -2.188000000000000167e+00 1.829999999999999960e-01
-3.362420000000000186e+02 -7.593800000000000239e+01 -9.048999999999999488e+00 -2.750000000000000222e-01
-5.903210000000000264e+02 -7.582500000000000284e+01 -1.568900000000000006e+01 -7.239999999999999769e-01
-7.453959999999999582e+02 -6.675799999999999557e+01 -1.712500000000000000e+01 -1.243000000000000105e+00
-5.579230000000000018e+02 -3.417199999999999704e+01 -8.122999999999999332e+00 -1.687000000000000055e+00
-4.232500000000000284e+01 3.163899999999999935e+01 9.112000000000000099e+00 -1.903000000000000025e+00
4.934329999999999927e+02 1.082000000000000028e+02 2.793900000000000006e+01 -1.508999999999999897e+00
7.928049999999999500e+02 1.526899999999999977e+02 4.394200000000000017e+01 -1.000000000000000021e-02
8.407480000000000473e+02 1.393300000000000125e+02 5.233400000000000318e+01 2.044999999999999929e+00
6.877849999999999682e+02 8.172400000000000375e+01 4.675099999999999767e+01 2.934000000000000163e+00
3.649839999999999804e+02 1.739600000000000080e+01 2.766799999999999926e+01 1.846999999999999975e+00
3.235900000000000176e+01 -2.828500000000000014e+01 5.543000000000000149e+00 -5.500000000000000028e-02
-7.049099999999999966e+01 -5.247500000000000142e+01 -8.163000000000000256e+00 -1.397999999999999909e+00
8.306300000000000239e+01 -5.525999999999999801e+01 -9.285999999999999588e+00 -2.101999999999999869e+00
2.535219999999999914e+02 -3.847200000000000131e+01 -2.766999999999999904e+00 -2.682999999999999829e+00
2.353750000000000000e+02 -2.061199999999999832e+01 2.104999999999999982e+00 -3.209000000000000075e+00
6.679800000000000182e+01 -1.785900000000000176e+01 2.217000000000000082e+00 -3.491000000000000103e+00
-1.030999999999999943e+02 -1.621600000000000108e+01 2.000999999999999890e+00 -3.620000000000000107e+00
-2.026610000000000014e+02 4.929000000000000270e+00 3.150999999999999801e+00 -3.741999999999999993e+00
-2.300939999999999941e+02 3.382900000000000063e+01 3.233000000000000096e+00 -3.692000000000000171e+00
-2.019739999999999895e+02 3.914500000000000313e+01 2.233999999999999986e+00 -3.358999999999999986e+00
-1.571570000000000107e+02 9.013999999999999346e+00 4.329999999999999960e-01 -2.971000000000000085e+00
-1.035939999999999941e+02 -3.840400000000000347e+01 -4.897999999999999687e+00 -2.612000000000000099e+00
4.458000000000000185e+00 -6.861199999999999477e+01 -1.362199999999999989e+01 -2.051000000000000156e+00
1.174689999999999941e+02 -5.735799999999999699e+01 -2.017099999999999937e+01 -1.266000000000000014e+00
4.849699999999999989e+01 -2.365599999999999881e+01 -2.226500000000000057e+01 -5.789999999999999591e-01
-2.273760000000000048e+02 -1.459399999999999942e+01 -2.541400000000000148e+01 -1.239999999999999991e-01
-4.143980000000000246e+02 -3.918599999999999994e+01 -3.255199999999999960e+01 4.060000000000000275e-01
-2.700840000000000032e+02 -5.705700000000000216e+01 -3.658200000000000074e+01 1.229999999999999982e+00
8.320499999999999829e+01 -4.155599999999999739e+01 -3.126200000000000045e+01 2.028999999999999915e+00
3.761460000000000150e+02 -8.384000000000000341e+00 -2.232000000000000028e+01 2.370999999999999996e+00
4.341469999999999914e+02 2.034199999999999875e+01 -1.867699999999999960e+01 2.345000000000000195e+00
2.101620000000000061e+02 4.298100000000000165e+01 -1.894099999999999895e+01 2.388999999999999790e+00
-9.172499999999999432e+01 6.401099999999999568e+01 -1.649500000000000099e+01 2.642999999999999794e+00
-1.119809999999999945e+02 7.741200000000000614e+01 -1.215399999999999991e+01 2.870000000000000107e+00
1.606250000000000000e+02 7.660299999999999443e+01 -1.096100000000000030e+01 2.903999999999999915e+00
3.232309999999999945e+02 6.558400000000000318e+01 -1.175500000000000078e+01 2.802000000000000046e+00
1.779600000000000080e+02 4.928199999999999648e+01 -9.570999999999999730e+00 2.636000000000000121e+00
-3.344700000000000273e+01 2.525199999999999889e+01 -3.854999999999999982e+00 2.440999999999999837e+00
-1.081280000000000001e+02 -5.230000000000000426e+00 2.016999999999999904e+00 2.286999999999999922e+00
-1.295819999999999936e+02 -2.776099999999999923e+01 5.253000000000000114e+00 2.213000000000000078e+00
-1.831450000000000102e+02 -3.021699999999999875e+01 4.509999999999999787e+00 2.154999999999999805e+00
-1.696450000000000102e+02 -1.782000000000000028e+01 6.450000000000000178e-01 2.032999999999999918e+00
3.001599999999999824e+01 1.875999999999999890e+00 -1.889999999999999902e+00 1.875999999999999890e+00
3.255489999999999782e+02 2.757900000000000063e+01 3.119999999999999996e-01 1.764999999999999902e+00
4.502610000000000241e+02 4.365999999999999659e+01 2.976999999999999869e+00 1.649999999999999911e+00
2.748039999999999736e+02 2.654799999999999827e+01 -9.220000000000000417e-01 1.387000000000000011e+00
-2.996699999999999875e+01 -1.645299999999999940e+01 -1.044999999999999929e+01 9.909999999999999920e-01
-2.190660000000000025e+02 -5.263400000000000034e+01 -1.964499999999999957e+01 6.199999999999999956e-01
-2.461560000000000059e+02 -6.768000000000000682e+01 -2.723799999999999955e+01 3.649999999999999911e-01
-2.787280000000000086e+02 -6.797799999999999443e+01 -3.256900000000000261e+01 2.500000000000000000e-01
-4.608050000000000068e+02 -5.211500000000000199e+01 -2.824099999999999966e+01 3.150000000000000022e-01
-6.574890000000000327e+02 -1.672299999999999898e+01 -9.380000000000000782e+00 4.959999999999999964e-01
-6.185000000000000000e+02 1.840399999999999991e+01 1.433999999999999986e+01 5.979999999999999760e-01
-3.917479999999999905e+02 2.149399999999999977e+01 2.630900000000000105e+01 5.130000000000000115e-01
-2.058760000000000048e+02 -1.097300000000000075e+01 2.165200000000000102e+01 3.119999999999999996e-01
-5.271099999999999852e+01 -4.480299999999999727e+01 1.141499999999999915e+01 1.029999999999999943e-01
1.593019999999999925e+02 -4.719700000000000273e+01 7.919999999999999929e+00 -6.900000000000000577e-02
2.778140000000000214e+02 -1.795200000000000173e+01 1.279499999999999993e+01 -1.580000000000000016e-01
1.452239999999999895e+02 1.783699999999999974e+01 1.933599999999999852e+01 -1.239999999999999991e-01
-1.037300000000000040e+02 2.858800000000000097e+01 1.944099999999999895e+01 -9.400000000000000022e-02
-2.525039999999999907e+02 3.544999999999999929e+00 9.865999999999999659e+00 -2.949999999999999845e-01
-2.778750000000000000e+02 -2.756500000000000128e+01 -3.213999999999999968e+00 -6.959999999999999520e-01
-2.523460000000000036e+02 -2.835500000000000043e+01 -9.900000000000000355e+00 -9.949999999999999956e-01
-1.811910000000000025e+02 -2.369000000000000217e+00 -8.599999999999999645e+00 -1.040000000000000036e+00
-7.230899999999999750e+01 2.068400000000000105e+01 -5.208999999999999631e+00 -9.949999999999999956e-01
3.796399999999999864e+01 2.877599999999999980e+01 -1.112999999999999989e+00 -1.030000000000000027e+00
2.055020000000000095e+02 3.261399999999999721e+01 7.041000000000000369e+00 -1.088999999999999968e+00
4.568299999999999841e+02 3.418500000000000227e+01 1.602199999999999847e+01 -1.062000000000000055e+00
5.749049999999999727e+02 2.232799999999999940e+01 1.752100000000000080e+01 -9.989999999999999991e-01
3.907669999999999959e+02 1.003599999999999959e+01 1.209200000000000053e+01 -1.002999999999999892e+00
1.767640000000000100e+02 3.180699999999999861e+01 9.548000000000000043e+00 -1.040999999999999925e+00
3.003460000000000036e+02 8.795199999999999818e+01 1.538499999999999979e+01 -9.459999999999999520e-01
6.769629999999999654e+02 1.401270000000000095e+02 2.578800000000000026e+01 -6.239999999999999991e-01
9.526250000000000000e+02 1.609819999999999993e+02 3.268599999999999994e+01 -2.570000000000000062e-01
9.401169999999999618e+02 1.411270000000000095e+02 2.903600000000000136e+01 -1.869999999999999996e-01
6.303279999999999745e+02 7.296699999999999875e+01 1.552299999999999969e+01 -5.090000000000000080e-01
1.231370000000000005e+02 -2.408699999999999974e+01 3.116999999999999993e+00 -9.140000000000000346e-01
-3.143279999999999745e+02 -9.456999999999999318e+01 2.047000000000000153e+00 -1.066999999999999948e+00
-4.129669999999999845e+02 -1.028229999999999933e+02 8.743000000000000327e+00 -1.014999999999999902e+00
-2.199379999999999882e+02 -7.448499999999999943e+01 9.596000000000000085e+00 -1.028999999999999915e+00
-9.025600000000000023e+01 -6.013600000000000279e+01 -3.052999999999999936e+00 -1.187000000000000055e+00
-2.714549999999999841e+02 -7.321500000000000341e+01 -2.230999999999999872e+01 -1.316000000000000059e+00
-5.839710000000000036e+02 -8.041899999999999693e+01 -3.317099999999999937e+01 -1.231999999999999984e+00
-6.645839999999999463e+02 -5.102199999999999847e+01 -2.717500000000000071e+01 -9.379999999999999449e-01
-4.575520000000000209e+02 1.004999999999999893e+00 -1.093599999999999994e+01 -6.530000000000000249e-01
-2.024149999999999920e+02 3.591799999999999926e+01 2.096999999999999975e+00 -5.849999999999999645e-01
-4.721000000000000085e+00 3.604599999999999937e+01 5.943999999999999950e+00 -6.919999999999999485e-01
1.951939999999999884e+02 1.477200000000000024e+01 3.303999999999999826e+00 -7.920000000000000373e-01
2.870140000000000100e+02 -1.313199999999999967e+01 -2.617999999999999883e+00 -7.950000000000000400e-01
9.791200000000000614e+01 -4.326700000000000301e+01 -8.945999999999999730e+00 -7.229999999999999760e-01
-1.880929999999999893e+02 -6.422700000000000387e+01 -9.660999999999999588e+00 -5.739999999999999547e-01
-1.807299999999999898e+02 -5.499799999999999756e+01 -1.191999999999999948e+00 -3.250000000000000111e-01
1.381169999999999902e+02 -1.417099999999999937e+01 9.414999999999999147e+00 -8.100000000000000255e-02
3.590880000000000223e+02 2.057600000000000051e+01 9.884000000000000341e+00 -7.499999999999999722e-02
2.106649999999999920e+02 1.043099999999999916e+01 -1.292000000000000037e+00 -3.729999999999999982e-01
-1.024860000000000042e+02 -2.967299999999999827e+01 -1.076600000000000001e+01 -6.640000000000000346e-01
-2.377880000000000109e+02 -5.444100000000000250e+01 -8.336999999999999744e+00 -6.270000000000000018e-01
-1.628139999999999930e+02 -5.455100000000000193e+01 -8.149999999999999467e-01 -3.860000000000000098e-01
-8.115500000000000114e+01 -4.881400000000000006e+01 9.769999999999999796e-01 -2.700000000000000178e-01
-8.830299999999999727e+01 -3.665999999999999659e+01 -1.903000000000000025e+00 -3.089999999999999969e-01
-1.178970000000000056e+02 -1.122499999999999964e+01 -3.556999999999999940e+00 -3.400000000000000244e-01
-1.279729999999999990e+02 8.439999999999999503e+00 -4.769000000000000128e+00 -3.430000000000000271e-01
-1.388830000000000098e+02 3.900000000000000133e-01 -8.265000000000000568e+00 -3.709999999999999964e-01
-1.414689999999999941e+02 -2.537300000000000111e+01 -1.120700000000000074e+01 -3.960000000000000187e-01
-1.283909999999999911e+02 -4.082000000000000028e+01 -9.573000000000000398e+00 -3.689999999999999947e-01
-1.485500000000000114e+02 -3.285799999999999699e+01 -5.075999999999999623e+00 -2.690000000000000169e-01
-2.180560000000000116e+02 -6.070999999999999730e+00 -2.455000000000000071e+00 -9.400000000000000022e-02
-2.677710000000000150e+02 3.051200000000000045e+01 -1.643000000000000016e+00 1.300000000000000044e-01
-2.572440000000000282e+02 6.178999999999999915e+01 1.459000000000000075e+00 3.669999999999999929e-01
-2.518420000000000130e+02 6.895799999999999841e+01 6.166999999999999815e+00 6.239999999999999991e-01
-2.816639999999999873e+02 5.414900000000000091e+01 6.833999999999999631e+00 9.619999999999999662e-01
-2.069979999999999905e+02 4.513100000000000023e+01 2.033999999999999808e+00 1.368999999999999995e+00
7.191100000000000136e+01 5.256199999999999761e+01 -3.966000000000000192e+00 1.594000000000000083e+00
3.327610000000000241e+02 4.571399999999999864e+01 -8.358999999999999986e+00 1.346000000000000085e+00
2.574830000000000041e+02 3.319999999999999840e+00 -1.098499999999999943e+01 7.670000000000000151e-01
-4.983700000000000330e+01 -3.938199999999999790e+01 -9.349999999999999645e+00 3.940000000000000169e-01
-1.237480000000000047e+02 -3.889000000000000057e+01 -8.639999999999999902e-01 4.699999999999999734e-01
1.620089999999999861e+02 -8.978999999999999204e+00 1.017300000000000004e+01 6.520000000000000240e-01
3.608480000000000132e+02 6.330000000000000071e+00 1.534200000000000053e+01 5.809999999999999609e-01
1.498559999999999945e+02 -8.096999999999999531e+00 1.057499999999999929e+01 3.360000000000000209e-01
-1.851750000000000114e+02 -3.720799999999999841e+01 -1.042000000000000037e+00 1.300000000000000044e-01
-2.270579999999999927e+02 -5.585199999999999676e+01 -1.058099999999999952e+01 2.400000000000000050e-02
3.023799999999999955e+01 -3.719100000000000250e+01 -8.829000000000000625e+00 7.599999999999999811e-02
3.249440000000000168e+02 2.129599999999999937e+01 4.006999999999999673e+00 3.499999999999999778e-01
4.773550000000000182e+02 8.178799999999999670e+01 1.731099999999999994e+01 7.089999999999999636e-01
4.639100000000000250e+02 1.054080000000000013e+02 2.163100000000000023e+01 8.930000000000000160e-01
3.411200000000000045e+02 9.016700000000000159e+01 1.644600000000000151e+01 8.100000000000000533e-01
1.714819999999999993e+02 5.024699999999999989e+01 6.423000000000000043e+00 6.029999999999999805e-01
-1.311100000000000065e+01 -7.883000000000000007e+00 -3.741000000000000103e+00 4.279999999999999916e-01
-1.730409999999999968e+02 -6.826600000000000534e+01 -1.132300000000000040e+01 2.800000000000000266e-01
-2.502829999999999870e+02 -1.009249999999999972e+02 -1.715399999999999991e+01 5.700000000000000205e-02
-2.572389999999999759e+02 -9.561100000000000421e+01 -2.352199999999999847e+01 -1.839999999999999969e-01
-2.641659999999999968e+02 -7.365800000000000125e+01 -2.839699999999999847e+01 -2.059999999999999887e-01
-2.376220000000000141e+02 -5.540599999999999881e+01 -2.590800000000000125e+01 6.900000000000000577e-02
-4.643200000000000216e+01 -3.926100000000000279e+01 -1.427399999999999913e+01 4.040000000000000258e-01
3.037919999999999732e+02 -1.908599999999999852e+01 6.009999999999999787e-01 5.969999999999999751e-01
5.742549999999999955e+02 -2.189999999999999947e+00 1.097400000000000020e+01 7.029999999999999583e-01
5.214660000000000082e+02 1.157000000000000028e+00 1.481099999999999994e+01 7.800000000000000266e-01
1.794629999999999939e+02 -4.565000000000000391e+00 1.495899999999999963e+01 6.989999999999999547e-01
-1.631519999999999868e+02 -6.567999999999999616e+00 1.180000000000000071e+01 4.109999999999999765e-01
-2.493079999999999927e+02 3.270999999999999908e+00 4.246000000000000441e+00 1.429999999999999882e-01
-5.016700000000000159e+01 3.343200000000000216e+01 -1.518999999999999906e+00 1.439999999999999891e-01
2.582110000000000127e+02 8.655400000000000205e+01 3.330999999999999961e+00 3.639999999999999902e-01
4.318419999999999845e+02 1.387800000000000011e+02 1.463700000000000045e+01 4.909999999999999920e-01
3.194820000000000277e+02 1.519530000000000030e+02 1.682000000000000028e+01 2.790000000000000258e-01
-4.535099999999999909e+01 1.121940000000000026e+02 4.214999999999999858e+00 -1.769999999999999907e-01
-4.794110000000000014e+02 4.615800000000000125e+01 -8.435000000000000497e+00 -4.949999999999999956e-01
-7.764270000000000209e+02 2.342000000000000082e+00 -3.612000000000000099e+00 -3.290000000000000147e-01
-7.987169999999999845e+02 1.465099999999999980e+01 1.733699999999999974e+01 2.600000000000000089e-01
-4.966809999999999832e+02 7.107599999999999341e+01 3.833400000000000318e+01 8.110000000000000542e-01
2.356800000000000139e+01 1.176749999999999972e+02 4.737400000000000233e+01 9.160000000000000364e-01
5.012259999999999991e+02 1.110669999999999931e+02 4.360199999999999676e+01 6.540000000000000258e-01
7.410660000000000309e+02 6.420000000000000284e+01 3.245799999999999841e+01 3.729999999999999982e-01
7.693429999999999609e+02 2.177700000000000102e+01 1.960300000000000153e+01 1.769999999999999907e-01
7.164120000000000346e+02 5.626000000000000334e+00 7.996999999999999886e+00 -4.700000000000000011e-02
6.334329999999999927e+02 2.407999999999999918e+00 -1.397999999999999909e+00 -2.899999999999999800e-01
4.553210000000000264e+02 -1.084600000000000009e+01 -8.618999999999999773e+00 -4.470000000000000084e-01
1.375480000000000018e+02 -3.872599999999999909e+01 -1.380599999999999916e+01 -4.829999999999999849e-01
-1.940689999999999884e+02 -6.235999999999999943e+01 -1.612999999999999901e+01 -3.940000000000000169e-01
-3.456390000000000100e+02 -6.803799999999999670e+01 -1.640700000000000003e+01 -2.500000000000000000e-01
-3.214549999999999841e+02 -6.839499999999999602e+01 -1.853300000000000125e+01 -2.159999999999999976e-01
-3.204159999999999968e+02 -7.894499999999999318e+01 -2.393799999999999883e+01 -3.220000000000000084e-01
-4.379719999999999800e+02 -9.481900000000000261e+01 -2.892699999999999960e+01 -4.179999999999999827e-01
-5.420180000000000291e+02 -1.058580000000000041e+02 -3.087800000000000011e+01 -4.650000000000000244e-01
-4.956419999999999959e+02 -1.093859999999999957e+02 -3.065299999999999869e+01 -5.729999999999999538e-01
-3.434069999999999823e+02 -1.002129999999999939e+02 -2.654500000000000171e+01 -7.289999999999999813e-01
-1.972489999999999952e+02 -7.510099999999999909e+01 -1.617000000000000171e+01 -7.700000000000000178e-01
-1.015109999999999957e+02 -4.847999999999999687e+01 -6.282000000000000028e+00 -6.470000000000000195e-01
-6.790099999999999625e+01 -3.762599999999999767e+01 -6.641000000000000014e+00 -5.050000000000000044e-01
-5.303199999999999648e+01 -3.434300000000000352e+01 -1.285599999999999987e+01 -4.209999999999999853e-01
7.240399999999999636e+01 -1.529800000000000004e+01 -1.017399999999999949e+01 -2.240000000000000047e-01
3.106440000000000055e+02 1.763800000000000168e+01 3.783999999999999808e+00 1.869999999999999996e-01
4.120699999999999932e+02 3.109600000000000009e+01 1.392200000000000060e+01 5.260000000000000231e-01
2.060310000000000059e+02 1.012700000000000067e+01 1.015399999999999991e+01 5.040000000000000036e-01
-9.888800000000000523e+01 -9.586999999999999744e+00 1.943000000000000060e+00 3.029999999999999916e-01
-1.891630000000000109e+02 8.829000000000000625e+00 2.419999999999999929e+00 2.510000000000000009e-01
-8.250300000000000011e+01 4.332500000000000284e+01 8.461999999999999744e+00 2.849999999999999756e-01
-3.973599999999999710e+01 4.079099999999999682e+01 5.684000000000000163e+00 1.160000000000000059e-01
-1.417969999999999970e+02 -9.750000000000000000e+00 -1.087100000000000044e+01 -2.999999999999999889e-01
-2.250490000000000066e+02 -6.794700000000000273e+01 -2.895599999999999952e+01 -7.149999999999999689e-01
-1.776579999999999870e+02 -9.914100000000000534e+01 -3.362299999999999756e+01 -9.140000000000000346e-01
-5.999699999999999989e+01 -1.063340000000000032e+02 -2.392699999999999960e+01 -9.010000000000000231e-01
1.081000000000000050e+01 -1.040349999999999966e+02 -1.152999999999999936e+01 -8.110000000000000542e-01
-2.891100000000000136e+01 -8.866599999999999682e+01 -4.794999999999999929e+00 -6.939999999999999503e-01
-9.033400000000000318e+01 -4.142900000000000205e+01 1.187000000000000055e+00 -4.089999999999999747e-01
-1.246000000000000085e+01 4.008400000000000318e+01 1.382099999999999973e+01 1.189999999999999947e-01
1.088319999999999936e+02 1.107549999999999955e+02 2.708699999999999974e+01 5.620000000000000551e-01
-8.055999999999999162e+00 1.165759999999999934e+02 2.912399999999999878e+01 5.560000000000000497e-01
-2.628000000000000114e+02 7.570099999999999341e+01 2.149200000000000088e+01 2.780000000000000249e-01
-1.987760000000000105e+02 5.839699999999999847e+01 1.517399999999999949e+01 1.509999999999999953e-01
2.708770000000000095e+02 8.676999999999999602e+01 1.278299999999999947e+01 1.970000000000000084e-01
7.226240000000000236e+02 1.221479999999999961e+02 1.029400000000000048e+01 1.640000000000000069e-01
8.200289999999999964e+02 1.338100000000000023e+02 9.362999999999999545e+00 4.100000000000000172e-02
5.868450000000000273e+02 1.215879999999999939e+02 1.225900000000000034e+01 -7.000000000000000146e-03
2.083290000000000077e+02 9.292900000000000205e+01 1.269699999999999918e+01 1.799999999999999864e-02
-1.125370000000000061e+02 5.895100000000000051e+01 6.540000000000000036e+00 1.419999999999999873e-01
-2.463230000000000075e+02 3.438499999999999801e+01 6.260000000000000009e-01 6.840000000000000524e-01
-2.328329999999999984e+02 1.988700000000000045e+01 -7.479999999999999982e-01 1.661999999999999922e+00
-2.027030000000000030e+02 4.064000000000000057e+00 -3.517999999999999794e+00 2.311999999999999833e+00
-2.247789999999999964e+02 -1.309800000000000075e+01 -1.073199999999999932e+01 1.973999999999999977e+00
-2.684870000000000232e+02 -2.097100000000000009e+01 -1.625300000000000011e+01 1.018999999999999906e+00
-2.454490000000000123e+02 -1.342399999999999949e+01 -1.398399999999999999e+01 2.510000000000000009e-01
-1.162620000000000005e+02 9.032999999999999474e+00 -4.863999999999999879e+00 -1.059999999999999970e-01
3.729999999999999982e+00 3.124800000000000111e+01 3.398000000000000131e+00 -4.229999999999999871e-01
-2.914999999999999858e+01 2.357999999999999829e+01 3.112999999999999989e+00 -1.042999999999999927e+00
-1.598499999999999943e+02 -1.985000000000000142e+01 -2.845000000000000195e+00 -1.874000000000000110e+00
-2.313129999999999882e+02 -6.216299999999999670e+01 -3.633999999999999897e+00 -2.500000000000000000e+00
-2.390480000000000018e+02 -7.127700000000000102e+01 2.975999999999999979e+00 -2.592999999999999972e+00
-2.631970000000000027e+02 -5.889600000000000080e+01 7.653999999999999915e+00 -2.189999999999999947e+00
-2.773790000000000191e+02 -5.164800000000000324e+01 5.495000000000000107e+00 -1.663000000000000034e+00
-2.077470000000000141e+02 -5.374099999999999966e+01 2.597999999999999865e+00 -1.403999999999999915e+00
-2.195200000000000173e+01 -5.263300000000000267e+01 4.756000000000000227e+00 -1.435000000000000053e+00
2.732980000000000018e+02 -4.183800000000000097e+01 9.221000000000000085e+00 -1.475999999999999979e+00
5.372540000000000191e+02 -2.967200000000000060e+01 9.471000000000000085e+00 -1.469000000000000083e+00
5.388500000000000227e+02 -2.801800000000000068e+01 3.275999999999999801e+00 -1.653000000000000025e+00
2.885319999999999823e+02 -3.419599999999999795e+01 -4.721000000000000085e+00 -1.947999999999999954e+00
7.878499999999999659e+01 -3.132499999999999929e+01 -7.105000000000000426e+00 -1.745000000000000107e+00
5.032099999999999795e+01 -1.099300000000000033e+01 -1.919000000000000039e+00 -7.610000000000000098e-01
2.856400000000000006e+01 1.333600000000000030e+01 4.131000000000000227e+00 3.689999999999999947e-01
-1.029920000000000044e+02 2.655699999999999861e+01 4.176999999999999602e+00 9.080000000000000293e-01
-1.930339999999999918e+02 3.573499999999999943e+01 -4.729999999999999760e-01 9.529999999999999583e-01
-1.123829999999999956e+02 5.207300000000000040e+01 -4.427999999999999936e+00 1.014999999999999902e+00
1.386599999999999966e+01 5.813700000000000045e+01 -6.227000000000000313e+00 1.141000000000000014e+00
2.169099999999999895e+01 2.734499999999999886e+01 -8.146000000000000796e+00 1.048999999999999932e+00
-2.837300000000000111e+01 -2.737600000000000122e+01 -1.049099999999999966e+01 7.880000000000000338e-01
2.753800000000000026e+01 -6.646099999999999852e+01 -1.088199999999999967e+01 6.979999999999999538e-01
1.794610000000000127e+02 -8.235500000000000398e+01 -9.739000000000000767e+00 8.509999999999999787e-01
2.501220000000000141e+02 -9.761299999999999955e+01 -1.037599999999999945e+01 1.006999999999999895e+00
1.450869999999999891e+02 -1.110010000000000048e+02 -1.215199999999999925e+01 1.054999999999999938e+00
-2.846399999999999864e+01 -9.895699999999999363e+01 -1.071700000000000053e+01 1.102000000000000091e+00
-1.012800000000000011e+02 -6.614100000000000534e+01 -5.375000000000000000e+00 1.179999999999999938e+00
-4.361999999999999744e+01 -4.148400000000000176e+01 1.151000000000000023e+00 1.193000000000000060e+00
-2.314300000000000068e+01 -2.599099999999999966e+01 7.668999999999999595e+00 1.157999999999999918e+00
-2.006810000000000116e+02 7.193999999999999950e+00 1.243500000000000050e+01 1.177999999999999936e+00
-4.432320000000000277e+02 6.437999999999999545e+01 1.196599999999999930e+01 1.205000000000000071e+00
-4.552470000000000141e+02 1.219419999999999931e+02 7.642000000000000348e+00 1.151999999999999913e+00
-2.180780000000000030e+02 1.581970000000000027e+02 6.738999999999999879e+00 1.108000000000000096e+00
4.620300000000000296e+01 1.704110000000000014e+02 1.328100000000000058e+01 1.195000000000000062e+00
2.903450000000000273e+02 1.663700000000000045e+02 2.237099999999999866e+01 1.312000000000000055e+00
5.855230000000000246e+02 1.479900000000000091e+02 2.532600000000000051e+01 1.227999999999999980e+00
7.672340000000000373e+02 1.066009999999999991e+02 1.952599999999999980e+01 8.709999999999999964e-01
6.008440000000000509e+02 4.332900000000000063e+01 1.136599999999999966e+01 4.450000000000000067e-01
2.126550000000000011e+02 -1.602499999999999858e+01 7.350999999999999979e+00 2.089999999999999913e-01
-6.928700000000000614e+01 -4.795700000000000074e+01 5.195000000000000284e+00 1.759999999999999898e-01
-2.217450000000000045e+02 -6.275699999999999790e+01 -1.731999999999999984e+00 1.469999999999999918e-01
-4.585489999999999782e+02 -8.536400000000000432e+01 -1.287800000000000011e+01 5.199999999999999761e-02
-7.463490000000000464e+02 -1.146440000000000055e+02 -1.900000000000000000e+01 2.000000000000000042e-02
-7.930449999999999591e+02 -1.251080000000000041e+02 -1.427599999999999980e+01 1.000000000000000056e-01
-4.860249999999999773e+02 -1.022229999999999990e+02 -4.084999999999999964e+00 1.809999999999999942e-01
-3.837899999999999778e+01 -5.714399999999999835e+01 4.241999999999999993e+00 2.119999999999999940e-01
3.091080000000000041e+02 -1.162899999999999956e+01 1.021799999999999997e+01 2.399999999999999911e-01
5.221029999999999518e+02 1.961599999999999966e+01 1.334099999999999930e+01 1.829999999999999960e-01
6.614260000000000446e+02 3.309100000000000108e+01 8.823999999999999844e+00 -9.800000000000000377e-02
6.958139999999999645e+02 2.897500000000000142e+01 -2.218999999999999861e+00 -4.500000000000000111e-01
5.378110000000000355e+02 9.724000000000000199e+00 -9.845000000000000639e+00 -5.390000000000000346e-01
1.954960000000000093e+02 -1.155599999999999916e+01 -8.823999999999999844e+00 -3.549999999999999822e-01
-1.819739999999999895e+02 -1.814000000000000057e+01 -5.464000000000000412e+00 -2.190000000000000002e-01
-3.983940000000000055e+02 -1.076900000000000013e+01 -7.541000000000000369e+00 -3.009999999999999898e-01
-3.901129999999999995e+02 -8.233999999999999986e+00 -1.412599999999999945e+01 -4.550000000000000155e-01
-2.821109999999999900e+02 -2.307199999999999918e+01 -1.826200000000000045e+01 -5.210000000000000187e-01
-1.605190000000000055e+02 -4.474799999999999756e+01 -1.715299999999999869e+01 -5.330000000000000293e-01
3.603799999999999670e+01 -5.194500000000000028e+01 -1.439199999999999946e+01 -5.410000000000000364e-01
2.437340000000000089e+02 -3.721099999999999852e+01 -1.218599999999999994e+01 -4.139999999999999791e-01
2.557249999999999943e+02 -9.058999999999999275e+00 -9.532000000000000028e+00 -7.399999999999999634e-02
1.168559999999999945e+02 2.203000000000000114e+01 -7.241999999999999993e+00 2.710000000000000187e-01
6.371300000000000097e+01 4.151400000000000290e+01 -5.959999999999999964e+00 3.669999999999999929e-01
7.409399999999999409e+01 3.648400000000000176e+01 -2.754999999999999893e+00 2.220000000000000029e-01
-4.680700000000000216e+01 2.435500000000000043e+01 3.072999999999999954e+00 -2.400000000000000050e-02
-2.711390000000000100e+02 3.688100000000000023e+01 6.660999999999999588e+00 -3.420000000000000262e-01
-4.127320000000000277e+02 6.316100000000000136e+01 5.352000000000000313e+00 -7.139999999999999680e-01
-4.178729999999999905e+02 6.316899999999999693e+01 3.342000000000000082e+00 -9.549999999999999600e-01
-3.479069999999999823e+02 3.803499999999999659e+01 4.868999999999999773e+00 -9.030000000000000249e-01
-1.907299999999999898e+02 2.716300000000000026e+01 8.763999999999999346e+00 -6.530000000000000249e-01
1.017120000000000033e+02 4.300699999999999790e+01 1.218299999999999983e+01 -4.219999999999999862e-01
4.051530000000000200e+02 5.964000000000000057e+01 1.439400000000000013e+01 -3.200000000000000067e-01
4.891460000000000150e+02 5.684400000000000119e+01 1.521499999999999986e+01 -3.430000000000000271e-01
3.525360000000000014e+02 3.982800000000000296e+01 1.441300000000000026e+01 -4.580000000000000182e-01
2.265310000000000059e+02 2.350900000000000034e+01 1.341999999999999993e+01 -6.099999999999999867e-01
2.013249999999999886e+02 1.937600000000000122e+01 1.355799999999999983e+01 -6.999999999999999556e-01
1.489770000000000039e+02 2.839999999999999858e+01 1.286599999999999966e+01 -6.630000000000000338e-01
8.807999999999999829e+00 3.400900000000000034e+01 8.462999999999999190e+00 -5.879999999999999671e-01
-1.351179999999999950e+02 1.769600000000000151e+01 2.068000000000000060e+00 -6.079999999999999849e-01
-2.186959999999999980e+02 -1.225799999999999912e+01 -1.139000000000000012e+00 -6.700000000000000400e-01
-2.243720000000000141e+02 -3.070100000000000051e+01 -1.522000000000000020e+00 -6.310000000000000053e-01
-1.172600000000000051e+02 -3.240400000000000347e+01 -6.275000000000000355e+00 -5.340000000000000302e-01
7.515399999999999636e+01 -3.178500000000000014e+01 -1.723199999999999932e+01 -4.680000000000000271e-01
1.924710000000000036e+02 -3.704099999999999682e+01 -2.768299999999999983e+01 -3.790000000000000036e-01
8.926099999999999568e+01 -5.165800000000000125e+01 -3.558800000000000097e+01 -3.200000000000000067e-01
-1.970409999999999968e+02 -8.287900000000000489e+01 -4.575200000000000244e+01 -5.020000000000000018e-01
-5.176599999999999682e+02 -1.228050000000000068e+02 -5.556799999999999784e+01 -8.199999999999999512e-01
-7.865489999999999782e+02 -1.407050000000000125e+02 -5.460300000000000153e+01 -8.569999999999999840e-01
-9.770579999999999927e+02 -1.143329999999999984e+02 -4.122099999999999653e+01 -5.060000000000000053e-01
-9.835979999999999563e+02 -5.094700000000000273e+01 -2.373699999999999832e+01 -5.899999999999999689e-02
-6.616720000000000255e+02 2.932900000000000063e+01 -4.294999999999999929e+00 3.489999999999999769e-01
-7.884199999999999875e+01 1.080580000000000069e+02 2.043100000000000094e+01 8.229999999999999538e-01
4.686770000000000209e+02 1.681459999999999866e+02 4.420000000000000284e+01 1.306999999999999940e+00
7.986639999999999873e+02 1.963139999999999930e+02 5.566799999999999926e+01 1.524999999999999911e+00
9.692910000000000537e+02 1.804960000000000093e+02 5.282699999999999818e+01 1.314000000000000057e+00
9.857390000000000327e+02 1.161860000000000070e+02 4.075300000000000011e+01 8.289999999999999591e-01
7.384070000000000391e+02 3.472999999999999687e+01 2.596699999999999875e+01 4.060000000000000275e-01
3.517320000000000277e+02 -9.461999999999999744e+00 1.697599999999999909e+01 2.389999999999999902e-01
1.465020000000000095e+02 -6.168999999999999595e+00 1.697500000000000142e+01 2.169999999999999984e-01
1.472969999999999970e+02 2.000000000000000042e-03 1.745200000000000173e+01 1.330000000000000071e-01
9.362699999999999534e+01 -2.047400000000000020e+01 9.532000000000000028e+00 -5.700000000000000205e-02
-8.025100000000000477e+01 -5.400900000000000034e+01 -2.995000000000000107e+00 -2.720000000000000195e-01
-2.077529999999999859e+02 -8.475000000000000000e+01 -1.005599999999999916e+01 -4.380000000000000004e-01
-2.034689999999999941e+02 -1.090480000000000018e+02 -9.108999999999999986e+00 -4.839999999999999858e-01
-1.165729999999999933e+02 -1.173130000000000024e+02 -4.918999999999999595e+00 -3.649999999999999911e-01
-5.174300000000000210e+01 -1.070150000000000006e+02 -1.032000000000000028e+00 -1.660000000000000087e-01
-1.425240000000000009e+02 -1.014080000000000013e+02 8.080000000000000515e-01 -7.299999999999999545e-02
-3.880819999999999936e+02 -1.183479999999999990e+02 -1.231999999999999984e+00 -1.559999999999999998e-01
-5.608799999999999955e+02 -1.351330000000000098e+02 -4.224000000000000199e+00 -2.369999999999999885e-01
-4.529920000000000186e+02 -1.150409999999999968e+02 -3.790000000000000036e-01 -8.699999999999999400e-02
-9.465600000000000591e+01 -5.312899999999999778e+01 1.224900000000000055e+01 2.989999999999999880e-01
3.318070000000000164e+02 2.061799999999999855e+01 2.466400000000000148e+01 6.680000000000000382e-01
6.323880000000000337e+02 6.467700000000000671e+01 2.643599999999999994e+01 7.189999999999999725e-01
6.472849999999999682e+02 5.705899999999999750e+01 1.741799999999999926e+01 4.129999999999999782e-01
3.626019999999999754e+02 2.090200000000000102e+01 6.740999999999999659e+00 5.999999999999999778e-02
1.461400000000000077e+01 -2.750999999999999890e+00 -3.980000000000000204e-01 -5.999999999999999778e-02
-1.474209999999999923e+02 -1.069100000000000072e+01 -7.700000000000000178e+00 -3.500000000000000333e-02
-1.664180000000000064e+02 -2.728200000000000003e+01 -1.536999999999999922e+01 -5.000000000000000278e-02
-2.084530000000000030e+02 -4.647699999999999676e+01 -1.564199999999999946e+01 -2.100000000000000130e-02
-2.658070000000000164e+02 -3.339000000000000057e+01 -6.942999999999999616e+00 1.829999999999999960e-01
-2.303470000000000084e+02 1.992800000000000082e+01 2.471000000000000085e+00 4.279999999999999916e-01
-7.994499999999999318e+01 8.101999999999999602e+01 8.858999999999999986e+00 5.610000000000000542e-01
1.060729999999999933e+02 1.153780000000000001e+02 1.527800000000000047e+01 6.390000000000000124e-01
2.153480000000000132e+02 1.090180000000000007e+02 1.811100000000000065e+01 6.460000000000000187e-01
1.815000000000000000e+02 6.505700000000000216e+01 8.157000000000000028e+00 4.119999999999999774e-01
5.246600000000000108e+01 8.276999999999999247e+00 -1.127299999999999969e+01 2.500000000000000139e-02
-4.375500000000000256e+01 -2.042500000000000071e+01 -2.310699999999999932e+01 -1.350000000000000089e-01
-3.539500000000000313e+01 -4.657000000000000028e+00 -1.909400000000000119e+01 5.500000000000000028e-02
1.482799999999999940e+01 2.312099999999999866e+01 -1.055799999999999983e+01 2.790000000000000258e-01
-2.500900000000000034e+01 2.110000000000000142e+01 -1.167500000000000071e+01 2.409999999999999920e-01
-2.200260000000000105e+02 -1.245400000000000063e+01 -2.265500000000000114e+01 -1.600000000000000033e-02
-4.802289999999999850e+02 -4.861200000000000188e+01 -3.312400000000000233e+01 -2.899999999999999800e-01
-6.129769999999999754e+02 -6.606799999999999784e+01 -3.505299999999999727e+01 -4.450000000000000067e-01
-4.947730000000000246e+02 -6.254399999999999693e+01 -2.949399999999999977e+01 -4.550000000000000155e-01
-2.113350000000000080e+02 -4.986500000000000199e+01 -2.296499999999999986e+01 -3.880000000000000115e-01
6.810000000000000497e-01 -4.607399999999999807e+01 -1.891600000000000037e+01 -3.220000000000000084e-01
2.251800000000000068e+01 -5.541799999999999926e+01 -1.518399999999999928e+01 -2.489999999999999991e-01
8.032999999999999474e+00 -6.160600000000000165e+01 -1.002999999999999936e+01 -1.590000000000000024e-01
1.253520000000000039e+02 -4.669400000000000261e+01 -3.745000000000000107e+00 -5.199999999999999761e-02
2.866659999999999968e+02 -1.256000000000000005e+00 6.833999999999999631e+00 2.000000000000000111e-01
3.483120000000000118e+02 7.268899999999999295e+01 2.310800000000000054e+01 6.590000000000000302e-01
3.683919999999999959e+02 1.440349999999999966e+02 3.383400000000000318e+01 1.008000000000000007e+00
4.760319999999999823e+02 1.636659999999999968e+02 2.677100000000000080e+01 8.970000000000000195e-01
6.505489999999999782e+02 1.267450000000000045e+02 9.942999999999999616e+00 4.969999999999999973e-01
7.073759999999999764e+02 8.765099999999999625e+01 2.245000000000000107e+00 2.740000000000000213e-01
4.951949999999999932e+02 7.846999999999999886e+01 5.822000000000000064e+00 3.380000000000000226e-01
1.199320000000000022e+02 6.643200000000000216e+01 5.860000000000000320e+00 3.920000000000000151e-01
-1.620579999999999927e+02 2.655000000000000071e+01 -4.272000000000000242e+00 2.280000000000000082e-01
-2.660729999999999791e+02 -6.842999999999999972e+00 -1.311800000000000033e+01 -1.200000000000000025e-02
-2.816059999999999945e+02 6.761000000000000121e+00 -8.465999999999999304e+00 -9.700000000000000289e-02
-2.268600000000000136e+02 5.748299999999999699e+01 5.825000000000000178e+00 -2.500000000000000139e-02
-9.201200000000000045e+01 9.766800000000000637e+01 1.517099999999999937e+01 -1.499999999999999944e-02
-4.190500000000000114e+01 8.524899999999999523e+01 1.110899999999999999e+01 -2.340000000000000135e-01
-2.118000000000000114e+02 1.889000000000000057e+01 -1.622999999999999998e+00 -5.959999999999999742e-01
-3.996220000000000141e+02 -5.696099999999999852e+01 -1.229499999999999993e+01 -8.519999999999999796e-01
-3.320439999999999827e+02 -9.115699999999999648e+01 -1.345800000000000018e+01 -8.229999999999999538e-01
-6.355400000000000205e+01 -7.158700000000000330e+01 -3.926000000000000156e+00 -4.979999999999999982e-01
1.946059999999999945e+02 -2.621499999999999986e+01 1.079700000000000060e+01 -2.000000000000000042e-02
3.745199999999999818e+02 1.307699999999999996e+01 2.176800000000000068e+01 3.980000000000000204e-01
4.336750000000000114e+02 3.668299999999999983e+01 2.580600000000000094e+01 6.219999999999999973e-01
2.430800000000000125e+02 4.739000000000000057e+01 2.647200000000000131e+01 6.239999999999999991e-01
-1.751850000000000023e+02 4.250600000000000023e+01 2.380000000000000071e+01 4.000000000000000222e-01
-5.591820000000000164e+02 2.386799999999999855e+01 1.474300000000000033e+01 6.099999999999999867e-02
-7.163189999999999600e+02 6.309999999999999609e+00 3.259999999999999787e+00 -1.340000000000000080e-01
-6.673680000000000518e+02 -2.407000000000000028e+00 -3.407999999999999918e+00 -7.599999999999999811e-02
-4.353100000000000023e+02 -5.759000000000000341e+00 -4.125000000000000000e+00 3.899999999999999994e-02
-1.621499999999999986e+01 -9.529999999999999583e-01 -1.346999999999999975e+00 5.000000000000000278e-02
4.169159999999999968e+02 7.003999999999999559e+00 1.401000000000000023e+00 -1.099999999999999936e-02
5.787369999999999663e+02 -9.573999999999999844e+00 -1.556999999999999940e+00 -1.300000000000000044e-01
3.906139999999999759e+02 -5.966499999999999915e+01 -1.082000000000000028e+01 -3.260000000000000120e-01
7.385800000000000409e+01 -1.069729999999999990e+02 -1.891499999999999915e+01 -5.120000000000000107e-01
-1.199309999999999974e+02 -1.196710000000000065e+02 -2.160200000000000031e+01 -6.450000000000000178e-01
-1.664110000000000014e+02 -1.076710000000000065e+02 -2.149399999999999977e+01 -7.530000000000000027e-01
-1.978460000000000036e+02 -8.943399999999999750e+01 -1.794900000000000162e+01 -7.520000000000000018e-01
-2.520740000000000123e+02 -6.345400000000000063e+01 -7.370000000000000107e+00 -5.260000000000000231e-01
-1.955939999999999941e+02 -2.763299999999999912e+01 5.951999999999999957e+00 -1.829999999999999960e-01
2.708999999999999986e+01 1.328000000000000069e+00 1.234099999999999930e+01 1.499999999999999944e-02
1.864929999999999950e+02 4.892000000000000348e+00 9.728999999999999204e+00 -2.699999999999999969e-02
8.121200000000000330e+01 -5.259999999999999787e+00 4.828000000000000291e+00 -1.330000000000000071e-01
-8.623600000000000421e+01 2.853000000000000203e+00 2.649999999999999911e+00 -1.130000000000000032e-01
-2.697299999999999898e+01 2.634900000000000020e+01 1.822999999999999954e+00 -2.100000000000000130e-02
1.611630000000000109e+02 2.551099999999999923e+01 1.175000000000000044e+00 2.000000000000000042e-03
2.508919999999999959e+02 -2.395999999999999908e+00 4.652999999999999581e+00 6.500000000000000222e-02
3.029959999999999809e+02 -1.093900000000000006e+01 1.298199999999999932e+01 3.380000000000000226e-01
4.127850000000000250e+02 1.277299999999999969e+01 1.637399999999999878e+01 6.039999999999999813e-01
4.156419999999999959e+02 2.756700000000000017e+01 7.467999999999999972e+00 4.889999999999999902e-01
2.155370000000000061e+02 1.384099999999999930e+01 -5.285999999999999588e+00 1.000000000000000056e-01
1.805000000000000071e+01 -6.855000000000000426e+00 -1.098300000000000054e+01 -1.330000000000000071e-01
-2.060500000000000043e+01 -2.725300000000000011e+01 -1.306700000000000017e+01 -1.570000000000000007e-01
-8.461000000000000298e+00 -5.623799999999999955e+01 -1.823199999999999932e+01 -2.500000000000000000e-01
-4.816499999999999915e+01 -7.661100000000000421e+01 -2.071799999999999997e+01 -3.900000000000000133e-01
-8.389400000000000546e+01 -6.253999999999999915e+01 -1.300999999999999979e+01 -2.810000000000000275e-01
-9.454000000000000625e+01 -2.770700000000000074e+01 -1.842000000000000082e+00 3.799999999999999906e-02
-1.745550000000000068e+02 -1.274200000000000088e+01 6.059999999999999831e-01 1.670000000000000095e-01
-3.661399999999999864e+02 -3.096399999999999864e+01 -5.296000000000000263e+00 -8.000000000000000167e-03
-5.793669999999999618e+02 -5.655100000000000193e+01 -9.852000000000000313e+00 -1.519999999999999962e-01
-6.907100000000000364e+02 -6.466899999999999693e+01 -1.092900000000000027e+01 -9.299999999999999933e-02
-6.343089999999999691e+02 -5.336599999999999966e+01 -1.457900000000000063e+01 -3.400000000000000244e-02
-4.074150000000000205e+02 -2.245599999999999952e+01 -1.928900000000000148e+01 -5.899999999999999689e-02
-4.158500000000000085e+01 3.189600000000000080e+01 -1.380599999999999916e+01 2.100000000000000130e-02
3.666190000000000282e+02 8.865300000000000580e+01 3.552000000000000046e+00 2.129999999999999949e-01
6.032390000000000327e+02 1.033769999999999953e+02 1.625900000000000034e+01 2.119999999999999940e-01
4.719870000000000232e+02 6.044400000000000261e+01 1.101500000000000057e+01 -1.170000000000000068e-01
7.436899999999999977e+01 4.060999999999999943e+00 -1.842000000000000082e+00 -4.430000000000000049e-01
-1.996030000000000086e+02 -7.496999999999999886e+00 -3.001999999999999780e+00 -3.880000000000000115e-01
-9.667300000000000182e+01 2.960099999999999909e+01 8.279999999999999361e+00 -6.700000000000000400e-02
2.298729999999999905e+02 6.782699999999999818e+01 1.757799999999999940e+01 9.400000000000000022e-02
4.943639999999999759e+02 7.192100000000000648e+01 1.921300000000000097e+01 -8.999999999999999320e-03
6.190639999999999645e+02 4.986500000000000199e+01 1.837900000000000134e+01 -1.189999999999999947e-01
6.429189999999999827e+02 2.803500000000000014e+01 1.640200000000000102e+01 -1.250000000000000000e-01
5.215900000000000318e+02 2.273799999999999955e+01 1.233200000000000074e+01 -1.400000000000000133e-01
2.515200000000000102e+02 3.285099999999999909e+01 1.094899999999999984e+01 -1.749999999999999889e-01
1.615800000000000125e+01 4.628999999999999915e+01 1.380400000000000027e+01 -1.409999999999999865e-01
-1.326699999999999946e+01 5.337700000000000244e+01 1.376299999999999990e+01 -2.800000000000000058e-02
9.855400000000000205e+01 5.103099999999999881e+01 8.180999999999999162e+00 1.179999999999999938e-01
1.648170000000000073e+02 3.598299999999999699e+01 3.157999999999999918e+00 2.379999999999999893e-01
1.082600000000000051e+02 6.735999999999999766e+00 4.939999999999999947e-01 2.330000000000000127e-01
-2.271399999999999864e+01 -3.037999999999999901e+01 -4.793000000000000149e+00 4.100000000000000172e-02
-1.865840000000000032e+02 -6.391700000000000159e+01 -1.173700000000000010e+01 -2.089999999999999913e-01
-3.753589999999999804e+02 -8.004000000000000625e+01 -1.170400000000000063e+01 -2.810000000000000275e-01
-5.425019999999999527e+02 -6.683499999999999375e+01 -2.117999999999999883e+00 -1.019999999999999934e-01
-6.108220000000000027e+02 -2.299599999999999866e+01 9.826999999999999957e+00 2.139999999999999958e-01
-5.460890000000000555e+02 4.069899999999999807e+01 1.876599999999999824e+01 5.490000000000000435e-01
-3.888260000000000218e+02 1.007740000000000009e+02 2.485800000000000054e+01 8.110000000000000542e-01
-2.270240000000000009e+02 1.251770000000000067e+02 2.651899999999999835e+01 8.659999999999999920e-01
-1.095849999999999937e+02 1.028160000000000025e+02 2.138500000000000156e+01 6.899999999999999467e-01
1.543500000000000050e+01 6.204699999999999704e+01 1.281499999999999950e+01 4.779999999999999805e-01
2.226850000000000023e+02 3.730599999999999739e+01 5.761000000000000121e+00 3.770000000000000018e-01
4.678509999999999991e+02 3.205599999999999739e+01 -5.999999999999999778e-01 2.889999999999999791e-01
5.594460000000000264e+02 2.709900000000000020e+01 -9.724000000000000199e+00 9.800000000000000377e-02
3.532060000000000173e+02 8.839000000000000412e+00 -2.109600000000000009e+01 -8.100000000000000255e-02
-9.255000000000000782e+00 -1.934700000000000131e+01 -3.031599999999999895e+01 -8.300000000000000433e-02
-2.307669999999999959e+02 -4.678300000000000125e+01 -3.359599999999999653e+01 3.500000000000000333e-02
-2.450409999999999968e+02 -6.743200000000000216e+01 -3.123300000000000054e+01 8.999999999999999667e-02
-2.458019999999999925e+02 -8.209099999999999397e+01 -2.724699999999999989e+01 2.500000000000000139e-02
-3.340319999999999823e+02 -9.529800000000000182e+01 -2.463100000000000023e+01 -1.069999999999999979e-01
-3.804970000000000141e+02 -1.064849999999999994e+02 -2.104100000000000037e+01 -2.479999999999999982e-01
-2.738910000000000196e+02 -1.069249999999999972e+02 -1.285599999999999987e+01 -3.370000000000000218e-01
-9.184699999999999420e+01 -9.376200000000000045e+01 -2.803999999999999826e+00 -3.300000000000000155e-01
5.856099999999999994e+01 -7.049800000000000466e+01 3.904999999999999805e+00 -2.280000000000000082e-01
1.967470000000000141e+02 -3.163700000000000045e+01 8.785999999999999588e+00 -1.200000000000000025e-02
3.362980000000000018e+02 1.914099999999999824e+01 1.477800000000000047e+01 2.780000000000000249e-01
3.481519999999999868e+02 4.511399999999999721e+01 1.648300000000000054e+01 4.460000000000000075e-01
1.285889999999999986e+02 1.764000000000000057e+01 8.788999999999999702e+00 3.599999999999999867e-01
-2.244540000000000077e+02 -3.606900000000000261e+01 -1.346999999999999975e+00 1.449999999999999900e-01
-5.211770000000000209e+02 -6.886700000000000443e+01 -4.822000000000000064e+00 -4.399999999999999745e-02
-6.137190000000000509e+02 -6.892900000000000205e+01 -3.044999999999999929e+00 -1.990000000000000102e-01
-4.130550000000000068e+02 -4.634899999999999665e+01 3.330000000000000182e-01 -2.889999999999999791e-01
2.094099999999999895e+01 -4.748999999999999666e+00 7.426999999999999602e+00 -1.900000000000000022e-01
4.370480000000000018e+02 4.198100000000000165e+01 1.585899999999999999e+01 5.899999999999999689e-02
6.191250000000000000e+02 6.346600000000000108e+01 1.526299999999999990e+01 1.920000000000000040e-01
5.984370000000000118e+02 5.164200000000000301e+01 3.511000000000000121e+00 6.800000000000000488e-02
5.218550000000000182e+02 3.418599999999999994e+01 -7.833999999999999631e+00 -1.290000000000000036e-01
4.223269999999999982e+02 3.133500000000000085e+01 -1.123799999999999955e+01 -1.950000000000000067e-01
2.414939999999999998e+02 3.304200000000000159e+01 -1.105899999999999928e+01 -1.869999999999999996e-01
-3.078399999999999892e+01 3.243299999999999983e+01 -8.904999999999999361e+00 -1.769999999999999907e-01
-3.299270000000000209e+02 3.897200000000000131e+01 -1.640000000000000069e-01 -7.499999999999999722e-02
-5.382160000000000082e+02 4.411800000000000210e+01 9.705999999999999517e+00 5.500000000000000028e-02
-5.337789999999999964e+02 2.514600000000000080e+01 7.650000000000000355e+00 -5.099999999999999672e-02
-3.385720000000000027e+02 -7.895999999999999908e+00 -4.294999999999999929e+00 -3.780000000000000027e-01
-1.681160000000000139e+02 -2.308200000000000074e+01 -1.142699999999999960e+01 -5.959999999999999742e-01
-1.863729999999999905e+02 -1.684199999999999875e+01 -8.779999999999999361e+00 -5.490000000000000435e-01
-2.693759999999999764e+02 -3.323999999999999844e+00 -6.089999999999999858e-01 -2.819999999999999729e-01
-1.798720000000000141e+02 1.900499999999999901e+01 1.113799999999999990e+01 1.680000000000000104e-01
1.102609999999999957e+02 5.266400000000000148e+01 2.141400000000000148e+01 5.929999999999999716e-01
4.530749999999999886e+02 8.662800000000000011e+01 2.117399999999999949e+01 6.590000000000000302e-01
7.105819999999999936e+02 1.059069999999999965e+02 1.121599999999999930e+01 3.950000000000000178e-01
7.304149999999999636e+02 9.331499999999999773e+01 1.778999999999999915e+00 1.719999999999999862e-01
4.146709999999999923e+02 4.645799999999999841e+01 -2.105999999999999872e+00 1.409999999999999865e-01
-1.385299999999999976e+01 -2.516000000000000014e+00 -3.005999999999999783e+00 1.250000000000000000e-01
-1.794079999999999870e+02 -2.423199999999999932e+01 -3.600999999999999979e+00 -3.000000000000000062e-03
-9.943800000000000239e+01 -3.381900000000000261e+01 -4.575000000000000178e+00 -1.509999999999999953e-01
-1.078029999999999973e+02 -5.670900000000000318e+01 -5.458999999999999631e+00 -2.079999999999999905e-01
-2.368880000000000052e+02 -8.134099999999999397e+01 -4.456000000000000405e+00 -2.039999999999999869e-01
-2.156990000000000123e+02 -8.306399999999999295e+01 -6.260000000000000009e-01 -2.510000000000000009e-01
-1.274699999999999989e+01 -6.724099999999999966e+01 3.657000000000000028e+00 -3.659999999999999920e-01
1.456980000000000075e+02 -5.361699999999999733e+01 5.674999999999999822e+00 -4.339999999999999969e-01
1.979010000000000105e+02 -4.123799999999999955e+01 6.472999999999999865e+00 -3.689999999999999947e-01
2.401320000000000050e+02 -2.195200000000000173e+01 8.356999999999999318e+00 -2.220000000000000029e-01
2.338110000000000070e+02 -7.046999999999999709e+00 1.082399999999999984e+01 -7.299999999999999545e-02
8.328400000000000603e+01 -7.243999999999999773e+00 1.161899999999999977e+01 6.700000000000000400e-02
-1.222069999999999936e+02 -8.326000000000000512e+00 8.336999999999999744e+00 1.580000000000000016e-01
-1.945490000000000066e+02 2.689999999999999947e+00 -1.079999999999999988e-01 9.700000000000000289e-02
-9.256300000000000239e+01 1.298700000000000010e+01 -1.006499999999999950e+01 -9.400000000000000022e-02
5.303000000000000114e+01 1.030899999999999928e+01 -1.511500000000000021e+01 -2.250000000000000056e-01
1.121059999999999945e+02 3.975999999999999979e+00 -1.355499999999999972e+01 -1.779999999999999916e-01
6.448099999999999454e+01 2.662999999999999812e+00 -9.372999999999999332e+00 -3.500000000000000333e-02
-4.152499999999999858e+01 2.404999999999999805e+00 -5.520999999999999908e+00 9.099999999999999756e-02
-1.610420000000000016e+02 2.548000000000000043e+00 -1.245000000000000107e+00 2.059999999999999887e-01
-2.629590000000000032e+02 3.299999999999999822e+00 2.521999999999999797e+00 2.959999999999999853e-01
-3.060659999999999741e+02 -4.235000000000000320e+00 8.149999999999999467e-01 2.169999999999999984e-01
-2.568050000000000068e+02 -1.964799999999999969e+01 -7.751999999999999780e+00 -7.199999999999999456e-02
-1.559370000000000118e+02 -2.689000000000000057e+01 -1.611199999999999832e+01 -3.290000000000000147e-01
-1.055349999999999966e+02 -2.214799999999999969e+01 -1.731700000000000017e+01 -3.290000000000000147e-01
-1.279819999999999993e+02 -1.690299999999999869e+01 -1.343099999999999916e+01 -1.539999999999999980e-01
-1.304170000000000016e+02 -1.088100000000000023e+01 -1.000500000000000078e+01 -6.000000000000000125e-03
-7.464499999999999602e+01 4.195999999999999730e+00 -6.565000000000000391e+00 9.600000000000000200e-02
-2.940200000000000102e+01 2.104500000000000171e+01 -3.699999999999999956e-01 2.139999999999999958e-01
-8.538000000000000256e+00 2.518100000000000094e+01 4.626000000000000334e+00 2.819999999999999729e-01
4.061999999999999744e+01 1.637300000000000111e+01 2.628000000000000114e+00 2.059999999999999887e-01
8.425499999999999545e+01 4.395999999999999908e+00 -3.971999999999999975e+00 5.399999999999999939e-02
4.456000000000000227e+01 -5.349000000000000199e+00 -8.618000000000000327e+00 -4.299999999999999656e-02
-3.690899999999999892e+01 -1.081099999999999994e+01 -9.430999999999999162e+00 -5.800000000000000294e-02
-4.620300000000000296e+01 -8.702999999999999403e+00 -7.892000000000000348e+00 -4.299999999999999656e-02
2.273000000000000043e+01 -3.216000000000000192e+00 -5.115999999999999659e+00 -4.800000000000000100e-02
5.820300000000000296e+01 -8.199999999999999289e+00 -3.052000000000000046e+00 -1.049999999999999961e-01
4.187999999999999723e+00 -2.638800000000000168e+01 -4.072000000000000064e+00 -2.000000000000000111e-01
-6.873900000000000432e+01 -4.213900000000000290e+01 -7.235000000000000320e+00 -2.560000000000000053e-01
-9.803900000000000148e+01 -4.440500000000000114e+01 -8.045999999999999375e+00 -1.869999999999999996e-01
-1.024249999999999972e+02 -3.272399999999999665e+01 -3.125999999999999890e+00 4.200000000000000261e-02
-8.083599999999999852e+01 -3.241000000000000103e+00 5.996000000000000441e+00 3.830000000000000071e-01
1.742899999999999849e+01 4.048799999999999955e+01 1.418800000000000061e+01 6.939999999999999503e-01
1.899120000000000061e+02 7.674599999999999511e+01 1.823000000000000043e+01 8.239999999999999547e-01
3.522049999999999841e+02 8.822799999999999443e+01 1.935200000000000031e+01 7.419999999999999929e-01
4.105389999999999873e+02 7.625300000000000011e+01 1.852899999999999991e+01 5.540000000000000480e-01
3.319169999999999732e+02 5.245900000000000318e+01 1.475900000000000034e+01 3.860000000000000098e-01
1.847479999999999905e+02 3.562599999999999767e+01 1.057799999999999940e+01 2.849999999999999756e-01
8.028300000000000125e+01 3.836299999999999955e+01 1.032399999999999984e+01 2.200000000000000011e-01
3.114900000000000091e+01 4.441599999999999682e+01 1.106900000000000084e+01 1.310000000000000053e-01
-4.047299999999999898e+01 2.425900000000000034e+01 5.634000000000000341e+00 -3.899999999999999994e-02
-1.321189999999999998e+02 -2.118499999999999872e+01 -4.698999999999999844e+00 -3.089999999999999969e-01
-1.493480000000000132e+02 -5.717300000000000182e+01 -1.108300000000000018e+01 -6.129999999999999893e-01
-8.943000000000000682e+01 -6.247999999999999687e+01 -1.143800000000000061e+01 -8.279999999999999583e-01
-7.928199999999999648e+01 -5.542699999999999960e+01 -1.313599999999999923e+01 -9.250000000000000444e-01
-2.010699999999999932e+02 -5.888000000000000256e+01 -1.883999999999999986e+01 -9.370000000000000551e-01
-3.672810000000000059e+02 -6.490000000000000568e+01 -2.016499999999999915e+01 -8.329999999999999627e-01
-3.757370000000000232e+02 -5.184300000000000352e+01 -1.052500000000000036e+01 -5.869999999999999662e-01
-1.240450000000000017e+02 -1.625700000000000145e+01 4.118000000000000327e+00 -2.369999999999999885e-01
1.984879999999999995e+02 2.374200000000000088e+01 1.298199999999999932e+01 2.839999999999999747e-01
2.710040000000000191e+02 4.720600000000000307e+01 1.381400000000000006e+01 1.125999999999999890e+00
3.845900000000000318e+01 5.220900000000000318e+01 1.388199999999999967e+01 2.117999999999999883e+00
-2.089629999999999939e+02 5.608200000000000074e+01 1.861400000000000077e+01 2.684000000000000163e+00
-1.707110000000000127e+02 6.721500000000000341e+01 2.318199999999999861e+01 2.439000000000000057e+00
1.627230000000000132e+02 7.475199999999999534e+01 2.074500000000000099e+01 1.627999999999999892e+00
5.450140000000000100e+02 7.392000000000000171e+01 1.535699999999999932e+01 8.050000000000000488e-01
7.284420000000000073e+02 6.890699999999999648e+01 1.431600000000000072e+01 2.340000000000000135e-01
6.212430000000000518e+02 4.746600000000000108e+01 1.235399999999999920e+01 -2.939999999999999836e-01
2.844510000000000218e+02 -2.935000000000000053e+00 6.670000000000000373e-01 -9.859999999999999876e-01
-8.098399999999999466e+01 -5.650699999999999790e+01 -1.420100000000000051e+01 -1.487999999999999989e+00
-2.730779999999999745e+02 -7.517600000000000193e+01 -1.890500000000000114e+01 -1.195999999999999952e+00
-3.454750000000000227e+02 -6.361599999999999966e+01 -1.379499999999999993e+01 -1.479999999999999927e-01
-4.943580000000000041e+02 -5.451599999999999824e+01 -8.820000000000000284e+00 7.940000000000000391e-01
-6.433390000000000555e+02 -5.528399999999999892e+01 -7.235000000000000320e+00 8.559999999999999831e-01
-4.945590000000000259e+02 -4.530199999999999960e+01 -5.193999999999999950e+00 2.179999999999999993e-01
-1.783299999999999841e+01 -1.390000000000000036e+01 -8.300000000000000433e-02 -3.360000000000000209e-01
4.418790000000000191e+02 2.154799999999999827e+01 6.355000000000000426e+00 -5.679999999999999494e-01
5.696960000000000264e+02 3.631600000000000250e+01 9.230000000000000426e+00 -1.054999999999999938e+00
4.110289999999999964e+02 3.146300000000000097e+01 6.219999999999999751e+00 -2.141999999999999904e+00
2.647090000000000032e+02 3.103200000000000003e+01 2.588000000000000078e+00 -3.251999999999999780e+00
2.754940000000000282e+02 3.907900000000000063e+01 3.975000000000000089e+00 -3.641999999999999904e+00
2.862429999999999950e+02 2.966000000000000014e+01 6.016000000000000014e+00 -3.313000000000000167e+00
1.955399999999999920e+02 -4.560999999999999943e+00 8.050000000000000488e-01 -2.754000000000000004e+00
1.342810000000000059e+02 -3.082199999999999918e+01 -8.468999999999999417e+00 -2.266000000000000014e+00
1.352549999999999955e+02 -2.306099999999999994e+01 -1.025699999999999967e+01 -1.893000000000000016e+00
4.450099999999999767e+01 2.556999999999999940e+00 -1.862000000000000099e+00 -1.637000000000000011e+00
-1.159980000000000047e+02 1.862199999999999989e+01 6.751000000000000334e+00 -1.487999999999999989e+00
-1.205769999999999982e+02 2.464699999999999847e+01 8.339000000000000412e+00 -1.368999999999999995e+00
2.068599999999999994e+01 3.282000000000000028e+01 7.442000000000000171e+00 -1.157000000000000028e+00
9.807000000000000384e+00 4.132999999999999829e+01 1.100200000000000067e+01 -7.179999999999999716e-01
-2.284099999999999966e+02 4.058400000000000318e+01 1.693299999999999983e+01 -3.500000000000000333e-02
-3.976789999999999736e+02 2.636899999999999977e+01 1.548000000000000043e+01 5.989999999999999769e-01
-3.219309999999999832e+02 1.439999999999999947e+00 2.475999999999999979e+00 7.950000000000000400e-01
-1.858839999999999861e+02 -2.465200000000000102e+01 -1.176200000000000045e+01 6.280000000000000027e-01
-1.760070000000000050e+02 -4.256300000000000239e+01 -1.371599999999999930e+01 6.119999999999999885e-01
-2.336399999999999864e+02 -5.017199999999999704e+01 -4.208000000000000185e+00 1.026999999999999913e+00
-2.394749999999999943e+02 -4.753199999999999648e+01 4.112000000000000099e+00 1.661999999999999922e+00
-1.693449999999999989e+02 -3.441299999999999670e+01 4.471000000000000085e+00 2.189999999999999947e+00
-4.350099999999999767e+01 -1.660000000000000142e+01 1.715999999999999970e+00 2.475000000000000089e+00
7.990699999999999648e+01 -7.839999999999999858e+00 -3.400000000000000244e-01 2.520999999999999908e+00
9.239199999999999591e+01 -2.089699999999999847e+01 -6.216000000000000192e+00 2.406000000000000139e+00
-3.141600000000000037e+01 -5.203699999999999903e+01 -1.749299999999999855e+01 2.241999999999999993e+00
-1.543530000000000086e+02 -7.782200000000000273e+01 -2.533899999999999864e+01 2.092999999999999972e+00
-1.605180000000000007e+02 -7.737099999999999511e+01 -2.260999999999999943e+01 1.953000000000000069e+00
-1.193520000000000039e+02 -5.579999999999999716e+01 -1.427999999999999936e+01 1.808999999999999941e+00
-1.331260000000000048e+02 -3.666599999999999682e+01 -9.724999999999999645e+00 1.631999999999999895e+00
-1.546539999999999964e+02 -3.293500000000000227e+01 -1.060599999999999987e+01 1.399999999999999911e+00
-1.018289999999999935e+02 -3.427400000000000091e+01 -1.022799999999999976e+01 1.209000000000000075e+00
-1.084999999999999964e+01 -2.491000000000000014e+01 -4.008000000000000007e+00 1.205000000000000071e+00
4.408500000000000085e+01 -4.341000000000000192e+00 3.346000000000000085e+00 1.375999999999999890e+00
5.108400000000000318e+01 1.666799999999999926e+01 4.730999999999999872e+00 1.524999999999999911e+00
2.072899999999999920e+01 3.039900000000000091e+01 1.499999999999999944e-02 1.471999999999999975e+00
-3.730400000000000205e+01 3.376599999999999824e+01 -6.086999999999999744e+00 1.183999999999999941e+00
-8.911499999999999488e+01 2.504700000000000060e+01 -1.057300000000000040e+01 7.780000000000000249e-01
-1.083289999999999935e+02 5.227999999999999758e+00 -1.297899999999999920e+01 4.369999999999999996e-01
-1.208979999999999961e+02 -2.287699999999999889e+01 -1.416600000000000037e+01 2.310000000000000109e-01
-1.897059999999999889e+02 -5.862500000000000000e+01 -1.681099999999999994e+01 6.099999999999999867e-02
-3.363609999999999900e+02 -1.026080000000000041e+02 -2.349800000000000111e+01 -1.759999999999999898e-01
-4.739759999999999991e+02 -1.443290000000000077e+02 -3.211399999999999721e+01 -4.269999999999999907e-01
-5.237749999999999773e+02 -1.523799999999999955e+02 -3.460099999999999909e+01 -4.959999999999999964e-01
-5.786250000000000000e+02 -9.954800000000000182e+01 -2.362999999999999901e+01 -2.190000000000000002e-01
-7.179660000000000082e+02 -3.798000000000000043e+00 -1.360999999999999988e+00 3.330000000000000182e-01
-7.220090000000000146e+02 8.507299999999999329e+01 2.215700000000000003e+01 8.239999999999999547e-01
-3.173960000000000150e+02 1.410939999999999941e+02 3.817699999999999960e+01 9.360000000000000542e-01
3.494180000000000064e+02 1.721659999999999968e+02 4.363400000000000034e+01 6.540000000000000258e-01
8.663650000000000091e+02 1.888720000000000141e+02 4.210300000000000153e+01 2.389999999999999902e-01
1.111038999999999987e+03 2.004939999999999998e+02 4.242699999999999960e+01 1.000000000000000021e-03
1.263613000000000056e+03 2.172290000000000134e+02 4.849000000000000199e+01 6.199999999999999956e-02
1.350693999999999960e+03 2.239370000000000118e+02 5.265100000000000335e+01 2.240000000000000047e-01
1.189483999999999924e+03 1.865200000000000102e+02 4.787700000000000244e+01 1.980000000000000093e-01
7.857500000000000000e+02 1.061299999999999955e+02 3.706099999999999994e+01 -5.500000000000000028e-02
3.942599999999999909e+02 2.414900000000000091e+01 2.114900000000000091e+01 -4.699999999999999734e-01
1.336220000000000141e+02 -3.426899999999999835e+01 -4.868000000000000327e+00 -1.094999999999999973e+00
-9.411899999999999977e+01 -7.579800000000000182e+01 -3.392799999999999727e+01 -1.794999999999999929e+00
-2.988009999999999877e+02 -1.041889999999999930e+02 -4.656700000000000017e+01 -2.152000000000000135e+00
-3.482649999999999864e+02 -1.113900000000000006e+02 -3.770900000000000318e+01 -2.016000000000000014e+00
-1.887779999999999916e+02 -9.562500000000000000e+01 -2.280300000000000082e+01 -1.723999999999999977e+00
7.491599999999999682e+01 -6.520199999999999818e+01 -1.358699999999999974e+01 -1.562999999999999945e+00
2.692599999999999909e+02 -3.315400000000000347e+01 -7.171999999999999709e+00 -1.431999999999999940e+00
2.952789999999999964e+02 -1.341699999999999982e+01 6.480000000000000204e-01 -1.177999999999999936e+00
2.531699999999999875e+02 -8.339000000000000412e+00 7.700999999999999623e+00 -8.729999999999999982e-01
3.128310000000000173e+02 -3.726999999999999869e+00 1.186700000000000088e+01 -6.670000000000000373e-01
3.927149999999999750e+02 7.413000000000000256e+00 1.384500000000000064e+01 -6.139999999999999902e-01
2.393669999999999902e+02 1.267500000000000071e+01 1.310200000000000031e+01 -6.850000000000000533e-01
-1.039710000000000036e+02 7.589999999999999858e+00 8.365999999999999659e+00 -8.129999999999999449e-01
-2.994239999999999782e+02 1.288999999999999924e+00 3.599999999999999728e-02 -9.360000000000000542e-01
-2.272290000000000134e+02 -1.341300000000000026e+01 -1.094500000000000028e+01 -1.028000000000000025e+00
-9.412300000000000466e+01 -4.577900000000000347e+01 -2.162500000000000000e+01 -1.052000000000000046e+00
-4.041599999999999682e+01 -6.632399999999999807e+01 -2.636400000000000077e+01 -9.649999999999999689e-01
-8.689999999999999503e+00 -3.902700000000000102e+01 -2.360800000000000054e+01 -8.050000000000000488e-01
-9.499999999999999556e-01 1.365799999999999947e+01 -1.830900000000000105e+01 -6.730000000000000426e-01
-1.382100000000000080e+02 3.765699999999999648e+01 -1.272899999999999920e+01 -5.819999999999999618e-01
-4.142010000000000218e+02 2.922599999999999909e+01 -2.939000000000000057e+00 -4.460000000000000075e-01
-6.393940000000000055e+02 2.516700000000000159e+01 8.696999999999999176e+00 -2.780000000000000249e-01
-6.746970000000000027e+02 2.643100000000000094e+01 9.003999999999999559e+00 -2.819999999999999729e-01
-5.589020000000000437e+02 7.820000000000000284e+00 -5.642000000000000348e+00 -5.400000000000000355e-01
-3.986299999999999955e+02 -1.772400000000000020e+01 -1.768199999999999861e+01 -7.680000000000000160e-01
-2.251409999999999911e+02 -1.857999999999999829e+01 -1.225999999999999979e+01 -7.079999999999999627e-01
-7.139000000000000234e+00 -7.229999999999999760e-01 1.229000000000000092e+00 -5.290000000000000258e-01
1.861879999999999882e+02 8.791000000000000369e+00 5.681000000000000050e+00 -4.929999999999999938e-01
1.768689999999999998e+02 5.546999999999999709e+00 1.151999999999999913e+00 -5.090000000000000080e-01
-5.230400000000000205e+01 1.387000000000000011e+00 -1.270000000000000018e-01 -3.519999999999999796e-01
-2.734619999999999891e+02 -4.754999999999999893e+00 6.530999999999999694e+00 -9.600000000000000200e-02
-3.127780000000000200e+02 -2.294300000000000139e+01 1.590700000000000003e+01 3.000000000000000062e-03
-2.170579999999999927e+02 -4.562500000000000000e+01 2.332300000000000040e+01 -5.700000000000000205e-02
-8.604099999999999682e+01 -5.137100000000000222e+01 2.710200000000000031e+01 -3.300000000000000155e-02
2.951800000000000068e+01 -3.877199999999999847e+01 2.520499999999999829e+01 1.600000000000000033e-01
6.453000000000000114e+01 -3.051999999999999957e+01 1.713800000000000168e+01 3.549999999999999822e-01
-2.796000000000000085e+01 -4.017399999999999949e+01 6.697000000000000064e+00 4.199999999999999845e-01
-1.814039999999999964e+02 -5.913199999999999790e+01 -1.395999999999999908e+00 3.950000000000000178e-01
-2.737359999999999900e+02 -7.289000000000000057e+01 -6.152999999999999581e+00 3.519999999999999796e-01
-2.615339999999999918e+02 -7.193099999999999739e+01 -1.076900000000000013e+01 2.959999999999999853e-01
-1.906730000000000018e+02 -5.995400000000000063e+01 -1.926699999999999946e+01 1.849999999999999978e-01
-1.244699999999999989e+02 -5.625500000000000256e+01 -3.052599999999999980e+01 2.500000000000000139e-02
-1.013070000000000022e+02 -6.503799999999999670e+01 -3.493399999999999750e+01 -2.100000000000000130e-02
-8.156199999999999761e+01 -5.328300000000000125e+01 -2.292200000000000060e+01 2.580000000000000071e-01
5.092000000000000171e+01 3.464999999999999858e+00 3.099999999999999978e-01 7.810000000000000275e-01
2.948679999999999950e+02 7.132399999999999807e+01 1.611599999999999966e+01 1.116999999999999993e+00
4.327830000000000155e+02 9.786799999999999500e+01 1.301200000000000045e+01 9.599999999999999645e-01
3.124920000000000186e+02 8.407899999999999352e+01 -7.550000000000000044e-01 5.220000000000000195e-01
7.635500000000000398e+01 7.150000000000000000e+01 -9.980999999999999872e+00 2.630000000000000115e-01
-4.798799999999999955e+01 7.435399999999999920e+01 -1.081300000000000061e+01 3.200000000000000067e-01
-1.390399999999999991e+01 7.260200000000000387e+01 -9.743000000000000327e+00 4.510000000000000120e-01
8.194899999999999807e+01 6.136800000000000210e+01 -9.990999999999999659e+00 4.819999999999999840e-01
1.560509999999999877e+02 6.047500000000000142e+01 -7.350999999999999979e+00 5.390000000000000346e-01
2.098220000000000027e+02 7.465800000000000125e+01 1.048000000000000043e+00 7.620000000000000107e-01
2.915299999999999727e+02 7.800600000000000023e+01 1.000900000000000034e+01 9.929999999999999938e-01
3.512409999999999854e+02 4.471999999999999886e+01 1.058999999999999986e+01 9.370000000000000551e-01
2.218569999999999993e+02 -1.954500000000000171e+01 -3.449999999999999734e-01 5.649999999999999467e-01
-1.105679999999999978e+02 -8.128100000000000591e+01 -1.506000000000000050e+01 1.519999999999999962e-01
-3.829689999999999941e+02 -1.102870000000000061e+02 -2.078300000000000125e+01 -4.700000000000000011e-02
-3.946650000000000205e+02 -1.032159999999999940e+02 -1.267900000000000027e+01 2.000000000000000042e-03
-2.620749999999999886e+02 -7.600400000000000489e+01 2.238999999999999879e+00 2.190000000000000002e-01
-1.262969999999999970e+02 -4.073299999999999699e+01 1.552200000000000024e+01 5.150000000000000133e-01
1.062639999999999958e+02 1.223999999999999977e+00 2.458800000000000097e+01 7.810000000000000275e-01
4.519329999999999927e+02 4.071000000000000085e+01 2.756099999999999994e+01 8.880000000000000115e-01
6.171910000000000309e+02 5.443500000000000227e+01 2.188400000000000034e+01 7.980000000000000426e-01
4.151299999999999955e+02 3.730199999999999960e+01 1.258099999999999952e+01 6.199999999999999956e-01
1.073970000000000056e+02 1.398199999999999932e+01 8.765000000000000568e+00 4.650000000000000244e-01
4.440899999999999892e+01 -1.417999999999999927e+00 9.333000000000000185e+00 3.330000000000000182e-01
2.314730000000000132e+02 -1.632400000000000162e+01 6.825999999999999623e+00 2.399999999999999911e-01
4.359220000000000255e+02 -2.637600000000000122e+01 2.359999999999999876e+00 2.720000000000000195e-01
4.826899999999999977e+02 -2.235699999999999932e+01 1.592999999999999972e+00 3.609999999999999876e-01
3.457200000000000273e+02 -1.750300000000000011e+01 2.983999999999999986e+00 2.939999999999999836e-01
1.278280000000000030e+02 -2.049899999999999878e+01 2.701000000000000068e+00 5.199999999999999761e-02
-2.770799999999999841e+01 -1.010899999999999999e+01 2.730999999999999872e+00 -1.280000000000000027e-01
-9.890500000000000114e+01 2.363400000000000034e+01 4.964999999999999858e+00 -1.280000000000000027e-01
-1.942079999999999984e+02 4.997299999999999898e+01 6.059999999999999609e+00 -1.029999999999999943e-01
-3.526299999999999955e+02 4.109599999999999653e+01 3.986000000000000210e+00 -1.769999999999999907e-01
-4.770480000000000018e+02 1.131199999999999939e+01 1.020999999999999908e+00 -2.570000000000000062e-01
-5.060339999999999918e+02 -8.717999999999999972e+00 -8.459999999999999742e-01 -2.099999999999999922e-01
-4.536059999999999945e+02 -8.525000000000000355e+00 -8.999999999999999320e-03 -6.300000000000000044e-02
-2.679200000000000159e+02 6.149000000000000021e+00 5.520999999999999908e+00 5.899999999999999689e-02
9.145199999999999818e+01 3.114199999999999946e+01 1.403899999999999970e+01 1.370000000000000107e-01
4.459159999999999968e+02 6.050699999999999790e+01 2.078500000000000014e+01 2.680000000000000160e-01
5.345439999999999827e+02 7.576900000000000546e+01 2.268400000000000105e+01 4.159999999999999809e-01
3.267230000000000132e+02 5.779800000000000182e+01 1.740099999999999980e+01 3.410000000000000253e-01
-2.108999999999999986e+00 1.282699999999999996e+01 3.173999999999999932e+00 -2.699999999999999969e-02
-3.040339999999999918e+02 -2.959299999999999997e+01 -1.541600000000000037e+01 -3.940000000000000169e-01
-5.019909999999999854e+02 -4.928399999999999892e+01 -2.867000000000000171e+01 -4.909999999999999920e-01
-5.210710000000000264e+02 -4.650800000000000267e+01 -3.170700000000000074e+01 -4.069999999999999729e-01
-3.476449999999999818e+02 -2.180499999999999972e+01 -2.682700000000000173e+01 -3.310000000000000164e-01
-1.088589999999999947e+02 2.579899999999999949e+01 -1.740800000000000125e+01 -2.399999999999999911e-01
4.420199999999999818e+01 7.912000000000000455e+01 -6.947000000000000064e+00 -6.199999999999999956e-02
8.112300000000000466e+01 1.052229999999999990e+02 -1.643999999999999906e+00 5.999999999999999778e-02
2.466700000000000159e+01 8.287600000000000477e+01 -5.979000000000000092e+00 -3.799999999999999906e-02
-9.386100000000000421e+01 2.251800000000000068e+01 -1.587599999999999945e+01 -2.399999999999999911e-01
-1.450809999999999889e+02 -4.228999999999999915e+01 -2.120899999999999963e+01 -3.240000000000000102e-01
-1.269899999999999984e+01 -8.237099999999999511e+01 -1.458200000000000074e+01 -2.369999999999999885e-01
1.904929999999999950e+02 -8.936299999999999955e+01 3.798000000000000043e+00 -5.000000000000000278e-02
2.391419999999999959e+02 -7.352700000000000102e+01 2.543199999999999861e+01 1.270000000000000018e-01
1.026839999999999975e+02 -5.458200000000000074e+01 3.764099999999999824e+01 1.529999999999999971e-01
-1.815500000000000114e+01 -4.299300000000000210e+01 3.463400000000000034e+01 2.500000000000000139e-02
4.152700000000000102e+01 -2.457300000000000040e+01 2.353000000000000114e+01 -5.800000000000000294e-02
2.028669999999999902e+02 1.484200000000000053e+01 1.505599999999999916e+01 1.799999999999999864e-02
2.607169999999999845e+02 4.902000000000000313e+01 1.158399999999999963e+01 1.019999999999999934e-01
1.460939999999999941e+02 3.633400000000000318e+01 8.561999999999999389e+00 3.699999999999999817e-02
-3.940200000000000102e+01 -1.208200000000000074e+01 3.616000000000000103e+00 -1.120000000000000023e-01
-1.852150000000000034e+02 -3.896200000000000330e+01 -1.423999999999999932e+00 -2.349999999999999867e-01
-2.408100000000000023e+02 -2.157799999999999940e+01 -5.322000000000000064e+00 -3.479999999999999760e-01
-2.057750000000000057e+02 -2.443999999999999950e+00 -9.836999999999999744e+00 -5.060000000000000053e-01
-1.473580000000000041e+02 -2.654700000000000060e+01 -1.688899999999999935e+01 -6.780000000000000471e-01
-1.564720000000000084e+02 -7.646399999999999864e+01 -2.432900000000000063e+01 -7.600000000000000089e-01
-2.467820000000000107e+02 -9.901800000000000068e+01 -2.714900000000000091e+01 -6.730000000000000426e-01
-3.102649999999999864e+02 -8.330800000000000693e+01 -2.423600000000000065e+01 -5.120000000000000107e-01
-1.952719999999999914e+02 -6.490900000000000603e+01 -1.962399999999999878e+01 -4.749999999999999778e-01
6.529699999999999704e+01 -5.902600000000000335e+01 -1.620400000000000063e+01 -5.829999999999999627e-01
1.822170000000000130e+02 -4.961299999999999955e+01 -1.399200000000000088e+01 -6.760000000000000453e-01
1.655600000000000094e+01 -3.385799999999999699e+01 -1.264600000000000080e+01 -6.690000000000000391e-01
-1.271470000000000056e+02 -1.860699999999999932e+01 -9.817999999999999616e+00 -5.799999999999999600e-01
3.652600000000000335e+01 2.374000000000000110e+00 -3.020000000000000018e+00 -4.480000000000000093e-01
3.090199999999999818e+02 2.414900000000000091e+01 3.467000000000000082e+00 -4.119999999999999774e-01
3.835760000000000218e+02 2.599200000000000088e+01 3.798999999999999932e+00 -5.200000000000000178e-01
3.354599999999999795e+02 1.612600000000000122e+01 1.798000000000000043e+00 -4.650000000000000244e-01
3.471279999999999859e+02 2.673600000000000065e+01 3.971999999999999975e+00 -8.999999999999999320e-03
2.853410000000000082e+02 5.495199999999999818e+01 7.573000000000000398e+00 4.979999999999999982e-01
-1.755499999999999972e+01 7.029399999999999693e+01 8.403999999999999915e+00 6.300000000000000044e-01
-3.306279999999999859e+02 7.427700000000000102e+01 8.497999999999999332e+00 5.200000000000000178e-01
-3.227839999999999918e+02 8.637800000000000011e+01 6.453999999999999737e+00 4.420000000000000040e-01
-8.140300000000000580e+01 9.203300000000000125e+01 -2.841000000000000192e+00 2.889999999999999791e-01
7.691100000000000136e+01 6.835099999999999909e+01 -1.369500000000000028e+01 -3.000000000000000062e-03
9.496299999999999386e+01 3.429399999999999693e+01 -1.376800000000000068e+01 -1.069999999999999979e-01
1.152019999999999982e+02 2.422400000000000020e+01 -4.100999999999999979e+00 1.459999999999999909e-01
1.440720000000000027e+02 3.524199999999999733e+01 2.536999999999999922e+00 4.239999999999999880e-01
1.004429999999999978e+02 3.954599999999999937e+01 2.775999999999999801e+00 4.420000000000000040e-01
3.710799999999999699e+01 3.171499999999999986e+01 5.450999999999999623e+00 3.699999999999999956e-01
3.813600000000000279e+01 2.755099999999999838e+01 1.189700000000000024e+01 4.189999999999999836e-01
3.584400000000000119e+01 2.680300000000000082e+01 1.152699999999999925e+01 4.650000000000000244e-01
-4.305599999999999739e+01 1.182000000000000028e+01 1.979000000000000092e+00 3.469999999999999751e-01
-8.669100000000000250e+01 -2.021699999999999875e+01 -5.546000000000000263e+00 1.419999999999999873e-01
3.512700000000000244e+01 -4.954399999999999693e+01 -6.203000000000000291e+00 -2.900000000000000147e-02
2.085819999999999936e+02 -6.005799999999999983e+01 -7.613000000000000433e+00 -1.580000000000000016e-01
1.933830000000000098e+02 -5.717399999999999949e+01 -1.269899999999999984e+01 -2.359999999999999876e-01
-3.672500000000000142e+01 -5.184000000000000341e+01 -1.358000000000000007e+01 -1.940000000000000058e-01
-2.549759999999999991e+02 -3.605199999999999960e+01 -4.911999999999999922e+00 1.000000000000000021e-02
-2.576820000000000164e+02 5.424999999999999822e+00 7.714999999999999858e+00 2.929999999999999827e-01
-6.310600000000000165e+01 5.886899999999999977e+01 1.451299999999999990e+01 4.789999999999999813e-01
1.328799999999999955e+02 8.778799999999999670e+01 1.305799999999999983e+01 4.580000000000000182e-01
1.594900000000000091e+02 7.663500000000000512e+01 9.317999999999999616e+00 2.670000000000000151e-01
1.958899999999999864e+01 3.629099999999999682e+01 6.285999999999999588e+00 -6.000000000000000125e-03
-1.866659999999999968e+02 -2.048400000000000176e+01 5.070000000000000062e-01 -2.730000000000000204e-01
-3.788340000000000032e+02 -7.492900000000000205e+01 -7.278999999999999915e+00 -4.239999999999999880e-01
-4.579180000000000064e+02 -9.530100000000000193e+01 -9.593999999999999417e+00 -4.020000000000000240e-01
-3.027289999999999850e+02 -6.590999999999999659e+01 -3.150999999999999801e+00 -2.479999999999999982e-01
5.861599999999999966e+01 -1.191699999999999982e+01 6.666999999999999815e+00 -1.600000000000000033e-02
3.654049999999999727e+02 2.174099999999999966e+01 1.193399999999999928e+01 2.349999999999999867e-01
4.001159999999999854e+02 1.529400000000000048e+01 7.714999999999999858e+00 3.559999999999999831e-01
2.681730000000000018e+02 -9.913999999999999702e+00 -4.378000000000000114e+00 2.230000000000000038e-01
1.675879999999999939e+02 -2.273100000000000165e+01 -1.502800000000000047e+01 -6.199999999999999956e-02
7.509199999999999875e+01 -1.129899999999999949e+01 -1.397799999999999976e+01 -2.330000000000000127e-01
-9.830299999999999727e+01 2.383899999999999864e+01 -2.000000000000000042e-02 -1.039999999999999952e-01
-3.192620000000000005e+02 7.186799999999999500e+01 1.727899999999999991e+01 2.800000000000000266e-01
-5.065140000000000100e+02 1.034489999999999981e+02 2.663800000000000168e+01 6.680000000000000382e-01
-5.366259999999999764e+02 9.778400000000000603e+01 2.555000000000000071e+01 8.289999999999999591e-01
-2.771340000000000146e+02 7.184099999999999397e+01 2.055900000000000105e+01 7.900000000000000355e-01
1.903470000000000084e+02 5.709199999999999875e+01 1.886199999999999832e+01 7.530000000000000027e-01
5.698260000000000218e+02 6.151800000000000068e+01 2.173699999999999832e+01 7.800000000000000266e-01
6.563060000000000400e+02 6.361899999999999977e+01 2.291100000000000136e+01 6.650000000000000355e-01
4.879189999999999827e+02 3.738600000000000279e+01 1.403299999999999947e+01 2.439999999999999947e-01
2.262259999999999991e+02 -1.534200000000000053e+01 -3.382000000000000117e+00 -2.429999999999999938e-01
2.565999999999999837e+00 -6.452500000000000568e+01 -1.673199999999999932e+01 -3.739999999999999991e-01
-1.220780000000000030e+02 -8.701600000000000534e+01 -1.850499999999999901e+01 -1.189999999999999947e-01
-1.291870000000000118e+02 -8.929600000000000648e+01 -1.536500000000000021e+01 9.500000000000000111e-02
-6.631100000000000705e+01 -8.940999999999999659e+01 -1.539300000000000068e+01 2.999999999999999889e-02
-3.905100000000000193e+01 -8.891100000000000136e+01 -1.544100000000000072e+01 9.299999999999999933e-02
-7.902100000000000080e+01 -7.967199999999999704e+01 -8.176000000000000156e+00 7.960000000000000409e-01
-1.262789999999999964e+02 -6.924599999999999511e+01 4.123999999999999666e+00 1.830000000000000071e+00
-1.912729999999999961e+02 -7.309900000000000375e+01 1.051200000000000045e+01 2.226999999999999869e+00
-3.244959999999999809e+02 -8.410800000000000409e+01 6.153999999999999915e+00 1.600999999999999979e+00
-4.105670000000000073e+02 -7.610099999999999909e+01 -1.368000000000000105e+00 6.039999999999999813e-01
-2.851250000000000000e+02 -4.422999999999999687e+01 -4.695000000000000284e+00 -8.000000000000000167e-02
-4.265100000000000335e+01 -1.735699999999999932e+01 -6.277999999999999581e+00 -5.200000000000000178e-01
1.083130000000000024e+02 -1.203899999999999970e+01 -8.377000000000000668e+00 -1.054000000000000048e+00
2.082860000000000014e+02 -2.491000000000000103e+00 -5.232999999999999652e+00 -1.671999999999999931e+00
3.684239999999999782e+02 3.040800000000000125e+01 3.349000000000000199e+00 -2.214999999999999858e+00
4.065000000000000000e+02 5.383400000000000318e+01 2.863999999999999879e+00 -2.762999999999999901e+00
1.363350000000000080e+02 3.282800000000000296e+01 -1.501500000000000057e+01 -3.346999999999999975e+00
-2.007319999999999993e+02 -8.779999999999999361e+00 -3.379800000000000182e+01 -3.592000000000000082e+00
-2.749359999999999786e+02 -2.391799999999999926e+01 -3.187500000000000000e+01 -3.172000000000000153e+00
-1.719679999999999893e+02 -6.711000000000000298e+00 -1.136999999999999922e+01 -2.400999999999999801e+00
-1.461330000000000098e+02 1.454700000000000060e+01 5.907000000000000028e+00 -1.885000000000000009e+00
-1.844329999999999927e+02 2.157400000000000162e+01 5.929000000000000270e+00 -1.784000000000000030e+00
-1.487789999999999964e+02 1.611599999999999966e+01 -3.333000000000000185e+00 -1.802999999999999936e+00
-6.512000000000000455e+01 2.280000000000000082e-01 -6.520999999999999908e+00 -1.705000000000000071e+00
-1.082799999999999940e+01 -2.656899999999999906e+01 3.099999999999999978e-02 -1.360999999999999988e+00
7.062800000000000011e+01 -4.817099999999999937e+01 1.133799999999999919e+01 -5.749999999999999556e-01
2.189329999999999927e+02 -4.016199999999999903e+01 2.249200000000000088e+01 5.530000000000000471e-01
2.840649999999999977e+02 -6.700999999999999623e+00 2.586799999999999855e+01 1.385999999999999899e+00
1.329350000000000023e+02 2.139300000000000068e+01 1.602799999999999869e+01 1.508000000000000007e+00
-9.478000000000000114e+01 3.017000000000000171e+01 1.364000000000000101e+00 1.328999999999999959e+00
-1.558120000000000118e+02 3.670100000000000051e+01 -5.261000000000000121e+00 1.407999999999999918e+00
-2.680099999999999838e+01 5.654299999999999926e+01 -4.059000000000000163e+00 1.681000000000000050e+00
1.076500000000000057e+02 7.601300000000000523e+01 -2.814000000000000057e+00 1.762000000000000011e+00
8.145099999999999341e+01 6.744100000000000250e+01 -3.406000000000000139e+00 1.570999999999999952e+00
-1.289079999999999870e+02 2.675400000000000134e+01 -5.309999999999999609e+00 1.346000000000000085e+00
-3.905509999999999877e+02 -1.758599999999999852e+01 -1.022899999999999920e+01 1.254000000000000004e+00
-4.901150000000000091e+02 -3.523499999999999943e+01 -1.391600000000000037e+01 1.254999999999999893e+00
-2.974870000000000232e+02 -2.343499999999999872e+01 -6.697000000000000064e+00 1.272999999999999909e+00
1.094719999999999942e+02 -4.924999999999999822e+00 9.462999999999999190e+00 1.272999999999999909e+00
4.622880000000000109e+02 -3.121999999999999886e+00 1.813700000000000045e+01 1.199000000000000066e+00
5.034300000000000068e+02 -2.125600000000000023e+01 1.035200000000000031e+01 1.022000000000000020e+00
2.607400000000000091e+02 -4.625399999999999778e+01 -3.919999999999999929e+00 8.000000000000000444e-01
4.885499999999999687e+01 -6.716500000000000625e+01 -1.124300000000000033e+01 5.989999999999999769e-01
1.052759999999999962e+02 -7.898799999999999955e+01 -9.137999999999999901e+00 4.540000000000000147e-01
3.111419999999999959e+02 -7.607399999999999807e+01 -2.819999999999999840e+00 4.139999999999999791e-01
3.507169999999999845e+02 -6.036800000000000210e+01 1.695000000000000062e+00 4.359999999999999987e-01
7.577200000000000557e+01 -4.831900000000000261e+01 5.070000000000000062e-01 3.479999999999999760e-01
-3.599350000000000023e+02 -4.707500000000000284e+01 -3.779999999999999805e+00 1.499999999999999944e-01
-6.899579999999999700e+02 -3.408500000000000085e+01 -1.546999999999999931e+00 1.529999999999999971e-01
-7.427989999999999782e+02 1.366900000000000048e+01 1.256300000000000061e+01 5.370000000000000329e-01
-4.724639999999999986e+02 8.444199999999999307e+01 3.047800000000000153e+01 1.018000000000000016e+00
2.468400000000000105e+01 1.517179999999999893e+02 4.057999999999999829e+01 1.298000000000000043e+00
5.171689999999999827e+02 2.026399999999999864e+02 4.196000000000000085e+01 1.437999999999999945e+00
8.172329999999999472e+02 2.195819999999999936e+02 3.843599999999999994e+01 1.419000000000000039e+00
8.833730000000000473e+02 1.771800000000000068e+02 2.658699999999999974e+01 9.739999999999999769e-01
7.226000000000000227e+02 8.954999999999999716e+01 5.623000000000000220e+00 2.200000000000000011e-01
3.991689999999999827e+02 1.476099999999999923e+01 -1.097799999999999976e+01 -2.520000000000000018e-01
9.824500000000000455e+01 -1.363299999999999912e+01 -1.223399999999999999e+01 -2.059999999999999887e-01
-3.050400000000000134e+01 -1.874899999999999878e+01 -7.038999999999999702e+00 -5.500000000000000028e-02
-3.893399999999999750e+01 -2.936899999999999977e+01 -8.061999999999999389e+00 -1.719999999999999862e-01
-9.248399999999999466e+01 -3.957900000000000063e+01 -1.105700000000000038e+01 -4.139999999999999791e-01
-2.501100000000000136e+02 -3.528999999999999915e+01 -6.325999999999999623e+00 -4.879999999999999893e-01
-3.731630000000000109e+02 -2.261299999999999955e+01 2.361000000000000210e+00 -3.950000000000000178e-01
-3.100980000000000132e+02 -1.397499999999999964e+01 5.549000000000000377e+00 -2.780000000000000249e-01
-1.077330000000000041e+02 -1.340099999999999980e+01 2.008000000000000007e+00 -1.869999999999999996e-01
9.267600000000000193e+01 -2.083099999999999952e+01 -6.126999999999999780e+00 -1.789999999999999925e-01
2.246380000000000052e+02 -3.265500000000000114e+01 -1.851999999999999957e+01 -3.430000000000000271e-01
2.297270000000000039e+02 -4.047599999999999909e+01 -3.043900000000000006e+01 -6.250000000000000000e-01
6.278699999999999903e+01 -3.786200000000000188e+01 -3.411500000000000199e+01 -8.529999999999999805e-01
-1.546659999999999968e+02 -2.638899999999999935e+01 -2.929400000000000048e+01 -9.469999999999999529e-01
-2.392849999999999966e+02 -1.394899999999999984e+01 -2.312699999999999889e+01 -9.379999999999999449e-01
-1.784329999999999927e+02 -3.560999999999999943e+00 -1.952599999999999980e+01 -8.519999999999999796e-01
-7.292799999999999727e+01 1.244500000000000028e+01 -1.647500000000000142e+01 -7.109999999999999654e-01
2.177700000000000102e+01 3.281400000000000006e+01 -1.482699999999999996e+01 -6.139999999999999902e-01
6.974699999999999989e+01 3.067800000000000082e+01 -2.110500000000000043e+01 -6.860000000000000542e-01
-3.451000000000000068e+00 -1.610300000000000153e+01 -3.585999999999999943e+01 -9.370000000000000551e-01
-2.331519999999999868e+02 -8.143600000000000705e+01 -4.733500000000000085e+01 -1.193999999999999950e+00
-5.012699999999999818e+02 -1.102789999999999964e+02 -4.432300000000000040e+01 -1.262999999999999901e+00
-5.798410000000000082e+02 -8.276600000000000534e+01 -2.865800000000000125e+01 -1.076999999999999957e+00
-3.421449999999999818e+02 -2.331299999999999883e+01 -8.355999999999999872e+00 -6.550000000000000266e-01
9.320300000000000296e+01 4.602400000000000091e+01 1.407699999999999996e+01 -5.600000000000000117e-02
4.371530000000000200e+02 1.096020000000000039e+02 3.625500000000000256e+01 5.080000000000000071e-01
4.333849999999999909e+02 1.371409999999999911e+02 4.689000000000000057e+01 7.570000000000000062e-01
7.133100000000000307e+01 1.185270000000000010e+02 3.867199999999999704e+01 6.510000000000000231e-01
-3.337069999999999936e+02 8.891299999999999670e+01 2.457900000000000063e+01 3.980000000000000204e-01
-4.118070000000000164e+02 7.630500000000000682e+01 2.369800000000000040e+01 2.059999999999999887e-01
-1.822429999999999950e+02 6.561400000000000432e+01 3.408599999999999852e+01 1.570000000000000007e-01
3.701000000000000068e+00 4.076599999999999824e+01 3.624900000000000233e+01 1.680000000000000104e-01
4.400300000000000011e+01 1.850199999999999889e+01 2.274500000000000099e+01 3.200000000000000067e-02
1.810519999999999925e+02 1.582199999999999918e+01 7.918000000000000149e+00 -3.049999999999999933e-01
4.042330000000000041e+02 1.668299999999999983e+01 5.344000000000000306e+00 -5.829999999999999627e-01
3.740980000000000132e+02 -4.152999999999999581e+00 9.928000000000000824e+00 -5.849999999999999645e-01
8.529600000000000648e+01 -4.290200000000000102e+01 8.807999999999999829e+00 -4.600000000000000200e-01
-6.653000000000000114e+01 -7.245900000000000318e+01 8.279999999999999583e-01 -4.380000000000000004e-01
3.364200000000000301e+01 -7.705100000000000193e+01 -3.718999999999999861e+00 -4.719999999999999751e-01
9.446500000000000341e+01 -6.501800000000000068e+01 2.780000000000000249e-01 -4.099999999999999756e-01
-2.829200000000000159e+01 -5.292900000000000205e+01 5.408000000000000362e+00 -2.839999999999999747e-01
-1.634159999999999968e+02 -5.208200000000000074e+01 2.483999999999999986e+00 -2.290000000000000091e-01
-1.762309999999999945e+02 -6.356199999999999761e+01 -7.831000000000000405e+00 -3.069999999999999951e-01
-1.383930000000000007e+02 -7.688800000000000523e+01 -1.707799999999999940e+01 -4.630000000000000226e-01
-1.468729999999999905e+02 -8.150300000000000011e+01 -1.932100000000000151e+01 -5.689999999999999503e-01
-1.711970000000000027e+02 -7.690500000000000114e+01 -1.666700000000000159e+01 -5.480000000000000426e-01
-1.450889999999999986e+02 -6.812800000000000011e+01 -1.548499999999999943e+01 -5.000000000000000000e-01
-1.125169999999999959e+02 -6.254999999999999716e+01 -1.852199999999999847e+01 -5.580000000000000515e-01
-1.572119999999999891e+02 -6.500700000000000500e+01 -2.099200000000000088e+01 -6.330000000000000071e-01
-2.323050000000000068e+02 -6.538700000000000045e+01 -1.596599999999999930e+01 -5.000000000000000000e-01
-2.281719999999999970e+02 -4.418999999999999773e+01 -3.491000000000000103e+00 -1.059999999999999970e-01
-1.769240000000000066e+02 -1.911999999999999922e+00 9.509000000000000341e+00 3.880000000000000115e-01
-1.648410000000000082e+02 3.120100000000000051e+01 1.765099999999999980e+01 7.920000000000000373e-01
-8.411799999999999500e+01 3.937199999999999989e+01 2.188400000000000034e+01 1.032000000000000028e+00
2.325989999999999895e+02 5.731600000000000250e+01 2.638299999999999912e+01 1.183999999999999941e+00
6.657160000000000082e+02 1.107560000000000002e+02 3.064199999999999946e+01 1.243999999999999995e+00
8.849619999999999891e+02 1.502580000000000098e+02 2.876200000000000045e+01 1.008000000000000007e+00
7.382319999999999709e+02 1.202309999999999945e+02 2.098199999999999932e+01 5.070000000000000062e-01
3.698870000000000005e+02 5.229099999999999682e+01 1.574099999999999966e+01 1.559999999999999998e-01
2.040500000000000114e+01 1.658699999999999974e+01 1.632700000000000173e+01 1.499999999999999944e-01
-1.486759999999999877e+02 3.431300000000000239e+01 1.947800000000000153e+01 2.250000000000000056e-01
-1.094449999999999932e+02 8.080899999999999750e+01 2.544600000000000151e+01 1.950000000000000067e-01
9.352000000000000313e+00 1.099030000000000058e+02 3.268200000000000216e+01 1.960000000000000075e-01
1.725900000000000034e+01 7.305599999999999739e+01 2.944300000000000139e+01 2.879999999999999782e-01
-1.065349999999999966e+02 -2.005699999999999861e+01 8.993999999999999773e+00 2.819999999999999729e-01
-1.644499999999999886e+02 -9.184399999999999409e+01 -1.415199999999999925e+01 1.419999999999999873e-01
-1.109399999999999942e+01 -9.678900000000000148e+01 -2.071099999999999852e+01 1.170000000000000068e-01
2.278509999999999991e+02 -7.674299999999999500e+01 -1.391099999999999959e+01 2.650000000000000133e-01
3.007139999999999986e+02 -8.300400000000000489e+01 -1.318699999999999939e+01 2.839999999999999747e-01
1.370430000000000064e+02 -1.033149999999999977e+02 -2.468400000000000105e+01 5.600000000000000117e-02
-8.815399999999999636e+01 -9.952599999999999625e+01 -3.596099999999999852e+01 -1.350000000000000089e-01
-1.924780000000000086e+02 -7.256100000000000705e+01 -3.747899999999999920e+01 -9.800000000000000377e-02
-1.923689999999999998e+02 -5.457600000000000051e+01 -3.360699999999999932e+01 -1.700000000000000122e-02
-2.256680000000000064e+02 -5.933899999999999864e+01 -3.266700000000000159e+01 -9.400000000000000022e-02
-3.363679999999999950e+02 -6.857800000000000296e+01 -3.601899999999999835e+01 -2.790000000000000258e-01
-4.262699999999999818e+02 -5.939399999999999835e+01 -3.867399999999999949e+01 -4.309999999999999942e-01
-4.257509999999999764e+02 -2.783699999999999974e+01 -3.577900000000000347e+01 -5.010000000000000009e-01
-4.197189999999999941e+02 8.606999999999999318e+00 -2.646900000000000119e+01 -4.789999999999999813e-01
-4.933190000000000168e+02 2.518799999999999883e+01 -1.375600000000000023e+01 -3.230000000000000093e-01
-5.047239999999999895e+02 2.335000000000000142e+01 -3.920000000000000151e-01 3.000000000000000062e-03
-2.299569999999999936e+02 4.110000000000000142e+01 1.457900000000000063e+01 4.620000000000000218e-01
2.655579999999999927e+02 9.226399999999999579e+01 2.967500000000000071e+01 8.569999999999999840e-01
6.530940000000000509e+02 1.246779999999999973e+02 3.574099999999999966e+01 9.170000000000000373e-01
7.212229999999999563e+02 9.359999999999999432e+01 2.741499999999999915e+01 6.209999999999999964e-01
5.263609999999999900e+02 3.063500000000000156e+01 1.303700000000000081e+01 2.829999999999999738e-01
2.549739999999999895e+02 -1.165199999999999925e+01 3.208000000000000185e+00 1.409999999999999865e-01
6.344899999999999807e+01 -2.478600000000000136e+01 -5.949999999999999734e-01 1.310000000000000053e-01
-3.737100000000000222e+01 -1.716499999999999915e+01 1.000000000000000056e-01 1.940000000000000058e-01
-1.421810000000000116e+02 1.498700000000000010e+01 5.108999999999999986e+00 3.689999999999999947e-01
-2.362259999999999991e+02 5.857300000000000040e+01 1.065300000000000047e+01 5.360000000000000320e-01
-1.582179999999999893e+02 7.601500000000000057e+01 1.262700000000000067e+01 5.170000000000000151e-01
1.145769999999999982e+02 5.332699999999999818e+01 1.381600000000000072e+01 3.870000000000000107e-01
3.485459999999999923e+02 2.082999999999999829e+01 1.681599999999999895e+01 3.170000000000000040e-01
3.648439999999999941e+02 6.094999999999999751e+00 1.601300000000000168e+01 2.409999999999999920e-01
2.378959999999999866e+02 -4.243999999999999773e+00 6.918000000000000149e+00 1.099999999999999936e-02
8.781600000000000250e+01 -3.385399999999999920e+01 -5.501999999999999780e+00 -2.849999999999999756e-01
-6.346399999999999864e+01 -6.740300000000000580e+01 -1.413499999999999979e+01 -3.930000000000000160e-01
-1.785339999999999918e+02 -6.195700000000000074e+01 -1.576299999999999990e+01 -2.030000000000000138e-01
-1.829159999999999968e+02 -8.967999999999999972e+00 -1.021599999999999930e+01 1.000000000000000056e-01
-9.272700000000000387e+01 4.563300000000000267e+01 -2.271999999999999797e+00 2.280000000000000082e-01
-1.040499999999999936e+01 5.791199999999999903e+01 4.979999999999999982e-01 1.130000000000000032e-01
1.549499999999999922e+01 3.627799999999999869e+01 -2.822000000000000064e+00 -7.000000000000000666e-02
2.180300000000000082e+01 1.766000000000000014e+01 -4.812000000000000277e+00 -1.580000000000000016e-01
2.495299999999999940e+01 1.541000000000000014e+01 1.039999999999999952e-01 -1.250000000000000000e-01
-2.005499999999999972e+01 1.122199999999999953e+01 6.889000000000000234e+00 -5.099999999999999672e-02
-1.264539999999999935e+02 -1.319699999999999918e+01 4.756000000000000227e+00 -8.599999999999999312e-02
-2.118909999999999911e+02 -5.131700000000000017e+01 -7.668999999999999595e+00 -3.140000000000000013e-01
-1.971970000000000027e+02 -7.632099999999999795e+01 -1.836599999999999966e+01 -5.739999999999999547e-01
-1.404530000000000030e+02 -6.976999999999999602e+01 -1.835900000000000176e+01 -6.069999999999999840e-01
-1.527909999999999968e+02 -4.325900000000000034e+01 -1.301299999999999990e+01 -4.369999999999999996e-01
-1.862340000000000089e+02 -2.145799999999999841e+01 -1.019699999999999918e+01 -3.160000000000000031e-01
-9.929200000000000159e+01 -1.347899999999999920e+01 -8.771000000000000796e+00 -3.449999999999999734e-01
5.243599999999999994e+01 -1.652100000000000080e+01 -5.684999999999999609e+00 -4.020000000000000240e-01
4.236800000000000210e+01 -2.807600000000000051e+01 -2.329000000000000181e+00 -3.739999999999999991e-01
-1.589329999999999927e+02 -3.651899999999999835e+01 1.058999999999999941e+00 -2.429999999999999938e-01
-2.878999999999999773e+02 -2.392899999999999849e+01 6.767999999999999794e+00 -3.400000000000000244e-02
-1.376670000000000016e+02 8.114000000000000767e+00 1.383200000000000074e+01 1.779999999999999916e-01
1.772290000000000134e+02 3.714500000000000313e+01 1.828699999999999903e+01 2.859999999999999765e-01
3.759700000000000273e+02 4.686399999999999721e+01 1.807300000000000040e+01 2.489999999999999991e-01
3.372320000000000277e+02 4.097200000000000131e+01 1.374499999999999922e+01 1.260000000000000009e-01
1.864190000000000111e+02 3.227000000000000313e+01 6.927999999999999936e+00 1.400000000000000029e-02
7.758499999999999375e+01 2.321199999999999974e+01 1.509999999999999953e-01 -4.599999999999999922e-02
3.924000000000000199e+01 5.516000000000000014e+00 -3.955999999999999961e+00 -8.599999999999999312e-02
6.575199999999999534e+01 -1.417200000000000060e+01 -4.535999999999999588e+00 -1.069999999999999979e-01
1.543209999999999980e+02 -1.201999999999999957e+01 -2.862999999999999989e+00 -4.700000000000000011e-02
2.185670000000000073e+02 1.286899999999999977e+01 -1.608999999999999986e+00 6.300000000000000044e-02
1.553540000000000134e+02 2.763100000000000023e+01 -4.118000000000000327e+00 5.299999999999999850e-02
-1.062700000000000067e+01 1.550799999999999912e+01 -1.032900000000000063e+01 -1.239999999999999991e-01
-1.528149999999999977e+02 2.025999999999999801e+00 -1.384999999999999964e+01 -2.240000000000000047e-01
-1.600970000000000084e+02 9.403999999999999915e+00 -1.066600000000000037e+01 -9.299999999999999933e-02
-3.363199999999999790e+01 2.018599999999999994e+01 -7.613000000000000433e+00 3.300000000000000155e-02
7.466800000000000637e+01 1.164300000000000068e+01 -1.160399999999999920e+01 -8.400000000000000522e-02
1.733999999999999986e+01 -4.657000000000000028e+00 -1.662300000000000111e+01 -2.670000000000000151e-01
-1.413640000000000043e+02 -7.642999999999999794e+00 -1.452699999999999925e+01 -2.349999999999999867e-01
-2.239629999999999939e+02 -5.758000000000000007e+00 -9.996000000000000441e+00 -8.000000000000000167e-02
-1.923160000000000025e+02 -1.411700000000000088e+01 -9.580000000000000071e+00 -3.899999999999999994e-02
-1.468340000000000032e+02 -1.670100000000000051e+01 -7.541000000000000369e+00 -4.399999999999999745e-02
-1.560529999999999973e+02 4.915000000000000036e+00 1.705000000000000071e+00 7.900000000000000078e-02
-1.803779999999999859e+02 3.096799999999999997e+01 1.067800000000000082e+01 2.020000000000000129e-01
-1.004030000000000058e+02 3.646999999999999886e+01 1.270100000000000051e+01 1.499999999999999944e-01
1.643810000000000002e+02 3.625500000000000256e+01 1.477999999999999936e+01 1.029999999999999943e-01
4.989920000000000186e+02 5.154599999999999937e+01 2.343599999999999994e+01 2.760000000000000231e-01
6.543719999999999573e+02 6.361699999999999733e+01 3.062300000000000111e+01 4.610000000000000209e-01
5.704049999999999727e+02 5.166799999999999926e+01 2.713599999999999923e+01 3.669999999999999929e-01
4.511490000000000009e+02 3.526700000000000301e+01 1.751899999999999835e+01 1.000000000000000056e-01
3.645319999999999823e+02 2.542699999999999960e+01 9.625000000000000000e+00 -9.600000000000000200e-02
1.137759999999999962e+02 -6.540000000000000036e+00 3.168000000000000149e+00 -2.109999999999999931e-01
-2.934789999999999850e+02 -6.382099999999999795e+01 -2.181999999999999940e+00 -2.540000000000000036e-01
-5.295349999999999682e+02 -1.003310000000000031e+02 -1.288000000000000034e+00 -1.179999999999999938e-01
-4.837909999999999968e+02 -9.456300000000000239e+01 6.371999999999999886e+00 1.310000000000000053e-01
-4.007989999999999782e+02 -7.872400000000000375e+01 1.235699999999999932e+01 1.990000000000000102e-01
-3.628100000000000023e+02 -7.322499999999999432e+01 1.262500000000000000e+01 -2.100000000000000130e-02
-1.461920000000000073e+02 -4.529099999999999682e+01 1.573799999999999955e+01 -2.349999999999999867e-01
2.985509999999999877e+02 3.613199999999999790e+01 2.785600000000000165e+01 -1.179999999999999938e-01
6.593780000000000427e+02 1.311310000000000002e+02 3.868800000000000239e+01 2.179999999999999993e-01
6.482830000000000155e+02 1.640989999999999895e+02 3.514999999999999858e+01 3.970000000000000195e-01
3.120029999999999859e+02 1.249539999999999935e+02 2.119600000000000151e+01 3.430000000000000271e-01
-4.953499999999999659e+01 7.731900000000000261e+01 1.065900000000000070e+01 2.889999999999999791e-01
-1.781529999999999916e+02 6.435299999999999443e+01 7.618000000000000327e+00 3.180000000000000049e-01
-9.555700000000000216e+01 6.443699999999999761e+01 6.209999999999999964e+00 2.989999999999999880e-01
3.963000000000000078e+00 4.527199999999999847e+01 3.495999999999999996e+00 1.960000000000000075e-01
4.870499999999999829e+01 1.404899999999999949e+01 1.721999999999999975e+00 1.110000000000000014e-01
5.870900000000000318e+01 -6.527999999999999581e+00 1.179999999999999938e-01 5.899999999999999689e-02
-4.939600000000000080e+01 -2.175799999999999912e+01 -6.979000000000000092e+00 -9.600000000000000200e-02
-2.976150000000000091e+02 -4.862199999999999989e+01 -2.033800000000000097e+01 -3.980000000000000204e-01
-4.703229999999999791e+02 -7.500499999999999545e+01 -3.099699999999999989e+01 -6.580000000000000293e-01
-4.108870000000000005e+02 -7.575700000000000500e+01 -3.160600000000000165e+01 -6.830000000000000515e-01
-2.503389999999999986e+02 -5.532200000000000273e+01 -2.619600000000000151e+01 -5.240000000000000213e-01
-1.377870000000000061e+02 -4.164699999999999847e+01 -2.269699999999999918e+01 -3.780000000000000027e-01
-5.675200000000000244e+01 -4.895100000000000051e+01 -2.300100000000000122e+01 -3.589999999999999858e-01
-1.409999999999999964e+01 -6.701999999999999602e+01 -2.563200000000000145e+01 -4.400000000000000022e-01
-5.985699999999999932e+01 -7.831100000000000705e+01 -2.967899999999999849e+01 -5.180000000000000160e-01
-9.052899999999999636e+01 -7.357599999999999341e+01 -3.107300000000000040e+01 -4.729999999999999760e-01
2.406299999999999883e+01 -5.379699999999999704e+01 -2.466400000000000148e+01 -2.590000000000000080e-01
1.784300000000000068e+02 -2.356299999999999883e+01 -1.385100000000000087e+01 1.499999999999999944e-02
2.109670000000000130e+02 9.346999999999999531e+00 -7.179999999999999716e+00 1.789999999999999925e-01
1.767889999999999873e+02 3.064499999999999957e+01 -3.923999999999999932e+00 2.260000000000000064e-01
1.450900000000000034e+02 2.885900000000000176e+01 3.169000000000000039e+00 2.730000000000000204e-01
-1.736400000000000077e+01 3.750000000000000000e+00 1.093299999999999983e+01 2.919999999999999818e-01
-3.852520000000000095e+02 -3.831300000000000239e+01 8.282999999999999474e+00 1.539999999999999980e-01
-7.611159999999999854e+02 -8.416599999999999682e+01 -4.355000000000000426e+00 -6.600000000000000311e-02
-9.040249999999999773e+02 -1.113949999999999960e+02 -1.374399999999999977e+01 -1.439999999999999891e-01
-7.639059999999999491e+02 -1.015379999999999967e+02 -1.165399999999999991e+01 -2.699999999999999969e-02
-4.314049999999999727e+02 -5.857099999999999795e+01 -2.892999999999999794e+00 1.239999999999999991e-01
-1.341799999999999926e+01 -7.094000000000000306e+00 4.408000000000000362e+00 1.660000000000000087e-01
4.041399999999999864e+02 3.376599999999999824e+01 9.480000000000000426e+00 1.469999999999999918e-01
7.276630000000000109e+02 6.496800000000000352e+01 1.608999999999999986e+01 1.950000000000000067e-01
8.262599999999999909e+02 8.500799999999999557e+01 2.239000000000000057e+01 2.780000000000000249e-01
6.247100000000000364e+02 7.364300000000000068e+01 2.148600000000000065e+01 2.349999999999999867e-01
2.663349999999999795e+02 1.836400000000000077e+01 1.103299999999999947e+01 3.400000000000000244e-02
4.482000000000000206e+00 -6.067099999999999937e+01 -4.631000000000000227e+00 -2.260000000000000064e-01
-9.049299999999999500e+01 -1.254719999999999942e+02 -1.836599999999999966e+01 -4.729999999999999760e-01
-1.079150000000000063e+02 -1.499420000000000073e+02 -2.301300000000000168e+01 -6.380000000000000115e-01
-9.403000000000000114e+01 -1.304610000000000127e+02 -1.580000000000000071e+01 -6.009999999999999787e-01
-7.711799999999999500e+01 -7.134999999999999432e+01 4.339999999999999969e-01 -2.489999999999999991e-01
-9.094799999999999329e+01 2.292599999999999838e+01 2.087300000000000111e+01 4.079999999999999738e-01
-4.564900000000000091e+01 1.274479999999999933e+02 3.778600000000000136e+01 1.124000000000000110e+00
1.714089999999999918e+02 1.954689999999999941e+02 4.114500000000000313e+01 1.457999999999999963e+00
4.198430000000000177e+02 2.007529999999999859e+02 2.926899999999999835e+01 1.161000000000000032e+00
4.215199999999999818e+02 1.608350000000000080e+02 1.293399999999999928e+01 5.190000000000000169e-01
1.708899999999999864e+02 1.116290000000000049e+02 2.706999999999999851e+00 1.000000000000000056e-01
-4.973700000000000188e+01 7.919199999999999307e+01 -1.106000000000000094e+00 9.600000000000000200e-02
-7.787099999999999511e+01 6.785699999999999932e+01 -2.754999999999999893e+00 1.990000000000000102e-01
-2.558200000000000074e+01 5.692099999999999937e+01 -3.603000000000000203e+00 1.400000000000000133e-01
2.560999999999999943e+00 2.234299999999999997e+01 -3.717999999999999972e+00 -1.099999999999999936e-02
5.212899999999999778e+01 -2.911700000000000088e+01 -4.434999999999999609e+00 -1.239999999999999991e-01
1.095909999999999940e+02 -6.586199999999999477e+01 -7.328000000000000291e+00 -1.950000000000000067e-01
5.865400000000000347e+01 -7.399299999999999500e+01 -1.270100000000000051e+01 -2.379999999999999893e-01
-8.106499999999999773e+01 -7.278700000000000614e+01 -1.769200000000000017e+01 -2.439999999999999947e-01
-1.496330000000000098e+02 -8.285999999999999943e+01 -1.758699999999999974e+01 -2.680000000000000160e-01
-1.053229999999999933e+02 -9.644899999999999807e+01 -1.210899999999999999e+01 -3.539999999999999813e-01
-5.922200000000000131e+01 -9.066800000000000637e+01 -6.157000000000000028e+00 -4.279999999999999916e-01
-6.844400000000000261e+01 -6.073199999999999932e+01 -2.083000000000000185e+00 -3.880000000000000115e-01
-8.573499999999999943e+01 -2.529500000000000171e+01 2.583000000000000185e+00 -2.300000000000000100e-01
-9.362300000000000466e+01 -2.392999999999999794e+00 7.546999999999999709e+00 -2.400000000000000050e-02
-1.148319999999999936e+02 5.552999999999999936e+00 7.339999999999999858e+00 1.170000000000000068e-01
-1.253190000000000026e+02 5.701999999999999957e+00 1.108000000000000096e+00 8.599999999999999312e-02
-1.301759999999999877e+02 5.546999999999999709e+00 -2.982000000000000206e+00 -7.099999999999999367e-02
-2.281440000000000055e+02 7.658000000000000362e+00 -3.820000000000000062e-01 -1.660000000000000087e-01
-4.135179999999999723e+02 1.042300000000000004e+01 1.288999999999999924e+00 -1.140000000000000041e-01
-4.680690000000000168e+02 1.389700000000000024e+01 -5.155999999999999694e+00 -8.999999999999999320e-03
-2.331899999999999977e+02 1.809499999999999886e+01 -1.420700000000000074e+01 6.099999999999999867e-02
1.662549999999999955e+02 1.825000000000000000e+01 -1.654700000000000060e+01 8.899999999999999578e-02
4.882850000000000250e+02 1.302299999999999969e+01 -1.273300000000000054e+01 3.500000000000000333e-02
5.998269999999999982e+02 1.078299999999999947e+01 -1.035100000000000087e+01 -1.449999999999999900e-01
4.879479999999999791e+02 1.694300000000000139e+01 -1.210399999999999920e+01 -3.180000000000000049e-01
2.399199999999999875e+02 2.604299999999999926e+01 -1.312500000000000000e+01 -2.489999999999999991e-01
3.794599999999999795e+01 3.388400000000000034e+01 -1.025999999999999979e+01 6.500000000000000222e-02
1.090000000000000036e+01 4.320499999999999829e+01 -8.512000000000000455e+00 3.069999999999999951e-01
1.081620000000000061e+02 5.415200000000000102e+01 -1.223900000000000077e+01 2.359999999999999876e-01
2.081250000000000000e+02 6.415099999999999625e+01 -1.530799999999999983e+01 2.699999999999999969e-02
2.740899999999999750e+02 7.765500000000000114e+01 -1.022600000000000087e+01 1.200000000000000025e-02
3.320230000000000246e+02 9.700300000000000011e+01 -1.221000000000000085e+00 1.880000000000000004e-01
3.441410000000000196e+02 1.004429999999999978e+02 2.194999999999999840e+00 2.620000000000000107e-01
2.075109999999999957e+02 5.697599999999999909e+01 -1.899999999999999911e+00 1.100000000000000006e-01
-8.570999999999999375e+01 -2.710099999999999909e+01 -1.031700000000000017e+01 -9.700000000000000289e-02
-3.883360000000000127e+02 -1.048340000000000032e+02 -2.203699999999999903e+01 -2.349999999999999867e-01
-5.417150000000000318e+02 -1.344379999999999882e+02 -3.246300000000000097e+01 -3.380000000000000226e-01
-5.013020000000000209e+02 -1.048199999999999932e+02 -2.901399999999999935e+01 -3.180000000000000049e-01
-3.284549999999999841e+02 -3.400099999999999767e+01 -6.157000000000000028e+00 1.700000000000000122e-02
-1.185540000000000020e+02 3.392799999999999727e+01 2.164999999999999858e+01 5.649999999999999467e-01
8.732299999999999329e+01 5.976899999999999835e+01 3.385999999999999943e+01 8.890000000000000124e-01
2.906770000000000209e+02 4.877000000000000313e+01 2.586499999999999844e+01 7.169999999999999707e-01
3.811700000000000159e+02 2.898999999999999844e+01 1.087299999999999933e+01 2.640000000000000124e-01
1.897570000000000050e+02 7.955000000000000071e+00 4.158999999999999808e+00 -7.900000000000000078e-02
-1.813350000000000080e+02 -1.585399999999999920e+01 8.064999999999999503e+00 -1.910000000000000031e-01
-3.770389999999999873e+02 -3.201899999999999835e+01 1.215000000000000036e+01 -2.670000000000000151e-01
-2.361450000000000102e+02 -3.404999999999999716e+01 9.150999999999999801e+00 -4.390000000000000013e-01
5.575399999999999778e+01 -2.767999999999999972e+01 5.596000000000000085e+00 -5.699999999999999512e-01
2.410720000000000027e+02 -1.843100000000000094e+01 1.017300000000000004e+01 -5.190000000000000169e-01
2.136049999999999898e+02 -8.643000000000000682e+00 1.899800000000000111e+01 -3.800000000000000044e-01
4.055599999999999739e+01 1.461999999999999966e+00 2.276599999999999824e+01 -2.780000000000000249e-01
-1.157600000000000051e+02 1.337599999999999945e+01 2.110200000000000031e+01 -1.869999999999999996e-01
-1.256170000000000044e+02 2.236100000000000065e+01 1.948600000000000065e+01 -7.599999999999999811e-02
1.099999999999999936e-02 2.313700000000000045e+01 2.038700000000000045e+01 2.299999999999999961e-02
1.019530000000000030e+02 2.198499999999999943e+01 2.373799999999999955e+01 1.280000000000000027e-01
2.719200000000000017e+01 1.855300000000000082e+01 2.635800000000000054e+01 2.159999999999999976e-01
-1.703180000000000121e+02 -1.282999999999999918e+00 2.227100000000000080e+01 1.690000000000000113e-01
-2.895310000000000059e+02 -2.851899999999999835e+01 1.364000000000000057e+01 5.700000000000000205e-02
-2.617760000000000105e+02 -3.227499999999999858e+01 1.215199999999999925e+01 1.179999999999999938e-01
-1.952769999999999868e+02 -1.202500000000000036e+01 2.104200000000000159e+01 3.459999999999999742e-01
-1.427839999999999918e+02 2.947000000000000064e+00 2.845200000000000173e+01 4.789999999999999813e-01
-4.954999999999999716e+01 5.729999999999999538e-01 2.459700000000000131e+01 3.739999999999999991e-01
5.588300000000000267e+01 -6.934000000000000163e+00 1.488299999999999912e+01 1.270000000000000018e-01
2.979899999999999949e+01 -6.432999999999999829e+00 1.074499999999999922e+01 -6.400000000000000133e-02
-1.878139999999999930e+02 1.520000000000000018e+00 1.324300000000000033e+01 -1.010000000000000064e-01
-4.521770000000000209e+02 6.330000000000000071e-01 1.325799999999999912e+01 -8.400000000000000522e-02
-5.276219999999999573e+02 -2.039099999999999824e+01 6.576999999999999957e+00 -1.459999999999999909e-01
-3.334920000000000186e+02 -4.532300000000000040e+01 -1.350000000000000089e+00 -2.419999999999999929e-01
-3.770199999999999818e+01 -4.508400000000000318e+01 -4.817000000000000171e+00 -2.069999999999999896e-01
1.714809999999999945e+02 -1.142300000000000004e+01 -1.961000000000000076e+00 2.299999999999999961e-02
2.975720000000000027e+02 2.877499999999999858e+01 5.394999999999999574e+00 2.929999999999999827e-01
4.298330000000000268e+02 3.845900000000000318e+01 9.227999999999999758e+00 3.609999999999999876e-01
5.892450000000000045e+02 2.160099999999999909e+01 3.290999999999999925e+00 1.990000000000000102e-01
7.269049999999999727e+02 2.280399999999999849e+01 -5.198000000000000398e+00 9.800000000000000377e-02
7.627569999999999482e+02 5.479699999999999704e+01 -5.774000000000000021e+00 2.479999999999999982e-01
6.526989999999999554e+02 7.367300000000000182e+01 -1.703999999999999959e+00 3.810000000000000053e-01
4.380000000000000000e+02 5.005400000000000205e+01 -2.290000000000000036e+00 1.869999999999999996e-01
1.986339999999999861e+02 1.204199999999999982e+01 -6.703999999999999737e+00 -1.239999999999999991e-01
-5.589000000000000412e+00 -5.820000000000000284e+00 -8.682999999999999829e+00 -1.120000000000000023e-01
-1.618669999999999902e+02 -1.065399999999999991e+01 -8.766999999999999460e+00 2.030000000000000138e-01
-2.911990000000000123e+02 -2.646900000000000119e+01 -1.195899999999999963e+01 3.599999999999999867e-01
-3.804599999999999795e+02 -5.431600000000000250e+01 -2.036199999999999832e+01 1.019999999999999934e-01
-3.774220000000000255e+02 -7.539600000000000080e+01 -3.197700000000000031e+01 -3.360000000000000209e-01
-2.876899999999999977e+02 -7.732299999999999329e+01 -4.096099999999999852e+01 -5.969999999999999751e-01
-1.952740000000000009e+02 -6.706900000000000261e+01 -4.124600000000000222e+01 -5.999999999999999778e-01
-1.401390000000000100e+02 -5.835199999999999676e+01 -3.275900000000000034e+01 -4.789999999999999813e-01
-6.850300000000000011e+01 -5.077300000000000324e+01 -1.996099999999999852e+01 -2.979999999999999871e-01
2.257100000000000151e+01 -3.434000000000000341e+01 -7.503000000000000114e+00 -5.899999999999999689e-02
1.919900000000000162e+01 -1.372700000000000031e+01 -7.279999999999999805e-01 1.179999999999999938e-01
-1.145079999999999956e+02 -8.882999999999999119e+00 -3.325000000000000178e+00 7.199999999999999456e-02
-2.272040000000000077e+02 -2.644600000000000151e+01 -1.242699999999999960e+01 -1.799999999999999933e-01
-1.998029999999999973e+02 -4.697899999999999920e+01 -2.164499999999999957e+01 -4.339999999999999969e-01
-1.150900000000000034e+02 -5.100099999999999767e+01 -2.704500000000000171e+01 -5.460000000000000409e-01
-8.338700000000000045e+01 -4.350000000000000000e+01 -2.672400000000000020e+01 -5.570000000000000506e-01
-6.620600000000000307e+01 -3.893200000000000216e+01 -2.063400000000000034e+01 -5.639999999999999458e-01
2.431000000000000050e+00 -3.781199999999999761e+01 -1.321599999999999930e+01 -5.849999999999999645e-01
7.335800000000000409e+01 -3.237100000000000222e+01 -8.929000000000000270e+00 -6.019999999999999796e-01
7.568600000000000705e+01 -2.043499999999999872e+01 -5.511000000000000121e+00 -5.809999999999999609e-01
3.796099999999999852e+01 -4.125000000000000000e+00 1.161999999999999922e+00 -4.369999999999999996e-01
2.762300000000000111e+01 1.438799999999999990e+01 8.294999999999999929e+00 -1.300000000000000044e-01
4.074300000000000210e+01 3.191700000000000159e+01 9.622999999999999332e+00 2.089999999999999913e-01
3.835699999999999932e+01 4.481000000000000227e+01 5.203999999999999737e+00 3.980000000000000204e-01
6.375099999999999767e+01 5.195400000000000063e+01 9.240000000000000435e-01 4.239999999999999880e-01
1.866409999999999911e+02 5.617699999999999960e+01 -1.280000000000000027e-01 4.139999999999999791e-01
3.116890000000000214e+02 6.139600000000000080e+01 4.249999999999999889e-01 4.369999999999999996e-01
2.571379999999999768e+02 6.686199999999999477e+01 1.344999999999999973e+00 4.689999999999999725e-01
5.595300000000000296e+01 6.429999999999999716e+01 2.028999999999999915e+00 4.520000000000000129e-01
-1.030409999999999968e+02 4.393900000000000006e+01 -2.889999999999999791e-01 3.059999999999999942e-01
-1.996529999999999916e+02 1.031499999999999950e+01 -5.298000000000000043e+00 4.399999999999999745e-02
-3.182769999999999868e+02 -1.161400000000000077e+01 -5.958000000000000185e+00 -1.400000000000000133e-01
-3.777040000000000077e+02 -7.349999999999999867e-01 8.219999999999999529e-01 -1.059999999999999970e-01
-2.594320000000000164e+02 3.410699999999999932e+01 8.050000000000000711e+00 4.399999999999999745e-02
-6.349900000000000233e+01 6.454200000000000159e+01 1.066099999999999959e+01 1.789999999999999925e-01
4.039099999999999824e+01 7.179399999999999693e+01 1.187299999999999933e+01 3.069999999999999951e-01
6.461400000000000432e+01 6.043800000000000239e+01 1.330100000000000016e+01 3.990000000000000213e-01
9.534699999999999420e+01 4.749399999999999977e+01 1.127699999999999925e+01 3.380000000000000226e-01
1.149140000000000015e+02 3.939600000000000080e+01 4.846000000000000085e+00 1.439999999999999891e-01
9.483700000000000330e+01 2.913200000000000145e+01 -1.713000000000000078e+00 3.000000000000000062e-03
7.813299999999999557e+01 1.446100000000000030e+01 -4.918000000000000149e+00 2.400000000000000050e-02
7.219100000000000250e+01 -5.999999999999999778e-01 -5.578000000000000291e+00 1.100000000000000006e-01
1.494200000000000017e+01 -1.680699999999999861e+01 -4.753000000000000114e+00 1.549999999999999989e-01
-1.035250000000000057e+02 -3.411699999999999733e+01 7.499999999999999722e-02 2.330000000000000127e-01
-1.826829999999999927e+02 -4.562700000000000244e+01 8.971999999999999531e+00 4.040000000000000258e-01
-1.384230000000000018e+02 -4.964200000000000301e+01 1.330300000000000082e+01 4.899999999999999911e-01
-4.068900000000000006e+01 -5.521500000000000341e+01 5.908999999999999808e+00 3.160000000000000031e-01
-1.407399999999999984e+01 -6.456100000000000705e+01 -5.652000000000000135e+00 2.599999999999999881e-02
-5.070300000000000296e+01 -6.296200000000000330e+01 -7.929000000000000270e+00 -1.079999999999999988e-01
-7.459999999999999432e+01 -4.066799999999999926e+01 -7.039999999999999591e-01 -4.900000000000000189e-02
-1.041149999999999949e+02 -9.368999999999999773e+00 4.442999999999999616e+00 6.300000000000000044e-02
-1.663779999999999859e+02 1.736599999999999966e+01 2.225000000000000089e+00 1.439999999999999891e-01
-1.572090000000000032e+02 3.640200000000000102e+01 -2.024000000000000021e+00 1.489999999999999936e-01
2.248699999999999832e+01 4.198400000000000176e+01 -4.166999999999999815e+00 4.000000000000000083e-02
2.751929999999999836e+02 2.961299999999999955e+01 -5.498999999999999666e+00 -9.199999999999999845e-02
4.234900000000000091e+02 9.614000000000000767e+00 -6.793999999999999595e+00 -1.479999999999999927e-01
4.481039999999999850e+02 -3.656000000000000139e+00 -6.613999999999999879e+00 -2.000000000000000111e-01
4.102110000000000127e+02 -1.106499999999999950e+01 -5.123000000000000220e+00 -3.059999999999999942e-01
2.321250000000000000e+02 -2.836299999999999955e+01 -4.892999999999999794e+00 -3.930000000000000160e-01
-1.557889999999999873e+02 -5.903000000000000114e+01 -5.634999999999999787e+00 -3.960000000000000187e-01
-5.565879999999999654e+02 -7.323600000000000421e+01 -1.885000000000000009e+00 -2.810000000000000275e-01
-6.743750000000000000e+02 -4.059400000000000119e+01 9.660999999999999588e+00 -1.400000000000000029e-02
-4.396229999999999905e+02 2.403600000000000136e+01 2.494000000000000128e+01 3.119999999999999996e-01
-1.761299999999999955e+01 8.017300000000000182e+01 3.666700000000000159e+01 4.719999999999999751e-01
3.746490000000000009e+02 1.069959999999999951e+02 3.830499999999999972e+01 3.330000000000000182e-01
5.424170000000000300e+02 1.002480000000000047e+02 2.753999999999999915e+01 3.699999999999999817e-02
3.902989999999999782e+02 5.920100000000000051e+01 1.144400000000000084e+01 -1.320000000000000062e-01
1.331779999999999973e+02 4.501999999999999780e+00 1.877000000000000002e+00 -7.699999999999999900e-02
1.674850000000000136e+02 -2.089799999999999969e+01 4.349999999999999645e+00 5.299999999999999850e-02
5.075950000000000273e+02 8.621000000000000441e+00 1.621300000000000097e+01 2.260000000000000064e-01
7.631960000000000264e+02 7.090399999999999636e+01 3.020100000000000051e+01 5.540000000000000480e-01
7.724489999999999554e+02 1.176820000000000022e+02 3.641700000000000159e+01 8.739999999999999991e-01
6.824500000000000455e+02 1.234090000000000060e+02 2.902199999999999847e+01 8.179999999999999494e-01
4.916019999999999754e+02 9.920699999999999363e+01 1.322899999999999920e+01 4.199999999999999845e-01
1.296990000000000123e+02 6.306000000000000227e+01 -1.150000000000000050e-01 1.199999999999999956e-01
-2.170850000000000080e+02 2.000100000000000122e+01 -6.179999999999999716e+00 9.700000000000000289e-02
-3.398020000000000209e+02 -2.370799999999999841e+01 -7.415000000000000036e+00 9.700000000000000289e-02
-3.182139999999999986e+02 -5.210799999999999699e+01 -6.753999999999999559e+00 -5.399999999999999939e-02
-3.195799999999999841e+02 -5.864200000000000301e+01 -5.732000000000000206e+00 -2.379999999999999893e-01
-3.371089999999999804e+02 -5.841799999999999926e+01 -6.740000000000000213e+00 -3.489999999999999769e-01
-3.191619999999999777e+02 -7.330500000000000682e+01 -1.298700000000000010e+01 -4.689999999999999725e-01
-3.359639999999999986e+02 -1.052890000000000015e+02 -2.511400000000000077e+01 -6.889999999999999458e-01
-4.244200000000000159e+02 -1.242980000000000018e+02 -3.687800000000000011e+01 -9.030000000000000249e-01
-4.639409999999999741e+02 -1.023040000000000020e+02 -3.867999999999999972e+01 -8.980000000000000204e-01
-4.047950000000000159e+02 -6.038900000000000290e+01 -2.966199999999999903e+01 -6.520000000000000240e-01
-3.934789999999999850e+02 -4.310300000000000153e+01 -1.944999999999999929e+01 -3.870000000000000107e-01
-4.776480000000000246e+02 -5.134599999999999653e+01 -1.452200000000000024e+01 -2.819999999999999729e-01
-4.584970000000000141e+02 -4.788400000000000034e+01 -1.208300000000000018e+01 -3.049999999999999933e-01
-2.192239999999999895e+02 -1.778699999999999903e+01 -8.464999999999999858e+00 -3.509999999999999787e-01
6.834499999999999886e+01 2.134600000000000009e+01 -3.374000000000000110e+00 -3.380000000000000226e-01
2.023990000000000009e+02 5.302499999999999858e+01 2.689000000000000057e+00 -2.169999999999999984e-01
1.743499999999999943e+02 6.842900000000000205e+01 7.248999999999999666e+00 -3.599999999999999728e-02
5.543599999999999994e+01 5.834899999999999665e+01 7.290000000000000036e+00 9.199999999999999845e-02
-1.139569999999999936e+02 2.467899999999999849e+01 4.469000000000000306e+00 8.699999999999999400e-02
-2.566530000000000200e+02 -1.605499999999999972e+01 1.487999999999999989e+00 -7.599999999999999811e-02
-2.691209999999999809e+02 -5.066499999999999915e+01 -2.149999999999999911e+00 -3.340000000000000191e-01
-1.616920000000000073e+02 -7.634499999999999886e+01 -4.355000000000000426e+00 -4.899999999999999911e-01
-3.829999999999999716e+01 -8.905800000000000693e+01 -1.179999999999999938e-01 -3.800000000000000044e-01
6.643300000000000693e+01 -8.357299999999999329e+01 8.596999999999999531e+00 -8.300000000000000433e-02
1.618959999999999866e+02 -6.868300000000000693e+01 1.274099999999999966e+01 1.529999999999999971e-01
1.878269999999999982e+02 -6.229399999999999693e+01 9.022999999999999687e+00 1.690000000000000113e-01
1.192360000000000042e+02 -6.590000000000000568e+01 3.947999999999999954e+00 3.200000000000000067e-02
6.096600000000000108e+01 -6.155400000000000205e+01 3.387999999999999901e+00 -6.900000000000000577e-02
8.567499999999999716e+01 -3.801599999999999824e+01 5.915000000000000036e+00 -1.799999999999999864e-02
1.396790000000000020e+02 -5.267000000000000348e+00 6.488999999999999879e+00 1.449999999999999900e-01
1.774139999999999873e+02 1.975499999999999901e+01 2.020000000000000018e+00 2.939999999999999836e-01
1.904550000000000125e+02 2.913700000000000045e+01 -4.655000000000000249e+00 3.599999999999999867e-01
1.076560000000000059e+02 2.454799999999999827e+01 -5.701999999999999957e+00 4.139999999999999791e-01
-1.055909999999999940e+02 1.215700000000000003e+01 1.915999999999999925e+00 5.290000000000000258e-01
-2.939039999999999964e+02 -3.947000000000000064e+00 8.685000000000000497e+00 5.719999999999999529e-01
-2.902909999999999968e+02 -2.470899999999999963e+01 2.923000000000000043e+00 3.559999999999999831e-01
-1.741659999999999968e+02 -4.656799999999999784e+01 -1.160800000000000054e+01 -2.500000000000000139e-02
-1.307100000000000080e+02 -5.629500000000000171e+01 -1.907900000000000063e+01 -2.839999999999999747e-01
-1.526810000000000116e+02 -4.621800000000000352e+01 -1.254899999999999949e+01 -3.350000000000000200e-01
-1.001020000000000039e+02 -2.548600000000000065e+01 -1.633000000000000007e+00 -3.330000000000000182e-01
3.340500000000000114e+01 -4.214000000000000412e+00 1.110000000000000098e+00 -3.820000000000000062e-01
1.029980000000000047e+02 2.379100000000000037e+01 -5.048000000000000043e+00 -3.940000000000000169e-01
3.908999999999999808e+00 6.350500000000000256e+01 -1.030499999999999972e+01 -2.839999999999999747e-01
-2.321129999999999995e+02 9.295399999999999352e+01 -8.038999999999999702e+00 -1.320000000000000062e-01
-4.714549999999999841e+02 8.759499999999999886e+01 -1.879000000000000004e+00 -5.600000000000000117e-02
-5.504470000000000027e+02 6.167300000000000182e+01 1.173000000000000043e+00 -4.000000000000000083e-02
-3.807730000000000246e+02 4.507300000000000040e+01 -7.599999999999999811e-02 -1.099999999999999936e-02
-1.597199999999999953e+01 3.889999999999999858e+01 2.560000000000000053e-01 4.200000000000000261e-02
4.008550000000000182e+02 3.495100000000000051e+01 6.709999999999999964e+00 1.290000000000000036e-01
6.984650000000000318e+02 4.460099999999999909e+01 1.428400000000000070e+01 2.620000000000000107e-01
7.368790000000000191e+02 7.067700000000000671e+01 1.465199999999999925e+01 3.350000000000000200e-01
5.797809999999999491e+02 9.300100000000000477e+01 9.262999999999999901e+00 2.500000000000000000e-01
5.304470000000000027e+02 1.121239999999999952e+02 8.882999999999999119e+00 2.230000000000000038e-01
7.741609999999999445e+02 1.515840000000000032e+02 1.812600000000000122e+01 5.540000000000000480e-01
1.078530999999999949e+03 1.888739999999999952e+02 2.585099999999999909e+01 1.006999999999999895e+00
1.048827999999999975e+03 1.621270000000000095e+02 1.995200000000000173e+01 1.004000000000000004e+00
6.078010000000000446e+02 7.565999999999999659e+01 8.362000000000000099e+00 5.600000000000000533e-01
9.313599999999999568e+01 1.115499999999999936e+01 8.696999999999999176e+00 3.210000000000000075e-01
-1.200709999999999980e+02 1.337400000000000055e+01 2.039399999999999835e+01 5.610000000000000542e-01
-4.037599999999999767e+01 4.376700000000000301e+01 2.619000000000000128e+01 8.189999999999999503e-01
-5.818999999999999950e+00 5.005100000000000193e+01 1.497600000000000087e+01 5.919999999999999707e-01
-1.901049999999999898e+02 2.549699999999999989e+01 -9.319000000000000838e+00 -6.300000000000000044e-02
-3.568750000000000000e+02 2.955999999999999961e+00 -3.120299999999999940e+01 -6.250000000000000000e-01
-2.429830000000000041e+02 1.143599999999999994e+01 -3.432500000000000284e+01 -6.740000000000000435e-01
2.508299999999999841e+01 3.705199999999999960e+01 -1.985099999999999909e+01 -3.200000000000000067e-01
1.227439999999999998e+02 3.598799999999999955e+01 -7.966000000000000192e+00 -2.599999999999999881e-02
-3.755400000000000205e+01 -1.046299999999999919e+01 -1.350399999999999956e+01 -8.200000000000000344e-02
-2.683820000000000050e+02 -7.181199999999999761e+01 -2.882600000000000051e+01 -3.509999999999999787e-01
-3.600609999999999786e+02 -1.076569999999999965e+02 -3.633299999999999841e+01 -4.949999999999999956e-01
-2.550920000000000130e+02 -1.148040000000000020e+02 -3.043900000000000006e+01 -4.040000000000000258e-01
-7.639300000000000068e+01 -1.152339999999999947e+02 -1.906500000000000128e+01 -2.489999999999999991e-01
-6.720000000000000417e-01 -1.128130000000000024e+02 -8.512000000000000455e+00 -1.630000000000000060e-01
-6.875000000000000000e+01 -9.902200000000000557e+01 4.570000000000000173e-01 -1.179999999999999938e-01
-1.781500000000000057e+02 -8.242300000000000182e+01 5.674000000000000377e+00 -6.300000000000000044e-02
-2.594580000000000268e+02 -6.960099999999999909e+01 6.774000000000000021e+00 5.600000000000000117e-02
-3.510649999999999977e+02 -5.111500000000000199e+01 9.028999999999999915e+00 2.320000000000000118e-01
-4.652620000000000005e+02 -3.845900000000000318e+01 1.337899999999999956e+01 2.530000000000000027e-01
-5.042880000000000109e+02 -5.902900000000000347e+01 1.366999999999999993e+01 -4.399999999999999745e-02
-3.758910000000000196e+02 -9.416200000000000614e+01 1.011899999999999977e+01 -3.950000000000000178e-01
-9.765800000000000125e+01 -8.609399999999999409e+01 1.106400000000000006e+01 -3.750000000000000000e-01
2.123729999999999905e+02 -2.146199999999999974e+01 1.721999999999999886e+01 -3.000000000000000062e-03
3.695889999999999986e+02 4.600999999999999801e+01 1.931700000000000017e+01 3.109999999999999987e-01
2.511349999999999909e+02 6.877299999999999613e+01 1.466000000000000014e+01 3.489999999999999769e-01
-3.331900000000000261e+01 5.737400000000000233e+01 1.146100000000000030e+01 2.750000000000000222e-01
-2.462429999999999950e+02 4.288300000000000267e+01 1.316900000000000048e+01 2.449999999999999956e-01
-3.031120000000000232e+02 2.937699999999999889e+01 1.205499999999999972e+01 1.519999999999999962e-01
-2.791809999999999832e+02 9.019000000000000128e+00 3.035000000000000142e+00 -1.199999999999999956e-01
-2.160480000000000018e+02 -1.283999999999999986e+01 -7.419999999999999929e+00 -4.089999999999999747e-01
-9.524200000000000443e+01 -3.118499999999999872e+01 -1.137899999999999956e+01 -4.640000000000000235e-01
7.132999999999999829e+01 -5.042000000000000171e+01 -1.005199999999999960e+01 -3.099999999999999978e-01
2.096699999999999875e+02 -6.958899999999999864e+01 -9.848000000000000753e+00 -2.030000000000000138e-01
2.185000000000000000e+02 -8.254999999999999716e+01 -1.376800000000000068e+01 -2.819999999999999729e-01
7.637000000000000455e+01 -9.221500000000000341e+01 -2.004500000000000171e+01 -4.630000000000000226e-01
-1.045630000000000024e+02 -1.027159999999999940e+02 -2.523799999999999955e+01 -6.019999999999999796e-01
-2.183009999999999877e+02 -1.016310000000000002e+02 -2.582999999999999829e+01 -5.999999999999999778e-01
-2.820880000000000223e+02 -7.309600000000000364e+01 -1.991100000000000136e+01 -4.199999999999999845e-01
-3.376709999999999923e+02 -2.701500000000000057e+01 -1.040399999999999991e+01 -1.409999999999999865e-01
-3.548340000000000032e+02 7.477999999999999758e+00 -3.581999999999999851e+00 1.079999999999999988e-01
-2.885840000000000032e+02 1.854200000000000159e+01 -1.850999999999999979e+00 2.600000000000000089e-01
-1.497040000000000077e+02 2.142099999999999937e+01 -1.852999999999999980e+00 2.999999999999999889e-01
-1.857199999999999918e+01 3.023699999999999832e+01 -1.200000000000000025e-02 2.419999999999999929e-01
3.093599999999999994e+01 4.164099999999999824e+01 5.384000000000000341e+00 1.920000000000000040e-01
7.501999999999999602e+01 5.600399999999999778e+01 1.568299999999999983e+01 2.849999999999999756e-01
2.382529999999999859e+02 8.649500000000000455e+01 2.819600000000000151e+01 5.120000000000000107e-01
3.965000000000000000e+02 1.220280000000000058e+02 3.329500000000000171e+01 6.320000000000000062e-01
2.977919999999999732e+02 1.175660000000000025e+02 2.303000000000000114e+01 3.970000000000000195e-01
-1.393999999999999950e+01 5.833700000000000330e+01 2.540000000000000036e+00 -7.699999999999999900e-02
-2.277110000000000127e+02 -4.536999999999999922e+00 -1.254299999999999926e+01 -3.760000000000000009e-01
-1.485860000000000127e+02 -1.800900000000000034e+01 -1.174900000000000055e+01 -3.009999999999999898e-01
1.307769999999999868e+02 8.830999999999999517e+00 1.759999999999999898e-01 -2.999999999999999889e-02
3.240559999999999832e+02 3.311599999999999966e+01 1.129400000000000048e+01 2.190000000000000002e-01
2.427649999999999864e+02 3.526700000000000301e+01 1.580300000000000082e+01 3.810000000000000053e-01
5.140500000000000114e+01 2.044200000000000017e+01 1.440099999999999980e+01 3.940000000000000169e-01
5.293099999999999739e+01 -4.590000000000000191e-01 9.983000000000000540e+00 1.940000000000000058e-01
2.853380000000000223e+02 -8.012999999999999901e+00 9.284000000000000696e+00 -5.399999999999999939e-02
5.156680000000000064e+02 7.456999999999999851e+00 1.649500000000000099e+01 -8.400000000000000522e-02
4.964859999999999900e+02 1.735900000000000176e+01 2.301099999999999923e+01 6.199999999999999956e-02
1.830159999999999911e+02 -8.210000000000000853e+00 1.825100000000000122e+01 1.100000000000000006e-01
-1.661129999999999995e+02 -4.580400000000000205e+01 6.373999999999999666e+00 -1.799999999999999864e-02
-2.013720000000000141e+02 -5.311699999999999733e+01 -1.927000000000000046e+00 -1.580000000000000016e-01
1.109759999999999991e+02 -3.739800000000000324e+01 -6.004999999999999893e+00 -2.159999999999999976e-01
4.354820000000000277e+02 -4.001400000000000290e+01 -1.186299999999999955e+01 -2.479999999999999982e-01
4.644350000000000023e+02 -7.106600000000000250e+01 -1.974099999999999966e+01 -3.190000000000000058e-01
2.411349999999999909e+02 -9.601200000000000045e+01 -2.383399999999999963e+01 -4.069999999999999729e-01
2.006200000000000117e+01 -7.798799999999999955e+01 -2.001399999999999935e+01 -3.890000000000000124e-01
-1.058889999999999958e+02 -1.577699999999999925e+01 -9.035999999999999588e+00 -1.429999999999999882e-01
-2.597959999999999923e+02 5.443800000000000239e+01 4.217999999999999972e+00 2.389999999999999902e-01
-4.698050000000000068e+02 8.931300000000000239e+01 1.104700000000000060e+01 4.470000000000000084e-01
-5.591480000000000246e+02 7.687699999999999534e+01 4.248999999999999666e+00 2.849999999999999756e-01
-4.115040000000000191e+02 4.357399999999999807e+01 -1.225000000000000000e+01 -1.000000000000000056e-01
-1.381179999999999950e+02 1.723900000000000077e+01 -2.633800000000000097e+01 -4.490000000000000102e-01
6.540999999999999659e+01 7.289999999999999813e-01 -3.204999999999999716e+01 -6.730000000000000426e-01
1.017189999999999941e+02 -7.812999999999999723e+00 -3.211899999999999977e+01 -7.229999999999999760e-01
1.655000000000000071e+01 8.770000000000000018e-01 -2.831099999999999994e+01 -4.779999999999999805e-01
-5.194299999999999784e+01 2.657799999999999940e+01 -1.939600000000000080e+01 7.000000000000000146e-03
7.703999999999999737e+00 4.882099999999999795e+01 -7.697000000000000064e+00 4.169999999999999818e-01
1.361430000000000007e+02 5.147099999999999653e+01 7.029999999999999583e-01 5.310000000000000275e-01
1.116830000000000069e+02 4.091299999999999670e+01 2.700000000000000178e+00 4.580000000000000182e-01
-1.810550000000000068e+02 2.823400000000000176e+01 -9.559999999999999609e-01 3.430000000000000271e-01
-5.165180000000000291e+02 9.653999999999999915e+00 -9.606999999999999318e+00 9.900000000000000466e-02
-5.352219999999999800e+02 -1.913899999999999935e+01 -2.005300000000000082e+01 -2.999999999999999889e-01
-1.703050000000000068e+02 -4.285499999999999687e+01 -2.338200000000000145e+01 -5.470000000000000417e-01
3.089959999999999809e+02 -3.858500000000000085e+01 -1.347799999999999976e+01 -3.559999999999999831e-01
6.101920000000000073e+02 -2.471000000000000085e+00 4.182000000000000384e+00 1.280000000000000027e-01
5.892469999999999573e+02 4.160600000000000165e+01 1.934100000000000108e+01 5.550000000000000488e-01
2.509050000000000011e+02 5.962400000000000233e+01 2.771600000000000108e+01 7.459999999999999964e-01
-1.940550000000000068e+02 4.149099999999999966e+01 3.002100000000000080e+01 6.999999999999999556e-01
-3.960240000000000009e+02 1.641900000000000048e+01 2.767800000000000082e+01 4.889999999999999902e-01
-1.863710000000000093e+02 1.773199999999999932e+01 2.304299999999999926e+01 2.540000000000000036e-01
2.449569999999999936e+02 3.846300000000000097e+01 1.856500000000000128e+01 1.300000000000000044e-01
5.762350000000000136e+02 5.120000000000000284e+01 1.636199999999999832e+01 1.690000000000000113e-01
6.591589999999999918e+02 5.800500000000000256e+01 1.906299999999999883e+01 3.170000000000000040e-01
5.421319999999999482e+02 7.838599999999999568e+01 2.530699999999999861e+01 4.129999999999999782e-01
3.134630000000000223e+02 1.079440000000000026e+02 2.824599999999999866e+01 3.699999999999999956e-01
5.344200000000000017e+01 1.267819999999999965e+02 2.459299999999999997e+01 2.959999999999999853e-01
-1.204639999999999986e+02 1.213670000000000044e+02 1.758800000000000097e+01 2.580000000000000071e-01
-1.401579999999999870e+02 8.143000000000000682e+01 9.525999999999999801e+00 1.199999999999999956e-01
-9.379800000000000182e+01 1.351299999999999990e+01 1.723999999999999977e+00 -1.439999999999999891e-01
-8.764900000000000091e+01 -4.476200000000000045e+01 -2.092999999999999972e+00 -3.150000000000000022e-01
-9.781399999999999295e+01 -6.546299999999999386e+01 -2.626999999999999780e+00 -3.049999999999999933e-01
-9.806600000000000250e+01 -7.084099999999999397e+01 -8.117000000000000881e+00 -3.280000000000000138e-01
-1.706380000000000052e+02 -9.736499999999999488e+01 -2.223000000000000043e+01 -5.669999999999999485e-01
-3.608029999999999973e+02 -1.390229999999999961e+02 -3.526400000000000290e+01 -8.990000000000000213e-01
-5.623469999999999800e+02 -1.563650000000000091e+02 -3.440800000000000125e+01 -1.024999999999999911e+00
-6.377210000000000036e+02 -1.303770000000000095e+02 -2.027299999999999969e+01 -7.920000000000000373e-01
-5.389840000000000373e+02 -8.572100000000000364e+01 -6.815000000000000391e+00 -3.459999999999999742e-01
-2.694239999999999782e+02 -5.780299999999999727e+01 -2.539000000000000146e+00 6.400000000000000133e-02
9.818999999999999773e+01 -5.139500000000000313e+01 -4.159999999999999809e-01 3.469999999999999751e-01
3.105079999999999814e+02 -5.070700000000000074e+01 4.972000000000000419e+00 4.699999999999999734e-01
1.307930000000000064e+02 -5.567600000000000193e+01 4.594000000000000306e+00 2.839999999999999747e-01
-2.384519999999999982e+02 -6.854500000000000171e+01 -4.485999999999999766e+00 -1.600000000000000033e-01
-3.047049999999999841e+02 -5.899300000000000210e+01 -4.700999999999999623e+00 -3.599999999999999867e-01
4.029200000000000159e+01 3.061999999999999833e+00 1.429700000000000060e+01 8.999999999999999320e-03
3.986990000000000123e+02 8.667600000000000193e+01 3.276700000000000301e+01 4.839999999999999858e-01
4.373240000000000123e+02 1.213709999999999951e+02 2.829500000000000171e+01 4.319999999999999951e-01
2.289749999999999943e+02 8.226000000000000512e+01 9.060999999999999943e+00 5.000000000000000104e-03
3.629999999999999716e+01 1.766000000000000014e+01 -1.572000000000000064e+00 -1.809999999999999942e-01
-2.117899999999999849e+01 -1.798999999999999844e+01 5.989999999999999769e-01 -4.000000000000000083e-02
-2.866700000000000159e+01 -2.448600000000000065e+01 1.719000000000000083e+00 4.000000000000000083e-03
-7.741899999999999693e+01 -2.794699999999999918e+01 -4.233999999999999986e+00 -1.859999999999999987e-01
-1.344929999999999950e+02 -3.116300000000000026e+01 -8.826000000000000512e+00 -3.059999999999999942e-01
-1.437470000000000141e+02 -2.556599999999999895e+01 -6.399000000000000021e+00 -1.880000000000000004e-01
-1.156680000000000064e+02 -1.731700000000000017e+01 -3.411000000000000032e+00 -4.599999999999999922e-02
-7.205200000000000671e+01 -1.037800000000000011e+01 -6.144999999999999574e+00 -6.700000000000000400e-02
-2.823699999999999832e+01 2.198999999999999844e+00 -1.031099999999999994e+01 -1.330000000000000071e-01
-3.226500000000000057e+01 1.199900000000000055e+01 -1.034099999999999930e+01 -1.089999999999999997e-01
-1.034270000000000067e+02 -8.289999999999999591e-01 -9.143000000000000682e+00 -9.099999999999999756e-02
-1.799110000000000014e+02 -3.037500000000000000e+01 -1.102599999999999980e+01 -1.739999999999999880e-01
-2.247909999999999968e+02 -5.118399999999999750e+01 -1.344100000000000072e+01 -2.469999999999999973e-01
-2.554279999999999973e+02 -5.517399999999999949e+01 -1.076299999999999990e+01 -1.839999999999999969e-01
-1.928489999999999895e+02 -4.497999999999999687e+01 -5.979999999999999760e-01 6.000000000000000125e-03
7.701399999999999579e+01 -1.382300000000000040e+01 1.299799999999999933e+01 2.640000000000000124e-01
4.148240000000000123e+02 2.907400000000000162e+01 1.993599999999999994e+01 4.819999999999999840e-01
5.130380000000000109e+02 4.666499999999999915e+01 1.429400000000000048e+01 5.050000000000000044e-01
3.332860000000000014e+02 2.618299999999999983e+01 3.912999999999999812e+00 3.240000000000000102e-01
1.363940000000000055e+02 3.674999999999999822e+00 1.499999999999999944e-02 1.170000000000000068e-01
6.657699999999999818e+01 2.193999999999999950e+00 2.359999999999999876e-01 -2.000000000000000042e-02
2.343400000000000105e+01 -3.966000000000000192e+00 -6.312999999999999723e+00 -1.890000000000000013e-01
-7.001699999999999591e+01 -2.803600000000000136e+01 -1.943199999999999861e+01 -4.040000000000000258e-01
-1.759250000000000114e+02 -3.849600000000000222e+01 -2.658299999999999841e+01 -4.929999999999999938e-01
-2.947239999999999895e+02 -2.538800000000000168e+01 -2.260000000000000142e+01 -3.980000000000000204e-01
-4.104979999999999905e+02 -2.363200000000000145e+01 -1.583200000000000074e+01 -2.720000000000000195e-01
-3.630640000000000214e+02 -4.378499999999999659e+01 -1.237800000000000011e+01 -2.270000000000000073e-01
-9.940399999999999636e+01 -5.628000000000000114e+01 -9.535000000000000142e+00 -2.409999999999999920e-01
1.152909999999999968e+02 -4.498599999999999710e+01 -3.317000000000000171e+00 -2.089999999999999913e-01
6.083899999999999864e+01 -9.291999999999999815e+00 9.803000000000000824e+00 6.800000000000000488e-02
-8.147199999999999420e+01 6.470099999999999341e+01 3.167500000000000071e+01 6.939999999999999503e-01
1.162299999999999933e+01 1.818060000000000116e+02 5.578900000000000148e+01 1.435000000000000053e+00
3.834069999999999823e+02 2.986820000000000164e+02 6.867700000000000671e+01 1.844999999999999973e+00
7.848189999999999600e+02 3.359379999999999882e+02 6.023799999999999955e+01 1.629999999999999893e+00
9.430449999999999591e+02 2.529939999999999998e+02 3.304500000000000171e+01 9.350000000000000533e-01
7.637160000000000082e+02 1.110300000000000011e+02 3.717999999999999972e+00 2.720000000000000195e-01
3.894259999999999877e+02 1.565700000000000003e+01 -1.171899999999999942e+01 -1.499999999999999944e-02
1.036850000000000023e+02 -3.632000000000000117e+00 -1.489000000000000057e+01 -7.199999999999999456e-02
6.368099999999999739e+01 -4.109999999999999765e-01 -1.782900000000000063e+01 -1.390000000000000124e-01
1.635600000000000023e+02 -1.256700000000000017e+01 -2.316799999999999926e+01 -1.809999999999999942e-01
2.454279999999999973e+02 -2.494699999999999918e+01 -2.401999999999999957e+01 -1.089999999999999997e-01
2.653249999999999886e+02 -2.584900000000000020e+01 -2.039799999999999969e+01 -5.700000000000000205e-02
1.772990000000000066e+02 -3.844700000000000273e+01 -2.292500000000000071e+01 -2.220000000000000029e-01
-7.104300000000000637e+01 -7.932099999999999795e+01 -3.626700000000000301e+01 -5.839999999999999636e-01
-3.573570000000000277e+02 -1.252999999999999972e+02 -4.881099999999999994e+01 -9.230000000000000426e-01
-4.644560000000000173e+02 -1.449859999999999900e+02 -4.715299999999999869e+01 -1.052000000000000046e+00
-3.632060000000000173e+02 -1.394190000000000111e+02 -3.358800000000000097e+01 -9.729999999999999760e-01
-2.103439999999999941e+02 -1.303590000000000089e+02 -2.054200000000000159e+01 -7.910000000000000364e-01
-1.427489999999999952e+02 -1.277399999999999949e+02 -1.331199999999999939e+01 -5.889999999999999680e-01
-2.381759999999999877e+02 -1.260040000000000049e+02 -6.913000000000000256e+00 -3.850000000000000089e-01
-4.965040000000000191e+02 -1.154110000000000014e+02 2.935000000000000053e+00 -1.429999999999999882e-01
-7.184600000000000364e+02 -8.841700000000000159e+01 1.299900000000000055e+01 1.469999999999999918e-01
-6.331459999999999582e+02 -4.895100000000000051e+01 1.721399999999999864e+01 3.420000000000000262e-01
-2.517680000000000007e+02 -1.336899999999999977e+01 1.596899999999999942e+01 2.899999999999999800e-01
8.451500000000000057e+01 4.152000000000000135e+00 1.692699999999999960e+01 1.130000000000000032e-01
6.565800000000000125e+01 -5.565000000000000391e+00 2.099099999999999966e+01 2.800000000000000058e-02
-2.454430000000000121e+02 -4.990100000000000335e+01 1.565300000000000047e+01 -5.299999999999999850e-02
-4.857130000000000223e+02 -1.128080000000000069e+02 -4.057000000000000384e+00 -3.260000000000000120e-01
-4.370419999999999732e+02 -1.450999999999999943e+02 -1.921600000000000108e+01 -6.019999999999999796e-01
-2.272210000000000036e+02 -1.059249999999999972e+02 -9.724999999999999645e+00 -4.849999999999999867e-01
8.256000000000000227e+00 -3.099000000000000199e+00 1.696699999999999875e+01 2.999999999999999889e-02
3.220480000000000018e+02 1.167710000000000008e+02 3.827400000000000091e+01 5.839999999999999636e-01
6.812809999999999491e+02 2.030560000000000116e+02 4.746699999999999875e+01 1.000999999999999890e+00
8.749180000000000064e+02 2.290759999999999934e+02 5.148100000000000165e+01 1.320000000000000062e+00
7.816090000000000373e+02 2.047500000000000000e+02 4.932500000000000284e+01 1.377000000000000002e+00
4.768799999999999955e+02 1.647429999999999950e+02 3.666599999999999682e+01 1.002000000000000002e+00
1.218349999999999937e+02 1.365310000000000059e+02 2.070700000000000074e+01 4.670000000000000262e-01
-1.073610000000000042e+02 1.194639999999999986e+02 1.077899999999999991e+01 1.650000000000000078e-01
-1.149129999999999967e+02 9.535299999999999443e+01 4.501000000000000334e+00 5.700000000000000205e-02
-4.570999999999999730e+00 5.424300000000000210e+01 -5.080000000000000071e+00 -1.140000000000000041e-01
2.084600000000000009e+01 7.796999999999999709e+00 -1.690500000000000114e+01 -3.469999999999999751e-01
-8.614799999999999613e+01 -2.227700000000000102e+01 -2.348400000000000176e+01 -4.450000000000000067e-01
-1.724600000000000080e+02 -2.831899999999999906e+01 -2.128200000000000003e+01 -3.810000000000000053e-01
-1.095900000000000034e+02 -2.329299999999999926e+01 -1.499300000000000033e+01 -3.360000000000000209e-01
3.044300000000000139e+01 -2.374800000000000111e+01 -1.202800000000000047e+01 -4.359999999999999987e-01
7.155100000000000193e+01 -3.518399999999999750e+01 -1.564499999999999957e+01 -6.159999999999999920e-01
-4.337299999999999756e+01 -5.042099999999999937e+01 -2.281400000000000006e+01 -7.680000000000000160e-01
-1.962930000000000064e+02 -5.307600000000000051e+01 -2.614099999999999824e+01 -8.229999999999999538e-01
-2.591480000000000246e+02 -3.083800000000000097e+01 -1.937699999999999889e+01 -6.939999999999999503e-01
-2.557050000000000125e+02 2.202999999999999847e+00 -4.891000000000000014e+00 -3.539999999999999813e-01
-3.032860000000000014e+02 6.506999999999999673e+00 5.076999999999999957e+00 -2.400000000000000050e-02
-3.939750000000000227e+02 -3.731199999999999761e+01 4.149999999999999800e-01 0.000000000000000000e+00
-3.655989999999999895e+02 -9.264900000000000091e+01 -1.309999999999999964e+01 -2.260000000000000064e-01
-1.650780000000000030e+02 -1.070240000000000009e+02 -2.004400000000000048e+01 -3.370000000000000218e-01
3.883100000000000307e+01 -7.615200000000000102e+01 -1.547700000000000031e+01 -1.590000000000000024e-01
1.049240000000000066e+02 -3.339300000000000068e+01 -7.474999999999999645e+00 1.280000000000000027e-01
1.058569999999999993e+02 6.490999999999999659e+00 -7.910000000000000364e-01 3.170000000000000040e-01
1.784919999999999902e+02 4.966100000000000136e+01 6.451999999999999957e+00 3.639999999999999902e-01
2.993299999999999841e+02 8.315699999999999648e+01 1.109900000000000020e+01 2.740000000000000213e-01
2.776600000000000250e+02 7.764600000000000080e+01 6.344999999999999751e+00 6.900000000000000577e-02
-1.086400000000000077e+01 2.971900000000000119e+01 -5.863000000000000433e+00 -1.219999999999999973e-01
-4.084759999999999991e+02 -2.527799999999999869e+01 -1.563799999999999990e+01 -1.280000000000000027e-01
-6.118909999999999627e+02 -4.685999999999999943e+01 -1.665599999999999881e+01 5.999999999999999778e-02
-5.082040000000000077e+02 -2.659100000000000108e+01 -9.601000000000000867e+00 2.730000000000000204e-01
-2.109799999999999898e+02 1.480199999999999960e+01 3.004999999999999893e+00 4.129999999999999782e-01
1.625720000000000027e+02 5.735499999999999687e+01 1.827199999999999847e+01 5.580000000000000515e-01
5.256839999999999691e+02 8.763400000000000034e+01 2.898699999999999832e+01 7.089999999999999636e-01
6.968730000000000473e+02 8.631799999999999784e+01 2.594000000000000128e+01 6.580000000000000293e-01
5.062160000000000082e+02 4.555100000000000193e+01 1.011100000000000065e+01 3.180000000000000049e-01
7.222199999999999420e+01 -8.012000000000000455e+00 -3.275999999999999801e+00 -5.299999999999999850e-02
-2.486229999999999905e+02 -4.058899999999999864e+01 -1.891000000000000014e+00 -1.789999999999999925e-01
-2.543240000000000123e+02 -4.840500000000000114e+01 7.841999999999999638e+00 -1.160000000000000059e-01
-4.750800000000000267e+01 -4.257500000000000284e+01 1.206600000000000072e+01 -2.900000000000000147e-02
1.928890000000000100e+02 -2.593900000000000006e+01 8.855999999999999872e+00 8.200000000000000344e-02
3.691610000000000014e+02 -6.774000000000000021e+00 4.725999999999999979e+00 2.210000000000000020e-01
4.301250000000000000e+02 -2.600000000000000089e+00 6.129999999999999893e-01 2.419999999999999929e-01
3.624660000000000082e+02 -1.568500000000000050e+01 -5.788000000000000256e+00 1.029999999999999943e-01
2.093259999999999934e+02 -3.098199999999999932e+01 -1.037700000000000067e+01 1.299999999999999940e-02
4.183899999999999864e+01 -4.118599999999999994e+01 -8.521000000000000796e+00 7.900000000000000078e-02
-7.654800000000000182e+01 -5.410099999999999909e+01 -6.347000000000000419e+00 8.699999999999999400e-02
-1.186140000000000043e+02 -7.353799999999999670e+01 -1.195899999999999963e+01 -8.200000000000000344e-02
-9.371299999999999386e+01 -8.462500000000000000e+01 -1.913200000000000145e+01 -2.049999999999999878e-01
-1.847800000000000153e+01 -7.041500000000000625e+01 -1.579299999999999926e+01 -1.489999999999999936e-01
7.136299999999999955e+01 -3.648799999999999955e+01 -3.682999999999999829e+00 -1.059999999999999970e-01
9.427100000000000080e+01 6.929999999999999494e-01 6.141000000000000014e+00 -1.729999999999999871e-01
-2.474399999999999977e+01 3.128300000000000125e+01 9.085000000000000853e+00 -2.119999999999999940e-01
-2.520970000000000084e+02 3.904299999999999926e+01 5.950000000000000178e+00 -2.530000000000000027e-01
-4.247450000000000045e+02 1.224200000000000088e+01 -1.820999999999999952e+00 -4.580000000000000182e-01
-3.939250000000000114e+02 -2.126300000000000168e+01 -7.546999999999999709e+00 -6.929999999999999494e-01
-1.862280000000000086e+02 -2.134799999999999898e+01 -3.113999999999999879e+00 -6.800000000000000488e-01
5.627300000000000324e+01 5.671999999999999709e+00 8.114000000000000767e+00 -4.719999999999999751e-01
2.239180000000000064e+02 2.131500000000000128e+01 1.299000000000000021e+01 -3.659999999999999920e-01
2.429579999999999984e+02 1.431400000000000006e+01 6.266000000000000014e+00 -4.349999999999999978e-01
1.195160000000000053e+02 1.146899999999999942e+01 -9.379999999999999449e-01 -4.819999999999999840e-01
4.844899999999999807e+01 3.725500000000000256e+01 4.336999999999999744e+00 -3.739999999999999991e-01
2.063309999999999889e+02 8.297899999999999920e+01 1.901699999999999946e+01 -1.350000000000000089e-01
4.225319999999999823e+02 1.170460000000000065e+02 2.828200000000000003e+01 1.700000000000000122e-01
3.907509999999999764e+02 1.185370000000000061e+02 2.418700000000000117e+01 4.169999999999999818e-01
1.656680000000000064e+02 9.516800000000000637e+01 1.288799999999999990e+01 4.570000000000000173e-01
5.983200000000000074e+01 6.528000000000000114e+01 4.641000000000000014e+00 3.549999999999999822e-01
1.227870000000000061e+02 3.451700000000000301e+01 2.270000000000000018e+00 3.150000000000000022e-01
1.239950000000000045e+02 3.241000000000000103e+00 1.590000000000000080e+00 3.420000000000000262e-01
-5.120700000000000074e+01 -2.265399999999999991e+01 -1.477000000000000091e+00 2.730000000000000204e-01
-3.278009999999999877e+02 -4.654999999999999716e+01 -8.679999999999999716e+00 7.599999999999999811e-02
-6.141499999999999773e+02 -8.249699999999999989e+01 -1.952599999999999980e+01 -1.229999999999999982e-01
-7.959610000000000127e+02 -1.247339999999999947e+02 -2.867299999999999827e+01 -2.240000000000000047e-01
-7.305529999999999973e+02 -1.431030000000000086e+02 -2.876999999999999957e+01 -2.200000000000000011e-01
-4.242529999999999859e+02 -1.225139999999999958e+02 -1.959400000000000119e+01 -1.340000000000000080e-01
-4.710999999999999943e+01 -7.626699999999999591e+01 -7.982000000000000206e+00 4.599999999999999922e-02
2.975230000000000246e+02 -1.379100000000000037e+01 2.400999999999999801e+00 3.250000000000000111e-01
6.064940000000000282e+02 6.112599999999999767e+01 1.217500000000000071e+01 5.909999999999999698e-01
7.780259999999999536e+02 1.159140000000000015e+02 1.719300000000000139e+01 6.800000000000000488e-01
6.467089999999999463e+02 1.098940000000000055e+02 1.108399999999999963e+01 5.799999999999999600e-01
2.655000000000000000e+02 5.677499999999999858e+01 -2.173999999999999932e+00 4.139999999999999791e-01
-7.502200000000000557e+01 9.192999999999999616e+00 -1.134800000000000075e+01 2.479999999999999982e-01
-1.721889999999999930e+02 -1.761899999999999977e+01 -1.329499999999999993e+01 5.500000000000000028e-02
-1.013280000000000030e+02 -4.384899999999999665e+01 -1.348300000000000054e+01 -1.120000000000000023e-01
-7.071200000000000330e+01 -6.047299999999999898e+01 -1.402200000000000024e+01 -1.250000000000000000e-01
-1.696310000000000002e+02 -3.797800000000000153e+01 -1.075900000000000034e+01 -7.000000000000000146e-03
-2.630070000000000050e+02 1.805600000000000094e+01 3.719999999999999973e-01 1.130000000000000032e-01
-1.614449999999999932e+02 8.100199999999999534e+01 1.894000000000000128e+01 3.069999999999999951e-01
1.333240000000000123e+02 1.405620000000000118e+02 3.858200000000000074e+01 7.049999999999999600e-01
4.261009999999999991e+02 1.793700000000000045e+02 4.859799999999999898e+01 1.052000000000000046e+00
5.136900000000000546e+02 1.649830000000000041e+02 4.236800000000000210e+01 9.529999999999999583e-01
3.473980000000000246e+02 1.042289999999999992e+02 2.486199999999999832e+01 4.799999999999999822e-01
8.489400000000000546e+01 4.587500000000000000e+01 6.559999999999999609e+00 5.199999999999999761e-02
-5.932600000000000051e+01 1.063000000000000078e+01 -6.849000000000000199e+00 -1.519999999999999962e-01
-6.465500000000000114e+01 -1.998100000000000165e+01 -1.404400000000000048e+01 -2.550000000000000044e-01
-1.039939999999999998e+02 -5.075399999999999778e+01 -1.612000000000000099e+01 -3.459999999999999742e-01
-2.720389999999999873e+02 -7.008299999999999841e+01 -1.892599999999999838e+01 -3.639999999999999902e-01
-4.524309999999999832e+02 -8.620699999999999363e+01 -2.608599999999999852e+01 -2.369999999999999885e-01
-4.878059999999999832e+02 -1.164839999999999947e+02 -2.990800000000000125e+01 -2.100000000000000130e-02
-3.757529999999999859e+02 -1.511500000000000057e+02 -2.148900000000000077e+01 1.219999999999999973e-01
-2.525159999999999911e+02 -1.611220000000000141e+02 -5.453999999999999737e+00 9.199999999999999845e-02
-2.338340000000000032e+02 -1.367439999999999998e+02 6.241999999999999993e+00 -2.900000000000000147e-02
-3.131979999999999791e+02 -9.784300000000000352e+01 8.125000000000000000e+00 -1.069999999999999979e-01
-4.089030000000000200e+02 -6.909199999999999875e+01 1.100000000000000089e+00 -1.960000000000000075e-01
-4.766139999999999759e+02 -6.110799999999999699e+01 -1.268099999999999916e+01 -4.779999999999999805e-01
-5.269610000000000127e+02 -6.886299999999999955e+01 -2.787800000000000011e+01 -9.250000000000000444e-01
-5.382630000000000337e+02 -7.493099999999999739e+01 -3.602100000000000080e+01 -1.241999999999999993e+00
-4.565590000000000259e+02 -6.071500000000000341e+01 -3.322999999999999687e+01 -1.233999999999999986e+00
-3.135849999999999795e+02 -2.061799999999999855e+01 -2.230300000000000082e+01 -9.739999999999999769e-01
-2.144650000000000034e+02 3.289600000000000080e+01 -6.057999999999999829e+00 -5.779999999999999583e-01
-1.556740000000000066e+02 7.369799999999999329e+01 1.207300000000000040e+01 -1.100000000000000006e-01
-9.398999999999999133e+00 8.408700000000000330e+01 2.315399999999999991e+01 2.899999999999999800e-01
2.560070000000000050e+02 8.154300000000000637e+01 2.212800000000000011e+01 4.829999999999999849e-01
5.381299999999999955e+02 1.038640000000000043e+02 1.860699999999999932e+01 5.150000000000000133e-01
7.973930000000000291e+02 1.545169999999999959e+02 2.368799999999999883e+01 4.729999999999999760e-01
1.038653000000000020e+03 1.841440000000000055e+02 3.216899999999999693e+01 2.670000000000000151e-01
1.134922000000000025e+03 1.524660000000000082e+02 3.275900000000000034e+01 -1.449999999999999900e-01
9.565289999999999964e+02 8.640399999999999636e+01 2.604200000000000159e+01 -4.789999999999999813e-01
6.207240000000000464e+02 3.896600000000000108e+01 1.819300000000000139e+01 -4.369999999999999996e-01
3.657269999999999754e+02 1.938100000000000023e+01 9.160999999999999588e+00 -1.509999999999999953e-01
2.685210000000000150e+02 4.192000000000000171e+00 -1.391000000000000014e+00 1.799999999999999864e-02
2.475939999999999941e+02 -1.626000000000000156e+01 -8.224000000000000199e+00 -1.200000000000000025e-02
2.048139999999999930e+02 -3.632099999999999795e+01 -9.057000000000000384e+00 -6.900000000000000577e-02
7.911199999999999477e+01 -5.408200000000000074e+01 -9.314999999999999503e+00 -7.699999999999999900e-02
-1.205390000000000015e+02 -7.160899999999999466e+01 -1.282600000000000051e+01 -1.029999999999999943e-01
-3.088659999999999854e+02 -8.755500000000000682e+01 -1.565499999999999936e+01 -1.590000000000000024e-01
-4.086250000000000000e+02 -9.563299999999999557e+01 -1.307199999999999918e+01 -1.700000000000000122e-01
-4.095299999999999727e+02 -8.710599999999999454e+01 -6.873999999999999666e+00 -1.039999999999999952e-01
-3.172909999999999968e+02 -5.927700000000000102e+01 -2.438000000000000167e+00 -2.800000000000000058e-02
-1.287100000000000080e+02 -2.595599999999999952e+01 -1.594999999999999973e+00 4.000000000000000083e-03
9.787800000000000011e+01 -8.451999999999999957e+00 -1.026000000000000023e+00 3.699999999999999817e-02
2.380560000000000116e+02 -9.782999999999999474e+00 3.322999999999999954e+00 1.150000000000000050e-01
2.143029999999999973e+02 -1.338599999999999923e+01 1.091999999999999993e+01 2.000000000000000111e-01
4.734599999999999653e+01 -1.083999999999999986e+01 1.608200000000000074e+01 2.280000000000000082e-01
-2.033050000000000068e+02 -1.195299999999999940e+01 1.310699999999999932e+01 1.849999999999999978e-01
-4.760459999999999923e+02 -2.704100000000000037e+01 -5.490000000000000435e-01 8.500000000000000611e-02
-6.821209999999999809e+02 -5.436500000000000199e+01 -2.344500000000000028e+01 -8.699999999999999400e-02
-7.131079999999999472e+02 -8.179000000000000625e+01 -4.508899999999999864e+01 -3.039999999999999925e-01
-5.460990000000000464e+02 -9.521899999999999409e+01 -4.910300000000000153e+01 -4.430000000000000049e-01
-3.052540000000000191e+02 -8.999099999999999966e+01 -3.323700000000000188e+01 -4.209999999999999853e-01
-1.128089999999999975e+02 -6.797100000000000364e+01 -1.518999999999999950e+01 -2.839999999999999747e-01
7.707299999999999329e+01 -2.131400000000000006e+01 -6.352999999999999758e+00 -4.599999999999999922e-02
3.737880000000000109e+02 5.802900000000000347e+01 3.064000000000000057e+00 3.760000000000000009e-01
7.032119999999999891e+02 1.396990000000000123e+02 1.887300000000000111e+01 8.890000000000000124e-01
7.823899999999999864e+02 1.602669999999999959e+02 2.623400000000000176e+01 1.165999999999999925e+00
4.346070000000000277e+02 1.021809999999999974e+02 1.601800000000000068e+01 1.068000000000000060e+00
-9.804900000000000659e+01 3.168700000000000117e+01 3.411000000000000032e+00 8.229999999999999538e-01
-3.562610000000000241e+02 1.340099999999999980e+01 2.459999999999999964e+00 6.340000000000000080e-01
-2.295660000000000025e+02 2.715800000000000125e+01 4.926000000000000156e+00 4.309999999999999942e-01
-6.950799999999999557e+01 1.606700000000000017e+01 -1.036000000000000032e+00 1.350000000000000089e-01
-1.638120000000000118e+02 -2.438599999999999923e+01 -1.024099999999999966e+01 -1.580000000000000016e-01
-3.701139999999999759e+02 -5.498100000000000165e+01 -1.066699999999999982e+01 -2.979999999999999871e-01
-3.890199999999999818e+02 -5.793900000000000006e+01 -1.850000000000000089e+00 -2.750000000000000222e-01
-1.804679999999999893e+02 -4.408599999999999852e+01 6.833000000000000185e+00 -2.149999999999999967e-01
5.722399999999999665e+01 -1.519200000000000017e+01 1.001500000000000057e+01 -2.190000000000000002e-01
2.028679999999999950e+02 3.716899999999999693e+01 1.094899999999999984e+01 -2.340000000000000135e-01
3.023559999999999945e+02 9.993699999999999761e+01 1.381600000000000072e+01 -1.509999999999999953e-01
3.639379999999999882e+02 1.347270000000000039e+02 1.682600000000000051e+01 -1.600000000000000033e-02
2.963860000000000241e+02 1.142710000000000008e+02 1.544800000000000040e+01 -2.400000000000000050e-02
1.002960000000000065e+02 5.301400000000000290e+01 9.564000000000000057e+00 -2.349999999999999867e-01
-1.088689999999999998e+02 -7.357999999999999652e+00 3.407000000000000028e+00 -4.229999999999999871e-01
-3.106750000000000114e+02 -3.858800000000000097e+01 4.859999999999999876e-01 -3.420000000000000262e-01
-5.780099999999999909e+02 -4.204399999999999693e+01 2.176000000000000156e+00 -3.699999999999999817e-02
-8.582060000000000173e+02 -3.027599999999999980e+01 7.488999999999999879e+00 2.200000000000000011e-01
-9.530910000000000082e+02 -9.659000000000000696e+00 1.141499999999999915e+01 2.059999999999999887e-01
-7.124819999999999709e+02 2.096900000000000119e+01 1.141200000000000081e+01 8.000000000000000167e-03
-1.888259999999999934e+02 6.923000000000000398e+01 1.705399999999999849e+01 4.399999999999999745e-02
3.784599999999999795e+02 1.337909999999999968e+02 3.821000000000000085e+01 5.839999999999999636e-01
7.798350000000000364e+02 1.761239999999999952e+02 6.141100000000000136e+01 1.235000000000000098e+00
9.954020000000000437e+02 1.484449999999999932e+02 5.993399999999999750e+01 1.308000000000000052e+00
1.038406999999999925e+03 7.087800000000000011e+01 3.323299999999999699e+01 7.469999999999999973e-01
8.474299999999999500e+02 1.645799999999999841e+01 1.068900000000000006e+01 1.859999999999999987e-01
5.200900000000000318e+02 6.491999999999999993e+00 8.387999999999999901e+00 -5.000000000000000104e-03
3.377579999999999814e+02 2.099999999999999922e-01 1.132000000000000028e+01 -1.160000000000000059e-01
3.743439999999999941e+02 -2.077400000000000091e+01 4.663000000000000256e+00 -4.069999999999999729e-01
4.183969999999999914e+02 -3.976200000000000045e+01 -8.740999999999999659e+00 -6.660000000000000364e-01
3.410090000000000146e+02 -5.354599999999999937e+01 -2.431200000000000117e+01 -6.850000000000000533e-01
2.119749999999999943e+02 -7.013200000000000500e+01 -4.165200000000000102e+01 -5.739999999999999547e-01
7.009999999999999432e+01 -8.427200000000000557e+01 -5.579999999999999716e+01 -4.630000000000000226e-01
-1.393899999999999864e+02 -8.979999999999999716e+01 -5.966499999999999915e+01 -3.250000000000000111e-01
-3.747269999999999754e+02 -8.964499999999999602e+01 -5.234599999999999653e+01 -1.290000000000000036e-01
-4.606820000000000164e+02 -8.216800000000000637e+01 -3.913900000000000290e+01 6.700000000000000400e-02
-3.327149999999999750e+02 -6.447700000000000387e+01 -2.771600000000000108e+01 1.690000000000000113e-01
-1.491740000000000066e+02 -4.951800000000000068e+01 -2.423100000000000165e+01 8.300000000000000433e-02
-6.140100000000000335e+01 -5.265200000000000102e+01 -2.766199999999999903e+01 -1.930000000000000049e-01
-3.559799999999999898e+01 -6.165200000000000102e+01 -2.898999999999999844e+01 -4.919999999999999929e-01
1.895999999999999908e+00 -4.631499999999999773e+01 -2.110999999999999943e+01 -5.949999999999999734e-01
1.292099999999999937e+01 -2.464999999999999858e+00 -8.292999999999999261e+00 -4.470000000000000084e-01
-3.881900000000000261e+01 3.571500000000000341e+01 -5.350000000000000311e-01 -1.890000000000000013e-01
-8.724099999999999966e+01 3.690400000000000347e+01 -8.149999999999999467e-01 -2.100000000000000130e-02
-9.509699999999999420e+01 1.008399999999999963e+01 -4.275999999999999801e+00 -3.200000000000000067e-02
-1.137079999999999984e+02 -1.096100000000000030e+01 -6.480999999999999872e+00 -1.409999999999999865e-01
-1.482640000000000100e+02 -8.615000000000000213e+00 -5.858999999999999986e+00 -2.109999999999999931e-01
-1.530790000000000077e+02 4.525999999999999801e+00 -2.422000000000000153e+00 -1.809999999999999942e-01
-1.547560000000000002e+02 4.525000000000000355e+00 1.028000000000000025e+00 -1.110000000000000014e-01
-2.018060000000000116e+02 -1.702599999999999980e+01 1.624000000000000110e+00 -7.399999999999999634e-02
-2.466150000000000091e+02 -4.230400000000000205e+01 1.933000000000000052e+00 -6.300000000000000044e-02
-2.065099999999999909e+02 -4.914900000000000091e+01 6.546000000000000263e+00 -3.200000000000000067e-02
-8.775300000000000011e+01 -4.227400000000000091e+01 1.290399999999999991e+01 -8.999999999999999320e-03
3.325000000000000178e+00 -4.488400000000000034e+01 1.215900000000000070e+01 -8.300000000000000433e-02
-5.553999999999999915e+01 -6.190800000000000125e+01 1.387999999999999901e+00 -2.419999999999999929e-01
-2.913039999999999736e+02 -7.662600000000000477e+01 -1.108000000000000007e+01 -3.589999999999999858e-01
-5.820529999999999973e+02 -8.171200000000000330e+01 -1.621900000000000119e+01 -3.669999999999999929e-01
-7.491309999999999718e+02 -8.786299999999999955e+01 -1.418599999999999994e+01 -3.240000000000000102e-01
-7.080869999999999891e+02 -1.005639999999999930e+02 -1.031600000000000072e+01 -3.009999999999999898e-01
-4.695389999999999873e+02 -1.063479999999999990e+02 -8.205000000000000071e+00 -3.140000000000000013e-01
-7.697199999999999420e+01 -8.874599999999999511e+01 -9.118999999999999773e+00 -3.609999999999999876e-01
3.055099999999999909e+02 -5.142999999999999972e+01 -1.095199999999999996e+01 -4.020000000000000240e-01
4.259549999999999841e+02 -1.384399999999999942e+01 -6.934999999999999609e+00 -3.230000000000000093e-01
2.994169999999999732e+02 1.957999999999999829e+01 8.314999999999999503e+00 -3.000000000000000062e-03
2.926840000000000259e+02 7.041899999999999693e+01 3.219700000000000273e+01 5.410000000000000364e-01
5.849700000000000273e+02 1.472609999999999957e+02 5.553900000000000148e+01 1.062999999999999945e+00
8.126829999999999927e+02 2.100399999999999920e+02 6.757999999999999829e+01 1.237000000000000099e+00
6.118790000000000191e+02 2.169439999999999884e+02 6.333700000000000330e+01 9.949999999999999956e-01
2.555709999999999980e+02 1.936819999999999879e+02 4.985399999999999920e+01 6.199999999999999956e-01
2.280300000000000011e+02 1.901800000000000068e+02 3.823799999999999955e+01 3.940000000000000169e-01
4.179710000000000036e+02 1.918810000000000002e+02 3.046900000000000119e+01 3.089999999999999969e-01
3.842250000000000227e+02 1.555989999999999895e+02 2.248000000000000043e+01 2.280000000000000082e-01
1.397549999999999955e+02 9.867900000000000205e+01 1.405100000000000016e+01 1.250000000000000000e-01
1.666900000000000048e+01 6.737199999999999989e+01 7.482000000000000206e+00 3.400000000000000244e-02
2.902899999999999991e+01 5.486899999999999977e+01 2.681999999999999940e+00 -6.900000000000000577e-02
-6.047500000000000142e+01 2.754400000000000048e+01 -6.929999999999999494e-01 -1.799999999999999933e-01
-2.584689999999999941e+02 -8.486000000000000654e+00 -1.588999999999999968e+00 -1.940000000000000058e-01
-3.944830000000000041e+02 -3.192200000000000060e+01 -2.278000000000000025e+00 -1.019999999999999934e-01
-4.636329999999999814e+02 -5.375699999999999790e+01 -8.528000000000000469e+00 -8.500000000000000611e-02
-5.504800000000000182e+02 -8.993600000000000705e+01 -2.026399999999999935e+01 -2.179999999999999993e-01
-6.154980000000000473e+02 -1.223790000000000049e+02 -2.726099999999999923e+01 -2.750000000000000222e-01
-5.779289999999999736e+02 -1.176659999999999968e+02 -1.903200000000000003e+01 -1.499999999999999944e-02
-4.137889999999999873e+02 -6.938200000000000500e+01 1.344000000000000083e+00 4.420000000000000040e-01
-1.322090000000000032e+02 -1.286200000000000010e+01 1.609799999999999898e+01 6.690000000000000391e-01
1.674660000000000082e+02 6.798000000000000043e+00 1.093299999999999983e+01 4.269999999999999907e-01
3.296250000000000000e+02 -1.371899999999999942e+01 -6.339999999999999858e+00 1.099999999999999936e-02
3.875779999999999745e+02 -2.898799999999999955e+01 -1.405400000000000027e+01 -7.799999999999999989e-02
5.229199999999999591e+02 -2.471999999999999975e+00 -4.144000000000000128e+00 2.240000000000000047e-01
6.574109999999999445e+02 3.984899999999999665e+01 8.292999999999999261e+00 4.590000000000000191e-01
4.966000000000000227e+02 4.069599999999999795e+01 6.748000000000000220e+00 2.929999999999999827e-01
8.478199999999999648e+01 -5.878999999999999559e+00 -5.261000000000000121e+00 -5.600000000000000117e-02
-1.860709999999999980e+02 -4.531700000000000017e+01 -1.397899999999999920e+01 -2.300000000000000100e-01
-1.724050000000000011e+02 -4.326299999999999812e+01 -1.655699999999999861e+01 -2.320000000000000118e-01
-1.100300000000000011e+02 -2.672599999999999909e+01 -1.890099999999999980e+01 -2.399999999999999911e-01
-1.778990000000000009e+02 -3.211399999999999721e+01 -2.244699999999999918e+01 -2.700000000000000178e-01
-3.175659999999999741e+02 -5.661999999999999744e+01 -2.534100000000000108e+01 -2.859999999999999765e-01
-4.457080000000000268e+02 -7.708100000000000307e+01 -2.739900000000000091e+01 -3.420000000000000262e-01
-5.486349999999999909e+02 -8.467600000000000193e+01 -2.748900000000000077e+01 -4.339999999999999969e-01
-5.502630000000000337e+02 -8.088100000000000023e+01 -2.450300000000000011e+01 -4.460000000000000075e-01
-3.216240000000000236e+02 -6.105700000000000216e+01 -2.152100000000000080e+01 -3.529999999999999805e-01
7.784499999999999886e+01 -3.190599999999999881e+01 -2.219900000000000162e+01 -2.959999999999999853e-01
3.607049999999999841e+02 -2.649299999999999855e+01 -2.443100000000000094e+01 -3.729999999999999982e-01
3.876990000000000123e+02 -5.779800000000000182e+01 -2.199800000000000111e+01 -4.630000000000000226e-01
3.654089999999999918e+02 -8.212800000000000011e+01 -1.268900000000000006e+01 -3.980000000000000204e-01
4.458509999999999991e+02 -6.206600000000000250e+01 -1.475999999999999979e+00 -2.079999999999999905e-01
4.837629999999999768e+02 -2.559799999999999898e+01 7.642999999999999794e+00 -2.199999999999999872e-02
4.302669999999999959e+02 -1.159900000000000020e+01 1.696900000000000119e+01 1.419999999999999873e-01
4.729069999999999823e+02 -7.889000000000000234e+00 2.603699999999999903e+01 2.939999999999999836e-01
5.817680000000000291e+02 1.600400000000000134e+01 2.888500000000000156e+01 3.679999999999999938e-01
4.496050000000000182e+02 5.893900000000000006e+01 2.683800000000000097e+01 4.030000000000000249e-01
4.496399999999999864e+01 1.027009999999999934e+02 2.834900000000000020e+01 5.919999999999999707e-01
-2.549590000000000032e+02 1.449449999999999932e+02 3.350200000000000244e+01 9.689999999999999725e-01
-2.154130000000000109e+02 1.838439999999999941e+02 3.428499999999999659e+01 1.247999999999999998e+00
-4.892000000000000348e+00 1.955370000000000061e+02 2.864000000000000057e+01 1.145000000000000018e+00
1.691279999999999859e+02 1.636179999999999950e+02 2.084400000000000119e+01 7.389999999999999902e-01
2.705509999999999877e+02 1.090490000000000066e+02 1.155499999999999972e+01 3.519999999999999796e-01
2.481210000000000093e+02 6.552500000000000568e+01 -1.018999999999999906e+00 1.700000000000000122e-01
1.270899999999999963e+01 3.989600000000000080e+01 -1.397600000000000087e+01 1.350000000000000089e-01
-3.396659999999999968e+02 1.094299999999999962e+01 -2.206599999999999895e+01 1.079999999999999988e-01
-5.325069999999999482e+02 -3.070799999999999841e+01 -2.285099999999999909e+01 2.900000000000000147e-02
-4.294979999999999905e+02 -5.721500000000000341e+01 -1.587299999999999933e+01 -2.000000000000000042e-02
-1.993489999999999895e+02 -4.414399999999999835e+01 -2.677999999999999936e+00 6.800000000000000488e-02
-6.227700000000000102e+01 -2.069800000000000040e+01 8.237999999999999545e+00 1.710000000000000131e-01
-2.187800000000000011e+01 -3.766899999999999693e+01 3.630999999999999783e+00 -4.399999999999999745e-02
1.036599999999999966e+01 -9.542700000000000671e+01 -1.810500000000000043e+01 -6.470000000000000195e-01
-3.197500000000000142e+01 -1.491980000000000075e+02 -3.985199999999999676e+01 -1.219999999999999973e+00
-2.758149999999999977e+02 -1.745800000000000125e+02 -4.587899999999999778e+01 -1.356999999999999984e+00
-6.250480000000000018e+02 -1.778100000000000023e+02 -3.944800000000000040e+01 -1.120999999999999996e+00
-8.077519999999999527e+02 -1.570389999999999873e+02 -3.152599999999999980e+01 -7.950000000000000400e-01
-7.180650000000000546e+02 -1.071560000000000059e+02 -2.437699999999999889e+01 -5.270000000000000240e-01
-4.867509999999999764e+02 -4.665699999999999648e+01 -1.327899999999999991e+01 -3.230000000000000093e-01
-2.039770000000000039e+02 1.733000000000000096e+00 4.620000000000000107e+00 -1.300000000000000044e-01
1.592860000000000014e+02 3.494599999999999795e+01 2.472599999999999909e+01 6.900000000000000577e-02
5.083330000000000268e+02 5.625999999999999801e+01 3.650800000000000267e+01 1.859999999999999987e-01
5.852730000000000246e+02 7.303600000000000136e+01 3.689099999999999824e+01 2.550000000000000044e-01
3.345609999999999786e+02 1.047800000000000011e+02 3.614800000000000324e+01 4.779999999999999805e-01
9.904999999999999716e+01 1.507860000000000014e+02 3.915699999999999648e+01 7.399999999999999911e-01
1.715250000000000057e+02 1.671690000000000111e+02 3.415899999999999892e+01 6.019999999999999796e-01
3.462610000000000241e+02 1.197669999999999959e+02 1.444999999999999929e+01 5.600000000000000117e-02
2.977830000000000155e+02 3.858500000000000085e+01 -5.650999999999999801e+00 -3.599999999999999867e-01
1.309979999999999905e+02 -1.635099999999999909e+01 -1.115300000000000047e+01 -3.790000000000000036e-01
1.085079999999999956e+02 -2.567299999999999827e+01 -6.463000000000000078e+00 -2.760000000000000231e-01
1.560689999999999884e+02 -1.904700000000000060e+01 -3.556999999999999940e+00 -2.819999999999999729e-01
7.231799999999999784e+01 -2.182900000000000063e+01 -5.185999999999999943e+00 -3.119999999999999996e-01
-7.230500000000000682e+01 -2.450400000000000134e+01 -8.301999999999999602e+00 -2.939999999999999836e-01
-1.042039999999999935e+02 -1.462599999999999945e+01 -1.177800000000000047e+01 -3.130000000000000004e-01
-7.604300000000000637e+01 -7.347000000000000419e+00 -1.466000000000000014e+01 -3.990000000000000213e-01
-1.658369999999999891e+02 -2.121300000000000097e+01 -1.449799999999999933e+01 -4.510000000000000120e-01
-3.810520000000000209e+02 -4.766199999999999903e+01 -1.128899999999999970e+01 -4.119999999999999774e-01
-5.156849999999999454e+02 -6.377100000000000080e+01 -8.327999999999999403e+00 -3.459999999999999742e-01
-3.829870000000000232e+02 -5.844700000000000273e+01 -6.487000000000000099e+00 -2.800000000000000266e-01
-3.701100000000000279e+01 -3.755799999999999983e+01 -2.758999999999999897e+00 -1.409999999999999865e-01
2.877490000000000236e+02 -1.518999999999999950e+01 3.003000000000000114e+00 8.100000000000000255e-02
4.204920000000000186e+02 -4.133000000000000007e+00 5.625000000000000000e+00 2.320000000000000118e-01
3.419510000000000218e+02 -1.019299999999999962e+01 1.534000000000000030e+00 1.749999999999999889e-01
1.185000000000000000e+02 -2.979599999999999937e+01 -6.091000000000000192e+00 -4.200000000000000261e-02
-1.099350000000000023e+02 -5.006600000000000250e+01 -1.143699999999999939e+01 -2.439999999999999947e-01
-1.859660000000000082e+02 -5.654399999999999693e+01 -1.205100000000000016e+01 -2.979999999999999871e-01
-8.529300000000000637e+01 -4.409799999999999898e+01 -8.284000000000000696e+00 -2.099999999999999922e-01
7.503799999999999670e+01 -1.773100000000000165e+01 -9.449999999999999512e-01 -7.499999999999999722e-02
1.773870000000000005e+02 1.533900000000000041e+01 7.858999999999999986e+00 7.099999999999999367e-02
1.810790000000000077e+02 5.284400000000000119e+01 1.568800000000000061e+01 3.109999999999999987e-01
1.028469999999999942e+02 9.424399999999999977e+01 2.177100000000000080e+01 6.830000000000000515e-01
-2.601200000000000045e+01 1.241440000000000055e+02 2.490800000000000125e+01 1.012000000000000011e+00
-1.634530000000000030e+02 1.149240000000000066e+02 2.324299999999999855e+01 1.094000000000000083e+00
-2.310339999999999918e+02 6.697299999999999898e+01 1.843900000000000006e+01 9.499999999999999556e-01
-1.786620000000000061e+02 1.928399999999999892e+01 1.345400000000000063e+01 6.969999999999999529e-01
-9.295699999999999363e+01 -5.169999999999999929e+00 5.121999999999999886e+00 2.989999999999999880e-01
-9.290099999999999625e+01 -2.294099999999999895e+01 -1.120800000000000018e+01 -2.459999999999999964e-01
-8.847499999999999432e+01 -3.780499999999999972e+01 -2.833599999999999852e+01 -6.510000000000000231e-01
1.074530000000000030e+02 -2.435399999999999920e+01 -3.072700000000000031e+01 -6.069999999999999840e-01
3.527900000000000205e+02 1.403800000000000026e+01 -1.505199999999999960e+01 -1.920000000000000040e-01
2.535149999999999864e+02 3.635199999999999676e+01 4.189000000000000057e+00 2.650000000000000133e-01
-1.850929999999999893e+02 3.066100000000000136e+01 1.355899999999999928e+01 5.839999999999999636e-01
-4.558679999999999950e+02 2.522200000000000131e+01 1.364199999999999946e+01 7.540000000000000036e-01
-2.807839999999999918e+02 3.079200000000000159e+01 1.128100000000000058e+01 7.399999999999999911e-01
2.330600000000000094e+01 3.433899999999999864e+01 1.144200000000000017e+01 5.769999999999999574e-01
1.196970000000000027e+02 3.383500000000000085e+01 1.584399999999999942e+01 4.040000000000000258e-01
1.353750000000000000e+02 2.798699999999999832e+01 1.992399999999999949e+01 1.920000000000000040e-01
2.682529999999999859e+02 2.447999999999999954e+00 1.613800000000000168e+01 -2.000000000000000111e-01
3.591449999999999818e+02 -4.058700000000000330e+01 5.160999999999999588e+00 -6.420000000000000151e-01
2.177270000000000039e+02 -7.261400000000000432e+01 -3.633999999999999897e+00 -8.149999999999999467e-01
-4.953499999999999659e+01 -7.883199999999999363e+01 -5.145999999999999908e+00 -6.730000000000000426e-01
-3.020749999999999886e+02 -8.053300000000000125e+01 -4.942000000000000171e+00 -4.989999999999999991e-01
-5.147169999999999845e+02 -9.641400000000000148e+01 -9.128000000000000114e+00 -4.500000000000000111e-01
-5.428239999999999554e+02 -1.043050000000000068e+02 -1.396599999999999930e+01 -3.619999999999999885e-01
-1.999559999999999889e+02 -7.116500000000000625e+01 -1.194899999999999984e+01 -7.699999999999999900e-02
3.565969999999999800e+02 -4.528999999999999915e+00 -3.309000000000000163e+00 2.540000000000000036e-01
7.009690000000000509e+02 5.535499999999999687e+01 5.089999999999999858e+00 3.569999999999999840e-01
6.360069999999999482e+02 8.708700000000000330e+01 9.643000000000000682e+00 2.089999999999999913e-01
3.450810000000000173e+02 1.043679999999999950e+02 1.274799999999999933e+01 5.700000000000000205e-02
6.130799999999999983e+01 1.171830000000000069e+02 1.603800000000000026e+01 7.599999999999999811e-02
-1.421860000000000070e+02 1.151590000000000060e+02 1.940299999999999869e+01 2.540000000000000036e-01
-1.821349999999999909e+02 1.041620000000000061e+02 2.621499999999999986e+01 5.679999999999999494e-01
7.693200000000000216e+01 1.078700000000000045e+02 3.661999999999999744e+01 9.549999999999999600e-01
5.368970000000000482e+02 1.193160000000000025e+02 3.835099999999999909e+01 1.106999999999999984e+00
8.446349999999999909e+02 1.056659999999999968e+02 2.023100000000000165e+01 7.510000000000000009e-01
7.556440000000000055e+02 6.547599999999999909e+01 -8.012000000000000455e+00 1.390000000000000124e-01
3.468369999999999891e+02 3.431199999999999761e+01 -2.485399999999999920e+01 -1.930000000000000049e-01
-5.749699999999999989e+01 3.260600000000000165e+01 -2.330999999999999872e+01 -1.390000000000000124e-01
-1.294240000000000066e+02 4.328399999999999892e+01 -1.377100000000000080e+01 -2.400000000000000050e-02
1.280989999999999895e+02 4.357600000000000051e+01 -5.375000000000000000e+00 -1.000000000000000021e-03
3.307930000000000064e+02 2.774299999999999855e+01 -8.619999999999999885e-01 2.500000000000000139e-02
1.676100000000000136e+02 -3.991999999999999993e+00 -3.778000000000000025e+00 2.800000000000000058e-02
-2.001730000000000018e+02 -4.850099999999999767e+01 -1.515900000000000070e+01 -1.010000000000000064e-01
-3.987509999999999764e+02 -9.242300000000000182e+01 -2.824899999999999878e+01 -3.210000000000000075e-01
-3.427359999999999900e+02 -1.228810000000000002e+02 -3.548599999999999710e+01 -5.110000000000000098e-01
-2.301030000000000086e+02 -1.384799999999999898e+02 -3.545900000000000318e+01 -6.169999999999999929e-01
-1.974650000000000034e+02 -1.418319999999999936e+02 -3.037500000000000000e+01 -6.430000000000000160e-01
-2.180759999999999934e+02 -1.346719999999999970e+02 -2.207100000000000151e+01 -6.229999999999999982e-01
-2.566109999999999900e+02 -1.230469999999999970e+02 -1.198499999999999943e+01 -5.829999999999999627e-01
-3.422250000000000227e+02 -1.149459999999999980e+02 -3.145999999999999908e+00 -5.180000000000000160e-01
-4.569580000000000268e+02 -1.100229999999999961e+02 2.149999999999999967e-01 -4.309999999999999942e-01
-4.794780000000000086e+02 -1.001629999999999967e+02 -3.024999999999999911e+00 -3.699999999999999956e-01
-3.735720000000000027e+02 -8.540900000000000603e+01 -1.016699999999999982e+01 -3.860000000000000098e-01
-3.189039999999999964e+02 -8.110299999999999443e+01 -1.940299999999999869e+01 -4.949999999999999956e-01
-4.617440000000000282e+02 -9.828799999999999670e+01 -2.986499999999999844e+01 -6.630000000000000338e-01
-6.701739999999999782e+02 -1.241820000000000022e+02 -3.740100000000000335e+01 -8.159999999999999476e-01
-7.411539999999999964e+02 -1.347959999999999923e+02 -3.619100000000000250e+01 -8.639999999999999902e-01
-6.756760000000000446e+02 -1.192030000000000030e+02 -2.437300000000000111e+01 -7.169999999999999707e-01
-5.555850000000000364e+02 -7.711599999999999966e+01 -4.275000000000000355e+00 -3.140000000000000013e-01
-3.764990000000000236e+02 -6.128999999999999559e+00 2.032999999999999829e+01 2.919999999999999818e-01
-1.516090000000000089e+02 8.288200000000000500e+01 4.148599999999999710e+01 8.529999999999999805e-01
8.024299999999999500e+01 1.516260000000000048e+02 4.792399999999999949e+01 1.058999999999999941e+00
3.736179999999999950e+02 1.671200000000000045e+02 3.862299999999999756e+01 8.850000000000000089e-01
7.310919999999999845e+02 1.375420000000000016e+02 2.711199999999999832e+01 6.440000000000000169e-01
9.347920000000000300e+02 9.622400000000000375e+01 2.298799999999999955e+01 5.220000000000000195e-01
7.968369999999999891e+02 6.765500000000000114e+01 2.009499999999999886e+01 3.659999999999999920e-01
4.751899999999999977e+02 5.999600000000000222e+01 1.111100000000000065e+01 7.699999999999999900e-02
2.973199999999999932e+02 7.238700000000000045e+01 2.032999999999999918e+00 -1.330000000000000071e-01
3.380409999999999968e+02 9.623499999999999943e+01 1.750000000000000000e+00 -6.800000000000000488e-02
3.701070000000000277e+02 1.132139999999999986e+02 6.219999999999999751e+00 1.489999999999999936e-01
1.922570000000000050e+02 1.038619999999999948e+02 4.740999999999999659e+00 2.750000000000000222e-01
-1.427860000000000014e+02 6.712000000000000455e+01 -3.749000000000000110e+00 2.389999999999999902e-01
-4.238870000000000005e+02 2.591199999999999903e+01 -1.057000000000000028e+01 1.350000000000000089e-01
-5.029639999999999986e+02 2.382000000000000117e+00 -1.071799999999999997e+01 3.500000000000000333e-02
-3.723319999999999936e+02 -4.538999999999999702e+00 -8.191000000000000725e+00 -7.499999999999999722e-02
-8.912500000000000000e+01 -4.820000000000000284e+00 -6.724999999999999645e+00 -1.690000000000000113e-01
2.512390000000000043e+02 -1.925000000000000044e+00 -4.227999999999999758e+00 -1.700000000000000122e-01
4.780459999999999923e+02 -6.923000000000000043e+00 -8.209999999999999520e-01 -1.280000000000000027e-01
4.481270000000000095e+02 -3.467199999999999704e+01 -1.469999999999999973e+00 -1.670000000000000095e-01
2.136740000000000066e+02 -7.187099999999999511e+01 -5.495000000000000107e+00 -2.190000000000000002e-01
-3.397500000000000142e+01 -8.241599999999999682e+01 -4.543000000000000149e+00 -1.150000000000000050e-01
-1.561800000000000068e+02 -5.115800000000000125e+01 5.211999999999999744e+00 1.330000000000000071e-01
-1.214440000000000026e+02 2.704000000000000181e+00 1.728900000000000148e+01 3.750000000000000000e-01
1.821499999999999986e+01 4.785399999999999920e+01 2.185699999999999932e+01 4.550000000000000155e-01
1.344199999999999875e+02 5.685199999999999676e+01 1.365900000000000070e+01 2.320000000000000118e-01
1.272189999999999941e+02 2.233899999999999864e+01 -2.690999999999999837e+00 -2.159999999999999976e-01
5.657500000000000284e+01 -2.625700000000000145e+01 -1.361400000000000077e+01 -5.090000000000000080e-01
6.890300000000000580e+01 -4.764900000000000091e+01 -1.030499999999999972e+01 -4.089999999999999747e-01
1.718040000000000020e+02 -3.813400000000000034e+01 -8.300000000000000433e-02 -1.250000000000000000e-01
1.664550000000000125e+02 -3.269599999999999795e+01 3.170999999999999819e+00 3.099999999999999978e-02
-1.026800000000000068e+02 -5.382300000000000040e+01 -4.112000000000000099e+00 1.600000000000000033e-02
-4.819769999999999754e+02 -8.440200000000000102e+01 -1.383399999999999963e+01 -7.599999999999999811e-02
-6.585589999999999691e+02 -9.907999999999999829e+01 -1.823000000000000043e+01 -2.149999999999999967e-01
-5.157240000000000464e+02 -9.318899999999999295e+01 -1.660200000000000031e+01 -3.579999999999999849e-01
-1.635840000000000032e+02 -6.615399999999999636e+01 -9.794999999999999929e+00 -3.479999999999999760e-01
2.547290000000000134e+02 -8.926000000000000156e+00 4.048000000000000043e+00 -6.099999999999999867e-02
6.139220000000000255e+02 6.827700000000000102e+01 2.222599999999999909e+01 4.050000000000000266e-01
7.644700000000000273e+02 1.243139999999999930e+02 3.353499999999999659e+01 8.070000000000000506e-01
5.846639999999999873e+02 1.285999999999999943e+02 3.076099999999999923e+01 1.004000000000000004e+00
1.391889999999999930e+02 9.141700000000000159e+01 1.960000000000000142e+01 9.849999999999999867e-01
-2.621469999999999914e+02 4.198199999999999932e+01 8.621000000000000441e+00 7.780000000000000249e-01
-3.275269999999999868e+02 2.116000000000000103e+00 6.079999999999999849e-01 4.869999999999999885e-01
-1.044090000000000060e+02 -1.601800000000000068e+01 -3.226999999999999869e+00 2.610000000000000098e-01
9.855599999999999739e+01 -1.005000000000000071e+01 -1.719000000000000083e+00 1.330000000000000071e-01
5.731099999999999994e+01 6.772999999999999687e+00 1.310999999999999943e+00 2.299999999999999961e-02
-1.751339999999999861e+02 1.379100000000000037e+01 -5.210000000000000187e-01 -1.140000000000000041e-01
-3.390640000000000214e+02 5.972999999999999865e+00 -6.703000000000000291e+00 -2.310000000000000109e-01
-2.283240000000000123e+02 -4.139999999999999680e+00 -1.030499999999999972e+01 -3.019999999999999907e-01
8.406799999999999784e+01 -9.156000000000000583e+00 -9.064000000000000057e+00 -3.810000000000000053e-01
3.398790000000000191e+02 -1.201999999999999957e+01 -7.652000000000000135e+00 -4.640000000000000235e-01
3.663029999999999973e+02 -1.268299999999999983e+01 -8.179000000000000270e+00 -4.159999999999999809e-01
1.690140000000000100e+02 -7.421000000000000263e+00 -7.004999999999999893e+00 -1.549999999999999989e-01
-1.130300000000000011e+02 5.016000000000000014e+00 -2.137999999999999901e+00 1.799999999999999933e-01
-2.539300000000000068e+02 2.530399999999999849e+01 2.806999999999999940e+00 3.559999999999999831e-01
-1.100870000000000033e+02 5.115599999999999881e+01 3.548000000000000043e+00 2.530000000000000027e-01
1.675480000000000018e+02 6.908299999999999841e+01 4.610000000000000209e-01 -7.000000000000000666e-02
2.436560000000000059e+02 6.507599999999999341e+01 -2.641000000000000014e+00 -4.189999999999999836e-01
7.905000000000000249e+00 4.835900000000000176e+01 -2.600000000000000089e+00 -5.600000000000000533e-01
-2.729110000000000014e+02 4.232999999999999829e+01 1.413999999999999924e+00 -4.109999999999999765e-01
-3.318870000000000005e+02 4.745100000000000051e+01 7.556000000000000050e+00 -1.290000000000000036e-01
-2.344619999999999891e+02 4.302199999999999847e+01 1.291000000000000014e+01 7.000000000000000666e-02
-1.559720000000000084e+02 2.803500000000000014e+01 1.644800000000000040e+01 1.340000000000000080e-01
-1.032079999999999984e+02 2.203000000000000114e+01 1.741400000000000148e+01 1.390000000000000124e-01
-6.800700000000000500e+01 2.108800000000000097e+01 1.297400000000000020e+01 1.010000000000000064e-01
-1.536169999999999902e+02 -7.923000000000000043e+00 2.330999999999999961e+00 -4.900000000000000189e-02
-3.774889999999999759e+02 -7.848900000000000432e+01 -1.069400000000000084e+01 -3.170000000000000040e-01
-6.093339999999999463e+02 -1.582340000000000089e+02 -2.263400000000000034e+01 -5.590000000000000524e-01
-7.543909999999999627e+02 -2.021140000000000043e+02 -3.150799999999999912e+01 -6.239999999999999991e-01
-7.630099999999999909e+02 -1.906129999999999995e+02 -3.160900000000000176e+01 -5.030000000000000027e-01
-5.284519999999999982e+02 -1.239980000000000047e+02 -1.616000000000000014e+01 -2.540000000000000036e-01
-3.113700000000000045e+01 -6.993999999999999773e+00 1.268399999999999928e+01 1.559999999999999998e-01
5.161029999999999518e+02 1.282410000000000139e+02 4.073299999999999699e+01 7.109999999999999654e-01
8.778830000000000382e+02 2.139910000000000139e+02 5.138700000000000045e+01 1.137000000000000011e+00
1.035186999999999898e+03 2.105089999999999861e+02 4.174399999999999977e+01 1.149000000000000021e+00
1.099430000000000064e+03 1.503580000000000041e+02 2.547400000000000020e+01 8.369999999999999662e-01
1.102212999999999965e+03 8.462300000000000466e+01 1.454599999999999937e+01 4.959999999999999964e-01
9.399589999999999463e+02 2.562699999999999889e+01 5.759999999999999787e+00 2.399999999999999911e-01
5.490960000000000036e+02 -3.181700000000000017e+01 -9.034000000000000696e+00 -1.499999999999999944e-02
9.960299999999999443e+01 -7.769799999999999329e+01 -2.776899999999999835e+01 -3.210000000000000075e-01
-1.682290000000000134e+02 -1.007860000000000014e+02 -3.962700000000000244e+01 -5.809999999999999609e-01
-2.752909999999999968e+02 -1.080370000000000061e+02 -3.878600000000000136e+01 -6.660000000000000364e-01
-4.218960000000000150e+02 -1.140270000000000010e+02 -3.169200000000000017e+01 -6.069999999999999840e-01
-6.321620000000000346e+02 -1.212549999999999955e+02 -2.746300000000000097e+01 -5.639999999999999458e-01
-7.350990000000000464e+02 -1.171880000000000024e+02 -2.536299999999999955e+01 -5.669999999999999485e-01
-6.145560000000000400e+02 -8.670900000000000318e+01 -1.903200000000000003e+01 -4.919999999999999929e-01
-2.880299999999999727e+02 -2.610000000000000142e+01 -8.625000000000000000e+00 -3.099999999999999978e-01
1.471069999999999993e+02 4.485399999999999920e+01 -4.789999999999999813e-01 -1.380000000000000115e-01
5.245439999999999827e+02 8.496599999999999397e+01 1.235999999999999988e+00 -6.300000000000000044e-02
6.523460000000000036e+02 6.970399999999999352e+01 -2.642999999999999794e+00 -6.900000000000000577e-02
4.594429999999999836e+02 2.566000000000000014e+01 -7.703000000000000291e+00 -8.599999999999999312e-02
1.283890000000000100e+02 -1.780999999999999917e+00 -8.005000000000000782e+00 -3.799999999999999906e-02
-3.521999999999999886e+01 -1.417000000000000037e+00 -7.670000000000000151e-01 9.500000000000000111e-02
5.640800000000000125e+01 1.040199999999999925e+01 9.275000000000000355e+00 2.409999999999999920e-01
1.901049999999999898e+02 2.008099999999999952e+01 1.327599999999999980e+01 2.790000000000000258e-01
1.476390000000000100e+02 1.707199999999999918e+01 7.919999999999999929e+00 1.300000000000000044e-01
-5.390599999999999881e+01 -3.995999999999999996e+00 -1.042999999999999927e+00 -1.409999999999999865e-01
-2.363520000000000039e+02 -2.854400000000000048e+01 -6.447000000000000064e+00 -3.629999999999999893e-01
-2.628620000000000232e+02 -3.378399999999999892e+01 -6.934999999999999609e+00 -4.069999999999999729e-01
-1.328619999999999948e+02 -1.570700000000000074e+01 -4.727000000000000313e+00 -2.650000000000000133e-01
5.168399999999999750e+01 9.051000000000000156e+00 -2.303999999999999826e+00 -2.199999999999999872e-02
1.539600000000000080e+02 2.097899999999999920e+01 -3.771999999999999797e+00 2.109999999999999931e-01
7.230800000000000693e+01 1.309099999999999930e+01 -1.177999999999999936e+01 3.850000000000000089e-01
-1.908460000000000036e+02 -3.918000000000000149e+00 -2.025199999999999889e+01 4.959999999999999964e-01
-4.983849999999999909e+02 -1.444100000000000072e+01 -1.897299999999999898e+01 4.819999999999999840e-01
-6.302050000000000409e+02 -1.799800000000000111e+01 -8.644000000000000128e+00 2.429999999999999938e-01
-4.673279999999999745e+02 -2.589499999999999957e+01 -1.151999999999999913e+00 -1.789999999999999925e-01
-1.469809999999999945e+02 -3.637599999999999767e+01 -9.839999999999999858e-01 -5.220000000000000195e-01
7.613700000000000045e+01 -3.071499999999999986e+01 9.889999999999999902e-01 -5.220000000000000195e-01
6.033800000000000097e+01 -5.001000000000000334e+00 1.019699999999999918e+01 -2.159999999999999976e-01
-1.963300000000000125e+02 1.575900000000000034e+01 1.917099999999999937e+01 9.700000000000000289e-02
-5.626499999999999773e+02 1.726999999999999957e+01 2.224800000000000111e+01 2.510000000000000009e-01
-7.724569999999999936e+02 2.036100000000000065e+01 2.495400000000000063e+01 3.780000000000000027e-01
-6.321100000000000136e+02 3.739600000000000080e+01 3.124399999999999977e+01 5.779999999999999583e-01
-2.404900000000000091e+02 4.374300000000000210e+01 3.454200000000000159e+01 7.169999999999999707e-01
1.491150000000000091e+02 2.334100000000000108e+01 2.836700000000000088e+01 6.530000000000000249e-01
4.153319999999999936e+02 -1.096000000000000085e+00 1.544899999999999984e+01 3.950000000000000178e-01
5.382300000000000182e+02 -1.064700000000000024e+01 2.628000000000000114e+00 2.599999999999999881e-02
4.477649999999999864e+02 -1.652700000000000102e+01 -4.051999999999999602e+00 -3.089999999999999969e-01
1.900610000000000070e+02 -2.269300000000000139e+01 2.200000000000000011e-01 -4.099999999999999756e-01
3.004100000000000037e+01 -1.191200000000000081e+01 1.276999999999999957e+01 -2.520000000000000018e-01
8.305200000000000671e+01 1.510299999999999976e+01 2.113400000000000034e+01 -6.800000000000000488e-02
1.329710000000000036e+02 3.284300000000000352e+01 1.778999999999999915e+01 -4.000000000000000083e-02
3.924499999999999744e+01 2.913599999999999923e+01 9.916000000000000369e+00 -8.000000000000000167e-02
-5.191899999999999693e+01 1.066200000000000081e+01 4.998999999999999666e+00 -7.799999999999999989e-02
-4.505199999999999960e+01 -2.230600000000000094e+01 -9.949999999999999956e-01 -1.140000000000000041e-01
-6.437800000000000011e+01 -6.671699999999999875e+01 -1.141399999999999970e+01 -2.929999999999999827e-01
-1.909139999999999873e+02 -9.619400000000000261e+01 -1.885099999999999909e+01 -5.220000000000000195e-01
-3.249649999999999750e+02 -9.050700000000000500e+01 -1.696999999999999886e+01 -6.340000000000000080e-01
-3.653809999999999718e+02 -6.937000000000000455e+01 -1.039700000000000024e+01 -5.839999999999999636e-01
-3.074519999999999982e+02 -6.087199999999999989e+01 -5.506000000000000227e+00 -3.910000000000000142e-01
-1.299209999999999923e+02 -5.670900000000000318e+01 -2.145999999999999908e+00 -6.300000000000000044e-02
2.112460000000000093e+02 -2.992299999999999827e+01 9.409999999999999476e-01 2.929999999999999827e-01
6.082400000000000091e+02 2.162399999999999878e+01 2.568999999999999950e+00 5.180000000000000160e-01
7.776169999999999618e+02 7.522199999999999420e+01 3.198999999999999844e+00 5.969999999999999751e-01
5.299700000000000273e+02 1.156919999999999931e+02 4.929999999999999716e+00 6.089999999999999858e-01
4.406700000000000017e+01 1.430149999999999864e+02 6.677999999999999936e+00 5.440000000000000391e-01
-2.269509999999999934e+02 1.550099999999999909e+02 5.544999999999999929e+00 3.870000000000000107e-01
-1.168299999999999983e+01 1.550819999999999936e+02 4.762999999999999901e+00 3.280000000000000138e-01
4.666100000000000136e+02 1.627369999999999948e+02 1.063400000000000034e+01 5.600000000000000533e-01
7.383830000000000382e+02 1.795130000000000052e+02 1.814199999999999946e+01 8.659999999999999920e-01
5.925470000000000255e+02 1.727019999999999982e+02 1.535800000000000054e+01 7.950000000000000400e-01
2.250740000000000123e+02 1.214399999999999977e+02 3.803999999999999826e+00 2.969999999999999862e-01
-4.470600000000000307e+01 4.668200000000000216e+01 -3.875000000000000000e+00 -2.010000000000000120e-01
-9.162000000000000455e+01 -1.453899999999999970e+01 -3.463000000000000078e+00 -3.430000000000000271e-01
-3.232399999999999807e+01 -3.938700000000000045e+01 -9.700000000000000289e-02 -1.400000000000000133e-01
-1.198000000000000043e+01 -3.021000000000000085e+01 3.778000000000000025e+00 1.590000000000000024e-01
-1.560899999999999999e+01 -1.230000000000000071e+01 8.371999999999999886e+00 2.819999999999999729e-01
3.159499999999999886e+01 -1.231900000000000084e+01 1.050399999999999956e+01 1.570000000000000007e-01
6.836199999999999477e+01 -3.574099999999999966e+01 6.161999999999999922e+00 -5.600000000000000117e-02
-1.679500000000000171e+01 -7.102800000000000580e+01 -4.107000000000000206e+00 -2.280000000000000082e-01
-1.726529999999999916e+02 -1.044140000000000015e+02 -1.530199999999999960e+01 -3.679999999999999938e-01
-2.548650000000000091e+02 -1.238239999999999981e+02 -2.148900000000000077e+01 -4.580000000000000182e-01
-2.411899999999999977e+02 -1.222489999999999952e+02 -2.016300000000000026e+01 -4.369999999999999996e-01
-2.076220000000000141e+02 -1.047210000000000036e+02 -1.472600000000000087e+01 -3.489999999999999769e-01
-1.693720000000000141e+02 -8.529200000000000159e+01 -1.096799999999999997e+01 -3.019999999999999907e-01
-9.644599999999999795e+01 -7.383499999999999375e+01 -1.114100000000000001e+01 -3.109999999999999987e-01
-2.629400000000000048e+01 -7.082999999999999829e+01 -1.316900000000000048e+01 -3.270000000000000129e-01
-4.007300000000000040e+01 -7.572899999999999920e+01 -1.450000000000000000e+01 -3.449999999999999734e-01
-1.536440000000000055e+02 -8.838899999999999579e+01 -1.504599999999999937e+01 -3.770000000000000018e-01
-3.001709999999999923e+02 -9.740999999999999659e+01 -1.599499999999999922e+01 -3.790000000000000036e-01
-3.931920000000000073e+02 -8.251600000000000534e+01 -1.622599999999999909e+01 -2.979999999999999871e-01
-3.570489999999999782e+02 -3.750800000000000267e+01 -1.287800000000000011e+01 -1.429999999999999882e-01
-1.447580000000000098e+02 1.812600000000000122e+01 -7.089000000000000412e+00 1.000000000000000021e-03
1.575589999999999975e+02 5.103699999999999903e+01 -5.368999999999999773e+00 4.000000000000000083e-03
2.801259999999999764e+02 3.772800000000000153e+01 -1.164199999999999946e+01 -2.139999999999999958e-01
6.238499999999999801e+01 -5.155999999999999694e+00 -1.948699999999999832e+01 -5.180000000000000160e-01
-2.073040000000000020e+02 -2.422599999999999909e+01 -1.800400000000000134e+01 -6.059999999999999831e-01
-9.715600000000000591e+01 4.891000000000000014e+00 -7.274000000000000021e+00 -3.830000000000000071e-01
3.468170000000000073e+02 4.067799999999999727e+01 -1.170000000000000068e-01 -1.209999999999999964e-01
6.842359999999999900e+02 3.862899999999999778e+01 -4.121000000000000441e+00 -5.500000000000000028e-02
6.759600000000000364e+02 1.148199999999999932e+01 -1.147899999999999920e+01 -7.000000000000000666e-02
4.308210000000000264e+02 -7.530000000000000027e-01 -1.174200000000000088e+01 3.899999999999999994e-02
1.177099999999999937e+02 1.726099999999999923e+01 -4.288999999999999702e+00 2.660000000000000142e-01
-1.899610000000000127e+02 4.767799999999999727e+01 5.618999999999999773e+00 4.989999999999999991e-01
-4.359839999999999804e+02 6.194599999999999795e+01 1.455700000000000038e+01 7.219999999999999751e-01
-4.824610000000000127e+02 5.106600000000000250e+01 2.176399999999999935e+01 9.539999999999999591e-01
-2.366589999999999918e+02 2.720299999999999940e+01 2.431899999999999906e+01 1.046999999999999931e+00
1.104039999999999964e+02 -2.257000000000000117e+00 1.691199999999999903e+01 7.850000000000000311e-01
2.216800000000000068e+02 -2.869999999999999929e+01 4.096000000000000085e+00 3.109999999999999987e-01
2.720400000000000063e+01 -2.702499999999999858e+01 3.221000000000000085e+00 7.399999999999999634e-02
-2.162090000000000032e+02 6.927999999999999936e+00 2.063700000000000045e+01 1.930000000000000049e-01
-2.636290000000000191e+02 3.358899999999999864e+01 3.769100000000000250e+01 2.839999999999999747e-01
-1.462959999999999923e+02 2.571999999999999886e+01 3.616100000000000136e+01 7.099999999999999367e-02
-8.274500000000000455e+01 7.397999999999999687e+00 2.224500000000000099e+01 -2.449999999999999956e-01
-1.727160000000000082e+02 6.107999999999999652e+00 1.127200000000000024e+01 -3.699999999999999956e-01
-2.932119999999999891e+02 1.263299999999999912e+01 5.339000000000000412e+00 -3.390000000000000235e-01
-3.236100000000000136e+02 1.171299999999999919e+01 -1.500999999999999890e+00 -3.559999999999999831e-01
-2.949929999999999950e+02 8.342000000000000526e+00 -9.516000000000000014e+00 -4.380000000000000004e-01
-2.424389999999999930e+02 7.913999999999999702e+00 -1.490000000000000036e+01 -4.410000000000000031e-01
-1.000229999999999961e+02 2.097999999999999865e+00 -1.744200000000000017e+01 -3.280000000000000138e-01
1.184449999999999932e+02 -1.648199999999999932e+01 -2.035699999999999932e+01 -2.240000000000000047e-01
2.246870000000000118e+02 -3.764999999999999858e+01 -2.505600000000000094e+01 -1.920000000000000040e-01
1.651310000000000002e+02 -3.540800000000000125e+01 -2.741900000000000048e+01 -1.400000000000000133e-01
1.958449999999999989e+02 3.251999999999999780e+00 -2.114199999999999946e+01 2.599999999999999881e-02
4.528929999999999723e+02 4.932900000000000063e+01 -8.005000000000000782e+00 2.530000000000000027e-01
6.437910000000000537e+02 5.828499999999999659e+01 1.336000000000000076e+00 4.089999999999999747e-01
4.997549999999999955e+02 2.904899999999999949e+01 1.449999999999999956e+00 4.199999999999999845e-01
1.957009999999999934e+02 2.549999999999999822e+00 -2.079000000000000181e+00 3.099999999999999978e-01
5.035999999999999588e+00 -2.100000000000000130e-02 -2.629999999999999893e+00 1.400000000000000133e-01
-1.070030000000000001e+02 -8.120000000000000551e-01 1.532999999999999918e+00 -4.700000000000000011e-02
-2.826549999999999727e+02 -2.501800000000000068e+01 8.271000000000000796e+00 -2.409999999999999920e-01
-4.883399999999999750e+02 -7.056799999999999784e+01 1.044299999999999962e+01 -4.590000000000000191e-01
-6.132640000000000100e+02 -1.192630000000000052e+02 1.231000000000000094e+00 -7.089999999999999636e-01
-6.071939999999999600e+02 -1.457210000000000036e+02 -1.282399999999999984e+01 -8.719999999999999973e-01
-4.360810000000000173e+02 -1.183289999999999935e+02 -1.364400000000000013e+01 -6.650000000000000355e-01
-9.178700000000000614e+01 -2.902599999999999980e+01 6.323000000000000398e+00 1.499999999999999944e-02
3.143489999999999895e+02 8.215800000000000125e+01 3.266599999999999682e+01 7.790000000000000258e-01
6.258170000000000073e+02 1.645509999999999877e+02 4.698299999999999699e+01 1.112999999999999989e+00
8.044550000000000409e+02 2.014509999999999934e+02 4.653199999999999648e+01 9.659999999999999698e-01
8.464429999999999836e+02 1.951750000000000114e+02 3.852100000000000080e+01 6.760000000000000453e-01
6.441879999999999882e+02 1.496839999999999975e+02 2.755199999999999960e+01 4.749999999999999778e-01
2.126659999999999968e+02 9.143800000000000239e+01 1.631099999999999994e+01 3.549999999999999822e-01
-1.241269999999999953e+02 5.584700000000000131e+01 6.328999999999999737e+00 2.469999999999999973e-01
-1.107249999999999943e+02 3.771699999999999875e+01 -4.759000000000000341e+00 8.400000000000000522e-02
7.891400000000000148e+01 8.284000000000000696e+00 -1.560100000000000087e+01 -1.340000000000000080e-01
1.438470000000000084e+02 -2.439900000000000091e+01 -1.714900000000000091e+01 -2.620000000000000107e-01
6.477700000000000102e+01 -3.137999999999999901e+01 -8.118000000000000327e+00 -1.849999999999999978e-01
-2.462999999999999901e+01 -2.055699999999999861e+01 -1.776999999999999913e+00 -2.800000000000000058e-02
-9.509600000000000364e+01 -2.255199999999999960e+01 -6.980999999999999872e+00 -1.099999999999999936e-02
-1.640190000000000055e+02 -4.128399999999999892e+01 -1.716000000000000014e+01 -1.839999999999999969e-01
-2.098559999999999945e+02 -5.999799999999999756e+01 -2.409299999999999997e+01 -4.229999999999999871e-01
-2.340449999999999875e+02 -7.133700000000000330e+01 -2.771900000000000119e+01 -5.879999999999999671e-01
-2.554259999999999877e+02 -7.417000000000000171e+01 -2.861100000000000065e+01 -6.280000000000000027e-01
-2.525469999999999970e+02 -6.458199999999999363e+01 -2.377700000000000102e+01 -5.779999999999999583e-01
-2.123930000000000007e+02 -4.778300000000000125e+01 -1.432300000000000040e+01 -5.090000000000000080e-01
-1.780190000000000055e+02 -4.038100000000000023e+01 -7.955000000000000071e+00 -4.709999999999999742e-01
-1.792280000000000086e+02 -4.976299999999999812e+01 -9.619999999999999218e+00 -4.739999999999999769e-01
-1.918650000000000091e+02 -6.532299999999999329e+01 -1.533300000000000018e+01 -5.020000000000000018e-01
-2.187170000000000130e+02 -7.437300000000000466e+01 -1.736899999999999977e+01 -5.230000000000000204e-01
-3.128469999999999800e+02 -7.175900000000000034e+01 -1.261200000000000010e+01 -4.620000000000000218e-01
-4.627549999999999955e+02 -5.557800000000000296e+01 -5.091999999999999638e+00 -2.700000000000000178e-01
-5.764249999999999545e+02 -3.106200000000000117e+01 -7.279999999999999805e-01 -4.100000000000000172e-02
-6.078780000000000427e+02 -1.253599999999999959e+01 1.049999999999999961e-01 1.069999999999999979e-01
-5.407000000000000455e+02 -4.557999999999999829e+00 2.488999999999999879e+00 2.079999999999999905e-01
-3.070840000000000032e+02 4.714999999999999858e+00 8.250000000000000000e+00 3.370000000000000218e-01
8.080800000000000693e+01 1.668499999999999872e+01 1.304299999999999926e+01 4.390000000000000013e-01
4.614220000000000255e+02 1.502899999999999991e+01 1.514300000000000068e+01 4.660000000000000253e-01
7.122279999999999518e+02 -1.921000000000000041e+00 1.700100000000000122e+01 4.789999999999999813e-01
8.012889999999999873e+02 -1.122899999999999920e+01 1.730199999999999960e+01 5.090000000000000080e-01
6.964579999999999700e+02 5.036999999999999922e+00 1.509500000000000064e+01 5.859999999999999654e-01
4.739619999999999891e+02 4.301700000000000301e+01 1.748699999999999832e+01 7.960000000000000409e-01
3.590230000000000246e+02 9.066100000000000136e+01 2.948100000000000165e+01 1.044000000000000039e+00
4.548650000000000091e+02 1.376639999999999873e+02 4.228499999999999659e+01 1.036000000000000032e+00
5.793210000000000264e+02 1.658280000000000030e+02 4.251800000000000068e+01 6.949999999999999512e-01
4.973090000000000259e+02 1.517949999999999875e+02 2.906099999999999994e+01 3.150000000000000022e-01
2.444089999999999918e+02 9.678400000000000603e+01 1.345100000000000051e+01 1.640000000000000069e-01
7.662000000000000455e+01 3.594800000000000040e+01 5.386000000000000121e+00 1.650000000000000078e-01
8.968200000000000216e+01 1.727000000000000091e+00 3.810000000000000053e+00 1.140000000000000041e-01
9.630700000000000216e+01 -8.189000000000000057e+00 2.333000000000000185e+00 -5.000000000000000104e-03
-5.309799999999999898e+01 -1.722100000000000009e+01 -2.237999999999999989e+00 -1.029999999999999943e-01
-2.475370000000000061e+02 -3.540699999999999648e+01 -8.330000000000000071e+00 -1.930000000000000049e-01
-3.174710000000000036e+02 -4.935799999999999699e+01 -1.295100000000000051e+01 -3.069999999999999951e-01
-2.847730000000000246e+02 -4.690800000000000125e+01 -1.524399999999999977e+01 -3.860000000000000098e-01
-2.788170000000000073e+02 -3.600600000000000023e+01 -1.677499999999999858e+01 -3.810000000000000053e-01
-3.229119999999999777e+02 -2.862900000000000134e+01 -1.831400000000000006e+01 -3.360000000000000209e-01
-3.367930000000000064e+02 -2.349800000000000111e+01 -1.799399999999999977e+01 -3.069999999999999951e-01
-2.716229999999999905e+02 -1.608800000000000097e+01 -1.391999999999999993e+01 -3.160000000000000031e-01
-1.518530000000000086e+02 -9.317000000000000171e+00 -8.125999999999999446e+00 -3.549999999999999822e-01
-4.423499999999999943e+01 -6.166000000000000369e+00 -5.628999999999999559e+00 -3.980000000000000204e-01
-5.041000000000000369e+00 -3.557999999999999829e+00 -8.204000000000000625e+00 -3.820000000000000062e-01
-1.804100000000000037e+01 1.413000000000000034e+00 -1.182199999999999918e+01 -2.610000000000000098e-01
-2.980300000000000082e+01 6.043000000000000149e+00 -1.190000000000000036e+01 -9.199999999999999845e-02
-4.259199999999999875e+01 5.163000000000000256e+00 -8.737999999999999545e+00 -8.000000000000000167e-03
-9.565000000000000568e+01 -5.557999999999999829e+00 -6.910000000000000142e+00 -7.699999999999999900e-02
-1.900980000000000132e+02 -2.728000000000000114e+01 -9.861000000000000654e+00 -2.330000000000000127e-01
-2.851840000000000259e+02 -5.116299999999999670e+01 -1.495700000000000074e+01 -3.370000000000000218e-01
-3.332180000000000177e+02 -6.328900000000000148e+01 -1.639799999999999969e+01 -3.230000000000000093e-01
-3.147350000000000136e+02 -6.405500000000000682e+01 -1.332799999999999940e+01 -2.760000000000000231e-01
-2.374939999999999998e+02 -6.178499999999999659e+01 -9.576000000000000512e+00 -2.790000000000000258e-01
-7.645199999999999818e+01 -4.565599999999999881e+01 -5.472000000000000419e+00 -2.570000000000000062e-01
1.839699999999999989e+02 -2.859999999999999876e+00 2.113999999999999879e+00 -7.900000000000000078e-02
3.934830000000000041e+02 3.854599999999999937e+01 1.041000000000000014e+01 2.039999999999999869e-01
3.382019999999999982e+02 3.377799999999999869e+01 1.105700000000000038e+01 3.499999999999999778e-01
7.474699999999999989e+01 -1.084500000000000064e+01 3.221999999999999975e+00 2.139999999999999958e-01
-1.183790000000000049e+02 -4.419200000000000017e+01 -3.797000000000000153e+00 -4.499999999999999833e-02
-1.458259999999999934e+02 -4.266599999999999682e+01 -3.787999999999999812e+00 -1.680000000000000104e-01
-1.335329999999999870e+02 -2.881800000000000139e+01 8.309999999999999609e-01 -1.140000000000000041e-01
-1.096629999999999967e+02 -2.206099999999999994e+01 5.825000000000000178e+00 -8.000000000000000167e-03
4.546999999999999709e+00 -1.665399999999999991e+01 8.560999999999999943e+00 1.039999999999999952e-01
1.208359999999999985e+02 -1.031400000000000006e+01 7.838000000000000078e+00 2.210000000000000020e-01
4.833899999999999864e+01 -1.622800000000000153e+01 5.147000000000000242e+00 2.439999999999999947e-01
-1.574699999999999989e+02 -3.834100000000000108e+01 2.468999999999999861e+00 9.199999999999999845e-02
-2.350780000000000030e+02 -5.880700000000000216e+01 -9.330000000000000515e-01 -1.390000000000000124e-01
-9.906300000000000239e+01 -5.559199999999999875e+01 -5.200000000000000178e+00 -2.690000000000000169e-01
1.051050000000000040e+02 -2.334400000000000119e+01 -6.261999999999999567e+00 -2.059999999999999887e-01
2.363120000000000118e+02 1.853399999999999892e+01 -1.487999999999999989e+00 2.800000000000000058e-02
2.230850000000000080e+02 3.736899999999999977e+01 3.970000000000000195e+00 3.069999999999999951e-01
8.549899999999999523e+01 1.981400000000000006e+01 4.064000000000000057e+00 4.299999999999999933e-01
2.225900000000000034e+01 -7.772000000000000242e+00 1.645999999999999908e+00 3.049999999999999933e-01
1.918549999999999898e+02 -8.769999999999999574e+00 2.871999999999999886e+00 6.600000000000000311e-02
4.092189999999999941e+02 1.890700000000000003e+01 6.597000000000000419e+00 -8.699999999999999400e-02
3.997339999999999804e+02 4.777799999999999869e+01 6.985999999999999766e+00 -9.700000000000000289e-02
2.044459999999999980e+02 5.779200000000000159e+01 2.532000000000000028e+00 -5.700000000000000205e-02
5.421300000000000097e+01 5.370400000000000063e+01 -1.298999999999999932e+00 -4.000000000000000083e-02
9.778900000000000148e+01 6.462500000000000000e+01 3.927000000000000046e+00 8.999999999999999667e-02
3.472259999999999991e+02 1.179210000000000065e+02 2.089099999999999824e+01 5.560000000000000497e-01
6.084569999999999936e+02 1.866630000000000109e+02 3.899399999999999977e+01 1.201000000000000068e+00
5.556359999999999673e+02 1.975049999999999955e+02 4.152600000000000335e+01 1.463999999999999968e+00
1.284979999999999905e+02 1.256250000000000000e+02 2.476899999999999835e+01 1.066000000000000059e+00
-3.210219999999999914e+02 3.343999999999999773e+01 2.410000000000000142e+00 3.940000000000000169e-01
-4.863020000000000209e+02 -2.014900000000000091e+01 -1.316399999999999970e+01 -6.199999999999999956e-02
-4.714619999999999891e+02 -5.030100000000000193e+01 -2.343700000000000117e+01 -2.839999999999999747e-01
-4.779759999999999991e+02 -8.839900000000000091e+01 -3.222299999999999898e+01 -4.689999999999999725e-01
-4.178609999999999900e+02 -1.160240000000000009e+02 -3.451200000000000045e+01 -5.819999999999999618e-01
-1.613520000000000039e+02 -1.042549999999999955e+02 -2.629200000000000159e+01 -5.040000000000000036e-01
7.775900000000000034e+01 -7.167100000000000648e+01 -1.454299999999999926e+01 -3.649999999999999911e-01
1.000000000000000000e+01 -5.508200000000000074e+01 -7.227999999999999758e+00 -3.729999999999999982e-01
-2.553729999999999905e+02 -5.502799999999999869e+01 -2.572999999999999954e+00 -4.630000000000000226e-01
-4.087860000000000014e+02 -5.052199999999999847e+01 3.802999999999999936e+00 -4.069999999999999729e-01
-3.812219999999999800e+02 -3.333400000000000318e+01 1.110299999999999976e+01 -1.479999999999999927e-01
-2.237570000000000050e+02 1.229000000000000092e+00 1.766799999999999926e+01 1.570000000000000007e-01
1.084009999999999962e+02 5.305100000000000193e+01 2.304500000000000171e+01 3.240000000000000102e-01
5.600589999999999691e+02 9.679099999999999682e+01 2.527499999999999858e+01 3.250000000000000111e-01
9.045190000000000055e+02 1.076200000000000045e+02 2.368299999999999983e+01 3.009999999999999898e-01
9.900639999999999645e+02 9.174399999999999977e+01 1.943400000000000105e+01 3.180000000000000049e-01
8.175320000000000391e+02 6.439499999999999602e+01 1.118200000000000038e+01 2.680000000000000160e-01
4.673039999999999736e+02 3.559499999999999886e+01 -4.099999999999999756e-01 1.469999999999999918e-01
1.135739999999999981e+02 2.141900000000000048e+01 -8.330000000000000071e+00 1.170000000000000068e-01
-8.102599999999999625e+01 2.665800000000000125e+01 -9.487000000000000099e+00 1.729999999999999871e-01
-1.520320000000000107e+02 2.763299999999999912e+01 -9.852000000000000313e+00 1.320000000000000062e-01
-2.312050000000000125e+02 3.648000000000000131e+00 -1.352500000000000036e+01 -2.199999999999999872e-02
-3.118820000000000050e+02 -3.046000000000000085e+01 -1.807700000000000173e+01 -1.429999999999999882e-01
-3.002309999999999945e+02 -4.620199999999999818e+01 -2.122700000000000031e+01 -2.010000000000000120e-01
-2.148170000000000073e+02 -4.307800000000000296e+01 -2.248499999999999943e+01 -2.720000000000000195e-01
-1.636560000000000059e+02 -4.467199999999999704e+01 -2.124699999999999989e+01 -3.679999999999999938e-01
-1.851750000000000114e+02 -6.116400000000000148e+01 -1.967299999999999827e+01 -4.759999999999999787e-01
-2.357640000000000100e+02 -8.201300000000000523e+01 -2.181099999999999994e+01 -6.350000000000000089e-01
-2.700860000000000127e+02 -9.831000000000000227e+01 -2.544399999999999906e+01 -8.299999999999999600e-01
-2.727669999999999959e+02 -1.070430000000000064e+02 -2.220599999999999952e+01 -9.350000000000000533e-01
-2.833860000000000241e+02 -1.002930000000000064e+02 -8.695999999999999730e+00 -8.609999999999999876e-01
-3.288310000000000173e+02 -6.914199999999999591e+01 9.679999999999999716e+00 -6.320000000000000062e-01
-2.791580000000000155e+02 -2.162300000000000111e+01 2.415299999999999869e+01 -3.729999999999999982e-01
-1.575799999999999912e+01 1.129400000000000048e+01 2.657499999999999929e+01 -2.399999999999999911e-01
2.515740000000000123e+02 7.737000000000000099e+00 1.674299999999999855e+01 -2.449999999999999956e-01
2.056390000000000100e+02 -1.067500000000000071e+01 6.790000000000000036e+00 -2.220000000000000029e-01
-8.256300000000000239e+01 -9.295999999999999375e+00 4.706999999999999851e+00 -1.239999999999999991e-01
-2.508069999999999879e+02 7.336999999999999744e+00 5.460000000000000409e-01 -1.350000000000000089e-01
-1.863360000000000127e+02 1.435500000000000043e+01 -1.390799999999999947e+01 -3.089999999999999969e-01
-1.191089999999999947e+02 1.582699999999999996e+01 -2.573100000000000165e+01 -3.689999999999999947e-01
-1.670649999999999977e+02 3.253999999999999915e+01 -2.032999999999999829e+01 -9.800000000000000377e-02
-1.662050000000000125e+02 6.122299999999999898e+01 -4.136999999999999567e+00 3.119999999999999996e-01
-3.856700000000000017e+01 8.238700000000000045e+01 9.746999999999999886e+00 5.949999999999999734e-01
6.406600000000000250e+01 9.176300000000000523e+01 2.135699999999999932e+01 7.600000000000000089e-01
6.050600000000000023e+01 9.409799999999999898e+01 3.359300000000000352e+01 8.709999999999999964e-01
3.222899999999999920e+01 8.211299999999999955e+01 3.838100000000000023e+01 8.129999999999999449e-01
2.666499999999999915e+01 5.236299999999999955e+01 2.827400000000000091e+01 5.330000000000000293e-01
3.082400000000000162e+01 2.725400000000000134e+01 1.154899999999999949e+01 2.540000000000000036e-01
4.806600000000000250e+01 2.720299999999999940e+01 2.959000000000000075e+00 2.109999999999999931e-01
5.728000000000000114e+01 3.380700000000000216e+01 4.336000000000000298e+00 3.320000000000000173e-01
2.096300000000000097e+01 1.658399999999999963e+01 4.871999999999999886e+00 3.519999999999999796e-01
-3.297399999999999665e+01 -1.739399999999999835e+01 -1.780999999999999917e+00 2.049999999999999878e-01
-5.127700000000000102e+01 -3.840500000000000114e+01 -1.080700000000000038e+01 6.300000000000000044e-02
-4.502900000000000347e+01 -4.263199999999999790e+01 -1.533500000000000085e+01 3.000000000000000062e-03
-6.148599999999999710e+01 -4.827600000000000335e+01 -1.399699999999999989e+01 -6.800000000000000488e-02
-1.074260000000000019e+02 -5.971900000000000119e+01 -9.734999999999999432e+00 -1.680000000000000104e-01
-1.408660000000000139e+02 -6.693399999999999750e+01 -5.759000000000000341e+00 -1.869999999999999996e-01
-1.311920000000000073e+02 -6.646200000000000330e+01 -3.331999999999999851e+00 -7.099999999999999367e-02
-1.142009999999999934e+02 -6.289900000000000091e+01 -2.410000000000000142e+00 1.170000000000000068e-01
-1.376810000000000116e+02 -5.933100000000000307e+01 -3.355999999999999872e+00 2.829999999999999738e-01
-1.422589999999999861e+02 -5.528499999999999659e+01 -6.432999999999999829e+00 3.760000000000000009e-01
-1.459699999999999953e+01 -5.114600000000000080e+01 -9.727999999999999758e+00 3.960000000000000187e-01
2.116260000000000048e+02 -5.029899999999999949e+01 -9.618000000000000327e+00 3.629999999999999893e-01
3.709159999999999968e+02 -4.946099999999999852e+01 -4.193999999999999950e+00 3.340000000000000191e-01
3.715649999999999977e+02 -3.426100000000000279e+01 4.089000000000000412e+00 3.669999999999999929e-01
2.128799999999999955e+02 3.029999999999999916e-01 1.045800000000000018e+01 4.229999999999999871e-01
-9.054200000000000159e+01 3.919700000000000273e+01 1.304800000000000004e+01 3.910000000000000142e-01
-4.214169999999999732e+02 6.831100000000000705e+01 1.301099999999999923e+01 2.109999999999999931e-01
-5.405220000000000482e+02 8.845999999999999375e+01 1.083600000000000030e+01 -8.400000000000000522e-02
-3.024449999999999932e+02 1.074740000000000038e+02 8.673999999999999488e+00 -3.230000000000000093e-01
1.777549999999999955e+02 1.247650000000000006e+02 1.105499999999999972e+01 -2.989999999999999880e-01
6.308809999999999718e+02 1.201419999999999959e+02 1.624699999999999989e+01 -1.100000000000000006e-01
8.741939999999999600e+02 7.745600000000000307e+01 1.641799999999999926e+01 -1.069999999999999979e-01
8.872740000000000009e+02 2.216900000000000048e+01 1.043200000000000038e+01 -2.929999999999999827e-01
6.863630000000000564e+02 -3.180000000000000160e+00 3.967000000000000082e+00 -2.929999999999999827e-01
3.248489999999999895e+02 4.836000000000000298e+00 -1.366999999999999993e+00 -6.099999999999999867e-02
4.297599999999999909e+01 1.931400000000000006e+01 -5.737000000000000099e+00 3.000000000000000062e-03
1.020669999999999931e+02 2.811400000000000077e+01 -4.405999999999999694e+00 -2.730000000000000204e-01
3.971580000000000155e+02 3.262700000000000244e+01 4.647000000000000242e+00 -6.179999999999999938e-01
5.530439999999999827e+02 2.361400000000000077e+01 1.242399999999999949e+01 -7.650000000000000133e-01
4.122669999999999959e+02 -9.458999999999999631e+00 7.998999999999999666e+00 -6.800000000000000488e-01
1.547369999999999948e+02 -5.393500000000000227e+01 -5.953000000000000291e+00 -4.380000000000000004e-01
1.468900000000000006e+01 -7.699899999999999523e+01 -1.467900000000000027e+01 -1.209999999999999964e-01
6.608799999999999386e+01 -5.607399999999999807e+01 -9.823999999999999844e+00 1.930000000000000049e-01
1.719579999999999984e+02 -6.243999999999999773e+00 9.559999999999999609e-01 4.109999999999999765e-01
9.845099999999999341e+01 3.110200000000000031e+01 5.884000000000000341e+00 4.390000000000000013e-01
-1.824979999999999905e+02 3.800200000000000244e+01 3.645000000000000018e+00 3.069999999999999951e-01
-4.026569999999999823e+02 3.605499999999999972e+01 4.169999999999999818e-01 2.129999999999999949e-01
-3.735280000000000200e+02 3.673499999999999943e+01 -2.535000000000000142e+00 2.340000000000000135e-01
-2.530010000000000048e+02 1.821099999999999852e+01 -9.224999999999999645e+00 1.819999999999999951e-01
-2.636759999999999877e+02 -2.736199999999999832e+01 -1.858200000000000074e+01 -6.400000000000000133e-02
-3.899859999999999900e+02 -7.098300000000000409e+01 -2.389600000000000080e+01 -3.489999999999999769e-01
-5.147100000000000364e+02 -8.918399999999999750e+01 -2.297700000000000031e+01 -5.080000000000000071e-01
-6.026169999999999618e+02 -9.137199999999999989e+01 -1.964600000000000080e+01 -5.739999999999999547e-01
-6.074589999999999463e+02 -9.471800000000000352e+01 -1.651500000000000057e+01 -6.239999999999999991e-01
-4.245590000000000259e+02 -9.808599999999999852e+01 -1.423300000000000054e+01 -6.059999999999999831e-01
-8.123900000000000432e+01 -9.028000000000000114e+01 -1.287500000000000000e+01 -4.229999999999999871e-01
1.567529999999999859e+02 -7.323999999999999488e+01 -9.380000000000000782e+00 -1.069999999999999979e-01
4.229599999999999937e+01 -6.394899999999999807e+01 -2.521999999999999797e+00 1.250000000000000000e-01
-2.991340000000000146e+02 -6.796399999999999864e+01 6.069999999999999840e-01 9.099999999999999756e-02
-4.971179999999999950e+02 -6.779399999999999693e+01 -4.911999999999999922e+00 -7.000000000000000666e-02
-4.472379999999999995e+02 -5.082600000000000051e+01 -1.162400000000000055e+01 -2.800000000000000058e-02
-3.640690000000000168e+02 -2.641700000000000159e+01 -1.103899999999999970e+01 3.049999999999999933e-01
-2.946480000000000246e+02 9.010000000000000231e-01 -3.044000000000000039e+00 6.949999999999999512e-01
-2.593599999999999994e+01 4.610799999999999699e+01 1.124499999999999922e+01 9.869999999999999885e-01
4.196569999999999823e+02 1.082519999999999953e+02 2.887699999999999889e+01 1.227000000000000091e+00
6.298980000000000246e+02 1.506279999999999859e+02 3.832000000000000028e+01 1.340999999999999970e+00
3.620240000000000009e+02 1.456810000000000116e+02 3.108200000000000074e+01 1.143000000000000016e+00
-3.117099999999999937e+01 1.130649999999999977e+02 1.501600000000000001e+01 6.919999999999999485e-01
-5.469700000000000273e+01 8.850499999999999545e+01 3.972999999999999865e+00 2.819999999999999729e-01
2.353799999999999955e+02 7.927299999999999613e+01 2.371999999999999886e+00 6.600000000000000311e-02
3.965360000000000014e+02 6.935099999999999909e+01 6.120000000000000107e+00 -2.800000000000000058e-02
2.686580000000000155e+02 4.968099999999999739e+01 1.012700000000000067e+01 -9.900000000000000466e-02
5.869400000000000261e+01 2.566400000000000148e+01 1.069999999999999929e+01 -1.799999999999999933e-01
-5.998100000000000165e+01 4.639000000000000234e+00 5.823000000000000398e+00 -2.889999999999999791e-01
-9.588400000000000034e+01 -1.015600000000000058e+01 -2.630999999999999783e+00 -4.390000000000000013e-01
-9.907800000000000296e+01 -1.912099999999999866e+01 -9.042999999999999261e+00 -5.929999999999999716e-01
-9.675100000000000477e+01 -2.842800000000000082e+01 -1.057399999999999984e+01 -6.969999999999999529e-01
-1.457760000000000105e+02 -4.648199999999999932e+01 -1.158200000000000074e+01 -7.580000000000000071e-01
-3.083000000000000114e+02 -7.169299999999999784e+01 -1.716000000000000014e+01 -8.169999999999999485e-01
-5.366380000000000337e+02 -8.963500000000000512e+01 -2.527799999999999869e+01 -8.479999999999999760e-01
-6.490860000000000127e+02 -8.946500000000000341e+01 -2.902899999999999991e+01 -7.930000000000000382e-01
-4.709590000000000032e+02 -7.286499999999999488e+01 -2.266300000000000026e+01 -6.069999999999999840e-01
-2.105600000000000094e+01 -3.966899999999999693e+01 -4.477999999999999758e+00 -2.359999999999999876e-01
4.439259999999999877e+02 1.069100000000000072e+01 1.850100000000000122e+01 2.500000000000000000e-01
6.193819999999999482e+02 5.392099999999999937e+01 2.977499999999999858e+01 5.290000000000000258e-01
4.302830000000000155e+02 5.252300000000000324e+01 1.931400000000000006e+01 3.820000000000000062e-01
1.089620000000000033e+02 7.325999999999999623e+00 -1.786000000000000032e+00 4.900000000000000189e-02
-3.708500000000000085e+01 -3.149099999999999966e+01 -1.504800000000000004e+01 -9.299999999999999933e-02
9.228600000000000136e+01 -2.005900000000000105e+01 -1.638400000000000034e+01 -4.700000000000000011e-02
3.584619999999999891e+02 3.025400000000000134e+01 -1.135999999999999943e+01 -1.200000000000000025e-02
5.477440000000000282e+02 7.297100000000000364e+01 -8.780000000000000027e-01 4.399999999999999745e-02
5.498809999999999718e+02 8.109099999999999397e+01 1.309600000000000009e+01 2.200000000000000011e-01
4.241190000000000282e+02 6.485500000000000398e+01 2.044399999999999906e+01 3.589999999999999858e-01
2.751750000000000114e+02 4.574399999999999977e+01 1.644000000000000128e+01 2.750000000000000222e-01
1.430600000000000023e+02 3.403300000000000125e+01 1.073000000000000043e+01 9.099999999999999756e-02
5.389999999999999858e+01 2.820599999999999952e+01 1.165199999999999925e+01 2.500000000000000139e-02
1.503400000000000070e+01 1.704899999999999949e+01 1.370100000000000051e+01 3.300000000000000155e-02
-3.544700000000000273e+01 -1.191499999999999915e+01 9.227000000000000313e+00 -6.700000000000000400e-02
-1.267519999999999953e+02 -5.076899999999999835e+01 1.816999999999999948e+00 -2.459999999999999964e-01
-1.829919999999999902e+02 -7.279399999999999693e+01 6.500000000000000222e-02 -3.019999999999999907e-01
-1.345519999999999925e+02 -6.772299999999999898e+01 3.736000000000000210e+00 -1.960000000000000075e-01
-2.153399999999999892e+01 -5.569100000000000250e+01 3.847999999999999865e+00 -1.280000000000000027e-01
3.038299999999999912e+01 -5.768800000000000239e+01 -3.559000000000000163e+00 -2.439999999999999947e-01
-7.214199999999999591e+01 -7.049599999999999511e+01 -1.103999999999999915e+01 -4.099999999999999756e-01
-2.726000000000000227e+02 -7.757800000000000296e+01 -1.066200000000000081e+01 -4.089999999999999747e-01
-4.056800000000000068e+02 -7.292300000000000182e+01 -5.429999999999999716e+00 -2.700000000000000178e-01
-3.781399999999999864e+02 -6.771099999999999852e+01 -4.916000000000000369e+00 -2.280000000000000082e-01
-2.532139999999999986e+02 -7.254000000000000625e+01 -1.182900000000000063e+01 -3.639999999999999902e-01
-1.463650000000000091e+02 -7.666400000000000148e+01 -1.757600000000000051e+01 -4.739999999999999769e-01
-1.135250000000000057e+02 -6.201500000000000057e+01 -1.396700000000000053e+01 -3.920000000000000151e-01
-1.482949999999999875e+02 -3.440800000000000125e+01 -4.395999999999999908e+00 -2.369999999999999885e-01
-1.876709999999999923e+02 -8.038000000000000256e+00 4.652000000000000135e+00 -1.110000000000000014e-01
-1.298619999999999948e+02 2.560699999999999932e+01 1.464600000000000080e+01 1.170000000000000068e-01
4.728300000000000125e+01 6.930599999999999739e+01 2.505399999999999849e+01 4.650000000000000244e-01
2.217400000000000091e+02 9.406000000000000227e+01 2.666499999999999915e+01 6.929999999999999494e-01
2.673890000000000100e+02 8.751900000000000546e+01 1.853600000000000136e+01 7.530000000000000027e-01
2.241519999999999868e+02 8.418300000000000693e+01 1.372000000000000064e+01 8.920000000000000151e-01
2.404410000000000025e+02 1.054549999999999983e+02 1.784299999999999997e+01 1.118000000000000105e+00
3.181560000000000059e+02 1.166590000000000060e+02 2.051099999999999923e+01 1.104000000000000092e+00
2.598430000000000177e+02 8.587800000000000011e+01 1.333999999999999986e+01 7.359999999999999876e-01
1.086999999999999966e+00 4.186800000000000210e+01 1.849999999999999978e-01 3.150000000000000022e-01
-2.083060000000000116e+02 3.217099999999999937e+01 -1.089799999999999969e+01 1.199999999999999956e-01
-1.416119999999999948e+02 5.827300000000000324e+01 -1.453400000000000070e+01 1.350000000000000089e-01
9.173000000000000398e+01 8.127299999999999613e+01 -1.143299999999999983e+01 2.169999999999999984e-01
2.215089999999999861e+02 7.214900000000000091e+01 -9.106999999999999318e+00 2.389999999999999902e-01
1.490490000000000066e+02 4.280499999999999972e+01 -1.166200000000000081e+01 1.559999999999999998e-01
-1.806999999999999940e+00 2.454200000000000159e+01 -1.301900000000000013e+01 4.399999999999999745e-02
-8.975199999999999534e+01 2.075100000000000122e+01 -8.829000000000000625e+00 -2.900000000000000147e-02
-1.041219999999999999e+02 6.899000000000000021e+00 -5.222999999999999865e+00 -1.059999999999999970e-01
-9.923399999999999466e+01 -2.264199999999999946e+01 -7.631000000000000227e+00 -2.069999999999999896e-01
-8.990900000000000603e+01 -4.409899999999999665e+01 -1.190600000000000058e+01 -2.560000000000000053e-01
-6.457299999999999329e+01 -4.263300000000000267e+01 -1.229299999999999926e+01 -2.399999999999999911e-01
-3.104299999999999926e+01 -2.864300000000000068e+01 -9.099000000000000199e+00 -2.369999999999999885e-01
-1.394899999999999984e+01 -1.827499999999999858e+01 -6.522000000000000242e+00 -2.650000000000000133e-01
-3.503399999999999892e+01 -2.208800000000000097e+01 -8.336999999999999744e+00 -2.790000000000000258e-01
-9.184900000000000375e+01 -4.267799999999999727e+01 -1.421000000000000085e+01 -2.969999999999999862e-01
-1.468350000000000080e+02 -6.678700000000000614e+01 -1.850300000000000011e+01 -3.689999999999999947e-01
-1.534199999999999875e+02 -7.257599999999999341e+01 -1.565900000000000070e+01 -4.520000000000000129e-01
-8.568500000000000227e+01 -5.213700000000000045e+01 -6.613000000000000433e+00 -4.259999999999999898e-01
4.796200000000000330e+01 -2.043100000000000094e+01 1.594000000000000083e+00 -2.790000000000000258e-01
1.807079999999999984e+02 -3.463000000000000078e+00 1.610000000000000098e+00 -1.710000000000000131e-01
2.159250000000000114e+02 -1.458699999999999974e+01 -7.443999999999999950e+00 -2.369999999999999885e-01
1.357189999999999941e+02 -3.897399999999999665e+01 -1.781700000000000017e+01 -3.589999999999999858e-01
1.847200000000000131e+01 -5.103499999999999659e+01 -2.077799999999999869e+01 -3.220000000000000084e-01
-9.718600000000000705e+01 -4.330899999999999750e+01 -1.523199999999999932e+01 -1.209999999999999964e-01
-2.597919999999999732e+02 -2.550900000000000034e+01 -5.467999999999999972e+00 9.099999999999999756e-02
-4.397330000000000041e+02 -8.928000000000000824e+00 4.341999999999999638e+00 2.320000000000000118e-01
-4.545110000000000241e+02 -4.064000000000000057e+00 1.035599999999999987e+01 2.780000000000000249e-01
-2.147139999999999986e+02 -1.304800000000000004e+01 1.110899999999999999e+01 2.039999999999999869e-01
8.102200000000000557e+01 -1.770499999999999829e+01 1.124600000000000044e+01 9.400000000000000022e-02
1.909939999999999998e+02 2.099999999999999922e-01 1.621600000000000108e+01 8.699999999999999400e-02
1.488230000000000075e+02 2.903900000000000148e+01 2.338500000000000156e+01 1.769999999999999907e-01
1.393580000000000041e+02 4.292499999999999716e+01 2.540800000000000125e+01 2.340000000000000135e-01
1.837009999999999934e+02 3.542999999999999972e+01 2.027100000000000080e+01 1.890000000000000013e-01
1.542920000000000016e+02 1.459399999999999942e+01 1.094500000000000028e+01 4.900000000000000189e-02
-9.839999999999999858e-01 -1.479700000000000060e+01 -2.489999999999999991e-01 -1.419999999999999873e-01
-2.355310000000000059e+02 -4.539200000000000301e+01 -1.031700000000000017e+01 -2.939999999999999836e-01
-5.059320000000000164e+02 -6.753499999999999659e+01 -1.521400000000000041e+01 -3.589999999999999858e-01
-7.328830000000000382e+02 -8.221399999999999864e+01 -1.515399999999999991e+01 -4.020000000000000240e-01
-7.408229999999999791e+02 -8.612600000000000477e+01 -1.293200000000000038e+01 -4.420000000000000040e-01
-4.046320000000000050e+02 -5.439699999999999847e+01 -6.378000000000000114e+00 -3.459999999999999742e-01
1.493460000000000036e+02 2.205900000000000105e+01 8.019999999999999574e+00 -4.000000000000000083e-02
6.372490000000000236e+02 1.015270000000000010e+02 2.534799999999999898e+01 3.449999999999999734e-01
9.027899999999999636e+02 1.386529999999999916e+02 3.554599999999999937e+01 6.340000000000000080e-01
9.318319999999999936e+02 1.405440000000000111e+02 3.350900000000000034e+01 7.500000000000000000e-01
7.067500000000000000e+02 1.348439999999999941e+02 2.099299999999999855e+01 6.650000000000000355e-01
3.313360000000000127e+02 1.159959999999999951e+02 3.991999999999999993e+00 4.189999999999999836e-01
1.055349999999999966e+02 6.993899999999999295e+01 -9.710000000000000853e+00 1.400000000000000133e-01
1.698959999999999866e+02 2.212800000000000011e+01 -1.472300000000000075e+01 -3.599999999999999728e-02
2.937760000000000105e+02 7.285999999999999588e+00 -1.152399999999999913e+01 -5.199999999999999761e-02
2.449300000000000068e+02 1.480400000000000027e+01 -4.669999999999999929e+00 5.600000000000000117e-02
1.067560000000000002e+02 1.125200000000000067e+01 1.832999999999999963e+00 1.890000000000000013e-01
4.517399999999999949e+01 -1.149799999999999933e+01 4.724999999999999645e+00 2.240000000000000047e-01
5.745700000000000074e+01 -4.220400000000000063e+01 1.635999999999999899e+00 1.039999999999999952e-01
1.068490000000000038e+02 -6.981900000000000261e+01 -2.568000000000000060e+00 -7.299999999999999545e-02
2.102009999999999934e+02 -8.126099999999999568e+01 1.844000000000000083e+00 -1.469999999999999918e-01
2.798629999999999995e+02 -6.988100000000000023e+01 1.416200000000000081e+01 -7.399999999999999634e-02
1.544629999999999939e+02 -4.821699999999999875e+01 2.280199999999999960e+01 6.700000000000000400e-02
-1.100210000000000008e+02 -2.892500000000000071e+01 2.418700000000000117e+01 1.980000000000000093e-01
-2.347400000000000091e+02 -4.633000000000000007e+00 2.507999999999999829e+01 2.800000000000000266e-01
-1.258559999999999945e+02 2.734199999999999875e+01 2.335699999999999932e+01 2.510000000000000009e-01
-4.681400000000000006e+01 4.036899999999999977e+01 8.281000000000000583e+00 8.000000000000000167e-02
-2.291069999999999993e+02 1.388199999999999967e+01 -1.551800000000000068e+01 -1.380000000000000115e-01
-5.139579999999999700e+02 -2.338899999999999935e+01 -2.751899999999999835e+01 -2.340000000000000135e-01
-5.728400000000000318e+02 -2.434499999999999886e+01 -2.024200000000000088e+01 -1.559999999999999998e-01
-3.420570000000000164e+02 1.314899999999999913e+01 -8.144999999999999574e+00 -2.599999999999999881e-02
-3.790800000000000125e+01 4.681400000000000006e+01 -4.400000000000000355e+00 4.000000000000000083e-03
1.413209999999999980e+02 4.298499999999999943e+01 -6.892000000000000348e+00 -8.599999999999999312e-02
1.568559999999999945e+02 6.911999999999999922e+00 -8.727000000000000313e+00 -2.079999999999999905e-01
8.235200000000000387e+01 -2.939600000000000080e+01 -8.378999999999999559e+00 -2.859999999999999765e-01
2.058500000000000085e+01 -3.993399999999999750e+01 -7.578000000000000291e+00 -3.019999999999999907e-01
2.899000000000000021e+00 -2.777899999999999991e+01 -6.054000000000000270e+00 -2.600000000000000089e-01
-3.892999999999999972e+01 -1.329100000000000037e+01 -1.508000000000000007e+00 -1.479999999999999927e-01
-1.584240000000000066e+02 -7.799999999999999822e+00 4.527000000000000135e+00 -1.000000000000000021e-03
-2.917780000000000200e+02 -1.023799999999999955e+01 5.128000000000000114e+00 6.099999999999999867e-02
-3.267359999999999900e+02 -1.772100000000000009e+01 -3.096999999999999975e+00 -2.999999999999999889e-02
-2.445010000000000048e+02 -2.667800000000000082e+01 -1.391000000000000014e+01 -1.749999999999999889e-01
-1.301999999999999886e+02 -3.196199999999999974e+01 -1.881200000000000117e+01 -2.389999999999999902e-01
-6.126200000000000045e+01 -3.117200000000000060e+01 -1.670100000000000051e+01 -2.169999999999999984e-01
-5.103699999999999903e+01 -2.531700000000000017e+01 -1.244800000000000040e+01 -1.650000000000000078e-01
-8.654099999999999682e+01 -1.632700000000000173e+01 -9.172000000000000597e+00 -9.800000000000000377e-02
-1.462290000000000134e+02 -7.272000000000000242e+00 -6.182000000000000384e+00 -2.900000000000000147e-02
-1.858079999999999927e+02 -1.439999999999999947e+00 -2.314000000000000057e+00 1.799999999999999864e-02
-1.741920000000000073e+02 6.640000000000000346e-01 2.630999999999999783e+00 5.099999999999999672e-02
-1.329850000000000136e+02 -2.199999999999999872e-02 7.171999999999999709e+00 7.699999999999999900e-02
-1.021550000000000011e+02 -4.511999999999999567e+00 7.036999999999999922e+00 5.199999999999999761e-02
-1.085030000000000001e+02 -1.476200000000000045e+01 -6.119999999999999885e-01 -9.400000000000000022e-02
-1.855780000000000030e+02 -3.210600000000000165e+01 -1.203800000000000026e+01 -3.519999999999999796e-01
-3.564039999999999964e+02 -5.631099999999999994e+01 -2.094500000000000028e+01 -5.919999999999999707e-01
-5.645180000000000291e+02 -8.055500000000000682e+01 -2.488899999999999935e+01 -6.810000000000000497e-01
-6.649750000000000227e+02 -9.191400000000000148e+01 -2.423999999999999844e+01 -6.340000000000000080e-01
-5.181810000000000400e+02 -8.192799999999999727e+01 -1.855699999999999861e+01 -5.480000000000000426e-01
-1.121850000000000023e+02 -4.584899999999999665e+01 -5.520999999999999908e+00 -3.629999999999999893e-01
3.956759999999999877e+02 2.276599999999999824e+01 1.614499999999999957e+01 1.110000000000000014e-01
7.877450000000000045e+02 1.073840000000000003e+02 3.907800000000000296e+01 8.010000000000000453e-01
9.317809999999999491e+02 1.561899999999999977e+02 4.839600000000000080e+01 1.272000000000000020e+00
8.265950000000000273e+02 1.423220000000000027e+02 3.896000000000000085e+01 1.245999999999999996e+00
6.118840000000000146e+02 1.059969999999999999e+02 2.184799999999999898e+01 9.250000000000000444e-01
4.960430000000000064e+02 8.797499999999999432e+01 7.100999999999999979e+00 5.959999999999999742e-01
5.330869999999999891e+02 7.208400000000000318e+01 -4.794999999999999929e+00 2.999999999999999889e-01
5.641029999999999518e+02 3.490200000000000102e+01 -1.243099999999999916e+01 8.000000000000000167e-03
4.661209999999999809e+02 -6.887999999999999901e+00 -1.214100000000000001e+01 -2.200000000000000011e-01
2.903820000000000050e+02 -2.877700000000000102e+01 -6.394999999999999574e+00 -3.300000000000000155e-01
1.018229999999999933e+02 -3.013400000000000034e+01 -1.326000000000000068e+00 -3.140000000000000013e-01
-1.082609999999999957e+02 -1.807199999999999918e+01 7.750000000000000222e-01 -1.539999999999999980e-01
-2.925099999999999909e+02 4.147999999999999687e+00 4.390000000000000013e-01 1.089999999999999997e-01
-3.508949999999999818e+02 2.421999999999999886e+01 -2.317000000000000171e+00 3.039999999999999925e-01
-3.143580000000000041e+02 2.561899999999999977e+01 -5.357000000000000206e+00 2.969999999999999862e-01
-2.981940000000000168e+02 1.115099999999999980e+01 -3.892999999999999794e+00 1.690000000000000113e-01
-2.755260000000000105e+02 -1.151999999999999913e+00 1.875000000000000000e+00 7.599999999999999811e-02
-1.479559999999999889e+02 -4.041000000000000369e+00 5.092999999999999972e+00 3.099999999999999978e-02
2.190200000000000102e+01 -3.157999999999999918e+00 2.815999999999999837e+00 -2.699999999999999969e-02
8.819400000000000261e+01 -2.351999999999999869e+00 -1.250000000000000000e-01 -7.799999999999999989e-02
3.849000000000000199e+01 -2.359999999999999876e+00 1.499999999999999944e-02 -8.500000000000000611e-02
-3.010200000000000031e+01 -1.522000000000000020e+00 1.566000000000000059e+00 -9.400000000000000022e-02
-5.942799999999999727e+01 6.535000000000000142e+00 2.350000000000000089e+00 -1.489999999999999936e-01
-6.508199999999999363e+01 2.118499999999999872e+01 2.346000000000000085e+00 -2.300000000000000100e-01
-7.371800000000000352e+01 2.795299999999999940e+01 1.465000000000000080e+00 -3.099999999999999978e-01
-7.883400000000000318e+01 1.809100000000000108e+01 -3.220000000000000084e-01 -3.479999999999999760e-01
-6.253399999999999892e+01 1.760999999999999899e+00 -1.131999999999999895e+00 -2.909999999999999809e-01
-4.263400000000000034e+01 -1.073099999999999987e+01 -4.299999999999999933e-01 -1.719999999999999862e-01
-6.965399999999999636e+01 -2.510399999999999920e+01 -1.717999999999999972e+00 -1.229999999999999982e-01
-1.494480000000000075e+02 -4.803300000000000125e+01 -6.915000000000000036e+00 -2.079999999999999905e-01
-2.018979999999999961e+02 -7.096399999999999864e+01 -1.184099999999999930e+01 -3.449999999999999734e-01
-1.563770000000000095e+02 -8.180200000000000671e+01 -1.104599999999999937e+01 -4.050000000000000266e-01
-2.868400000000000105e+01 -7.769700000000000273e+01 -3.455000000000000071e+00 -3.059999999999999942e-01
1.482429999999999950e+02 -5.714699999999999847e+01 8.153999999999999915e+00 -6.600000000000000311e-02
3.280179999999999723e+02 -2.111899999999999977e+01 1.942000000000000171e+01 2.079999999999999905e-01
3.462900000000000205e+02 1.125200000000000067e+01 2.493799999999999883e+01 3.960000000000000187e-01
6.384799999999999898e+01 1.529700000000000060e+01 2.024800000000000111e+01 4.369999999999999996e-01
-3.212370000000000232e+02 -4.817000000000000171e+00 6.701999999999999957e+00 3.400000000000000244e-01
-4.117610000000000241e+02 -1.804500000000000171e+01 -6.759000000000000341e+00 2.020000000000000129e-01
-1.403170000000000073e+02 -7.863000000000000433e+00 -1.105899999999999928e+01 1.469999999999999918e-01
1.352319999999999993e+02 4.700999999999999623e+00 -7.413000000000000256e+00 1.449999999999999900e-01
1.284509999999999934e+02 -8.861000000000000654e+00 -5.116999999999999993e+00 1.700000000000000122e-02
-4.355199999999999960e+01 -3.895900000000000318e+01 -7.591999999999999638e+00 -2.479999999999999982e-01
-1.107720000000000056e+02 -4.836500000000000199e+01 -9.304000000000000270e+00 -4.269999999999999907e-01
-2.887800000000000011e+01 -2.935300000000000153e+01 -7.873999999999999666e+00 -4.169999999999999818e-01
4.540400000000000347e+01 -1.021299999999999919e+01 -7.280999999999999694e+00 -3.360000000000000209e-01
4.565100000000000335e+01 7.049999999999999600e-01 -7.358999999999999986e+00 -1.680000000000000104e-01
7.559600000000000364e+01 2.530799999999999983e+01 -3.274999999999999911e+00 2.059999999999999887e-01
2.119199999999999875e+02 6.357999999999999829e+01 3.630999999999999783e+00 5.979999999999999760e-01
3.497699999999999818e+02 8.581300000000000239e+01 6.762999999999999901e+00 6.470000000000000195e-01
2.861399999999999864e+02 8.108299999999999841e+01 4.719000000000000306e+00 3.780000000000000027e-01
-7.983999999999999986e+00 6.938899999999999579e+01 1.542000000000000037e+00 1.120000000000000023e-01
-2.494010000000000105e+02 6.490999999999999659e+01 4.650000000000000244e-01 -2.900000000000000147e-02
-1.444050000000000011e+02 6.056099999999999994e+01 3.580999999999999961e+00 -1.250000000000000000e-01
2.358899999999999864e+02 5.488199999999999790e+01 1.292099999999999937e+01 -1.539999999999999980e-01
5.554579999999999700e+02 6.303000000000000114e+01 2.589999999999999858e+01 -1.799999999999999864e-02
5.734610000000000127e+02 8.274399999999999977e+01 3.186599999999999966e+01 2.129999999999999949e-01
3.098509999999999991e+02 8.177400000000000091e+01 2.087500000000000000e+01 3.430000000000000271e-01
-2.072000000000000064e+00 4.393099999999999739e+01 -1.703999999999999959e+00 3.109999999999999987e-01
-1.269890000000000043e+02 -3.919000000000000039e+00 -1.766300000000000026e+01 2.439999999999999947e-01
-9.109600000000000364e+01 -3.163500000000000156e+01 -1.708899999999999864e+01 2.429999999999999938e-01
-1.141979999999999933e+02 -4.263600000000000279e+01 -8.452999999999999403e+00 2.500000000000000000e-01
-2.434519999999999982e+02 -5.345400000000000063e+01 -4.024000000000000021e+00 1.729999999999999871e-01
-2.970670000000000073e+02 -6.135399999999999920e+01 -5.216999999999999638e+00 3.099999999999999978e-02
-2.003830000000000098e+02 -5.419500000000000028e+01 -7.868999999999999773e+00 -1.059999999999999970e-01
-1.064459999999999980e+02 -3.981099999999999994e+01 -1.150900000000000034e+01 -2.179999999999999993e-01
-1.415749999999999886e+02 -3.964200000000000301e+01 -1.471100000000000030e+01 -2.959999999999999853e-01
-2.387740000000000009e+02 -5.441799999999999926e+01 -1.105300000000000082e+01 -2.899999999999999800e-01
-2.569320000000000164e+02 -6.146399999999999864e+01 1.640000000000000069e-01 -1.880000000000000004e-01
-1.476189999999999998e+02 -5.001700000000000301e+01 8.391000000000000014e+00 -8.400000000000000522e-02
3.258000000000000007e+00 -3.585300000000000153e+01 6.338000000000000078e+00 -6.300000000000000044e-02
6.217900000000000205e+01 -3.304200000000000159e+01 4.129999999999999782e-01 -1.019999999999999934e-01
-5.415000000000000036e+00 -3.327499999999999858e+01 -1.431999999999999940e+00 -1.400000000000000133e-01
-1.023550000000000040e+02 -2.567500000000000071e+01 -2.145999999999999908e+00 -1.839999999999999969e-01
-1.397050000000000125e+02 -1.695400000000000063e+01 -7.339999999999999858e+00 -2.520000000000000018e-01
-1.380540000000000020e+02 -1.700600000000000023e+01 -1.312199999999999989e+01 -3.109999999999999987e-01
-1.531599999999999966e+02 -2.166900000000000048e+01 -1.164499999999999957e+01 -3.009999999999999898e-01
-1.844559999999999889e+02 -2.399899999999999878e+01 -4.578000000000000291e+00 -2.200000000000000011e-01
-2.189029999999999916e+02 -2.667299999999999827e+01 -1.949999999999999956e+00 -1.719999999999999862e-01
-2.830020000000000095e+02 -2.928900000000000148e+01 -7.224999999999999645e+00 -2.540000000000000036e-01
-3.555419999999999732e+02 -2.078699999999999903e+01 -1.242600000000000016e+01 -3.940000000000000169e-01
-3.242970000000000255e+02 1.286000000000000032e+00 -1.189300000000000068e+01 -4.369999999999999996e-01
-1.526690000000000111e+02 2.356599999999999895e+01 -9.701999999999999957e+00 -3.489999999999999769e-01
4.084100000000000108e+01 4.243399999999999750e+01 -6.871000000000000441e+00 -1.350000000000000089e-01
2.009869999999999948e+02 7.322100000000000364e+01 3.979000000000000092e+00 2.510000000000000009e-01
4.240029999999999859e+02 1.159339999999999975e+02 2.145299999999999940e+01 7.229999999999999760e-01
6.756920000000000073e+02 1.389840000000000089e+02 2.947400000000000020e+01 9.659999999999999698e-01
7.224299999999999500e+02 1.211380000000000052e+02 2.030000000000000071e+01 7.920000000000000373e-01
5.104370000000000118e+02 7.951800000000000068e+01 6.665000000000000036e+00 4.109999999999999765e-01
2.774019999999999868e+02 3.676200000000000045e+01 1.143999999999999906e+00 1.350000000000000089e-01
1.656409999999999911e+02 -5.222000000000000419e+00 4.989999999999999991e-01 2.900000000000000147e-02
5.903900000000000148e+01 -4.963300000000000267e+01 -3.202999999999999847e+00 -2.999999999999999889e-02
-1.242609999999999957e+02 -8.926699999999999591e+01 -9.906000000000000583e+00 -1.239999999999999991e-01
-2.824519999999999982e+02 -1.068559999999999945e+02 -1.350799999999999912e+01 -2.190000000000000002e-01
-3.206009999999999991e+02 -8.637900000000000489e+01 -9.410999999999999588e+00 -2.230000000000000038e-01
-2.589069999999999823e+02 -3.767399999999999949e+01 4.249999999999999889e-01 -1.189999999999999947e-01
-1.481430000000000007e+02 -1.741000000000000103e+00 7.916999999999999815e+00 -2.699999999999999969e-02
-3.506600000000000250e+01 -7.288999999999999702e+00 6.418999999999999595e+00 -7.900000000000000078e-02
1.695200000000000173e+01 -3.417399999999999949e+01 -1.586000000000000076e+00 -2.310000000000000109e-01
-2.288400000000000034e+01 -4.432800000000000296e+01 -6.631000000000000227e+00 -2.720000000000000195e-01
-8.707800000000000296e+01 -2.707600000000000051e+01 -1.754999999999999893e+00 -6.900000000000000577e-02
-5.163000000000000256e+01 4.786999999999999922e+00 1.048900000000000077e+01 2.429999999999999938e-01
1.034279999999999973e+02 3.443999999999999773e+01 1.995400000000000063e+01 4.020000000000000240e-01
2.136800000000000068e+02 4.629599999999999937e+01 1.975300000000000011e+01 3.380000000000000226e-01
1.460720000000000027e+02 3.791799999999999926e+01 1.367099999999999937e+01 2.340000000000000135e-01
5.211699999999999733e+01 2.789099999999999824e+01 8.464999999999999858e+00 2.220000000000000029e-01
1.708429999999999893e+02 3.242300000000000182e+01 3.875999999999999890e+00 1.980000000000000093e-01
4.266630000000000109e+02 4.072200000000000131e+01 -2.399999999999999911e+00 7.699999999999999900e-02
5.120650000000000546e+02 3.221600000000000108e+01 -7.048000000000000043e+00 -1.000000000000000021e-02
3.178750000000000000e+02 8.419000000000000483e+00 -6.809999999999999609e+00 5.800000000000000294e-02
2.757000000000000028e+01 -9.327999999999999403e+00 -3.817000000000000171e+00 1.580000000000000016e-01
-1.534720000000000084e+02 -6.261000000000000121e+00 -1.089999999999999997e-01 1.250000000000000000e-01
-1.840569999999999879e+02 1.160699999999999932e+01 4.487000000000000099e+00 -6.000000000000000125e-03
-1.420420000000000016e+02 2.601099999999999923e+01 7.825999999999999623e+00 -1.069999999999999979e-01
-1.055610000000000070e+02 2.357799999999999940e+01 5.963000000000000078e+00 -1.680000000000000104e-01
-1.125699999999999932e+02 3.971999999999999975e+00 -1.895999999999999908e+00 -2.530000000000000027e-01
-1.869420000000000073e+02 -2.239900000000000091e+01 -1.146400000000000041e+01 -3.310000000000000164e-01
-3.172880000000000109e+02 -4.196900000000000119e+01 -1.663100000000000023e+01 -3.320000000000000173e-01
-4.200640000000000214e+02 -4.996500000000000341e+01 -1.570400000000000063e+01 -2.909999999999999809e-01
-4.038399999999999750e+02 -5.326599999999999824e+01 -1.222100000000000009e+01 -2.800000000000000266e-01
-2.556339999999999861e+02 -5.421300000000000097e+01 -8.397000000000000242e+00 -2.740000000000000213e-01
-1.282799999999999940e+01 -4.260900000000000176e+01 -3.559000000000000163e+00 -2.000000000000000111e-01
2.787239999999999895e+02 -1.691100000000000136e+01 4.420000000000000040e-01 -5.500000000000000028e-02
4.915600000000000023e+02 3.185000000000000053e+00 8.599999999999999867e-01 1.130000000000000032e-01
4.222470000000000141e+02 1.987000000000000099e+00 8.259999999999999565e-01 2.690000000000000169e-01
6.014999999999999858e+01 -1.122300000000000075e+01 5.524000000000000021e+00 3.679999999999999938e-01
-2.605600000000000023e+02 -1.778699999999999903e+01 1.412299999999999933e+01 3.649999999999999911e-01
-2.410049999999999955e+02 -1.239799999999999969e+01 2.213100000000000023e+01 3.140000000000000013e-01
-4.190500000000000114e+01 -7.735999999999999766e+00 2.485099999999999909e+01 2.700000000000000178e-01
-2.958399999999999963e+01 -1.966000000000000014e+01 1.658399999999999963e+01 1.330000000000000071e-01
-2.167309999999999945e+02 -4.126500000000000057e+01 -1.729999999999999982e+00 -1.489999999999999936e-01
-2.846990000000000123e+02 -4.530899999999999750e+01 -1.686499999999999844e+01 -3.739999999999999991e-01
-9.829099999999999682e+01 -2.727700000000000102e+01 -1.863299999999999912e+01 -3.760000000000000009e-01
1.160580000000000069e+02 -1.605900000000000105e+01 -1.351600000000000001e+01 -3.009999999999999898e-01
1.281349999999999909e+02 -2.463100000000000023e+01 -1.201299999999999990e+01 -3.150000000000000022e-01
-2.835999999999999943e+01 -3.317600000000000193e+01 -1.421799999999999997e+01 -3.380000000000000226e-01
-2.292369999999999948e+02 -3.350900000000000034e+01 -1.662999999999999901e+01 -3.069999999999999951e-01
-4.647210000000000036e+02 -4.115500000000000114e+01 -2.052899999999999991e+01 -3.340000000000000191e-01
-7.326539999999999964e+02 -5.727100000000000080e+01 -2.666300000000000026e+01 -4.739999999999999769e-01
-8.871939999999999600e+02 -6.106000000000000227e+01 -3.077199999999999847e+01 -6.179999999999999938e-01
-7.378750000000000000e+02 -3.764900000000000091e+01 -2.776000000000000156e+01 -6.470000000000000195e-01
-2.713179999999999836e+02 1.547799999999999976e+01 -1.484800000000000075e+01 -4.929999999999999938e-01
2.948949999999999818e+02 9.284099999999999397e+01 6.777000000000000135e+00 -1.419999999999999873e-01
7.255090000000000146e+02 1.716229999999999905e+02 2.841900000000000048e+01 3.049999999999999933e-01
9.888769999999999527e+02 2.231910000000000025e+02 3.996099999999999852e+01 7.349999999999999867e-01
1.159472999999999956e+03 2.401140000000000043e+02 4.192399999999999949e+01 1.114999999999999991e+00
1.159756000000000085e+03 2.252249999999999943e+02 4.004899999999999949e+01 1.310000000000000053e+00
8.460900000000000318e+02 1.702419999999999902e+02 3.254099999999999682e+01 1.096000000000000085e+00
3.520930000000000177e+02 7.939700000000000557e+01 1.686599999999999966e+01 5.520000000000000462e-01
-2.199299999999999855e+01 -7.769000000000000128e+00 8.790000000000000036e-01 1.000000000000000056e-01
-2.406320000000000050e+02 -5.091400000000000148e+01 -5.089000000000000412e+00 -6.000000000000000125e-03
-4.184599999999999795e+02 -5.406099999999999994e+01 -1.020999999999999908e+00 6.900000000000000577e-02
-4.504030000000000200e+02 -5.486800000000000210e+01 4.280999999999999694e+00 6.500000000000000222e-02
-2.181839999999999975e+02 -7.295000000000000284e+01 5.200000000000000178e+00 -3.500000000000000333e-02
9.037999999999999545e+01 -8.722199999999999420e+01 6.200000000000000178e+00 -6.199999999999999956e-02
2.178000000000000114e+02 -7.440600000000000591e+01 1.302699999999999925e+01 5.000000000000000278e-02
1.235360000000000014e+02 -5.160699999999999932e+01 2.000400000000000134e+01 1.710000000000000131e-01
-1.038640000000000043e+02 -5.306799999999999784e+01 1.506499999999999950e+01 1.610000000000000042e-01
-3.085729999999999791e+02 -7.420300000000000296e+01 -3.119000000000000217e+00 1.899999999999999953e-02
-2.544190000000000111e+02 -7.062699999999999534e+01 -2.060900000000000176e+01 -1.459999999999999909e-01
1.330600000000000023e+02 -1.508200000000000074e+01 -2.178099999999999881e+01 -1.529999999999999971e-01
5.891309999999999718e+02 6.539499999999999602e+01 -5.733999999999999986e+00 1.049999999999999961e-01
7.819869999999999663e+02 1.210120000000000005e+02 1.271499999999999986e+01 4.839999999999999858e-01
6.290199999999999818e+02 1.357669999999999959e+02 2.033899999999999864e+01 6.929999999999999494e-01
2.697189999999999941e+02 1.281910000000000025e+02 1.786100000000000065e+01 5.979999999999999760e-01
-9.001300000000000523e+01 1.066059999999999945e+02 1.180400000000000027e+01 2.979999999999999871e-01
-2.850919999999999845e+02 5.977000000000000313e+01 4.224000000000000199e+00 0.000000000000000000e+00
-3.031759999999999877e+02 -8.538000000000000256e+00 -5.003999999999999559e+00 -1.670000000000000095e-01
-2.863229999999999791e+02 -6.597799999999999443e+01 -1.408900000000000041e+01 -2.710000000000000187e-01
-3.383779999999999859e+02 -8.588599999999999568e+01 -2.069000000000000128e+01 -4.349999999999999978e-01
-4.013279999999999745e+02 -7.856300000000000239e+01 -2.402100000000000080e+01 -6.209999999999999964e-01
-3.815299999999999727e+02 -7.079500000000000171e+01 -2.549500000000000099e+01 -7.049999999999999600e-01
-2.856139999999999759e+02 -6.697899999999999920e+01 -2.665899999999999892e+01 -6.860000000000000542e-01
-1.625560000000000116e+02 -4.930599999999999739e+01 -2.538500000000000156e+01 -6.280000000000000027e-01
-3.829099999999999682e+01 -1.187899999999999956e+01 -1.836799999999999855e+01 -5.200000000000000178e-01
1.677499999999999858e+01 1.940200000000000102e+01 -8.316000000000000725e+00 -3.370000000000000218e-01
-9.009499999999999886e+01 1.193999999999999950e+01 -2.069999999999999840e+00 -1.400000000000000133e-01
-3.011229999999999905e+02 -3.420700000000000074e+01 -1.953999999999999959e+00 -6.099999999999999867e-02
-4.046159999999999854e+02 -8.782500000000000284e+01 -4.719000000000000306e+00 -2.119999999999999940e-01
-2.668820000000000050e+02 -1.176839999999999975e+02 -5.716000000000000192e+00 -5.170000000000000151e-01
3.367499999999999716e+01 -1.067409999999999997e+02 -4.759999999999999787e-01 -6.400000000000000133e-01
3.172069999999999936e+02 -5.469100000000000250e+01 1.116499999999999915e+01 -3.210000000000000075e-01
4.424900000000000091e+02 8.980999999999999872e+00 1.913800000000000168e+01 1.799999999999999933e-01
3.241669999999999732e+02 3.242900000000000205e+01 1.106499999999999950e+01 3.190000000000000058e-01
-3.775900000000000034e+01 -4.298000000000000043e+00 -8.384999999999999787e+00 4.800000000000000100e-02
-4.719279999999999973e+02 -5.830700000000000216e+01 -1.862900000000000134e+01 -1.039999999999999952e-01
-6.987359999999999900e+02 -7.925199999999999534e+01 -1.048900000000000077e+01 1.000000000000000056e-01
-5.479299999999999500e+02 -6.278900000000000148e+01 4.554999999999999716e+00 3.109999999999999987e-01
-9.621399999999999864e+01 -2.190899999999999892e+01 1.717000000000000171e+01 3.370000000000000218e-01
3.796469999999999914e+02 3.579599999999999937e+01 2.876399999999999935e+01 4.179999999999999827e-01
5.897150000000000318e+02 8.109900000000000375e+01 3.473400000000000176e+01 6.189999999999999947e-01
4.568079999999999927e+02 8.312600000000000477e+01 2.562399999999999878e+01 6.680000000000000382e-01
2.061200000000000045e+02 6.253199999999999648e+01 6.543000000000000149e+00 4.739999999999999769e-01
1.358830000000000098e+02 6.140400000000000347e+01 -6.762999999999999901e+00 2.949999999999999845e-01
2.492680000000000007e+02 7.435399999999999920e+01 -9.739000000000000767e+00 3.210000000000000075e-01
2.885099999999999909e+02 6.404000000000000625e+01 -1.070100000000000051e+01 4.149999999999999800e-01
1.421399999999999864e+02 2.329799999999999827e+01 -1.539300000000000068e+01 3.430000000000000271e-01
-5.469899999999999807e+01 -2.254899999999999949e+01 -2.253200000000000003e+01 6.700000000000000400e-02
-2.116009999999999991e+02 -5.882800000000000296e+01 -3.027599999999999980e+01 -2.700000000000000178e-01
-3.760199999999999818e+02 -8.945199999999999818e+01 -3.729699999999999704e+01 -5.560000000000000497e-01
-5.298659999999999854e+02 -1.067060000000000031e+02 -3.953900000000000148e+01 -7.399999999999999911e-01
-5.295470000000000255e+02 -9.077100000000000080e+01 -3.274399999999999977e+01 -7.479999999999999982e-01
-2.866890000000000214e+02 -4.656799999999999784e+01 -1.848999999999999844e+01 -5.450000000000000400e-01
8.881399999999999295e+01 -6.264000000000000234e+00 -4.418999999999999595e+00 -2.780000000000000249e-01
3.491159999999999854e+02 1.389000000000000057e+01 2.946000000000000174e+00 -1.360000000000000098e-01
3.459549999999999841e+02 2.848699999999999832e+01 4.607000000000000206e+00 -9.800000000000000377e-02
1.925840000000000032e+02 4.926100000000000279e+01 5.616999999999999993e+00 -7.000000000000000146e-03
8.011700000000000443e+01 6.524699999999999989e+01 6.150999999999999801e+00 1.150000000000000050e-01
1.948000000000000043e+01 6.543300000000000693e+01 2.508000000000000007e+00 1.150000000000000050e-01
-6.710399999999999920e+01 5.731099999999999994e+01 -3.943000000000000060e+00 8.999999999999999320e-03
-1.491210000000000093e+02 4.925999999999999801e+01 -7.692999999999999616e+00 -8.200000000000000344e-02
-1.623029999999999973e+02 3.376700000000000301e+01 -7.791000000000000369e+00 -1.910000000000000031e-01
-1.256020000000000039e+02 4.567000000000000171e+00 -7.392000000000000348e+00 -4.269999999999999907e-01
-5.588100000000000023e+01 -2.630600000000000094e+01 -6.764000000000000234e+00 -7.229999999999999760e-01
9.211799999999999500e+01 -4.381400000000000006e+01 -3.116000000000000103e+00 -8.619999999999999885e-01
3.048039999999999736e+02 -4.421300000000000097e+01 6.088000000000000078e+00 -6.870000000000000551e-01
4.370029999999999859e+02 -2.485999999999999943e+01 2.222400000000000020e+01 -2.369999999999999885e-01
3.549809999999999945e+02 1.506400000000000006e+01 4.206099999999999994e+01 2.929999999999999827e-01
8.590999999999999659e+01 5.800500000000000256e+01 5.664300000000000068e+01 7.429999999999999938e-01
-2.224670000000000130e+02 7.818800000000000239e+01 5.957000000000000028e+01 1.056999999999999940e+00
-4.206240000000000236e+02 6.839799999999999613e+01 5.275300000000000011e+01 1.139000000000000012e+00
-4.524510000000000218e+02 4.040800000000000125e+01 4.167399999999999949e+01 8.930000000000000160e-01
-3.688849999999999909e+02 1.028100000000000058e+01 3.000300000000000011e+01 4.570000000000000173e-01
-2.108899999999999864e+02 -8.801000000000000156e+00 1.971799999999999997e+01 1.330000000000000071e-01
2.779599999999999937e+01 -1.135899999999999999e+01 1.220500000000000007e+01 9.400000000000000022e-02
2.804080000000000155e+02 1.514999999999999902e+00 6.754999999999999893e+00 3.069999999999999951e-01
4.099940000000000282e+02 2.529700000000000060e+01 -3.160000000000000031e-01 5.639999999999999458e-01
3.668489999999999895e+02 5.128000000000000114e+01 -1.004599999999999937e+01 5.979999999999999760e-01
2.482059999999999889e+02 7.695399999999999352e+01 -1.444800000000000040e+01 3.880000000000000115e-01
1.789070000000000107e+02 1.058799999999999955e+02 -5.192000000000000171e+00 1.869999999999999996e-01
1.632880000000000109e+02 1.211380000000000052e+02 1.042399999999999949e+01 1.340000000000000080e-01
1.174060000000000059e+02 9.556799999999999784e+01 1.523900000000000077e+01 9.700000000000000289e-02
3.600800000000000267e+01 4.414000000000000057e+01 5.149000000000000021e+00 -2.999999999999999889e-02
-2.894000000000000128e+00 1.598000000000000043e+01 -6.639999999999999680e+00 -1.580000000000000016e-01
-1.923000000000000043e+00 2.141900000000000048e+01 -8.358999999999999986e+00 -1.769999999999999907e-01
-4.477199999999999847e+01 1.829899999999999949e+01 -1.469999999999999973e+00 -1.059999999999999970e-01
-1.315929999999999893e+02 -1.994200000000000017e+01 5.081999999999999851e+00 -6.600000000000000311e-02
-1.928979999999999961e+02 -7.246099999999999852e+01 2.633999999999999897e+00 -1.769999999999999907e-01
-2.201069999999999993e+02 -1.130250000000000057e+02 -1.242500000000000071e+01 -4.550000000000000155e-01
-2.023199999999999932e+02 -1.355159999999999911e+02 -3.253600000000000136e+01 -7.600000000000000089e-01
-7.418300000000000693e+01 -1.344439999999999884e+02 -4.176500000000000057e+01 -8.589999999999999858e-01
1.025610000000000070e+02 -1.032620000000000005e+02 -3.280400000000000205e+01 -6.360000000000000098e-01
1.292529999999999859e+02 -5.613799999999999812e+01 -1.584500000000000064e+01 -2.139999999999999958e-01
-2.030799999999999983e+01 -2.233200000000000074e+01 -4.496999999999999886e+00 1.710000000000000131e-01
-1.263310000000000031e+02 -1.499300000000000033e+01 -6.820000000000000506e-01 3.669999999999999929e-01
-4.162599999999999767e+01 -1.826000000000000156e+01 1.169999999999999929e+00 3.689999999999999947e-01
1.402340000000000089e+02 -9.150000000000000355e+00 4.004999999999999893e+00 2.800000000000000266e-01
2.729370000000000118e+02 1.063799999999999990e+01 6.418000000000000149e+00 1.920000000000000040e-01
3.079069999999999823e+02 1.571000000000000085e+01 4.557000000000000384e+00 9.400000000000000022e-02
2.375389999999999873e+02 -5.323999999999999844e+00 -3.244000000000000217e+00 -6.500000000000000222e-02
1.034369999999999976e+02 -2.833299999999999841e+01 -1.046400000000000041e+01 -2.079999999999999905e-01
6.155700000000000216e+01 -2.057400000000000162e+01 -7.498000000000000220e+00 -1.600000000000000033e-01
1.864490000000000123e+02 1.516900000000000048e+01 4.258000000000000007e+00 8.400000000000000522e-02
2.640710000000000264e+02 3.577799999999999869e+01 1.105300000000000082e+01 2.750000000000000222e-01
7.825900000000000034e+01 1.207399999999999984e+01 4.318999999999999950e+00 2.159999999999999976e-01
-2.182659999999999911e+02 -2.948799999999999955e+01 -8.118000000000000327e+00 1.200000000000000025e-02
-3.274069999999999823e+02 -4.955400000000000205e+01 -1.493599999999999994e+01 -1.409999999999999865e-01
-2.373799999999999955e+02 -5.199799999999999756e+01 -1.591399999999999970e+01 -2.230000000000000038e-01
-1.489859999999999900e+02 -5.910499999999999687e+01 -1.600499999999999901e+01 -2.919999999999999818e-01
-1.134309999999999974e+02 -6.377400000000000091e+01 -1.463599999999999923e+01 -2.959999999999999853e-01
-6.290000000000000036e+00 -4.553399999999999892e+01 -9.003000000000000114e+00 -1.690000000000000113e-01
1.763149999999999977e+02 -1.267300000000000004e+01 -2.153999999999999915e+00 -6.000000000000000125e-03
2.230689999999999884e+02 1.971999999999999975e+00 -5.100000000000000089e-01 3.799999999999999906e-02
5.235999999999999766e+00 -1.736100000000000065e+01 -4.940999999999999837e+00 -5.299999999999999850e-02
-2.834350000000000023e+02 -5.078000000000000114e+01 -9.990000000000000213e+00 -1.630000000000000060e-01
-3.558299999999999841e+02 -6.889000000000000057e+01 -1.152299999999999969e+01 -1.970000000000000084e-01
-2.211659999999999968e+02 -6.283400000000000318e+01 -9.798999999999999488e+00 -1.419999999999999873e-01
-1.571719999999999970e+02 -4.317300000000000182e+01 -5.958999999999999631e+00 -4.200000000000000261e-02
-2.886970000000000027e+02 -2.146999999999999886e+01 -1.032000000000000028e+00 2.900000000000000147e-02
-3.951709999999999923e+02 -4.369999999999999996e-01 2.923999999999999932e+00 3.500000000000000333e-02
-2.658659999999999854e+02 2.258299999999999841e+01 4.977000000000000313e+00 4.800000000000000100e-02
-1.239700000000000024e+01 4.935799999999999699e+01 6.724999999999999645e+00 1.469999999999999918e-01
1.925289999999999964e+02 7.524200000000000443e+01 9.263999999999999346e+00 2.660000000000000142e-01
3.788750000000000000e+02 8.419199999999999307e+01 1.140399999999999991e+01 2.690000000000000169e-01
5.444700000000000273e+02 6.162899999999999778e+01 1.202699999999999925e+01 1.640000000000000069e-01
5.207859999999999445e+02 1.951500000000000057e+01 1.125699999999999967e+01 7.900000000000000078e-02
2.709820000000000277e+02 -1.221799999999999997e+01 8.789999999999999147e+00 5.700000000000000205e-02
1.558000000000000052e+00 -2.215200000000000102e+01 4.153999999999999915e+00 1.499999999999999944e-02
-1.210379999999999967e+02 -2.001800000000000068e+01 -5.769999999999999574e-01 -6.400000000000000133e-02
-1.228589999999999947e+02 -1.065799999999999947e+01 -1.881999999999999895e+00 -8.300000000000000433e-02
-8.792400000000000659e+01 4.136000000000000121e+00 -7.580000000000000071e-01 -4.299999999999999656e-02
-6.377499999999999858e+01 1.228500000000000014e+01 -3.285000000000000142e+00 -1.069999999999999979e-01
-9.195499999999999829e+01 9.214999999999999858e+00 -1.153200000000000003e+01 -3.340000000000000191e-01
-1.948520000000000039e+02 8.760999999999999233e+00 -1.894500000000000028e+01 -5.460000000000000409e-01
-3.212409999999999854e+02 1.560699999999999932e+01 -1.954100000000000037e+01 -6.079999999999999849e-01
-3.650559999999999832e+02 1.571199999999999974e+01 -1.516600000000000037e+01 -5.939999999999999725e-01
-2.299869999999999948e+02 8.442999999999999616e+00 -8.814999999999999503e+00 -5.520000000000000462e-01
9.720600000000000307e+01 1.482300000000000040e+01 5.240000000000000213e-01 -3.739999999999999991e-01
4.534309999999999832e+02 4.204699999999999704e+01 1.210999999999999943e+01 -1.200000000000000025e-02
5.410199999999999818e+02 6.767499999999999716e+01 2.048699999999999832e+01 3.930000000000000160e-01
2.152059999999999889e+02 6.946399999999999864e+01 2.122899999999999920e+01 6.640000000000000346e-01
-2.926419999999999959e+02 5.503499999999999659e+01 1.599699999999999989e+01 7.750000000000000222e-01
-5.857519999999999527e+02 5.075300000000000011e+01 1.036999999999999922e+01 8.030000000000000471e-01
-5.300929999999999609e+02 6.566899999999999693e+01 7.636000000000000121e+00 7.670000000000000151e-01
-3.373899999999999864e+02 8.131999999999999318e+01 7.668000000000000149e+00 6.380000000000000115e-01
-2.143969999999999914e+02 8.045900000000000318e+01 1.133600000000000030e+01 4.879999999999999893e-01
-1.008439999999999941e+02 6.776600000000000534e+01 1.930399999999999849e+01 4.199999999999999845e-01
1.237999999999999972e+02 5.521500000000000341e+01 2.598900000000000077e+01 3.669999999999999929e-01
3.460350000000000250e+02 4.510099999999999909e+01 2.360099999999999909e+01 1.809999999999999942e-01
3.849230000000000018e+02 3.653300000000000125e+01 1.385500000000000043e+01 -6.600000000000000311e-02
3.265419999999999732e+02 3.630499999999999972e+01 7.046000000000000263e+00 -1.400000000000000133e-01
3.596890000000000214e+02 4.827799999999999869e+01 6.915000000000000036e+00 2.000000000000000042e-03
3.669569999999999936e+02 5.332300000000000040e+01 4.671000000000000263e+00 1.199999999999999956e-01
8.529099999999999682e+01 2.537099999999999866e+01 -6.951999999999999957e+00 1.700000000000000122e-02
-3.776619999999999777e+02 -2.633899999999999864e+01 -2.155699999999999861e+01 -2.479999999999999982e-01
-6.212870000000000346e+02 -6.576000000000000512e+01 -2.875700000000000145e+01 -4.899999999999999911e-01
-4.972239999999999895e+02 -7.993600000000000705e+01 -2.761299999999999955e+01 -5.879999999999999671e-01
-1.861189999999999998e+02 -7.884099999999999397e+01 -2.155699999999999861e+01 -4.919999999999999929e-01
1.510730000000000075e+02 -6.502500000000000568e+01 -1.088199999999999967e+01 -2.620000000000000107e-01
4.173750000000000000e+02 -4.750099999999999767e+01 6.510000000000000231e-01 -1.219999999999999973e-01
4.326689999999999827e+02 -5.034400000000000119e+01 4.402000000000000135e+00 -1.940000000000000058e-01
1.090250000000000057e+02 -7.683700000000000330e+01 -1.391999999999999904e+00 -2.879999999999999782e-01
-3.384780000000000086e+02 -1.069389999999999930e+02 -1.017399999999999949e+01 -2.660000000000000142e-01
-5.804180000000000064e+02 -1.292280000000000086e+02 -1.648300000000000054e+01 -2.780000000000000249e-01
-4.662579999999999814e+02 -1.312470000000000141e+02 -1.588299999999999912e+01 -3.029999999999999916e-01
-7.246599999999999397e+01 -8.904500000000000171e+01 -4.429999999999999716e+00 -4.299999999999999656e-02
3.999959999999999809e+02 -1.169999999999999929e+01 1.139199999999999946e+01 4.390000000000000013e-01
7.649379999999999882e+02 4.320100000000000051e+01 1.677400000000000091e+01 6.460000000000000187e-01
9.371340000000000146e+02 3.664500000000000313e+01 8.916999999999999815e+00 4.329999999999999960e-01
8.634640000000000555e+02 -5.637999999999999901e+00 1.685999999999999943e+00 1.849999999999999978e-01
5.297359999999999900e+02 -3.871699999999999875e+01 3.690999999999999837e+00 1.019999999999999934e-01
1.445730000000000075e+02 -5.261099999999999710e+01 6.116999999999999993e+00 -5.000000000000000278e-02
7.826999999999999957e+00 -5.833700000000000330e+01 -8.609999999999999876e-01 -3.739999999999999991e-01
7.319799999999999329e+01 -5.169200000000000017e+01 -1.151200000000000045e+01 -5.789999999999999591e-01
1.125799999999999912e+01 -1.966700000000000159e+01 -1.267800000000000082e+01 -4.159999999999999809e-01
-2.493350000000000080e+02 3.056800000000000139e+01 -2.674999999999999822e+00 -5.299999999999999850e-02
-4.232250000000000227e+02 7.387699999999999534e+01 7.341000000000000192e+00 1.799999999999999933e-01
-2.987130000000000223e+02 9.692000000000000171e+01 1.025600000000000023e+01 2.340000000000000135e-01
2.540599999999999881e+01 1.088040000000000020e+02 1.045299999999999940e+01 2.959999999999999853e-01
2.696469999999999914e+02 1.162300000000000040e+02 1.106900000000000084e+01 3.910000000000000142e-01
1.994739999999999895e+02 1.034000000000000057e+02 5.621999999999999886e+00 2.999999999999999889e-01
-1.480809999999999889e+02 5.838000000000000256e+01 -9.151999999999999247e+00 -6.600000000000000311e-02
-4.574100000000000250e+02 6.157000000000000028e+00 -2.228999999999999915e+01 -4.490000000000000102e-01
-4.787250000000000227e+02 -1.530700000000000038e+01 -2.181400000000000006e+01 -5.490000000000000435e-01
-2.567420000000000186e+02 3.565999999999999837e+00 -1.014600000000000080e+01 -3.719999999999999973e-01
2.832999999999999829e+01 4.403099999999999881e+01 1.691999999999999948e+00 -1.320000000000000062e-01
1.940159999999999911e+02 6.806399999999999295e+01 4.876000000000000334e+00 -1.600000000000000033e-02
7.139499999999999602e+01 3.261500000000000199e+01 -3.798999999999999932e+00 -1.370000000000000107e-01
-3.016940000000000168e+02 -5.733899999999999864e+01 -1.871900000000000119e+01 -4.709999999999999742e-01
-6.205109999999999673e+02 -1.359919999999999902e+02 -2.842099999999999937e+01 -7.960000000000000409e-01
-6.696430000000000291e+02 -1.570519999999999925e+02 -2.694600000000000151e+01 -8.920000000000000151e-01
-5.307190000000000509e+02 -1.375169999999999959e+02 -1.666799999999999926e+01 -7.469999999999999973e-01
-3.566250000000000000e+02 -9.729000000000000625e+01 -2.800000000000000266e-01 -3.860000000000000098e-01
-1.917870000000000061e+02 -2.174200000000000088e+01 2.155799999999999983e+01 2.690000000000000169e-01
-1.112100000000000044e+01 8.900300000000000011e+01 4.417300000000000182e+01 1.116999999999999993e+00
2.262599999999999909e+02 1.838940000000000055e+02 5.811800000000000210e+01 1.685999999999999943e+00
4.822130000000000223e+02 2.053069999999999879e+02 5.784300000000000352e+01 1.578999999999999959e+00
5.677859999999999445e+02 1.574470000000000027e+02 4.769299999999999784e+01 1.038000000000000034e+00
3.622149999999999750e+02 1.039120000000000061e+02 3.590599999999999881e+01 6.600000000000000311e-01
8.153000000000000114e+01 8.430200000000000671e+01 2.511599999999999966e+01 5.610000000000000542e-01
5.333200000000000074e+01 6.793200000000000216e+01 1.428500000000000014e+01 3.629999999999999893e-01
2.566739999999999782e+02 1.874200000000000088e+01 7.333999999999999631e+00 2.900000000000000147e-02
3.936229999999999905e+02 -3.950699999999999790e+01 9.631999999999999673e+00 -4.700000000000000011e-02
3.932860000000000014e+02 -6.430500000000000682e+01 1.593599999999999994e+01 1.630000000000000060e-01
4.724850000000000136e+02 -5.938000000000000256e+01 1.439000000000000057e+01 2.220000000000000029e-01
6.322129999999999654e+02 -5.789200000000000301e+01 3.857000000000000206e+00 1.000000000000000021e-03
5.406459999999999582e+02 -7.487300000000000466e+01 -6.927999999999999936e+00 -1.789999999999999925e-01
9.391299999999999670e+01 -1.040049999999999955e+02 -1.662300000000000111e+01 -2.059999999999999887e-01
-3.497389999999999759e+02 -1.310790000000000077e+02 -3.031400000000000006e+01 -3.099999999999999978e-01
-4.765450000000000159e+02 -1.395989999999999895e+02 -4.363700000000000045e+01 -5.510000000000000453e-01
-3.656100000000000136e+02 -1.244749999999999943e+02 -4.617499999999999716e+01 -7.039999999999999591e-01
-2.112390000000000043e+02 -9.664700000000000557e+01 -3.830799999999999983e+01 -6.370000000000000107e-01
-5.473799999999999955e+01 -6.649899999999999523e+01 -2.971300000000000097e+01 -4.450000000000000067e-01
7.975499999999999545e+01 -3.234799999999999898e+01 -2.484100000000000108e+01 -2.290000000000000091e-01
7.485200000000000387e+01 1.420500000000000007e+01 -2.116100000000000136e+01 1.799999999999999864e-02
-1.096839999999999975e+02 7.154300000000000637e+01 -1.701800000000000068e+01 2.720000000000000195e-01
-3.537749999999999773e+02 1.176889999999999930e+02 -1.183099999999999952e+01 4.199999999999999845e-01
-5.282559999999999718e+02 1.307479999999999905e+02 -2.879000000000000004e+00 4.159999999999999809e-01
-5.720470000000000255e+02 1.126400000000000006e+02 8.903000000000000469e+00 3.390000000000000235e-01
-4.629879999999999995e+02 7.811400000000000432e+01 1.427999999999999936e+01 2.169999999999999984e-01
-2.797490000000000236e+02 3.983500000000000085e+01 6.825000000000000178e+00 -2.100000000000000130e-02
-2.063460000000000036e+02 1.100300000000000011e+01 -6.099000000000000199e+00 -3.310000000000000164e-01
-3.100120000000000005e+02 -2.388999999999999790e+00 -1.232300000000000040e+01 -5.350000000000000311e-01
-3.970919999999999845e+02 -6.650000000000000355e+00 -8.823000000000000398e+00 -5.190000000000000169e-01
-2.279300000000000068e+02 -1.318999999999999950e+00 -1.072000000000000064e+00 -3.499999999999999778e-01
1.696210000000000093e+02 1.652799999999999869e+01 3.713000000000000078e+00 -2.129999999999999949e-01
4.778519999999999754e+02 1.952199999999999847e+01 -3.500000000000000333e-02 -2.570000000000000062e-01
3.952610000000000241e+02 -2.670100000000000051e+01 -1.169500000000000028e+01 -4.520000000000000129e-01
-2.474699999999999989e+01 -9.814300000000000068e+01 -2.214300000000000068e+01 -6.119999999999999885e-01
-3.940960000000000036e+02 -1.286339999999999861e+02 -2.173100000000000165e+01 -5.919999999999999707e-01
-4.207040000000000077e+02 -9.797700000000000387e+01 -1.079299999999999926e+01 -4.189999999999999836e-01
-2.428249999999999886e+02 -5.392199999999999704e+01 1.247999999999999998e+00 -2.250000000000000056e-01
-1.772470000000000141e+02 -4.096200000000000330e+01 7.719999999999999751e+00 -1.019999999999999934e-01
-1.969209999999999923e+02 -4.093699999999999761e+01 1.347700000000000031e+01 4.299999999999999656e-02
2.515500000000000114e+01 -4.519999999999999574e+00 2.692500000000000071e+01 4.089999999999999747e-01
5.322419999999999618e+02 6.279899999999999949e+01 4.204399999999999693e+01 8.850000000000000089e-01
9.524249999999999545e+02 9.139499999999999602e+01 4.051299999999999812e+01 1.006999999999999895e+00
9.861620000000000346e+02 5.150300000000000011e+01 1.831200000000000117e+01 6.470000000000000195e-01
6.877469999999999573e+02 2.402000000000000135e+00 -6.221000000000000085e+00 2.419999999999999929e-01
3.094590000000000032e+02 -2.560000000000000053e+00 -1.723300000000000054e+01 7.199999999999999456e-02
5.852799999999999869e+01 1.371700000000000053e+01 -1.591799999999999926e+01 -1.899999999999999953e-02
-3.103099999999999881e+01 1.256300000000000061e+01 -8.858999999999999986e+00 -9.900000000000000466e-02
-3.095799999999999841e+01 -1.917999999999999927e+00 -3.860000000000000098e-01 -4.299999999999999656e-02
1.351900000000000013e+01 -1.374499999999999922e+01 4.381000000000000227e+00 5.199999999999999761e-02
9.774200000000000443e+01 -2.594800000000000040e+01 3.016000000000000014e+00 -5.800000000000000294e-02
2.094240000000000066e+02 -3.838900000000000290e+01 6.440000000000000169e-01 -3.280000000000000138e-01
2.836379999999999768e+02 -3.762800000000000011e+01 2.654999999999999805e+00 -4.580000000000000182e-01
2.216129999999999995e+02 -2.350600000000000023e+01 6.852000000000000313e+00 -3.390000000000000235e-01
2.906599999999999895e+01 -1.347899999999999920e+01 9.397999999999999687e+00 -1.469999999999999918e-01
-1.652800000000000011e+02 -1.560699999999999932e+01 1.129299999999999926e+01 -3.899999999999999994e-02
-3.010319999999999823e+02 -2.255300000000000082e+01 1.249200000000000088e+01 4.100000000000000172e-02
-4.010670000000000073e+02 -2.774899999999999878e+01 8.634999999999999787e+00 2.099999999999999922e-01
-3.957930000000000064e+02 -2.862300000000000111e+01 -5.130000000000000115e-01 4.159999999999999809e-01
-2.027599999999999909e+02 -2.332700000000000173e+01 -8.080000000000000071e+00 4.809999999999999831e-01
5.448899999999999721e+01 -1.598199999999999932e+01 -9.022999999999999687e+00 3.529999999999999805e-01
1.660540000000000020e+02 -1.321799999999999997e+01 -4.724000000000000199e+00 1.950000000000000067e-01
1.131250000000000000e+02 -9.071999999999999176e+00 1.504999999999999893e+00 1.819999999999999951e-01
3.126800000000000068e+01 1.299200000000000088e+01 6.743999999999999773e+00 2.620000000000000107e-01
4.416000000000000369e+00 5.851800000000000068e+01 7.828000000000000291e+00 2.290000000000000091e-01
2.024099999999999966e+01 1.112650000000000006e+02 4.823000000000000398e+00 2.699999999999999969e-02
8.445999999999999730e+00 1.438619999999999948e+02 2.504999999999999893e+00 -1.570000000000000007e-01
-1.054459999999999980e+02 1.347079999999999984e+02 1.971000000000000085e+00 -1.970000000000000084e-01
-2.863220000000000027e+02 8.031699999999999307e+01 -3.837000000000000188e+00 -2.399999999999999911e-01
-3.849759999999999991e+02 4.118999999999999773e+00 -1.761499999999999844e+01 -4.119999999999999774e-01
-3.013910000000000196e+02 -4.870700000000000074e+01 -2.788100000000000023e+01 -5.470000000000000417e-01
-6.719100000000000250e+01 -4.612199999999999989e+01 -2.268900000000000006e+01 -4.440000000000000058e-01
2.110519999999999925e+02 -2.825000000000000178e+00 -6.283999999999999808e+00 -1.539999999999999980e-01
3.823290000000000077e+02 3.853199999999999648e+01 8.358000000000000540e+00 1.580000000000000016e-01
3.406499999999999773e+02 5.711899999999999977e+01 1.653600000000000136e+01 4.309999999999999942e-01
2.073199999999999932e+02 6.420000000000000284e+01 2.202899999999999991e+01 6.300000000000000044e-01
2.162270000000000039e+02 6.664300000000000068e+01 2.552899999999999991e+01 6.320000000000000062e-01
3.326960000000000264e+02 5.031099999999999994e+01 2.114999999999999858e+01 3.390000000000000235e-01
2.836299999999999955e+02 9.223000000000000753e+00 4.775999999999999801e+00 -1.690000000000000113e-01
-1.255700000000000038e+01 -3.696099999999999852e+01 -1.689900000000000091e+01 -6.290000000000000036e-01
-3.616610000000000014e+02 -6.378999999999999915e+01 -2.823600000000000065e+01 -7.520000000000000018e-01
-5.738650000000000091e+02 -5.897599999999999909e+01 -1.876699999999999946e+01 -4.520000000000000129e-01
-5.690489999999999782e+02 -2.554500000000000171e+01 4.565000000000000391e+00 4.700000000000000011e-02
-3.393399999999999750e+02 1.148600000000000065e+01 2.269099999999999895e+01 4.000000000000000222e-01
2.358699999999999974e+01 1.927799999999999869e+01 2.319200000000000017e+01 4.530000000000000138e-01
3.682259999999999991e+02 -5.474999999999999645e+00 1.188199999999999967e+01 3.270000000000000129e-01
5.618830000000000382e+02 -3.490200000000000102e+01 2.657999999999999918e+00 1.809999999999999942e-01
5.077470000000000141e+02 -5.040200000000000102e+01 -1.147999999999999909e+00 2.599999999999999881e-02
2.243480000000000132e+02 -5.732300000000000040e+01 -6.142999999999999794e+00 -1.449999999999999900e-01
-1.106029999999999944e+02 -6.252900000000000347e+01 -1.247199999999999953e+01 -2.059999999999999887e-01
-3.312040000000000077e+02 -6.604800000000000182e+01 -1.278500000000000014e+01 -8.599999999999999312e-02
-4.218109999999999786e+02 -7.246299999999999386e+01 -7.761000000000000121e+00 3.400000000000000244e-02
-4.316190000000000282e+02 -8.814499999999999602e+01 -7.145999999999999908e+00 -7.199999999999999456e-02
-3.781720000000000255e+02 -1.043870000000000005e+02 -1.277100000000000080e+01 -3.370000000000000218e-01
-2.622789999999999964e+02 -9.744199999999999307e+01 -1.499000000000000021e+01 -4.680000000000000271e-01
-1.073130000000000024e+02 -5.301200000000000045e+01 -9.035999999999999588e+00 -2.829999999999999738e-01
2.623799999999999955e+01 1.408399999999999963e+01 -1.290000000000000036e+00 1.000000000000000056e-01
8.349599999999999511e+01 7.017499999999999716e+01 3.443000000000000060e+00 3.750000000000000000e-01
7.290999999999999659e+01 9.218000000000000682e+01 9.010999999999999233e+00 3.699999999999999956e-01
2.101000000000000156e+01 8.580599999999999739e+01 1.879200000000000159e+01 2.819999999999999729e-01
-8.425000000000000000e+01 7.607099999999999795e+01 2.676699999999999946e+01 3.270000000000000129e-01
-2.239919999999999902e+02 7.820699999999999363e+01 2.338100000000000023e+01 3.180000000000000049e-01
-3.089470000000000027e+02 8.046299999999999386e+01 1.026600000000000001e+01 5.600000000000000117e-02
-2.579710000000000036e+02 6.685699999999999932e+01 1.092999999999999972e+00 -1.449999999999999900e-01
-3.851700000000000301e+01 4.568900000000000006e+01 1.467999999999999972e+00 7.399999999999999634e-02
3.006129999999999995e+02 2.955999999999999872e+01 -1.114000000000000101e+00 4.329999999999999960e-01
5.434510000000000218e+02 9.871999999999999886e+00 -1.590199999999999925e+01 4.119999999999999774e-01
4.312060000000000173e+02 -1.366499999999999915e+01 -3.051200000000000045e+01 4.299999999999999656e-02
1.098600000000000065e+01 -1.817399999999999949e+01 -3.024200000000000088e+01 -2.330000000000000127e-01
-3.251440000000000055e+02 -4.743000000000000327e+00 -2.199200000000000088e+01 -2.800000000000000266e-01
-2.668430000000000177e+02 -1.524999999999999911e+00 -1.883599999999999852e+01 -3.009999999999999898e-01
8.808899999999999864e+01 -3.124000000000000110e+00 -1.575300000000000011e+01 -3.370000000000000218e-01
3.654289999999999736e+02 1.911499999999999844e+01 -2.732000000000000206e+00 -2.570000000000000062e-01
2.924130000000000109e+02 4.580700000000000216e+01 1.224200000000000088e+01 -1.189999999999999947e-01
-2.767399999999999949e+01 2.837600000000000122e+01 1.416699999999999982e+01 -1.079999999999999988e-01
-2.435140000000000100e+02 -2.573400000000000176e+01 4.974000000000000199e+00 -2.039999999999999869e-01
-2.071850000000000023e+02 -6.041499999999999915e+01 -2.620000000000000107e-01 -2.530000000000000027e-01
-1.324590000000000032e+02 -5.469400000000000261e+01 4.983999999999999986e+00 -2.010000000000000120e-01
-2.088770000000000095e+02 -3.626800000000000068e+01 1.369800000000000040e+01 -6.600000000000000311e-02
-2.855430000000000064e+02 -2.825499999999999901e+01 1.773499999999999943e+01 1.000000000000000056e-01
-1.002560000000000002e+02 -3.072500000000000142e+01 1.537299999999999933e+01 1.429999999999999882e-01
3.165690000000000168e+02 -3.476700000000000301e+01 1.036999999999999922e+01 -0.000000000000000000e+00
6.336879999999999882e+02 -3.041600000000000037e+01 8.199999999999999289e+00 -1.330000000000000071e-01
6.228079999999999927e+02 -1.612600000000000122e+01 9.337999999999999190e+00 -9.600000000000000200e-02
4.555219999999999914e+02 3.019999999999999907e-01 8.372999999999999332e+00 -3.200000000000000067e-02
4.721209999999999809e+02 1.703300000000000125e+01 3.859999999999999876e+00 -6.300000000000000044e-02
7.112549999999999955e+02 3.873100000000000165e+01 2.714999999999999858e+00 -1.299999999999999940e-02
8.485009999999999764e+02 6.122999999999999687e+01 1.008300000000000018e+01 2.640000000000000124e-01
6.125819999999999936e+02 7.215500000000000114e+01 2.009600000000000009e+01 5.639999999999999458e-01
1.127129999999999939e+02 6.224900000000000233e+01 2.150199999999999889e+01 5.719999999999999529e-01
-3.048190000000000168e+02 3.089199999999999946e+01 1.067900000000000027e+01 2.550000000000000044e-01
-4.472479999999999905e+02 -6.051000000000000156e+00 -3.959000000000000075e+00 -6.099999999999999867e-02
-4.429239999999999782e+02 -2.330699999999999861e+01 -1.130499999999999972e+01 -6.400000000000000133e-02
-4.898690000000000282e+02 -1.985999999999999943e+01 -1.094400000000000084e+01 1.479999999999999927e-01
-5.346349999999999909e+02 -2.070899999999999963e+01 -1.239799999999999969e+01 2.010000000000000120e-01
-3.940799999999999841e+02 -2.783999999999999986e+01 -1.837600000000000122e+01 1.400000000000000029e-02
-1.438340000000000032e+02 -1.171899999999999942e+01 -1.957999999999999829e+01 -1.019999999999999934e-01
-8.872700000000000387e+01 2.804100000000000037e+01 -1.253700000000000081e+01 4.000000000000000083e-03
-3.078620000000000232e+02 4.406000000000000227e+01 -9.067000000000000171e+00 5.000000000000000278e-02
-5.134829999999999472e+02 1.154899999999999949e+01 -1.773499999999999943e+01 -1.900000000000000022e-01
-4.609850000000000136e+02 -2.915599999999999881e+01 -2.792299999999999827e+01 -4.689999999999999725e-01
-2.536059999999999945e+02 -3.412599999999999767e+01 -2.636700000000000088e+01 -4.510000000000000120e-01
-1.030690000000000026e+02 -1.780799999999999983e+01 -1.844900000000000162e+01 -2.349999999999999867e-01
-7.780999999999999694e+00 -1.741100000000000136e+01 -1.674399999999999977e+01 -1.270000000000000018e-01
1.414279999999999973e+02 -3.574699999999999989e+01 -2.054700000000000060e+01 -1.610000000000000042e-01
2.887339999999999804e+02 -5.488799999999999812e+01 -2.179500000000000171e+01 -1.799999999999999933e-01
2.448729999999999905e+02 -7.243999999999999773e+01 -1.952899999999999991e+01 -1.630000000000000060e-01
-4.415500000000000114e+01 -9.190699999999999648e+01 -1.700100000000000122e+01 -1.980000000000000093e-01
-3.754689999999999941e+02 -9.618099999999999739e+01 -1.223600000000000065e+01 -2.419999999999999929e-01
-5.012019999999999982e+02 -5.971900000000000119e+01 -4.139999999999999791e-01 -1.280000000000000027e-01
-4.009590000000000032e+02 1.140399999999999991e+01 1.574200000000000088e+01 1.680000000000000104e-01
-2.163940000000000055e+02 7.168200000000000216e+01 2.532199999999999918e+01 4.020000000000000240e-01
-3.564500000000000313e+01 8.056000000000000227e+01 2.265200000000000102e+01 3.449999999999999734e-01
8.678000000000000114e+01 4.513000000000000256e+01 1.445500000000000007e+01 8.500000000000000611e-02
8.303499999999999659e+01 1.044699999999999918e+01 8.871000000000000441e+00 -1.330000000000000071e-01
1.531799999999999962e+01 1.505799999999999983e+01 6.094000000000000306e+00 -2.260000000000000064e-01
7.571599999999999397e+01 5.967499999999999716e+01 4.200999999999999623e+00 -2.349999999999999867e-01
2.858849999999999909e+02 1.104230000000000018e+02 4.996000000000000441e+00 -1.350000000000000089e-01
3.709689999999999941e+02 1.309579999999999984e+02 9.034000000000000696e+00 7.299999999999999545e-02
1.260909999999999940e+02 1.188359999999999985e+02 1.099000000000000021e+01 2.540000000000000036e-01
-2.466270000000000095e+02 1.027729999999999961e+02 6.230000000000000426e+00 2.700000000000000178e-01
-3.813190000000000168e+02 9.671200000000000330e+01 -3.689999999999999947e-01 1.199999999999999956e-01
-1.699209999999999923e+02 8.307099999999999795e+01 1.562000000000000055e+00 -3.599999999999999728e-02
2.289089999999999918e+02 5.427100000000000080e+01 1.501900000000000013e+01 7.000000000000000146e-03
6.118759999999999764e+02 2.907600000000000051e+01 3.099699999999999989e+01 2.530000000000000027e-01
8.085130000000000337e+02 1.133399999999999963e+01 3.765800000000000125e+01 3.970000000000000195e-01
7.056409999999999627e+02 -1.891000000000000014e+01 3.202900000000000347e+01 2.079999999999999905e-01
3.954049999999999727e+02 -5.961599999999999966e+01 2.182499999999999929e+01 -7.199999999999999456e-02
1.770509999999999877e+02 -8.400799999999999557e+01 1.660500000000000043e+01 -5.099999999999999672e-02
1.883870000000000005e+02 -9.175000000000000000e+01 1.802799999999999869e+01 1.950000000000000067e-01
2.229219999999999970e+02 -1.113469999999999942e+02 1.946600000000000108e+01 2.750000000000000222e-01
1.108730000000000047e+02 -1.495780000000000030e+02 1.375099999999999945e+01 8.999999999999999667e-02
-2.549099999999999966e+01 -1.832649999999999864e+02 -2.929999999999999827e-01 -1.209999999999999964e-01
-5.782800000000000296e+01 -1.969970000000000141e+02 -1.630600000000000094e+01 -2.240000000000000047e-01
-6.499099999999999966e+01 -1.939250000000000114e+02 -2.449699999999999989e+01 -2.889999999999999791e-01
-1.318439999999999941e+02 -1.745970000000000084e+02 -2.081899999999999906e+01 -3.360000000000000209e-01
-1.885229999999999961e+02 -1.339399999999999977e+02 -1.079100000000000037e+01 -2.889999999999999791e-01
-1.530769999999999982e+02 -7.918999999999999773e+01 -1.943000000000000060e+00 -1.479999999999999927e-01
-7.629999999999999716e+01 -2.756299999999999883e+01 2.282000000000000028e+00 -4.599999999999999922e-02
-7.668999999999999773e+01 1.192200000000000060e+01 -5.500000000000000028e-02 -7.099999999999999367e-02
-2.116080000000000041e+02 3.372500000000000142e+01 -9.496999999999999886e+00 -1.749999999999999889e-01
-4.336030000000000086e+02 2.792099999999999937e+01 -2.126200000000000045e+01 -2.660000000000000142e-01
-6.202200000000000273e+02 2.422000000000000153e+00 -2.809700000000000131e+01 -2.959999999999999853e-01
-6.282960000000000491e+02 -9.217999999999999972e+00 -2.714600000000000080e+01 -2.429999999999999938e-01
-3.800049999999999955e+02 1.065700000000000003e+01 -2.078399999999999892e+01 -1.700000000000000122e-01
2.486899999999999977e+01 3.899399999999999977e+01 -1.216600000000000037e+01 -1.749999999999999889e-01
3.361309999999999718e+02 5.059599999999999653e+01 -2.524000000000000021e+00 -2.049999999999999878e-01
4.136360000000000241e+02 4.950500000000000256e+01 6.333999999999999631e+00 -1.039999999999999952e-01
3.708109999999999786e+02 4.399499999999999744e+01 9.881999999999999673e+00 7.699999999999999900e-02
3.237939999999999827e+02 3.000000000000000000e+01 5.746999999999999886e+00 1.529999999999999971e-01
1.933079999999999927e+02 1.522499999999999964e+01 -1.173999999999999932e+00 1.559999999999999998e-01
-8.870600000000000307e+01 1.978200000000000003e+01 -3.830999999999999961e+00 2.710000000000000187e-01
-3.923650000000000091e+02 4.618900000000000006e+01 -7.580000000000000071e-01 5.110000000000000098e-01
-4.888340000000000032e+02 8.734399999999999409e+01 7.269000000000000128e+00 7.660000000000000142e-01
-2.392800000000000011e+02 1.503429999999999893e+02 2.213100000000000023e+01 1.024000000000000021e+00
2.214859999999999900e+02 2.235420000000000016e+02 3.995000000000000284e+01 1.254999999999999893e+00
5.261799999999999500e+02 2.524929999999999950e+02 4.653000000000000114e+01 1.276000000000000023e+00
4.823940000000000055e+02 2.092189999999999941e+02 3.513000000000000256e+01 9.849999999999999867e-01
3.050849999999999795e+02 1.446150000000000091e+02 1.828900000000000148e+01 5.789999999999999591e-01
2.541009999999999991e+02 1.155589999999999975e+02 8.548000000000000043e+00 2.919999999999999818e-01
2.502700000000000102e+02 1.061820000000000022e+02 2.189000000000000057e+00 9.500000000000000111e-02
8.622100000000000364e+01 6.894400000000000261e+01 -7.301000000000000156e+00 -1.400000000000000133e-01
-1.916469999999999914e+02 1.947000000000000064e+00 -1.715800000000000125e+01 -3.920000000000000151e-01
-3.704839999999999804e+02 -5.763300000000000267e+01 -2.337199999999999989e+01 -5.709999999999999520e-01
-3.828820000000000050e+02 -9.050499999999999545e+01 -2.650700000000000145e+01 -6.490000000000000213e-01
-3.205489999999999782e+02 -1.069530000000000030e+02 -2.779299999999999926e+01 -6.550000000000000266e-01
-2.443700000000000045e+02 -1.145390000000000015e+02 -2.753999999999999915e+01 -6.169999999999999929e-01
-1.357889999999999873e+02 -1.084350000000000023e+02 -2.575700000000000145e+01 -5.530000000000000471e-01
1.012800000000000011e+01 -9.205500000000000682e+01 -2.128999999999999915e+01 -4.590000000000000191e-01
1.331310000000000002e+02 -8.089600000000000080e+01 -1.336599999999999966e+01 -3.439999999999999725e-01
1.576279999999999859e+02 -7.976699999999999591e+01 -4.631999999999999673e+00 -2.640000000000000124e-01
8.986400000000000432e+01 -7.165200000000000102e+01 8.219999999999999529e-01 -2.520000000000000018e-01
3.569899999999999807e+01 -3.890500000000000114e+01 2.769000000000000128e+00 -2.190000000000000002e-01
6.568600000000000705e+01 8.756999999999999673e+00 3.915000000000000036e+00 -8.899999999999999578e-02
1.077639999999999958e+02 3.643999999999999773e+01 2.915000000000000036e+00 -6.000000000000000125e-03
5.322500000000000142e+01 1.947500000000000142e+01 -4.924000000000000377e+00 -1.549999999999999989e-01
-8.738100000000000023e+01 -2.772899999999999920e+01 -1.767000000000000171e+01 -4.420000000000000040e-01
-2.083839999999999861e+02 -6.644700000000000273e+01 -2.582100000000000151e+01 -5.979999999999999760e-01
-2.437290000000000134e+02 -7.305400000000000205e+01 -2.370299999999999940e+01 -5.260000000000000231e-01
-2.271370000000000005e+02 -5.494100000000000250e+01 -1.461700000000000088e+01 -3.370000000000000218e-01
-2.320180000000000007e+02 -3.449600000000000222e+01 -4.751999999999999780e+00 -1.489999999999999936e-01
-2.663389999999999986e+02 -2.286799999999999855e+01 3.479000000000000092e+00 8.000000000000000167e-03
-2.415960000000000036e+02 -4.705000000000000071e+00 1.269100000000000072e+01 1.910000000000000031e-01
-7.475499999999999545e+01 3.722599999999999909e+01 2.372299999999999898e+01 4.309999999999999942e-01
1.785200000000000102e+02 7.904600000000000648e+01 2.850700000000000145e+01 5.789999999999999591e-01
3.424019999999999868e+02 7.725000000000000000e+01 1.887199999999999989e+01 4.560000000000000164e-01
3.124669999999999845e+02 3.491299999999999670e+01 1.139999999999999902e+00 1.360000000000000098e-01
1.660279999999999916e+02 -6.232999999999999652e+00 -1.035299999999999976e+01 -1.239999999999999991e-01
2.738500000000000156e+01 -2.992599999999999838e+01 -1.151699999999999946e+01 -1.880000000000000004e-01
-7.299500000000000455e+01 -4.768599999999999994e+01 -8.832000000000000739e+00 -1.330000000000000071e-01
-1.377479999999999905e+02 -5.776800000000000068e+01 -6.474999999999999645e+00 -8.699999999999999400e-02
-1.302500000000000000e+02 -5.017699999999999960e+01 -3.771999999999999797e+00 -6.700000000000000400e-02
-5.788100000000000023e+01 -3.580400000000000205e+01 -1.558999999999999941e+00 -2.800000000000000058e-02
-1.183200000000000074e+01 -3.415200000000000102e+01 -2.145999999999999908e+00 -2.000000000000000042e-03
-2.571199999999999974e+01 -4.147599999999999909e+01 -4.043000000000000149e+00 -5.999999999999999778e-02
-3.260099999999999909e+01 -4.142099999999999937e+01 -3.346999999999999975e+00 -2.030000000000000138e-01
-2.953999999999999915e+01 -3.863400000000000034e+01 -2.710000000000000187e-01 -3.719999999999999973e-01
-7.145999999999999375e+01 -4.635099999999999909e+01 1.143999999999999906e+00 -4.769999999999999796e-01
-1.023509999999999991e+02 -5.331600000000000250e+01 -9.270000000000000462e-01 -4.490000000000000102e-01
-3.727100000000000080e+01 -4.017900000000000205e+01 -4.363999999999999879e+00 -3.240000000000000102e-01
9.490000000000000568e+01 -5.841000000000000192e+00 -4.775000000000000355e+00 -1.519999999999999962e-01
2.330279999999999916e+02 4.659599999999999653e+01 1.766999999999999904e+00 1.340000000000000080e-01
2.905480000000000018e+02 1.077759999999999962e+02 1.214100000000000001e+01 5.100000000000000089e-01
1.280699999999999932e+02 1.386049999999999898e+02 1.672400000000000020e+01 7.149999999999999689e-01
-1.910819999999999936e+02 1.098979999999999961e+02 1.465900000000000070e+01 6.500000000000000222e-01
-2.939590000000000032e+02 6.153499999999999659e+01 1.851200000000000045e+01 6.270000000000000018e-01
5.148899999999999721e+01 5.265899999999999892e+01 3.286800000000000210e+01 8.209999999999999520e-01
5.594289999999999736e+02 6.907200000000000273e+01 4.222099999999999653e+01 9.160000000000000364e-01
7.390289999999999964e+02 5.428199999999999648e+01 3.235999999999999943e+01 6.199999999999999956e-01
4.594479999999999791e+02 4.759999999999999787e+00 9.797000000000000597e+00 1.010000000000000064e-01
4.269500000000000028e+01 -4.294200000000000017e+01 -1.076600000000000001e+01 -3.489999999999999769e-01
-1.697069999999999936e+02 -8.416599999999999682e+01 -2.523199999999999932e+01 -6.790000000000000480e-01
-1.817640000000000100e+02 -1.284389999999999930e+02 -3.616799999999999926e+01 -9.080000000000000293e-01
-1.604310000000000116e+02 -1.440440000000000111e+02 -4.003900000000000148e+01 -8.840000000000000080e-01
-1.095720000000000027e+02 -9.109399999999999409e+01 -2.927400000000000091e+01 -4.729999999999999760e-01
2.469999999999999973e-01 7.838000000000000078e+00 -4.597999999999999865e+00 1.539999999999999980e-01
3.662700000000000244e+01 8.670999999999999375e+01 2.230900000000000105e+01 6.690000000000000391e-01
-5.182900000000000063e+01 1.218469999999999942e+02 4.068599999999999994e+01 9.819999999999999840e-01
-7.532999999999999829e+01 1.446709999999999923e+02 4.862899999999999778e+01 1.209999999999999964e+00
1.010199999999999960e+02 1.650279999999999916e+02 4.648499999999999943e+01 1.276000000000000023e+00
3.472450000000000045e+02 1.485730000000000075e+02 3.359599999999999653e+01 9.449999999999999512e-01
4.397330000000000041e+02 8.512900000000000489e+01 1.510999999999999943e+01 2.999999999999999889e-01
2.969789999999999850e+02 1.802700000000000102e+01 5.350000000000000311e-01 -2.159999999999999976e-01
4.042999999999999972e+01 -1.042399999999999949e+01 -5.530999999999999694e+00 -3.350000000000000200e-01
-1.349070000000000107e+02 -2.694999999999999840e+00 -4.310999999999999943e+00 -2.220000000000000029e-01
-1.605060000000000002e+02 1.164300000000000068e+01 8.040000000000000480e-01 -1.449999999999999900e-01
-1.323609999999999900e+02 1.186200000000000010e+01 3.749000000000000110e+00 -1.570000000000000007e-01
-1.371279999999999859e+02 -2.636000000000000121e+00 -1.606999999999999984e+00 -1.859999999999999987e-01
-1.548199999999999932e+02 -2.407199999999999918e+01 -1.351600000000000001e+01 -2.429999999999999938e-01
-1.817319999999999993e+02 -4.745600000000000307e+01 -2.264600000000000080e+01 -3.860000000000000098e-01
-2.830960000000000036e+02 -6.627299999999999613e+01 -2.280499999999999972e+01 -5.490000000000000435e-01
-4.340419999999999732e+02 -6.737900000000000489e+01 -1.637800000000000011e+01 -5.729999999999999538e-01
-4.553229999999999791e+02 -4.581799999999999784e+01 -9.416000000000000369e+00 -4.319999999999999951e-01
-2.136169999999999902e+02 -2.078000000000000114e+01 -6.027000000000000135e+00 -3.079999999999999960e-01
1.713669999999999902e+02 -2.252499999999999858e+01 -7.221000000000000085e+00 -3.649999999999999911e-01
3.959320000000000164e+02 -6.190100000000000335e+01 -1.216000000000000014e+01 -5.659999999999999476e-01
2.789049999999999727e+02 -1.154909999999999997e+02 -1.868100000000000094e+01 -7.309999999999999831e-01
-3.904999999999999716e+01 -1.452259999999999991e+02 -2.394999999999999929e+01 -7.049999999999999600e-01
-2.507529999999999859e+02 -1.355279999999999916e+02 -2.692699999999999960e+01 -5.060000000000000053e-01
-2.050749999999999886e+02 -9.779699999999999704e+01 -2.767399999999999949e+01 -2.800000000000000266e-01
-6.564799999999999613e+01 -4.247099999999999653e+01 -2.360200000000000031e+01 -8.200000000000000344e-02
-1.374180000000000064e+02 1.957999999999999829e+01 -1.242200000000000060e+01 1.519999999999999962e-01
-4.669180000000000064e+02 5.840100000000000335e+01 1.677000000000000046e+00 3.810000000000000053e-01
-7.069059999999999491e+02 5.676400000000000290e+01 1.240799999999999947e+01 4.590000000000000191e-01
-5.245760000000000218e+02 4.772099999999999653e+01 2.116400000000000148e+01 4.279999999999999916e-01
-1.534900000000000020e+01 7.451999999999999602e+01 3.491799999999999926e+01 5.739999999999999547e-01
4.688260000000000218e+02 1.287829999999999870e+02 5.207000000000000028e+01 1.008999999999999897e+00
7.467949999999999591e+02 1.581330000000000098e+02 5.616799999999999926e+01 1.330999999999999961e+00
8.245549999999999500e+02 1.233239999999999981e+02 3.356799999999999784e+01 1.038999999999999924e+00
6.630199999999999818e+02 3.787800000000000011e+01 -3.718999999999999861e+00 2.439999999999999947e-01
2.775009999999999764e+02 -4.518200000000000216e+01 -2.757700000000000173e+01 -3.990000000000000213e-01
-6.321099999999999852e+01 -8.304600000000000648e+01 -2.681599999999999895e+01 -5.150000000000000133e-01
-9.966200000000000614e+01 -7.454000000000000625e+01 -1.521199999999999974e+01 -3.439999999999999725e-01
5.979599999999999937e+01 -4.903499999999999659e+01 -8.153000000000000469e+00 -2.330000000000000127e-01
1.188610000000000042e+02 -3.736800000000000210e+01 -6.825000000000000178e+00 -2.270000000000000073e-01
-2.245999999999999996e+00 -4.887899999999999778e+01 -5.580000000000000071e+00 -2.429999999999999938e-01
-1.588839999999999861e+02 -6.798499999999999943e+01 -3.133000000000000007e+00 -3.039999999999999925e-01
-2.573090000000000259e+02 -7.633499999999999375e+01 -3.040000000000000036e+00 -4.550000000000000155e-01
-3.322540000000000191e+02 -7.317600000000000193e+01 -7.467999999999999972e+00 -6.219999999999999973e-01
-3.975520000000000209e+02 -6.542799999999999727e+01 -1.321400000000000041e+01 -6.690000000000000391e-01
-4.076200000000000045e+02 -5.387299999999999756e+01 -1.488899999999999935e+01 -5.340000000000000302e-01
-3.546089999999999804e+02 -3.999000000000000199e+01 -1.193299999999999983e+01 -2.720000000000000195e-01
-2.567520000000000095e+02 -2.959900000000000020e+01 -9.554000000000000270e+00 -1.899999999999999953e-02
-1.267549999999999955e+02 -2.657000000000000028e+01 -1.188299999999999912e+01 5.099999999999999672e-02
-5.477400000000000091e+01 -3.116700000000000159e+01 -1.715899999999999892e+01 -1.209999999999999964e-01
-1.445300000000000011e+02 -3.777199999999999847e+01 -2.068499999999999872e+01 -3.679999999999999938e-01
-2.827400000000000091e+02 -3.883700000000000330e+01 -2.061899999999999977e+01 -4.819999999999999840e-01
-1.884250000000000114e+02 -3.783700000000000330e+01 -1.845100000000000051e+01 -4.640000000000000235e-01
2.197829999999999870e+02 -3.790400000000000347e+01 -1.396100000000000030e+01 -3.940000000000000169e-01
6.742599999999999909e+02 -2.053699999999999903e+01 -4.472000000000000419e+00 -2.290000000000000091e-01
8.409690000000000509e+02 3.002100000000000080e+01 1.016900000000000048e+01 1.110000000000000014e-01
6.651599999999999682e+02 9.364900000000000091e+01 2.717200000000000060e+01 5.999999999999999778e-01
4.296890000000000214e+02 1.385099999999999909e+02 4.261999999999999744e+01 1.088999999999999968e+00
4.399359999999999786e+02 1.545989999999999895e+02 4.936599999999999966e+01 1.354000000000000092e+00
5.995789999999999509e+02 1.420440000000000111e+02 4.200699999999999790e+01 1.252000000000000002e+00
4.999710000000000036e+02 1.032890000000000015e+02 2.756400000000000006e+01 9.010000000000000231e-01
5.903600000000000136e+01 6.251100000000000279e+01 1.930499999999999972e+01 5.819999999999999618e-01
-2.662919999999999732e+02 5.391899999999999693e+01 1.823600000000000065e+01 4.380000000000000004e-01
-1.261400000000000006e+02 7.824599999999999511e+01 1.364199999999999946e+01 3.830000000000000071e-01
2.176920000000000073e+02 9.976099999999999568e+01 2.092999999999999972e+00 2.839999999999999747e-01
2.987930000000000064e+02 9.401699999999999591e+01 -7.575999999999999623e+00 1.179999999999999938e-01
5.768099999999999739e+01 7.549299999999999500e+01 -8.426000000000000156e+00 -3.300000000000000155e-02
-2.171550000000000011e+02 6.534499999999999886e+01 -3.794999999999999929e+00 -8.000000000000000167e-02
-3.353969999999999914e+02 5.445400000000000063e+01 -1.532999999999999918e+00 -6.800000000000000488e-02
-3.446549999999999727e+02 2.519999999999999929e+01 -5.418000000000000149e+00 -1.429999999999999882e-01
-3.414979999999999905e+02 -1.069200000000000017e+01 -1.215499999999999936e+01 -3.400000000000000244e-01
-3.445269999999999868e+02 -2.931599999999999895e+01 -1.608299999999999841e+01 -5.040000000000000036e-01
-3.461619999999999777e+02 -3.206300000000000239e+01 -1.641100000000000136e+01 -4.929999999999999938e-01
-3.762799999999999727e+02 -3.846500000000000341e+01 -1.757499999999999929e+01 -3.679999999999999938e-01
-4.652730000000000246e+02 -5.562800000000000011e+01 -2.256400000000000006e+01 -3.260000000000000120e-01
-5.665689999999999600e+02 -7.460500000000000398e+01 -2.830999999999999872e+01 -4.380000000000000004e-01
-5.652010000000000218e+02 -8.787900000000000489e+01 -2.881899999999999906e+01 -5.749999999999999556e-01
-3.760600000000000023e+02 -9.156100000000000705e+01 -2.159900000000000020e+01 -5.899999999999999689e-01
-1.771000000000000085e+01 -7.608899999999999864e+01 -8.792999999999999261e+00 -4.530000000000000138e-01
3.734700000000000273e+02 -4.170700000000000074e+01 5.397999999999999687e+00 -2.320000000000000118e-01
5.742469999999999573e+02 -1.973699999999999832e+01 1.440900000000000070e+01 -6.700000000000000400e-02
4.178670000000000186e+02 -3.886299999999999955e+01 1.274300000000000033e+01 -5.800000000000000294e-02
1.780799999999999983e+01 -7.122799999999999443e+01 5.594000000000000306e+00 -8.100000000000000255e-02
-2.552779999999999916e+02 -6.240299999999999869e+01 6.174000000000000377e+00 9.400000000000000022e-02
-2.038580000000000041e+02 -1.578599999999999959e+01 1.723600000000000065e+01 4.709999999999999742e-01
-7.392799999999999727e+01 9.823000000000000398e+00 2.535500000000000043e+01 7.590000000000000080e-01
-1.299679999999999893e+02 -7.230999999999999872e+00 2.011499999999999844e+01 7.209999999999999742e-01
-1.849250000000000114e+02 -1.943199999999999861e+01 8.423999999999999488e+00 4.470000000000000084e-01
3.966599999999999682e+01 1.153100000000000058e+01 1.717000000000000082e+00 1.859999999999999987e-01
3.455740000000000123e+02 5.610999999999999943e+01 -5.430000000000000382e-01 4.299999999999999656e-02
3.267500000000000000e+02 6.598600000000000421e+01 -6.163000000000000256e+00 -6.199999999999999956e-02
-1.683500000000000085e+01 4.222399999999999665e+01 -1.743900000000000006e+01 -2.230000000000000038e-01
-3.279200000000000159e+02 2.360999999999999943e+01 -2.810800000000000054e+01 -4.069999999999999729e-01
-3.801429999999999723e+02 3.285499999999999687e+01 -2.958200000000000074e+01 -4.829999999999999849e-01
-2.380500000000000114e+02 5.617099999999999937e+01 -2.051899999999999835e+01 -4.159999999999999809e-01
-3.234199999999999875e+01 6.377900000000000347e+01 -8.558999999999999275e+00 -3.340000000000000191e-01
1.980660000000000025e+02 4.295000000000000284e+01 6.199999999999999956e-02 -2.839999999999999747e-01
4.090749999999999886e+02 1.197199999999999953e+01 7.174000000000000377e+00 -1.290000000000000036e-01
4.549940000000000282e+02 -5.368000000000000327e+00 1.601300000000000168e+01 1.779999999999999916e-01
2.478559999999999945e+02 -1.406700000000000017e+01 2.391499999999999915e+01 4.450000000000000067e-01
-4.403900000000000148e+01 -3.670600000000000307e+01 2.602799999999999869e+01 4.879999999999999893e-01
-1.847419999999999902e+02 -7.145900000000000318e+01 2.322599999999999909e+01 3.750000000000000000e-01
-2.168019999999999925e+02 -8.950100000000000477e+01 2.044099999999999895e+01 2.770000000000000240e-01
-3.165319999999999823e+02 -7.927599999999999625e+01 1.700900000000000034e+01 1.769999999999999907e-01
-4.143949999999999818e+02 -6.515900000000000603e+01 6.482999999999999652e+00 -7.299999999999999545e-02
-3.095350000000000250e+02 -6.535500000000000398e+01 -9.855999999999999872e+00 -3.780000000000000027e-01
2.161999999999999922e+00 -5.757800000000000296e+01 -1.838899999999999935e+01 -4.099999999999999756e-01
3.701000000000000227e+02 -1.954200000000000159e+01 -1.067099999999999937e+01 -1.300000000000000044e-01
6.469819999999999709e+02 2.134900000000000020e+01 3.338000000000000078e+00 6.600000000000000311e-02
6.898930000000000291e+02 2.719399999999999906e+01 9.529999999999999361e+00 -5.099999999999999672e-02
4.495260000000000105e+02 1.391600000000000037e+01 7.988000000000000433e+00 -2.059999999999999887e-01
1.030580000000000069e+02 1.882300000000000040e+01 7.309999999999999609e+00 -1.049999999999999961e-01
-1.236509999999999962e+02 3.056200000000000117e+01 8.967999999999999972e+00 8.300000000000000433e-02
-2.382470000000000141e+02 1.439300000000000068e+01 7.455000000000000071e+00 4.000000000000000083e-02
-3.667029999999999745e+02 -1.664900000000000091e+01 1.524000000000000021e+00 -1.809999999999999942e-01
-4.348450000000000273e+02 -1.379299999999999926e+01 -2.415999999999999925e+00 -2.049999999999999878e-01
-2.318309999999999889e+02 4.150699999999999790e+01 2.467000000000000082e+00 1.729999999999999871e-01
2.321430000000000007e+02 1.207510000000000048e+02 1.424900000000000055e+01 7.169999999999999707e-01
6.772069999999999936e+02 1.753569999999999993e+02 2.104200000000000159e+01 9.489999999999999547e-01
8.585049999999999955e+02 1.631380000000000052e+02 1.353100000000000058e+01 6.330000000000000071e-01
7.298799999999999955e+02 8.298799999999999955e+01 -2.295999999999999819e+00 7.799999999999999989e-02
3.892060000000000173e+02 -1.085200000000000031e+01 -1.266900000000000048e+01 -2.369999999999999885e-01
3.519599999999999795e+01 -6.194800000000000040e+01 -1.315900000000000070e+01 -2.710000000000000187e-01
-1.273010000000000019e+02 -6.433100000000000307e+01 -8.128000000000000114e+00 -2.530000000000000027e-01
-3.417300000000000182e+01 -4.169800000000000040e+01 4.040000000000000258e-01 -1.789999999999999925e-01
2.055920000000000130e+02 -1.389499999999999957e+01 9.214999999999999858e+00 3.899999999999999994e-02
3.618039999999999736e+02 -1.509999999999999953e-01 7.597000000000000419e+00 1.869999999999999996e-01
2.337520000000000095e+02 -1.293800000000000061e+01 -8.532999999999999474e+00 7.199999999999999456e-02
-1.104470000000000027e+02 -3.645799999999999841e+01 -2.437199999999999989e+01 -5.600000000000000117e-02
-3.545779999999999745e+02 -4.034400000000000119e+01 -2.431400000000000006e+01 1.010000000000000064e-01
-2.960409999999999968e+02 -1.848300000000000054e+01 -1.384099999999999930e+01 3.430000000000000271e-01
-6.665099999999999625e+01 4.320000000000000284e+00 -8.534000000000000696e+00 2.859999999999999765e-01
6.520099999999999341e+01 5.269000000000000128e+00 -1.076600000000000001e+01 -1.899999999999999953e-02
9.083000000000000185e+00 -9.566000000000000725e+00 -1.155899999999999928e+01 -2.000000000000000111e-01
-1.079669999999999987e+02 -1.878900000000000148e+01 -7.381999999999999673e+00 -1.360000000000000098e-01
-1.590790000000000077e+02 -1.921600000000000108e+01 -2.862999999999999989e+00 -7.799999999999999989e-02
-1.655660000000000025e+02 -2.897599999999999909e+01 -1.461999999999999966e+00 -2.139999999999999958e-01
-2.198580000000000041e+02 -5.647399999999999665e+01 -1.872000000000000108e+00 -4.040000000000000258e-01
-3.326200000000000045e+02 -8.498499999999999943e+01 -2.543000000000000149e+00 -4.299999999999999933e-01
-4.073530000000000086e+02 -9.245399999999999352e+01 -3.955000000000000071e+00 -2.979999999999999871e-01
-3.740000000000000000e+02 -7.340399999999999636e+01 -3.734999999999999876e+00 -1.409999999999999865e-01
-2.789189999999999827e+02 -4.166400000000000148e+01 4.139999999999999680e+00 -0.000000000000000000e+00
-1.935519999999999925e+02 -1.920200000000000173e+01 1.782499999999999929e+01 1.189999999999999947e-01
-1.353839999999999861e+02 -1.609400000000000119e+01 2.389999999999999858e+01 1.179999999999999938e-01
-1.249650000000000034e+02 -2.014499999999999957e+01 1.508799999999999919e+01 -4.499999999999999833e-02
-1.687700000000000102e+02 -1.397499999999999964e+01 1.270999999999999908e+00 -2.049999999999999878e-01
-1.650449999999999875e+02 3.335999999999999854e+00 -5.054999999999999716e+00 -1.960000000000000075e-01
-2.758200000000000074e+01 1.842299999999999827e+01 -2.767999999999999794e+00 -6.600000000000000311e-02
1.244560000000000031e+02 2.088700000000000045e+01 3.146999999999999797e+00 4.399999999999999745e-02
1.251099999999999994e+02 1.283200000000000074e+01 8.365000000000000213e+00 7.000000000000000666e-02
1.877299999999999969e+01 3.184000000000000163e+00 7.062999999999999723e+00 -6.000000000000000125e-03
-4.164300000000000068e+01 -6.099999999999999867e-01 -4.115000000000000213e+00 -1.829999999999999960e-01
-1.648100000000000165e+01 6.560999999999999943e+00 -1.739399999999999835e+01 -3.539999999999999813e-01
2.985399999999999920e+01 2.361599999999999966e+01 -2.175199999999999889e+01 -3.810000000000000053e-01
1.162100000000000044e+01 3.619299999999999784e+01 -1.816300000000000026e+01 -2.700000000000000178e-01
-1.356709999999999923e+02 2.836299999999999955e+01 -1.520100000000000051e+01 -1.340000000000000080e-01
-3.329680000000000177e+02 6.655999999999999694e+00 -1.476600000000000001e+01 -3.300000000000000155e-02
-3.273260000000000218e+02 -2.600000000000000089e+00 -1.252299999999999969e+01 3.400000000000000244e-02
1.982499999999999929e+01 1.630600000000000094e+01 -6.684999999999999609e+00 9.600000000000000200e-02
4.675070000000000050e+02 4.920700000000000074e+01 2.800000000000000058e-02 2.119999999999999940e-01
6.022920000000000300e+02 6.419700000000000273e+01 2.861000000000000210e+00 3.940000000000000169e-01
3.124470000000000027e+02 4.855700000000000216e+01 -2.419999999999999929e-01 5.410000000000000364e-01
-8.661899999999999977e+01 2.998300000000000054e+01 -3.024999999999999911e+00 5.849999999999999645e-01
-2.593000000000000114e+02 3.990599999999999881e+01 3.072000000000000064e+00 5.520000000000000462e-01
-1.970879999999999939e+02 7.075499999999999545e+01 1.549200000000000088e+01 4.699999999999999734e-01
-4.663300000000000267e+01 9.624099999999999966e+01 2.359400000000000119e+01 3.509999999999999787e-01
1.331200000000000045e+02 1.034260000000000019e+02 2.359900000000000020e+01 2.179999999999999993e-01
2.816159999999999854e+02 8.409099999999999397e+01 1.923999999999999844e+01 8.400000000000000522e-02
2.716979999999999791e+02 3.340200000000000102e+01 1.189600000000000080e+01 -5.199999999999999761e-02
7.314400000000000546e+01 -3.084900000000000020e+01 1.175999999999999934e+00 -2.010000000000000120e-01
-1.962019999999999982e+02 -8.024800000000000466e+01 -8.816000000000000725e+00 -3.750000000000000000e-01
-4.078809999999999718e+02 -1.040469999999999970e+02 -1.240799999999999947e+01 -4.819999999999999840e-01
-4.694940000000000282e+02 -1.041680000000000064e+02 -9.295999999999999375e+00 -3.679999999999999938e-01
-3.044769999999999754e+02 -8.212999999999999545e+01 -4.477000000000000313e+00 -6.900000000000000577e-02
4.514900000000000091e+01 -4.656099999999999994e+01 -2.757000000000000117e+00 1.570000000000000007e-01
3.420600000000000023e+02 -1.713700000000000045e+01 -4.921999999999999709e+00 1.749999999999999889e-01
3.394030000000000200e+02 -1.479700000000000060e+01 -8.867000000000000881e+00 8.400000000000000522e-02
4.586500000000000199e+01 -4.377799999999999869e+01 -1.337899999999999956e+01 -6.400000000000000133e-02
-2.855679999999999836e+02 -7.597899999999999920e+01 -1.859600000000000009e+01 -3.529999999999999805e-01
-3.958159999999999741e+02 -7.283499999999999375e+01 -2.143199999999999861e+01 -6.879999999999999449e-01
-2.273739999999999952e+02 -3.118299999999999983e+01 -1.461500000000000021e+01 -7.449999999999999956e-01
4.048199999999999932e+01 2.244399999999999906e+01 4.847000000000000419e+00 -3.739999999999999991e-01
2.335550000000000068e+02 7.756100000000000705e+01 2.798900000000000077e+01 1.749999999999999889e-01
4.208709999999999809e+02 1.310389999999999873e+02 3.979699999999999704e+01 5.370000000000000329e-01
6.802400000000000091e+02 1.462609999999999957e+02 3.449399999999999977e+01 5.510000000000000453e-01
7.826290000000000191e+02 9.056600000000000250e+01 2.179200000000000159e+01 3.330000000000000182e-01
5.070810000000000173e+02 5.979000000000000092e+00 1.472600000000000087e+01 1.229999999999999982e-01
1.113310000000000031e+02 -3.153999999999999915e+01 1.445400000000000063e+01 5.199999999999999761e-02
3.988700000000000045e+01 -1.115499999999999936e+01 1.410699999999999932e+01 6.900000000000000577e-02
2.911279999999999859e+02 2.338299999999999912e+01 1.422700000000000031e+01 1.509999999999999953e-01
4.610539999999999736e+02 5.087500000000000000e+01 2.053300000000000125e+01 3.599999999999999867e-01
2.962160000000000082e+02 7.320199999999999818e+01 2.814600000000000080e+01 5.819999999999999618e-01
-6.246500000000000341e+01 7.800000000000000000e+01 2.517699999999999960e+01 5.490000000000000435e-01
-3.078539999999999850e+02 5.502000000000000313e+01 1.078800000000000026e+01 2.429999999999999938e-01
-3.043260000000000218e+02 2.056700000000000017e+01 -4.506999999999999673e+00 -5.000000000000000278e-02
-1.862930000000000064e+02 -4.751000000000000334e+00 -1.327299999999999969e+01 -1.700000000000000122e-01
-1.409060000000000059e+02 -2.074500000000000099e+01 -1.606500000000000128e+01 -2.179999999999999993e-01
-1.849869999999999948e+02 -3.632900000000000063e+01 -1.627899999999999991e+01 -2.859999999999999765e-01
-2.189310000000000116e+02 -5.137899999999999778e+01 -1.690099999999999980e+01 -3.380000000000000226e-01
-1.981850000000000023e+02 -5.990599999999999881e+01 -1.966900000000000048e+01 -3.529999999999999805e-01
-1.641889999999999930e+02 -6.234700000000000131e+01 -2.360200000000000031e+01 -3.599999999999999867e-01
-1.614830000000000041e+02 -6.735800000000000409e+01 -2.611400000000000077e+01 -3.609999999999999876e-01
-1.827220000000000084e+02 -8.044400000000000261e+01 -2.687999999999999901e+01 -3.549999999999999822e-01
-1.925629999999999882e+02 -9.362900000000000489e+01 -2.743199999999999861e+01 -3.659999999999999920e-01
-1.890550000000000068e+02 -9.313100000000000023e+01 -2.679100000000000037e+01 -3.780000000000000027e-01
-2.219749999999999943e+02 -7.694700000000000273e+01 -2.177700000000000102e+01 -3.629999999999999893e-01
-3.484580000000000268e+02 -5.686399999999999721e+01 -1.188299999999999912e+01 -3.579999999999999849e-01
-5.769049999999999727e+02 -4.392699999999999960e+01 -3.930000000000000160e-01 -3.569999999999999840e-01
-8.322640000000000100e+02 -3.937100000000000222e+01 8.929999999999999716e+00 -2.489999999999999991e-01
-9.635030000000000427e+02 -3.996900000000000119e+01 1.340900000000000070e+01 -4.800000000000000100e-02
-8.240069999999999482e+02 -4.286299999999999955e+01 1.157799999999999940e+01 1.899999999999999953e-02
-3.992989999999999782e+02 -3.753900000000000148e+01 6.487000000000000099e+00 -7.799999999999999989e-02
1.360430000000000064e+02 -8.648999999999999133e+00 5.251000000000000334e+00 1.299999999999999940e-02
5.107640000000000100e+02 3.068199999999999861e+01 7.256999999999999673e+00 4.079999999999999738e-01
5.407540000000000191e+02 3.678099999999999881e+01 1.366999999999999993e+00 6.340000000000000080e-01
3.220720000000000027e+02 6.961000000000000298e+00 -1.327299999999999969e+01 3.880000000000000115e-01
2.306759999999999877e+02 1.526000000000000023e+00 -2.021499999999999986e+01 9.600000000000000200e-02
5.223079999999999927e+02 4.549699999999999989e+01 -1.181700000000000017e+01 1.660000000000000087e-01
9.765529999999999973e+02 8.870499999999999829e+01 1.332999999999999963e+00 3.970000000000000195e-01
1.178413999999999987e+03 1.032590000000000003e+02 1.357300000000000040e+01 5.929999999999999716e-01
1.020455000000000041e+03 1.206509999999999962e+02 2.824899999999999878e+01 8.950000000000000178e-01
7.035660000000000309e+02 1.496440000000000055e+02 3.814900000000000091e+01 1.161999999999999922e+00
4.009429999999999836e+02 1.530809999999999889e+02 3.085099999999999909e+01 9.619999999999999662e-01
1.363449999999999989e+02 1.146509999999999962e+02 1.253899999999999970e+01 3.649999999999999911e-01
-7.640000000000000568e+01 6.100300000000000011e+01 2.467000000000000082e+00 -3.599999999999999728e-02
-1.713420000000000130e+02 2.029599999999999937e+01 5.506999999999999673e+00 1.000000000000000021e-02
-1.468689999999999998e+02 -3.658999999999999808e+00 9.060999999999999943e+00 1.660000000000000087e-01
-1.122800000000000011e+02 -2.086299999999999955e+01 5.094000000000000306e+00 1.089999999999999997e-01
-1.640709999999999980e+02 -3.957399999999999807e+01 -1.917000000000000037e+00 -1.089999999999999997e-01
-2.926480000000000246e+02 -6.392900000000000205e+01 -8.461000000000000298e+00 -3.420000000000000262e-01
-4.199540000000000077e+02 -9.221399999999999864e+01 -1.696699999999999875e+01 -5.580000000000000515e-01
-4.664130000000000109e+02 -1.113029999999999973e+02 -2.573199999999999932e+01 -7.109999999999999654e-01
-3.882850000000000250e+02 -1.070759999999999934e+02 -2.751300000000000168e+01 -7.099999999999999645e-01
-1.971970000000000027e+02 -8.242700000000000671e+01 -2.012099999999999866e+01 -5.779999999999999583e-01
4.008500000000000085e+01 -5.241100000000000136e+01 -9.121999999999999886e+00 -4.380000000000000004e-01
2.305989999999999895e+02 -2.500100000000000122e+01 -2.039999999999999869e-01 -3.509999999999999787e-01
3.049950000000000045e+02 1.364999999999999991e+00 3.983999999999999986e+00 -2.849999999999999756e-01
2.427369999999999948e+02 2.351599999999999824e+01 1.649999999999999911e+00 -2.349999999999999867e-01
4.630799999999999983e+01 3.168299999999999983e+01 -5.847999999999999865e+00 -2.179999999999999993e-01
-2.550320000000000107e+02 2.482999999999999829e+01 -1.210899999999999999e+01 -2.260000000000000064e-01
-5.333300000000000409e+02 1.162599999999999945e+01 -1.313400000000000034e+01 -2.740000000000000213e-01
-5.888849999999999909e+02 -2.446000000000000174e+00 -1.182499999999999929e+01 -3.820000000000000062e-01
-3.381589999999999918e+02 -8.579000000000000625e+00 -8.829000000000000625e+00 -4.169999999999999818e-01
8.614100000000000534e+01 1.221599999999999930e+01 1.370999999999999996e+00 -1.980000000000000093e-01
4.350679999999999836e+02 5.817499999999999716e+01 1.619600000000000151e+01 1.630000000000000060e-01
4.783380000000000223e+02 8.217499999999999716e+01 1.968199999999999861e+01 2.929999999999999827e-01
1.537040000000000077e+02 4.095199999999999818e+01 5.001000000000000334e+00 6.199999999999999956e-02
-2.876580000000000155e+02 -3.440999999999999659e+01 -1.076900000000000013e+01 -2.310000000000000109e-01
-4.388559999999999945e+02 -6.843999999999999773e+01 -1.005199999999999960e+01 -2.849999999999999756e-01
-1.588789999999999907e+02 -4.265100000000000335e+01 7.670000000000000151e-01 -1.509999999999999953e-01
2.935729999999999791e+02 -7.198999999999999844e+00 6.709999999999999964e+00 -8.999999999999999320e-03
5.618079999999999927e+02 4.169999999999999929e+00 8.862000000000000099e+00 1.650000000000000078e-01
5.005740000000000123e+02 4.408999999999999808e+00 1.554899999999999949e+01 4.719999999999999751e-01
2.067170000000000130e+02 5.785999999999999588e+00 2.336799999999999855e+01 8.329999999999999627e-01
-1.154180000000000064e+02 4.477000000000000313e+00 2.559799999999999898e+01 1.092999999999999972e+00
-2.623729999999999905e+02 6.689000000000000057e+00 2.642999999999999972e+01 1.191999999999999948e+00
-1.531090000000000089e+02 2.056400000000000006e+01 2.956299999999999883e+01 1.092000000000000082e+00
5.665699999999999648e+01 3.140700000000000003e+01 2.621999999999999886e+01 7.489999999999999991e-01
1.300370000000000061e+02 2.408699999999999974e+01 1.097199999999999953e+01 2.939999999999999836e-01
4.521600000000000108e+01 1.350500000000000078e+01 -4.272000000000000242e+00 -1.299999999999999940e-02
-3.594299999999999784e+01 2.221999999999999886e+01 -6.344000000000000306e+00 -8.400000000000000522e-02
-4.228199999999999648e+01 4.686399999999999721e+01 1.062999999999999945e+00 -7.099999999999999367e-02
-5.273899999999999721e+01 6.292699999999999960e+01 4.980999999999999872e+00 -1.330000000000000071e-01
-1.272840000000000060e+02 4.596300000000000097e+01 -4.349999999999999978e-01 -3.029999999999999916e-01
-2.162309999999999945e+02 -8.164999999999999147e+00 -1.046000000000000085e+01 -5.420000000000000373e-01
-2.365809999999999889e+02 -6.853100000000000591e+01 -1.620599999999999952e+01 -7.500000000000000000e-01
-1.795970000000000084e+02 -9.221999999999999886e+01 -1.256499999999999950e+01 -7.950000000000000400e-01
-1.181989999999999981e+02 -7.373300000000000409e+01 -3.966000000000000192e+00 -6.730000000000000426e-01
-1.079090000000000060e+02 -4.775200000000000244e+01 -6.820000000000000506e-01 -5.350000000000000311e-01
-1.228810000000000002e+02 -3.886999999999999744e+01 -7.011000000000000121e+00 -4.779999999999999805e-01
-1.157120000000000033e+02 -3.738400000000000034e+01 -1.614199999999999946e+01 -4.400000000000000022e-01
-8.224099999999999966e+01 -2.864000000000000057e+01 -1.864099999999999824e+01 -3.639999999999999902e-01
-4.479200000000000159e+01 -1.818599999999999994e+01 -1.396799999999999997e+01 -3.240000000000000102e-01
-3.094900000000000162e+01 -1.771999999999999886e+01 -9.925000000000000711e+00 -4.069999999999999729e-01
-6.366899999999999693e+01 -2.573999999999999844e+01 -1.126900000000000013e+01 -5.400000000000000355e-01
-1.242740000000000009e+02 -3.448199999999999932e+01 -1.477899999999999991e+01 -5.300000000000000266e-01
-1.576299999999999955e+02 -4.323400000000000176e+01 -1.603200000000000003e+01 -2.999999999999999889e-01
-1.370970000000000084e+02 -5.377600000000000335e+01 -1.501900000000000013e+01 2.000000000000000042e-03
-7.909499999999999886e+01 -6.127799999999999869e+01 -1.336200000000000010e+01 1.739999999999999880e-01
-2.951999999999999957e+00 -5.909400000000000119e+01 -1.027599999999999980e+01 2.049999999999999878e-01
7.811599999999999966e+01 -4.726299999999999812e+01 -4.751999999999999780e+00 2.290000000000000091e-01
1.541200000000000045e+02 -2.843700000000000117e+01 7.479999999999999982e-01 3.200000000000000067e-01
2.229310000000000116e+02 -2.983000000000000096e+00 3.189000000000000057e+00 4.269999999999999907e-01
2.591530000000000200e+02 2.366000000000000014e+01 3.886000000000000121e+00 4.889999999999999902e-01
2.087839999999999918e+02 4.159300000000000352e+01 6.621999999999999886e+00 5.100000000000000089e-01
7.546200000000000330e+01 4.907399999999999807e+01 1.167399999999999949e+01 5.170000000000000151e-01
-3.972200000000000131e+01 4.882900000000000063e+01 1.357099999999999973e+01 4.719999999999999751e-01
-6.551900000000000546e+01 3.666599999999999682e+01 6.233999999999999986e+00 3.009999999999999898e-01
-6.634600000000000364e+01 1.196299999999999919e+01 -7.828000000000000291e+00 2.999999999999999889e-02
-1.267259999999999991e+02 -9.666999999999999815e+00 -1.723300000000000054e+01 -1.809999999999999942e-01
-2.158120000000000118e+02 -1.280400000000000027e+01 -1.509600000000000009e+01 -2.129999999999999949e-01
-2.542319999999999993e+02 -3.576999999999999957e+00 -7.472000000000000419e+00 -1.229999999999999982e-01
-2.052729999999999961e+02 2.402000000000000135e+00 -3.345000000000000195e+00 -4.399999999999999745e-02
-6.263000000000000256e+01 4.334999999999999964e+00 -2.334000000000000075e+00 1.099999999999999936e-02
1.253490000000000038e+02 1.062599999999999945e+01 1.395000000000000018e+00 1.039999999999999952e-01
2.525159999999999911e+02 1.995400000000000063e+01 8.522000000000000242e+00 2.020000000000000129e-01
2.785649999999999977e+02 2.558699999999999974e+01 1.465000000000000036e+01 2.300000000000000100e-01
2.409540000000000077e+02 2.868799999999999883e+01 1.729200000000000159e+01 2.389999999999999902e-01
1.342090000000000032e+02 3.564800000000000324e+01 1.818799999999999883e+01 3.420000000000000262e-01
-1.624699999999999989e+01 4.804399999999999693e+01 1.962399999999999878e+01 5.070000000000000062e-01
-4.443800000000000239e+01 5.964900000000000091e+01 2.000300000000000011e+01 5.669999999999999485e-01
1.472889999999999873e+02 6.395100000000000051e+01 1.612800000000000011e+01 4.540000000000000147e-01
3.753639999999999759e+02 6.081799999999999784e+01 9.448000000000000398e+00 3.059999999999999942e-01
3.890590000000000259e+02 4.796999999999999886e+01 3.581999999999999851e+00 2.330000000000000127e-01
2.220300000000000011e+02 1.738899999999999935e+01 -2.386000000000000121e+00 1.310000000000000053e-01
1.181089999999999947e+02 -2.344900000000000162e+01 -1.026500000000000057e+01 -1.019999999999999934e-01
1.530730000000000075e+02 -4.186299999999999955e+01 -1.569899999999999984e+01 -3.330000000000000182e-01
1.859720000000000084e+02 -1.104599999999999937e+01 -1.235100000000000087e+01 -3.489999999999999769e-01
1.611040000000000134e+02 5.824699999999999989e+01 -5.370000000000000329e-01 -1.310000000000000053e-01
1.755939999999999941e+02 1.269210000000000065e+02 1.380000000000000071e+01 1.990000000000000102e-01
2.327740000000000009e+02 1.599939999999999998e+02 2.595899999999999963e+01 5.610000000000000542e-01
1.905509999999999877e+02 1.491020000000000039e+02 3.393800000000000239e+01 8.609999999999999876e-01
2.695499999999999829e+01 1.147600000000000051e+02 3.524799999999999756e+01 9.090000000000000302e-01
-8.969100000000000250e+01 8.478600000000000136e+01 2.734700000000000131e+01 6.159999999999999920e-01
-9.406999999999999318e+01 6.414100000000000534e+01 1.235299999999999976e+01 1.960000000000000075e-01
-1.119309999999999974e+02 3.964999999999999858e+01 -1.582999999999999963e+00 -5.399999999999999939e-02
-1.930999999999999943e+02 1.157000000000000028e+01 -6.472000000000000419e+00 -7.499999999999999722e-02
-2.484180000000000064e+02 -1.137599999999999945e+01 -3.528999999999999915e+00 -3.899999999999999994e-02
-2.343600000000000136e+02 -3.568500000000000227e+01 -2.584999999999999964e+00 -9.099999999999999756e-02
-1.580370000000000061e+02 -6.386099999999999710e+01 -7.855000000000000426e+00 -1.900000000000000022e-01
-6.376000000000000334e+00 -7.717700000000000671e+01 -1.175300000000000011e+01 -2.190000000000000002e-01
1.530469999999999970e+02 -6.833899999999999864e+01 -9.660000000000000142e+00 -2.129999999999999949e-01
1.624130000000000109e+02 -5.808899999999999864e+01 -8.672000000000000597e+00 -3.119999999999999996e-01
-3.230000000000000093e-01 -6.079500000000000171e+01 -1.419699999999999918e+01 -5.050000000000000044e-01
-1.529900000000000091e+02 -6.516599999999999682e+01 -2.027700000000000102e+01 -6.440000000000000169e-01
-1.561740000000000066e+02 -5.848499999999999943e+01 -1.903600000000000136e+01 -7.019999999999999574e-01
-6.658199999999999363e+01 -4.514399999999999835e+01 -1.122000000000000064e+01 -7.620000000000000107e-01
1.137999999999999901e+00 -3.607099999999999795e+01 -4.089999999999999858e+00 -8.139999999999999458e-01
1.086400000000000077e+01 -3.529899999999999949e+01 -2.650999999999999801e+00 -7.700000000000000178e-01
-1.988700000000000045e+01 -3.864399999999999835e+01 -5.389999999999999680e+00 -6.320000000000000062e-01
-6.057600000000000051e+01 -4.015200000000000102e+01 -8.699999999999999289e+00 -5.140000000000000124e-01
-7.577599999999999625e+01 -4.037599999999999767e+01 -1.183099999999999952e+01 -4.949999999999999956e-01
-6.931699999999999307e+01 -4.293500000000000227e+01 -1.440199999999999925e+01 -5.280000000000000249e-01
-1.029579999999999984e+02 -4.343800000000000239e+01 -1.372100000000000009e+01 -4.939999999999999947e-01
-2.038079999999999927e+02 -3.705100000000000193e+01 -9.037000000000000810e+00 -3.790000000000000036e-01
-2.900590000000000259e+02 -3.280799999999999983e+01 -3.834999999999999964e+00 -3.009999999999999898e-01
-2.729479999999999791e+02 -3.895600000000000307e+01 1.299999999999999940e-02 -2.819999999999999729e-01
-1.860039999999999907e+02 -4.315299999999999869e+01 4.660000000000000142e+00 -1.789999999999999925e-01
-1.167930000000000064e+02 -3.055600000000000094e+01 9.313000000000000611e+00 3.699999999999999817e-02
-6.608700000000000330e+01 -9.195000000000000284e+00 8.371000000000000441e+00 1.769999999999999907e-01
-2.678999999999999826e+00 3.369000000000000217e+00 7.089999999999999636e-01 1.549999999999999989e-01
3.371999999999999886e+00 5.919999999999999929e+00 -6.230999999999999872e+00 1.089999999999999997e-01
-1.114230000000000018e+02 8.896000000000000796e+00 -5.479000000000000092e+00 1.330000000000000071e-01
-2.289970000000000141e+02 1.274699999999999989e+01 1.955000000000000071e+00 1.489999999999999936e-01
-1.819039999999999964e+02 7.528999999999999915e+00 1.043800000000000061e+01 1.260000000000000009e-01
2.203099999999999881e+01 -8.294999999999999929e+00 1.515000000000000036e+01 1.300000000000000044e-01
2.362990000000000066e+02 -2.564699999999999847e+01 1.352999999999999936e+01 1.640000000000000069e-01
3.170000000000000000e+02 -4.031000000000000227e+01 6.325999999999999623e+00 1.539999999999999980e-01
1.810980000000000132e+02 -5.301299999999999812e+01 -2.313000000000000167e+00 9.199999999999999845e-02
-1.149200000000000017e+02 -5.902600000000000335e+01 -8.663000000000000256e+00 5.600000000000000117e-02
-3.307749999999999773e+02 -5.214399999999999835e+01 -1.193399999999999928e+01 8.699999999999999400e-02
-2.380800000000000125e+02 -3.085900000000000176e+01 -1.125600000000000023e+01 1.729999999999999871e-01
1.134549999999999983e+02 2.837000000000000188e+00 -4.873000000000000220e+00 3.109999999999999987e-01
4.296250000000000000e+02 3.833400000000000318e+01 4.623000000000000220e+00 4.680000000000000271e-01
4.560659999999999741e+02 5.461200000000000188e+01 9.554000000000000270e+00 5.510000000000000453e-01
1.895120000000000005e+02 3.870900000000000318e+01 4.762999999999999901e+00 4.919999999999999929e-01
-1.298650000000000091e+02 3.414000000000000146e+00 -6.365999999999999659e+00 3.180000000000000049e-01
-2.449739999999999895e+02 -2.335099999999999909e+01 -1.415399999999999991e+01 1.239999999999999991e-01
-1.365670000000000073e+02 -2.307799999999999940e+01 -1.135200000000000031e+01 1.299999999999999940e-02
2.376999999999999957e+01 2.528999999999999915e+00 -8.970000000000000195e-01 3.400000000000000244e-02
1.363009999999999877e+02 3.297500000000000142e+01 6.346000000000000085e+00 1.049999999999999961e-01
2.159449999999999932e+02 4.079899999999999949e+01 3.439000000000000057e+00 1.029999999999999943e-01
2.228559999999999945e+02 1.835999999999999943e+01 -5.038000000000000256e+00 1.509999999999999953e-01
8.530299999999999727e+01 -1.198499999999999943e+01 -1.009399999999999942e+01 6.380000000000000115e-01
-1.146400000000000006e+02 -2.689799999999999969e+01 -9.413000000000000256e+00 1.629999999999999893e+00
-1.973590000000000089e+02 -2.689300000000000068e+01 -6.713000000000000078e+00 2.475999999999999979e+00
-1.318679999999999950e+02 -2.239199999999999946e+01 -3.456999999999999851e+00 2.499000000000000110e+00
-5.571800000000000352e+01 -1.338700000000000045e+01 3.068000000000000060e+00 1.854999999999999982e+00
-6.217499999999999716e+01 5.019999999999999574e+00 1.273300000000000054e+01 1.147999999999999909e+00
-1.091080000000000041e+02 2.705900000000000105e+01 1.818100000000000094e+01 5.649999999999999467e-01
-1.408899999999999864e+02 3.858500000000000085e+01 1.330499999999999972e+01 -7.299999999999999545e-02
-1.744310000000000116e+02 3.440999999999999659e+01 3.507000000000000117e+00 -7.600000000000000089e-01
-2.276579999999999870e+02 2.193700000000000117e+01 -8.110000000000000542e-01 -1.326000000000000068e+00
-2.460200000000000102e+02 8.778000000000000469e+00 2.138999999999999790e+00 -1.606999999999999984e+00
-1.473319999999999936e+02 1.713999999999999968e+00 6.056000000000000050e+00 -1.320999999999999952e+00
4.692499999999999716e+01 5.732999999999999652e+00 4.716999999999999638e+00 -4.079999999999999738e-01
1.600699999999999932e+02 6.291000000000000369e+00 -5.336999999999999744e+00 3.920000000000000151e-01
6.710099999999999909e+01 -1.625900000000000034e+01 -2.172100000000000009e+01 1.759999999999999898e-01
-1.010999999999999943e+02 -3.837700000000000244e+01 -3.210499999999999687e+01 -8.519999999999999796e-01
-1.423300000000000125e+02 -7.722000000000000419e+00 -2.136799999999999855e+01 -1.556999999999999940e+00
-2.660200000000000031e+01 8.118200000000000216e+01 1.190099999999999980e+01 -1.350999999999999979e+00
2.040300000000000011e+02 1.685130000000000052e+02 4.853300000000000125e+01 -8.940000000000000169e-01
5.252559999999999718e+02 1.900759999999999934e+02 6.209400000000000119e+01 -1.215000000000000080e+00
7.858949999999999818e+02 1.346860000000000070e+02 4.266899999999999693e+01 -2.439000000000000057e+00
7.340270000000000437e+02 4.609300000000000352e+01 8.048000000000000043e+00 -3.588999999999999968e+00
3.421270000000000095e+02 -2.143700000000000117e+01 -1.408600000000000030e+01 -3.733000000000000096e+00
-6.269800000000000040e+01 -4.594700000000000273e+01 -1.478899999999999970e+01 -2.966000000000000192e+00
-1.717959999999999923e+02 -4.089500000000000313e+01 -6.631000000000000227e+00 -2.035000000000000142e+00
-6.287599999999999767e+01 -3.168400000000000105e+01 -2.337000000000000188e+00 -1.415000000000000036e+00
6.649000000000000021e+00 -3.446699999999999875e+01 -3.915000000000000036e+00 -1.086999999999999966e+00
-8.817999999999999616e+00 -4.787800000000000011e+01 -8.282999999999999474e+00 -9.190000000000000391e-01
5.516000000000000014e+00 -5.919400000000000261e+01 -1.050300000000000011e+01 -8.659999999999999920e-01
5.943200000000000216e+01 -5.823899999999999721e+01 -6.118000000000000327e+00 -8.539999999999999813e-01
6.549500000000000455e+01 -4.529299999999999926e+01 1.588000000000000078e+00 -6.640000000000000346e-01
7.241999999999999993e+00 -2.581099999999999994e+01 4.907000000000000028e+00 -3.799999999999999906e-02
-5.076800000000000068e+01 -5.410000000000000364e-01 5.514000000000000234e+00 1.026999999999999913e+00
-7.989000000000000057e+01 2.992299999999999827e+01 1.084500000000000064e+01 2.097999999999999865e+00
-1.201809999999999974e+02 4.944800000000000040e+01 1.562199999999999989e+01 2.592000000000000082e+00
-1.866570000000000107e+02 3.507600000000000051e+01 5.881000000000000227e+00 2.384999999999999787e+00
-2.109070000000000107e+02 -8.631999999999999673e+00 -1.686499999999999844e+01 1.959999999999999964e+00
-1.362820000000000107e+02 -4.517699999999999960e+01 -3.339399999999999835e+01 1.788000000000000034e+00
-2.570499999999999829e+01 -4.672800000000000153e+01 -3.075700000000000145e+01 1.842000000000000082e+00
2.246499999999999986e+01 -2.133899999999999864e+01 -1.582399999999999984e+01 1.883000000000000007e+00
3.280400000000000205e+01 6.206999999999999851e+00 -3.077999999999999847e+00 1.870999999999999996e+00
9.498799999999999955e+01 2.499200000000000088e+01 2.777000000000000135e+00 1.889000000000000012e+00
1.669139999999999873e+02 4.019800000000000040e+01 7.181000000000000050e+00 1.931999999999999940e+00
1.100259999999999962e+02 5.192099999999999937e+01 1.241399999999999970e+01 1.874000000000000110e+00
-6.452100000000000080e+01 4.721600000000000108e+01 1.260399999999999920e+01 1.594000000000000083e+00
-1.958439999999999941e+02 1.975300000000000011e+01 4.304999999999999716e+00 1.127000000000000002e+00
-2.455560000000000116e+02 -1.515199999999999925e+01 -6.246000000000000441e+00 7.059999999999999609e-01
-3.083539999999999850e+02 -3.609599999999999653e+01 -1.155799999999999983e+01 5.330000000000000293e-01
-3.363629999999999995e+02 -3.689500000000000313e+01 -1.154700000000000060e+01 5.550000000000000488e-01
-1.638300000000000125e+02 -2.400799999999999912e+01 -9.099999999999999645e+00 5.859999999999999654e-01
1.716999999999999886e+02 -6.280000000000000249e+00 -5.107000000000000206e+00 5.480000000000000426e-01
4.140980000000000132e+02 4.778999999999999915e+00 -8.489999999999999769e-01 4.799999999999999822e-01
4.066779999999999973e+02 4.310999999999999943e+00 3.790999999999999925e+00 4.510000000000000120e-01
2.126310000000000002e+02 8.624000000000000554e+00 1.207699999999999996e+01 4.759999999999999787e-01
-4.283700000000000330e+01 3.468099999999999739e+01 2.107300000000000040e+01 4.400000000000000022e-01
-2.381959999999999980e+02 6.970600000000000307e+01 2.052599999999999980e+01 2.409999999999999920e-01
-2.373259999999999934e+02 9.139499999999999602e+01 1.028400000000000070e+01 6.400000000000000133e-02
-3.204800000000000182e+01 1.015060000000000002e+02 4.213000000000000078e+00 1.710000000000000131e-01
1.782419999999999902e+02 1.089599999999999937e+02 8.798000000000000043e+00 4.279999999999999916e-01
2.146659999999999968e+02 1.054950000000000045e+02 1.422000000000000064e+01 4.570000000000000173e-01
1.270559999999999974e+02 8.301800000000000068e+01 1.274699999999999989e+01 2.190000000000000002e-01
8.208700000000000330e+01 4.948299999999999699e+01 8.823000000000000398e+00 -3.000000000000000062e-03
1.280579999999999927e+02 1.329400000000000048e+01 6.596000000000000085e+00 -8.699999999999999400e-02
1.426299999999999955e+02 -2.785600000000000165e+01 3.932999999999999829e+00 -1.539999999999999980e-01
2.414300000000000068e+01 -7.249399999999999977e+01 1.324000000000000066e+00 -2.530000000000000027e-01
-1.258850000000000051e+02 -1.015370000000000061e+02 2.544000000000000039e+00 -3.009999999999999898e-01
-1.340349999999999966e+02 -9.474800000000000466e+01 5.556000000000000050e+00 -2.479999999999999982e-01
-2.550700000000000145e+01 -6.308500000000000085e+01 3.685999999999999943e+00 -1.499999999999999944e-01
2.277100000000000080e+01 -4.813799999999999812e+01 -4.793000000000000149e+00 -1.229999999999999982e-01
-4.652100000000000080e+01 -7.637999999999999545e+01 -1.580400000000000027e+01 -2.580000000000000071e-01
-1.366949999999999932e+02 -1.247830000000000013e+02 -2.549200000000000088e+01 -5.240000000000000213e-01
-1.809269999999999925e+02 -1.487700000000000102e+02 -3.211500000000000199e+01 -8.090000000000000524e-01
-2.107980000000000018e+02 -1.360109999999999957e+02 -3.535699999999999932e+01 -1.054999999999999938e+00
-2.699800000000000182e+02 -1.108160000000000025e+02 -3.580100000000000193e+01 -1.233000000000000096e+00
-3.340160000000000196e+02 -8.910399999999999920e+01 -3.226500000000000057e+01 -1.219999999999999973e+00
-3.163310000000000173e+02 -5.669800000000000040e+01 -2.104299999999999926e+01 -9.260000000000000453e-01
-1.602319999999999993e+02 4.829999999999999849e-01 -1.018000000000000016e+00 -4.839999999999999858e-01
7.151399999999999579e+01 6.904300000000000637e+01 2.151099999999999923e+01 -1.330000000000000071e-01
2.353019999999999925e+02 1.184699999999999989e+02 3.467699999999999960e+01 3.500000000000000333e-02
2.386399999999999864e+02 1.216940000000000026e+02 3.016700000000000159e+01 3.099999999999999978e-02
1.025909999999999940e+02 7.420900000000000318e+01 1.362800000000000011e+01 -1.570000000000000007e-01
-1.028949999999999960e+02 5.817999999999999616e+00 5.889999999999999680e-01 -4.699999999999999734e-01
-3.300099999999999909e+02 -4.637500000000000000e+01 -3.071000000000000174e+00 -7.520000000000000018e-01
-5.128619999999999663e+02 -7.333700000000000330e+01 -6.091999999999999638e+00 -9.020000000000000240e-01
-5.241879999999999882e+02 -8.026500000000000057e+01 -1.226699999999999946e+01 -9.060000000000000275e-01
-2.769180000000000064e+02 -6.473600000000000421e+01 -1.247400000000000020e+01 -7.840000000000000302e-01
1.414830000000000041e+02 -3.577600000000000335e+01 -3.866999999999999993e+00 -6.620000000000000329e-01
4.841200000000000045e+02 -2.010000000000000142e+01 1.010000000000000009e+00 -7.269999999999999796e-01
5.261119999999999663e+02 -2.361700000000000088e+01 -5.040000000000000036e+00 -8.970000000000000195e-01
3.028679999999999950e+02 -1.693799999999999883e+01 -9.349000000000000199e+00 -8.100000000000000533e-01
1.361189999999999998e+02 2.139199999999999946e+01 1.721999999999999975e+00 -3.420000000000000262e-01
2.502959999999999923e+02 7.056300000000000239e+01 2.050000000000000000e+01 1.670000000000000095e-01
4.348700000000000045e+02 8.928499999999999659e+01 2.854299999999999926e+01 3.719999999999999973e-01
3.648650000000000091e+02 5.821099999999999852e+01 2.102599999999999980e+01 2.660000000000000142e-01
1.051970000000000027e+02 -3.758000000000000007e+00 6.246999999999999886e+00 -5.399999999999999939e-02
-5.680299999999999727e+01 -5.973100000000000165e+01 -9.608999999999999986e+00 -5.410000000000000364e-01
-6.871699999999999875e+01 -8.973799999999999955e+01 -2.277899999999999991e+01 -1.008000000000000007e+00
-5.189600000000000080e+01 -9.807500000000000284e+01 -2.709799999999999898e+01 -1.175999999999999934e+00
-7.227000000000000313e+00 -8.868300000000000693e+01 -2.028399999999999892e+01 -9.619999999999999662e-01
1.054539999999999935e+02 -5.888300000000000267e+01 -8.425000000000000711e+00 -5.450000000000000400e-01
1.591189999999999998e+02 -1.467699999999999960e+01 8.880000000000000115e-01 -1.970000000000000084e-01
-6.009000000000000341e+00 4.000399999999999778e+01 7.160999999999999588e+00 -2.999999999999999889e-02
-3.002289999999999850e+02 1.129320000000000022e+02 1.630000000000000071e+01 1.010000000000000064e-01
-4.214700000000000273e+02 1.866990000000000123e+02 2.915099999999999980e+01 2.969999999999999862e-01
-2.087529999999999859e+02 2.055949999999999989e+02 3.517900000000000205e+01 3.699999999999999956e-01
1.487959999999999923e+02 1.420349999999999966e+02 2.605999999999999872e+01 1.539999999999999980e-01
3.433430000000000177e+02 4.356300000000000239e+01 1.001900000000000013e+01 -1.610000000000000042e-01
2.899300000000000068e+02 -2.124599999999999866e+01 1.423000000000000043e+00 -2.929999999999999827e-01
1.293600000000000136e+02 -3.320499999999999829e+01 1.901999999999999913e+00 -2.419999999999999929e-01
1.638400000000000034e+01 -1.628500000000000014e+01 2.487999999999999989e+00 -1.749999999999999889e-01
-3.285000000000000142e+00 5.613000000000000433e+00 -9.869999999999999885e-01 -1.170000000000000068e-01
8.256999999999999673e+00 2.143400000000000105e+01 -4.631000000000000227e+00 -3.000000000000000062e-03
-6.839000000000000412e+00 2.464499999999999957e+01 -5.594999999999999751e+00 1.189999999999999947e-01
7.620000000000000107e-01 1.568099999999999916e+01 -6.171999999999999709e+00 1.489999999999999936e-01
8.111400000000000432e+01 5.408999999999999808e+00 -9.080999999999999517e+00 8.300000000000000433e-02
1.447359999999999900e+02 1.596000000000000085e+00 -1.329599999999999937e+01 -1.299999999999999940e-02
8.194799999999999329e+01 -1.758000000000000007e+00 -1.506600000000000072e+01 -7.799999999999999989e-02
-6.158100000000000307e+01 -1.061599999999999966e+01 -1.223499999999999943e+01 -2.299999999999999961e-02
-1.662719999999999914e+02 -1.816499999999999915e+01 -7.097999999999999865e+00 1.960000000000000075e-01
-2.082669999999999959e+02 -1.850499999999999901e+01 -3.677999999999999936e+00 4.430000000000000049e-01
-2.440279999999999916e+02 -1.987699999999999889e+01 -3.495999999999999996e+00 5.300000000000000266e-01
-2.883770000000000095e+02 -3.111100000000000065e+01 -5.945000000000000284e+00 4.520000000000000129e-01
-2.877359999999999900e+02 -4.456700000000000017e+01 -9.455999999999999517e+00 3.569999999999999840e-01
-2.247050000000000125e+02 -4.596500000000000341e+01 -1.080499999999999972e+01 3.390000000000000235e-01
-1.923760000000000048e+02 -3.584300000000000352e+01 -8.310999999999999943e+00 3.750000000000000000e-01
-2.808070000000000164e+02 -2.610699999999999932e+01 -5.331999999999999851e+00 3.679999999999999938e-01
-4.243620000000000232e+02 -2.158500000000000085e+01 -5.644000000000000128e+00 2.250000000000000056e-01
-4.626490000000000009e+02 -2.151500000000000057e+01 -8.430999999999999162e+00 -3.899999999999999994e-02
-3.338879999999999768e+02 -2.671699999999999875e+01 -1.121799999999999997e+01 -2.560000000000000053e-01
-1.397009999999999934e+02 -3.180000000000000071e+01 -1.293800000000000061e+01 -2.570000000000000062e-01
-1.769900000000000162e+01 -2.666799999999999926e+01 -1.205400000000000027e+01 -4.399999999999999745e-02
1.865099999999999980e+01 -1.162199999999999989e+01 -6.780000000000000249e+00 2.530000000000000027e-01
7.412500000000000000e+01 4.312999999999999723e+00 1.286999999999999922e+00 5.380000000000000338e-01
2.152820000000000107e+02 2.129500000000000171e+01 8.864000000000000767e+00 8.020000000000000462e-01
4.050330000000000155e+02 5.157300000000000040e+01 1.688700000000000045e+01 1.072000000000000064e+00
5.865529999999999973e+02 9.849200000000000443e+01 2.751500000000000057e+01 1.292999999999999927e+00
7.144310000000000400e+02 1.388950000000000102e+02 3.512400000000000233e+01 1.292999999999999927e+00
7.193260000000000218e+02 1.377239999999999895e+02 3.046000000000000085e+01 9.769999999999999796e-01
5.585320000000000391e+02 8.519799999999999329e+01 1.493800000000000061e+01 5.040000000000000036e-01
2.959920000000000186e+02 1.170599999999999952e+01 6.670000000000000373e-01 1.620000000000000051e-01
7.099299999999999500e+01 -4.088000000000000256e+01 -5.165000000000000036e+00 6.099999999999999867e-02
-3.169399999999999906e+01 -5.493299999999999983e+01 -6.464999999999999858e+00 7.599999999999999811e-02
-6.265899999999999892e+01 -4.127400000000000091e+01 -7.315000000000000391e+00 7.900000000000000078e-02
-1.054459999999999980e+02 -2.139000000000000057e+01 -5.282000000000000028e+00 7.099999999999999367e-02
-1.269060000000000059e+02 -8.715999999999999304e+00 1.506000000000000005e+00 9.900000000000000466e-02
-3.489099999999999824e+01 4.573999999999999844e+00 1.004800000000000004e+01 1.859999999999999987e-01
1.391589999999999918e+02 3.574900000000000233e+01 1.699800000000000111e+01 3.300000000000000155e-01
2.211709999999999923e+02 7.592000000000000171e+01 2.056400000000000006e+01 4.680000000000000271e-01
8.336199999999999477e+01 8.985899999999999466e+01 1.944900000000000162e+01 5.140000000000000124e-01
-2.002520000000000095e+02 6.014500000000000313e+01 1.376600000000000001e+01 4.430000000000000049e-01
-4.503100000000000023e+02 1.991000000000000103e+00 4.682000000000000384e+00 2.510000000000000009e-01
-6.036349999999999909e+02 -5.890999999999999659e+01 -5.698000000000000398e+00 -2.400000000000000050e-02
-7.092599999999999909e+02 -9.605800000000000693e+01 -1.243699999999999939e+01 -2.139999999999999958e-01
-7.156509999999999536e+02 -9.189400000000000546e+01 -1.089300000000000068e+01 -1.960000000000000075e-01
-4.731619999999999777e+02 -5.607500000000000284e+01 -2.422000000000000153e+00 -7.599999999999999811e-02
4.059999999999999609e+00 -1.098799999999999955e+01 8.672000000000000597e+00 1.499999999999999944e-02
4.861340000000000146e+02 3.641100000000000136e+01 2.064799999999999969e+01 1.519999999999999962e-01
7.721090000000000373e+02 7.782099999999999795e+01 2.876300000000000168e+01 3.750000000000000000e-01
8.003410000000000082e+02 8.110099999999999909e+01 2.155099999999999838e+01 4.060000000000000275e-01
5.922880000000000109e+02 2.996900000000000119e+01 -3.942000000000000171e+00 3.000000000000000062e-03
2.778929999999999723e+02 -3.857200000000000273e+01 -3.134299999999999997e+01 -5.739999999999999547e-01
8.932000000000000384e+00 -8.061899999999999977e+01 -4.424699999999999989e+01 -9.000000000000000222e-01
-2.195850000000000080e+02 -9.688400000000000034e+01 -4.532300000000000040e+01 -9.439999999999999503e-01
-4.467210000000000036e+02 -1.026200000000000045e+02 -4.210399999999999920e+01 -8.820000000000000062e-01
-5.641459999999999582e+02 -8.616200000000000614e+01 -2.962000000000000099e+01 -6.740000000000000435e-01
-4.542869999999999777e+02 -3.169600000000000151e+01 -3.758999999999999897e+00 -2.459999999999999964e-01
-1.528259999999999934e+02 4.226200000000000045e+01 2.236499999999999844e+01 1.930000000000000049e-01
2.042500000000000000e+02 9.548399999999999466e+01 3.306000000000000227e+01 3.990000000000000213e-01
4.727590000000000146e+02 1.086560000000000059e+02 3.025499999999999901e+01 4.359999999999999987e-01
5.487160000000000082e+02 9.291700000000000159e+01 2.380300000000000082e+01 4.570000000000000173e-01
4.464289999999999736e+02 6.418500000000000227e+01 1.445899999999999963e+01 4.030000000000000249e-01
3.135720000000000027e+02 3.126000000000000156e+01 1.407999999999999918e+00 1.980000000000000093e-01
2.547560000000000002e+02 2.649000000000000021e+00 -7.081999999999999851e+00 -2.299999999999999961e-02
2.010920000000000130e+02 -1.730099999999999838e+01 -4.919999999999999929e+00 -1.170000000000000068e-01
6.584000000000000341e+01 -3.531199999999999761e+01 8.189999999999999503e-01 -1.390000000000000124e-01
-9.237999999999999545e+01 -5.887700000000000244e+01 1.235999999999999988e+00 -2.030000000000000138e-01
-1.783990000000000009e+02 -8.415099999999999625e+01 -2.330999999999999961e+00 -3.069999999999999951e-01
-2.217849999999999966e+02 -1.027579999999999956e+02 -6.054999999999999716e+00 -4.099999999999999756e-01
-3.159180000000000064e+02 -1.119749999999999943e+02 -1.107499999999999929e+01 -5.200000000000000178e-01
-4.480240000000000009e+02 -1.092990000000000066e+02 -1.664499999999999957e+01 -5.959999999999999742e-01
-5.007679999999999723e+02 -9.241800000000000637e+01 -1.909400000000000119e+01 -5.500000000000000444e-01
-4.210679999999999836e+02 -7.299399999999999977e+01 -2.004799999999999827e+01 -4.339999999999999969e-01
-2.728369999999999891e+02 -6.695000000000000284e+01 -2.273799999999999955e+01 -4.030000000000000249e-01
-1.062770000000000010e+02 -6.792400000000000659e+01 -2.210200000000000031e+01 -4.319999999999999951e-01
8.215000000000000568e+01 -5.773199999999999932e+01 -1.177899999999999991e+01 -3.519999999999999796e-01
2.208859999999999957e+02 -3.696800000000000352e+01 1.814999999999999947e+00 -1.690000000000000113e-01
1.717599999999999909e+02 -2.000199999999999889e+01 5.248000000000000220e+00 -9.900000000000000466e-02
-4.002100000000000080e+01 -1.118500000000000050e+01 -2.725000000000000089e+00 -2.020000000000000129e-01
-1.888870000000000005e+02 -3.536000000000000032e+00 -9.487999999999999545e+00 -2.750000000000000222e-01
-1.680970000000000084e+02 6.003999999999999559e+00 -8.096999999999999531e+00 -2.099999999999999922e-01
-1.396899999999999977e+02 1.127999999999999936e+01 -4.932000000000000384e+00 -1.710000000000000131e-01
-2.309259999999999877e+02 1.491900000000000048e+01 -2.411999999999999922e+00 -2.030000000000000138e-01
-3.197679999999999723e+02 3.802900000000000347e+01 7.317000000000000171e+00 -6.900000000000000577e-02
-2.701460000000000150e+02 8.314300000000000068e+01 2.220400000000000063e+01 2.369999999999999885e-01
-1.550000000000000000e+02 1.096250000000000000e+02 2.637000000000000099e+01 3.439999999999999725e-01
-9.452400000000000091e+01 9.035299999999999443e+01 1.624299999999999855e+01 1.600000000000000033e-01
-3.501599999999999824e+01 6.126599999999999824e+01 7.512999999999999901e+00 7.299999999999999545e-02
1.530159999999999911e+02 6.524599999999999511e+01 9.003999999999999559e+00 2.620000000000000107e-01
4.143220000000000027e+02 8.465000000000000568e+01 1.172600000000000087e+01 4.339999999999999969e-01
5.340520000000000209e+02 7.764499999999999602e+01 7.703000000000000291e+00 3.719999999999999973e-01
4.568990000000000009e+02 4.718999999999999773e+01 8.860000000000000098e-01 1.960000000000000075e-01
3.490950000000000273e+02 3.015200000000000102e+01 -2.479000000000000092e+00 8.000000000000000167e-02
2.949850000000000136e+02 3.931199999999999761e+01 -1.116000000000000103e+00 7.799999999999999989e-02
2.137390000000000043e+02 5.281900000000000261e+01 3.770999999999999908e+00 1.719999999999999862e-01
1.000999999999999943e+02 5.268500000000000227e+01 9.948999999999999844e+00 2.720000000000000195e-01
4.327000000000000313e+01 4.348499999999999943e+01 1.345700000000000074e+01 2.760000000000000231e-01
1.172600000000000087e+01 3.218999999999999773e+01 1.117500000000000071e+01 1.779999999999999916e-01
-8.411299999999999955e+01 1.571199999999999974e+01 4.088000000000000078e+00 2.699999999999999969e-02
-1.688679999999999950e+02 -4.815999999999999837e+00 -4.163999999999999702e+00 -1.479999999999999927e-01
-1.236500000000000057e+02 -2.032700000000000173e+01 -1.081099999999999994e+01 -2.879999999999999782e-01
-3.023000000000000043e+01 -3.079100000000000037e+01 -1.412400000000000055e+01 -3.280000000000000138e-01
-5.218299999999999983e+01 -4.524300000000000210e+01 -1.291200000000000081e+01 -3.049999999999999933e-01
-2.021299999999999955e+02 -6.442499999999999716e+01 -8.766000000000000014e+00 -3.190000000000000058e-01
-3.999700000000000273e+02 -8.413599999999999568e+01 -7.059000000000000163e+00 -4.289999999999999925e-01
-5.929969999999999573e+02 -1.087830000000000013e+02 -1.274900000000000055e+01 -6.440000000000000169e-01
-6.903509999999999991e+02 -1.356750000000000114e+02 -2.308099999999999952e+01 -8.960000000000000187e-01
-5.606200000000000045e+02 -1.346769999999999925e+02 -2.600300000000000011e+01 -9.419999999999999485e-01
-2.091570000000000107e+02 -7.606000000000000227e+01 -1.163599999999999923e+01 -5.280000000000000249e-01
1.750250000000000057e+02 2.264199999999999946e+01 1.382399999999999984e+01 2.369999999999999885e-01
4.374879999999999995e+02 1.077639999999999958e+02 3.255400000000000205e+01 8.880000000000000115e-01
6.089099999999999682e+02 1.470999999999999943e+02 3.453000000000000114e+01 1.086000000000000076e+00
7.505579999999999927e+02 1.454089999999999918e+02 2.454200000000000159e+01 9.050000000000000266e-01
8.081169999999999618e+02 1.128739999999999952e+02 1.093999999999999950e+01 5.949999999999999734e-01
7.236069999999999709e+02 6.389399999999999835e+01 -1.377999999999999892e+00 3.400000000000000244e-01
5.084169999999999732e+02 3.171699999999999875e+01 -8.807999999999999829e+00 2.540000000000000036e-01
1.987779999999999916e+02 3.564200000000000301e+01 -1.059399999999999942e+01 2.760000000000000231e-01
-6.080100000000000193e+01 5.448400000000000176e+01 -9.323999999999999844e+00 2.010000000000000120e-01
-8.241800000000000637e+01 5.803000000000000114e+01 -6.267999999999999794e+00 2.999999999999999889e-02
1.592200000000000060e+01 3.250399999999999778e+01 -2.419999999999999929e+00 6.000000000000000125e-03
-1.053970000000000056e+02 -2.170100000000000051e+01 -1.159999999999999920e+00 1.839999999999999969e-01
-4.214100000000000250e+02 -8.033299999999999841e+01 -4.089000000000000412e+00 3.220000000000000084e-01
-5.171630000000000109e+02 -1.030679999999999978e+02 -8.654999999999999361e+00 2.049999999999999878e-01
-2.549439999999999884e+02 -7.879800000000000182e+01 -1.103200000000000003e+01 -9.400000000000000022e-02
2.949399999999999977e+01 -3.562400000000000233e+01 -8.464000000000000412e+00 -2.810000000000000275e-01
6.929800000000000182e+01 1.473999999999999977e+00 -1.165999999999999925e+00 -1.819999999999999951e-01
-3.370199999999999818e+01 2.239300000000000068e+01 6.206000000000000405e+00 2.900000000000000147e-02
-7.810099999999999909e+01 1.604299999999999926e+01 7.972999999999999865e+00 7.900000000000000078e-02
-1.580000000000000071e+01 -8.140000000000000568e+00 3.613999999999999879e+00 -5.099999999999999672e-02
6.227100000000000080e+01 -1.424399999999999977e+01 -1.687000000000000055e+00 -1.839999999999999969e-01
6.394899999999999807e+01 9.281000000000000583e+00 -2.113999999999999879e+00 -1.930000000000000049e-01
8.314999999999999503e+00 3.263400000000000034e+01 3.995000000000000107e+00 -6.300000000000000044e-02
-3.350399999999999778e+01 2.813200000000000145e+01 1.199099999999999966e+01 1.089999999999999997e-01
-4.059599999999999653e+01 -4.030000000000000249e-01 1.615200000000000102e+01 1.610000000000000042e-01
-8.593999999999999417e+00 -2.628800000000000026e+01 1.898900000000000077e+01 7.099999999999999367e-02
5.153399999999999892e+01 -2.981700000000000017e+01 2.584299999999999997e+01 6.000000000000000125e-03
5.543399999999999750e+01 -2.256599999999999895e+01 2.955099999999999838e+01 -6.000000000000000125e-03
-6.027799999999999869e+01 -2.888400000000000034e+01 1.693100000000000094e+01 -1.729999999999999871e-01
-2.133590000000000089e+02 -4.917699999999999960e+01 -8.115000000000000213e+00 -5.300000000000000266e-01
-2.703530000000000086e+02 -6.253300000000000125e+01 -2.550199999999999889e+01 -7.840000000000000302e-01
-2.268319999999999936e+02 -5.829200000000000159e+01 -2.465299999999999869e+01 -7.449999999999999956e-01
-2.005929999999999893e+02 -4.985499999999999687e+01 -1.485299999999999976e+01 -5.959999999999999742e-01
-2.416779999999999973e+02 -5.496699999999999875e+01 -8.499000000000000554e+00 -5.580000000000000515e-01
-2.201310000000000002e+02 -6.543899999999999295e+01 -5.530000000000000249e+00 -5.460000000000000409e-01
5.673000000000000043e+00 -5.131499999999999773e+01 1.673000000000000043e+00 -2.929999999999999827e-01
3.145480000000000018e+02 -5.948000000000000398e+00 1.355400000000000027e+01 2.379999999999999893e-01
3.652339999999999804e+02 3.022700000000000031e+01 1.870899999999999963e+01 6.929999999999999494e-01
1.252899999999999991e+01 1.480499999999999972e+01 8.015000000000000568e+00 7.229999999999999760e-01
-4.501050000000000182e+02 -3.600900000000000034e+01 -9.208000000000000185e+00 4.470000000000000084e-01
-6.134569999999999936e+02 -6.547400000000000375e+01 -1.525600000000000023e+01 2.429999999999999938e-01
-4.094830000000000041e+02 -5.204399999999999693e+01 -8.897000000000000242e+00 2.119999999999999940e-01
-8.692300000000000182e+01 -2.558999999999999986e+01 -4.350999999999999979e+00 1.630000000000000060e-01
1.770519999999999925e+02 -1.102599999999999980e+01 -8.326999999999999957e+00 -1.000000000000000021e-02
4.251539999999999964e+02 1.766999999999999904e+00 -1.300799999999999912e+01 -2.159999999999999976e-01
6.813279999999999745e+02 3.212800000000000011e+01 -9.253999999999999559e+00 -2.899999999999999800e-01
8.095330000000000155e+02 7.897899999999999920e+01 2.521999999999999797e+00 -1.199999999999999956e-01
6.859059999999999491e+02 1.165289999999999964e+02 1.463000000000000078e+01 2.610000000000000098e-01
3.477300000000000182e+02 1.193110000000000070e+02 2.143799999999999883e+01 6.580000000000000293e-01
-2.162999999999999901e+01 9.565300000000000580e+01 2.316000000000000014e+01 8.719999999999999973e-01
-1.903870000000000005e+02 7.434499999999999886e+01 2.110500000000000043e+01 8.329999999999999627e-01
-1.030409999999999968e+02 5.899399999999999977e+01 1.458200000000000074e+01 5.939999999999999725e-01
9.670999999999999375e+00 3.427400000000000091e+01 4.679999999999999716e+00 2.879999999999999782e-01
-5.313900000000000290e+01 6.977000000000000313e+00 -3.766999999999999904e+00 1.170000000000000068e-01
-1.666490000000000009e+02 -1.187000000000000055e+00 -7.293000000000000149e+00 2.069999999999999896e-01
-1.326699999999999875e+02 1.176299999999999990e+01 -7.405999999999999694e+00 3.990000000000000213e-01
-3.438600000000000279e+01 2.851500000000000057e+01 -7.533000000000000362e+00 3.870000000000000107e-01
-1.046889999999999930e+02 3.342300000000000182e+01 -9.500999999999999446e+00 1.459999999999999909e-01
-3.791879999999999882e+02 1.887699999999999889e+01 -1.328700000000000081e+01 -6.800000000000000488e-02
-6.365090000000000146e+02 -1.359999999999999964e+01 -1.767999999999999972e+01 -1.320000000000000062e-01
-6.470069999999999482e+02 -4.829099999999999682e+01 -2.030499999999999972e+01 -1.719999999999999862e-01
-4.080149999999999864e+02 -6.506300000000000239e+01 -1.829799999999999827e+01 -2.700000000000000178e-01
-7.442900000000000205e+01 -5.893500000000000227e+01 -1.090099999999999980e+01 -3.529999999999999805e-01
2.688790000000000191e+02 -4.030899999999999750e+01 -1.435999999999999943e+00 -3.549999999999999822e-01
5.952369999999999663e+02 -2.127400000000000091e+01 4.879999999999999893e+00 -3.350000000000000200e-01
7.686799999999999500e+02 -1.031000000000000050e+01 5.820999999999999730e+00 -3.780000000000000027e-01
6.294809999999999945e+02 -1.262100000000000044e+01 4.527999999999999581e+00 -4.670000000000000262e-01
2.487100000000000080e+02 -2.410699999999999932e+01 6.256000000000000227e+00 -5.010000000000000009e-01
-1.017069999999999936e+02 -2.682199999999999918e+01 1.259999999999999964e+01 -4.550000000000000155e-01
-2.605960000000000036e+02 -8.057999999999999829e+00 1.887900000000000134e+01 -3.990000000000000213e-01
-3.148070000000000164e+02 1.328400000000000070e+01 1.736499999999999844e+01 -3.970000000000000195e-01
-3.945210000000000150e+02 4.461999999999999744e+00 5.892000000000000348e+00 -4.610000000000000209e-01
-4.505769999999999982e+02 -3.383700000000000330e+01 -6.905999999999999694e+00 -5.929999999999999716e-01
-3.330760000000000218e+02 -6.583899999999999864e+01 -1.028700000000000081e+01 -6.989999999999999547e-01
-2.705499999999999972e+01 -6.493999999999999773e+01 -3.623000000000000220e+00 -5.620000000000000551e-01
3.143670000000000186e+02 -3.549900000000000233e+01 5.400999999999999801e+00 -1.370000000000000107e-01
5.082880000000000109e+02 -3.592999999999999972e+00 9.093999999999999417e+00 2.349999999999999867e-01
4.319289999999999736e+02 -2.963000000000000078e+00 2.536000000000000032e+00 1.710000000000000131e-01
1.226219999999999999e+02 -4.208299999999999841e+01 -1.202800000000000047e+01 -2.479999999999999982e-01
-1.785670000000000073e+02 -7.929500000000000171e+01 -2.237500000000000000e+01 -5.610000000000000542e-01
-2.692259999999999991e+02 -6.587199999999999989e+01 -1.914999999999999858e+01 -4.560000000000000164e-01
-2.095130000000000052e+02 -3.641999999999999904e+00 -7.621999999999999886e+00 -2.000000000000000042e-03
-1.284890000000000043e+02 7.023999999999999488e+01 2.619000000000000217e+00 5.510000000000000453e-01
1.198399999999999999e+01 1.274219999999999970e+02 8.176999999999999602e+00 9.350000000000000533e-01
2.519900000000000091e+02 1.538120000000000118e+02 7.118000000000000327e+00 9.449999999999999512e-01
4.348709999999999809e+02 1.445269999999999868e+02 9.700000000000000289e-02 6.810000000000000497e-01
3.922810000000000059e+02 1.094320000000000022e+02 -5.283999999999999808e+00 4.949999999999999956e-01
1.821040000000000134e+02 6.478100000000000591e+01 -5.599999999999999645e+00 4.809999999999999831e-01
-3.091000000000000192e+00 2.256299999999999883e+01 -7.799000000000000377e+00 3.699999999999999956e-01
-6.779900000000000659e+01 -7.051000000000000156e+00 -1.420400000000000063e+01 5.600000000000000117e-02
-8.467199999999999704e+01 -2.096000000000000085e+01 -1.559699999999999953e+01 -1.809999999999999942e-01
-1.716899999999999977e+02 -2.948600000000000065e+01 -7.674999999999999822e+00 -1.360000000000000098e-01
-3.177250000000000227e+02 -4.209400000000000119e+01 -3.790000000000000036e-01 1.600000000000000033e-02
-3.704399999999999977e+02 -5.297800000000000153e+01 -2.837000000000000188e+00 2.199999999999999872e-02
-2.453880000000000052e+02 -5.024300000000000210e+01 -1.011400000000000077e+01 -1.049999999999999961e-01
-5.249000000000000199e+01 -3.142999999999999972e+01 -1.135899999999999999e+01 -1.869999999999999996e-01
8.972799999999999443e+01 -5.969999999999999751e-01 -2.664000000000000146e+00 -1.170000000000000068e-01
2.061440000000000055e+02 3.657200000000000273e+01 1.116999999999999993e+01 7.199999999999999456e-02
2.986469999999999914e+02 6.256499999999999773e+01 2.114300000000000068e+01 2.439999999999999947e-01
2.569660000000000082e+02 5.946900000000000119e+01 2.063400000000000034e+01 2.630000000000000115e-01
5.980899999999999750e+01 3.975800000000000267e+01 1.119800000000000040e+01 1.640000000000000069e-01
-1.500420000000000016e+02 2.829899999999999949e+01 -2.500000000000000139e-02 1.199999999999999956e-01
-2.330120000000000005e+02 2.116900000000000048e+01 -7.466000000000000192e+00 1.869999999999999996e-01
-1.852829999999999870e+02 5.602000000000000313e+00 -8.510999999999999233e+00 3.099999999999999978e-01
-1.416349999999999909e+02 -6.583999999999999631e+00 -3.378000000000000114e+00 4.829999999999999849e-01
-2.037400000000000091e+02 -6.626999999999999780e+00 2.294000000000000039e+00 6.380000000000000115e-01
-2.580040000000000191e+02 -1.105199999999999960e+01 2.184000000000000163e+00 5.769999999999999574e-01
-1.626059999999999945e+02 -2.703600000000000136e+01 -1.342999999999999972e+00 2.859999999999999765e-01
-2.125100000000000122e+01 -3.534899999999999665e+01 -2.869999999999999774e-01 4.900000000000000189e-02
2.046099999999999852e+01 -2.368799999999999883e+01 7.067000000000000171e+00 4.599999999999999922e-02
7.199099999999999966e+01 -3.920999999999999819e+00 1.477100000000000080e+01 1.300000000000000044e-01
2.885149999999999864e+02 1.141900000000000048e+01 1.853300000000000125e+01 1.179999999999999938e-01
5.352089999999999463e+02 2.037999999999999901e+01 1.791600000000000037e+01 2.199999999999999872e-02
5.197749999999999773e+02 1.361100000000000065e+01 1.027999999999999936e+01 -1.270000000000000018e-01
1.897899999999999920e+02 -2.107700000000000173e+01 -5.955000000000000071e+00 -3.689999999999999947e-01
-1.870709999999999980e+02 -6.646599999999999397e+01 -2.191700000000000159e+01 -5.999999999999999778e-01
-3.542470000000000141e+02 -8.429000000000000625e+01 -2.498900000000000077e+01 -6.250000000000000000e-01
-3.380600000000000023e+02 -6.629099999999999682e+01 -1.581900000000000084e+01 -4.689999999999999725e-01
-3.278079999999999927e+02 -4.217499999999999716e+01 -7.139000000000000234e+00 -3.519999999999999796e-01
-4.055500000000000114e+02 -3.185999999999999943e+01 -5.684000000000000163e+00 -3.569999999999999840e-01
-4.908969999999999914e+02 -2.469300000000000139e+01 -6.033999999999999808e+00 -3.509999999999999787e-01
-4.675819999999999936e+02 -7.193999999999999950e+00 -1.711000000000000076e+00 -2.079999999999999905e-01
-2.662400000000000091e+02 2.006200000000000117e+01 6.663000000000000256e+00 3.200000000000000067e-02
1.073679999999999950e+02 5.234199999999999875e+01 1.393399999999999928e+01 2.220000000000000029e-01
5.402259999999999991e+02 7.994299999999999784e+01 1.616600000000000037e+01 2.650000000000000133e-01
8.469919999999999618e+02 7.987199999999999989e+01 1.316399999999999970e+01 2.069999999999999896e-01
8.534539999999999509e+02 3.521699999999999875e+01 6.203000000000000291e+00 1.130000000000000032e-01
4.954499999999999886e+02 -3.822099999999999653e+01 -4.256000000000000227e+00 -8.500000000000000611e-02
-5.089200000000000301e+01 -1.038509999999999991e+02 -1.651699999999999946e+01 -4.590000000000000191e-01
-4.515980000000000132e+02 -1.375490000000000066e+02 -2.566300000000000026e+01 -8.519999999999999796e-01
-5.523719999999999573e+02 -1.384610000000000127e+02 -2.610600000000000165e+01 -9.839999999999999858e-01
-4.625059999999999718e+02 -1.144399999999999977e+02 -1.560399999999999920e+01 -7.399999999999999911e-01
-2.670690000000000168e+02 -6.338900000000000290e+01 3.686999999999999833e+00 -2.290000000000000091e-01
7.775700000000000500e+01 2.272700000000000031e+01 2.648999999999999844e+01 3.340000000000000191e-01
5.215779999999999745e+02 1.262249999999999943e+02 4.624600000000000222e+01 7.489999999999999991e-01
8.511910000000000309e+02 1.963180000000000121e+02 5.792799999999999727e+01 9.409999999999999476e-01
8.756549999999999727e+02 1.919019999999999868e+02 5.843800000000000239e+01 9.579999999999999627e-01
5.536480000000000246e+02 1.161119999999999948e+02 4.478799999999999670e+01 7.890000000000000346e-01
3.793699999999999761e+01 8.156000000000000583e+00 1.876399999999999935e+01 3.719999999999999973e-01
-3.708500000000000227e+02 -8.339799999999999613e+01 -8.073999999999999844e+00 -1.660000000000000087e-01
-4.635149999999999864e+02 -1.294809999999999945e+02 -2.328999999999999915e+01 -5.260000000000000231e-01
-2.970740000000000123e+02 -1.321949999999999932e+02 -2.495400000000000063e+01 -5.649999999999999467e-01
-4.089200000000000301e+01 -1.055450000000000017e+02 -1.889600000000000080e+01 -4.249999999999999889e-01
2.285380000000000109e+02 -6.435800000000000409e+01 -1.172000000000000064e+01 -3.140000000000000013e-01
4.390799999999999841e+02 -3.999300000000000210e+01 -1.017999999999999972e+01 -3.569999999999999840e-01
4.321779999999999973e+02 -5.700600000000000023e+01 -1.709400000000000119e+01 -5.460000000000000409e-01
2.037299999999999898e+02 -7.254000000000000625e+01 -2.360399999999999920e+01 -6.400000000000000133e-01
-5.490000000000000435e-01 -1.015399999999999991e+01 -1.738200000000000145e+01 -3.599999999999999867e-01
-5.006700000000000017e+01 1.220990000000000038e+02 -4.979999999999999982e-01 1.690000000000000113e-01
-1.002879999999999967e+02 2.252110000000000127e+02 1.410899999999999999e+01 5.160000000000000142e-01
-2.949870000000000232e+02 2.267949999999999875e+02 1.852299999999999969e+01 5.270000000000000240e-01
-5.782269999999999754e+02 1.410440000000000111e+02 1.027999999999999936e+01 3.509999999999999787e-01
-7.813110000000000355e+02 3.373100000000000165e+01 -7.615999999999999659e+00 6.300000000000000044e-02
-7.477699999999999818e+02 -2.962500000000000000e+01 -1.929700000000000060e+01 -2.139999999999999958e-01
-4.653039999999999736e+02 -2.597899999999999920e+01 -9.810000000000000497e+00 -1.509999999999999953e-01
-7.378499999999999659e+01 2.059600000000000009e+01 1.235699999999999932e+01 3.240000000000000102e-01
3.016639999999999873e+02 7.828100000000000591e+01 2.690099999999999980e+01 7.840000000000000302e-01
6.173609999999999900e+02 1.262409999999999997e+02 2.872100000000000009e+01 8.659999999999999920e-01
8.040529999999999973e+02 1.371649999999999920e+02 2.410500000000000043e+01 6.380000000000000115e-01
7.214729999999999563e+02 8.816400000000000148e+01 1.361299999999999955e+01 3.240000000000000102e-01
3.251909999999999741e+02 1.572000000000000064e+00 -1.219999999999999973e+00 1.059999999999999970e-01
-1.549819999999999993e+02 -6.504300000000000637e+01 -9.032999999999999474e+00 1.310000000000000053e-01
-3.928940000000000055e+02 -8.128199999999999648e+01 -4.004999999999999893e+00 3.380000000000000226e-01
-3.360319999999999823e+02 -6.420300000000000296e+01 3.689999999999999947e+00 4.570000000000000173e-01
-2.112369999999999948e+02 -4.048599999999999710e+01 3.205000000000000071e+00 3.310000000000000164e-01
-1.919470000000000027e+02 -2.347800000000000153e+01 -3.661999999999999922e+00 4.000000000000000083e-02
-2.349319999999999879e+02 -1.933899999999999864e+01 -9.279999999999999361e+00 -2.409999999999999920e-01
-2.353750000000000000e+02 -2.861100000000000065e+01 -1.161200000000000010e+01 -3.840000000000000080e-01
-1.915860000000000127e+02 -4.391599999999999682e+01 -1.464499999999999957e+01 -4.050000000000000266e-01
-1.417450000000000045e+02 -5.285099999999999909e+01 -2.005600000000000094e+01 -4.119999999999999774e-01
-5.364500000000000313e+01 -4.625600000000000023e+01 -2.391600000000000037e+01 -4.510000000000000120e-01
7.482099999999999795e+01 -3.081400000000000006e+01 -2.273300000000000054e+01 -5.090000000000000080e-01
1.107289999999999992e+02 -2.554599999999999937e+01 -1.764900000000000091e+01 -6.239999999999999991e-01
-1.925900000000000034e+01 -3.665699999999999648e+01 -1.205100000000000016e+01 -7.780000000000000249e-01
-1.621119999999999948e+02 -5.017399999999999949e+01 -9.031000000000000583e+00 -8.479999999999999760e-01
-1.817309999999999945e+02 -5.614000000000000057e+01 -1.060999999999999943e+01 -8.179999999999999494e-01
-1.675500000000000114e+02 -5.821300000000000097e+01 -1.511999999999999922e+01 -7.990000000000000435e-01
-2.118189999999999884e+02 -5.604500000000000171e+01 -1.588899999999999935e+01 -7.670000000000000151e-01
-2.474739999999999895e+02 -4.706099999999999994e+01 -9.407999999999999474e+00 -5.979999999999999760e-01
-2.478110000000000070e+02 -4.418099999999999739e+01 -3.464999999999999858e+00 -3.679999999999999938e-01
-3.070880000000000223e+02 -6.082399999999999807e+01 -6.751999999999999780e+00 -2.939999999999999836e-01
-4.304270000000000209e+02 -8.645799999999999841e+01 -1.489899999999999913e+01 -3.980000000000000204e-01
-4.847259999999999991e+02 -1.002009999999999934e+02 -1.860300000000000153e+01 -4.640000000000000235e-01
-3.946299999999999955e+02 -9.161799999999999500e+01 -1.633699999999999974e+01 -3.049999999999999933e-01
-1.884079999999999870e+02 -5.783599999999999852e+01 -9.417999999999999261e+00 6.700000000000000400e-02
1.097800000000000011e+02 -5.325000000000000178e+00 2.322000000000000064e+00 4.600000000000000200e-01
4.471510000000000105e+02 3.989000000000000057e+01 1.362500000000000000e+01 6.250000000000000000e-01
6.929139999999999873e+02 4.975800000000000267e+01 1.592900000000000027e+01 4.550000000000000155e-01
7.619180000000000064e+02 3.109400000000000119e+01 1.016200000000000081e+01 1.559999999999999998e-01
6.831520000000000437e+02 1.944999999999999929e+01 6.192999999999999616e+00 7.299999999999999545e-02
5.088729999999999905e+02 2.672700000000000031e+01 8.253000000000000114e+00 2.740000000000000213e-01
2.872239999999999895e+02 2.860099999999999909e+01 1.045100000000000051e+01 4.819999999999999840e-01
9.665399999999999636e+01 1.301699999999999946e+01 6.924000000000000377e+00 5.010000000000000009e-01
-1.915500000000000114e+01 5.225999999999999979e+00 6.800000000000000488e-01 4.560000000000000164e-01
-8.634000000000000341e+01 3.213700000000000045e+01 9.739999999999999769e-01 5.480000000000000426e-01
-9.490699999999999648e+01 8.099500000000000455e+01 9.932000000000000384e+00 7.239999999999999769e-01
-2.323999999999999844e+00 1.072630000000000052e+02 1.624099999999999966e+01 7.469999999999999973e-01
9.655200000000000671e+01 8.633299999999999841e+01 1.251399999999999935e+01 5.809999999999999609e-01
2.271000000000000085e+01 4.336200000000000188e+01 9.842000000000000526e+00 4.819999999999999840e-01
-1.825900000000000034e+02 1.549300000000000033e+01 1.812399999999999878e+01 5.500000000000000444e-01
-2.564039999999999964e+02 8.678000000000000824e+00 2.541000000000000014e+01 5.719999999999999529e-01
-9.784600000000000364e+01 1.818299999999999983e+01 1.787399999999999878e+01 5.090000000000000080e-01
1.096359999999999957e+02 4.872999999999999687e+01 4.951999999999999957e+00 5.689999999999999503e-01
1.990049999999999955e+02 8.111400000000000432e+01 3.004000000000000004e+00 6.620000000000000329e-01
1.792839999999999918e+02 7.678499999999999659e+01 9.359999999999999432e+00 4.889999999999999902e-01
1.093960000000000008e+02 4.165899999999999892e+01 1.156799999999999962e+01 1.880000000000000004e-01
5.770700000000000074e+01 2.160800000000000054e+01 7.995000000000000107e+00 1.340000000000000080e-01
1.315159999999999911e+02 2.869999999999999929e+01 4.690999999999999837e+00 2.119999999999999940e-01
3.156750000000000114e+02 3.181599999999999895e+01 2.782000000000000028e+00 3.699999999999999817e-02
3.791999999999999886e+02 1.001600000000000001e+01 -1.199999999999999956e+00 -3.119999999999999996e-01
1.683499999999999943e+02 -2.822700000000000031e+01 -7.568999999999999950e+00 -4.390000000000000013e-01
-1.601879999999999882e+02 -6.369299999999999784e+01 -1.240000000000000036e+01 -2.650000000000000133e-01
-3.797280000000000086e+02 -8.272100000000000364e+01 -1.400300000000000011e+01 -7.799999999999999989e-02
-4.482300000000000182e+02 -8.548900000000000432e+01 -1.474699999999999989e+01 -7.099999999999999367e-02
-4.141689999999999827e+02 -8.193600000000000705e+01 -1.491300000000000026e+01 -1.300000000000000044e-01
-2.989529999999999745e+02 -7.771500000000000341e+01 -1.179499999999999993e+01 -1.160000000000000059e-01
-1.319389999999999930e+02 -7.219799999999999329e+01 -5.937000000000000277e+00 -9.199999999999999845e-02
3.204299999999999926e+01 -6.667700000000000671e+01 -1.183999999999999941e+00 -1.559999999999999998e-01
1.518679999999999950e+02 -6.026700000000000301e+01 1.260999999999999899e+00 -2.389999999999999902e-01
2.405440000000000111e+02 -4.127100000000000080e+01 4.147999999999999687e+00 -2.230000000000000038e-01
3.446270000000000095e+02 6.620000000000000329e-01 9.483999999999999986e+00 -9.500000000000000111e-02
4.247250000000000227e+02 5.191599999999999682e+01 1.400699999999999967e+01 6.300000000000000044e-02
3.201709999999999923e+02 7.776600000000000534e+01 1.132799999999999940e+01 1.110000000000000014e-01
-4.332099999999999795e+01 5.937599999999999767e+01 -2.699999999999999969e-02 -6.400000000000000133e-02
-4.553020000000000209e+02 2.889099999999999824e+01 -1.131300000000000061e+01 -3.210000000000000075e-01
-5.749450000000000500e+02 4.630499999999999972e+01 -9.042999999999999261e+00 -2.969999999999999862e-01
-3.335899999999999750e+02 1.222980000000000018e+02 8.715999999999999304e+00 1.110000000000000014e-01
-3.323799999999999955e+01 1.946939999999999884e+02 2.561299999999999955e+01 4.969999999999999973e-01
1.115759999999999934e+02 2.087750000000000057e+02 2.764099999999999824e+01 4.959999999999999964e-01
2.722490000000000236e+02 1.768640000000000043e+02 2.060999999999999943e+01 2.760000000000000231e-01
5.730420000000000300e+02 1.313710000000000093e+02 1.390499999999999936e+01 1.559999999999999998e-01
7.272980000000000018e+02 7.582999999999999829e+01 4.865000000000000213e+00 1.010000000000000064e-01
4.697769999999999868e+02 1.216900000000000048e+01 -7.596000000000000085e+00 -5.299999999999999850e-02
2.683999999999999986e+01 -3.654099999999999682e+01 -1.421599999999999930e+01 -2.290000000000000091e-01
-1.967549999999999955e+02 -5.884599999999999653e+01 -1.117399999999999949e+01 -3.009999999999999898e-01
-1.598019999999999925e+02 -7.301600000000000534e+01 -9.016000000000000014e+00 -3.729999999999999982e-01
-1.147339999999999947e+02 -9.465900000000000603e+01 -1.789699999999999847e+01 -6.019999999999999796e-01
-1.835740000000000123e+02 -1.136670000000000016e+02 -3.326500000000000057e+01 -8.800000000000000044e-01
-2.583360000000000127e+02 -1.131569999999999965e+02 -4.198100000000000165e+01 -9.360000000000000542e-01
-2.319689999999999941e+02 -9.340500000000000114e+01 -3.822899999999999920e+01 -7.069999999999999618e-01
-1.458319999999999936e+02 -7.357800000000000296e+01 -2.898100000000000165e+01 -4.259999999999999898e-01
-9.087999999999999545e+01 -7.358400000000000318e+01 -2.370799999999999841e+01 -3.190000000000000058e-01
-8.640399999999999636e+01 -9.279300000000000637e+01 -2.283099999999999952e+01 -3.499999999999999778e-01
-1.282849999999999966e+02 -1.144659999999999940e+02 -2.026800000000000068e+01 -3.589999999999999858e-01
-2.156430000000000007e+02 -1.252349999999999994e+02 -1.289000000000000057e+01 -2.780000000000000249e-01
-2.695400000000000205e+02 -1.156299999999999955e+02 -2.986000000000000210e+00 -1.400000000000000133e-01
-2.129819999999999993e+02 -8.026900000000000546e+01 4.602999999999999758e+00 -1.899999999999999953e-02
-1.146820000000000022e+02 -3.136499999999999844e+01 6.963000000000000078e+00 1.200000000000000025e-02
-6.340400000000000347e+01 8.833999999999999631e+00 6.613999999999999879e+00 -4.299999999999999656e-02
-1.161100000000000065e+01 3.146600000000000108e+01 7.668999999999999595e+00 -1.079999999999999988e-01
1.025819999999999936e+02 4.046099999999999852e+01 9.881999999999999673e+00 -1.509999999999999953e-01
2.120080000000000098e+02 3.634400000000000119e+01 1.009399999999999942e+01 -2.039999999999999869e-01
1.988640000000000043e+02 1.661599999999999966e+01 7.052999999999999936e+00 -2.620000000000000107e-01
4.709300000000000352e+01 -8.192000000000000171e+00 3.926000000000000156e+00 -2.770000000000000240e-01
-1.225580000000000069e+02 -1.281799999999999962e+01 6.578999999999999737e+00 -2.190000000000000002e-01
-1.772379999999999995e+02 1.186599999999999966e+01 1.583200000000000074e+01 -8.500000000000000611e-02
-1.151599999999999966e+02 3.966499999999999915e+01 2.398000000000000043e+01 7.699999999999999900e-02
-6.900999999999999801e+00 5.061999999999999744e+01 2.633999999999999986e+01 2.190000000000000002e-01
1.470159999999999911e+02 6.813400000000000034e+01 3.079899999999999949e+01 3.960000000000000187e-01
3.133279999999999745e+02 1.129350000000000023e+02 4.359300000000000352e+01 6.680000000000000382e-01
2.846510000000000105e+02 1.506030000000000086e+02 5.184400000000000119e+01 9.020000000000000240e-01
-5.965400000000000347e+01 1.350759999999999934e+02 3.897500000000000142e+01 9.030000000000000249e-01
-4.447989999999999782e+02 8.140999999999999659e+01 1.349099999999999966e+01 7.019999999999999574e-01
-4.669660000000000082e+02 4.555899999999999750e+01 4.969999999999999973e-01 4.969999999999999973e-01
-8.896500000000000341e+01 4.544800000000000040e+01 6.786999999999999922e+00 3.739999999999999991e-01
3.713849999999999909e+02 4.793999999999999773e+01 1.534399999999999942e+01 2.670000000000000151e-01
6.185380000000000109e+02 2.464000000000000057e+01 1.236899999999999977e+01 1.409999999999999865e-01
5.506509999999999536e+02 -1.683699999999999974e+01 1.784000000000000030e+00 7.499999999999999722e-02
2.563700000000000045e+02 -4.846999999999999886e+01 -6.424000000000000377e+00 2.260000000000000064e-01
4.950000000000000178e+00 -4.802300000000000324e+01 -9.531000000000000583e+00 7.770000000000000240e-01
8.884999999999999787e+00 -2.024599999999999866e+01 -1.090499999999999936e+01 1.697999999999999954e+00
1.410130000000000052e+02 3.987999999999999989e+00 -1.177599999999999980e+01 2.499000000000000110e+00
1.165160000000000053e+02 -7.620000000000000107e-01 -9.970000000000000639e+00 2.581999999999999851e+00
-1.123689999999999998e+02 -3.002100000000000080e+01 -6.241999999999999993e+00 1.935000000000000053e+00
-3.470810000000000173e+02 -6.139200000000000301e+01 -6.415000000000000036e+00 1.048999999999999932e+00
-4.336390000000000100e+02 -7.836599999999999966e+01 -1.415000000000000036e+01 2.240000000000000047e-01
-4.013140000000000214e+02 -7.856699999999999307e+01 -2.469000000000000128e+01 -5.590000000000000524e-01
-3.328509999999999991e+02 -7.147100000000000364e+01 -2.979799999999999827e+01 -1.296999999999999931e+00
-2.290900000000000034e+02 -7.106399999999999295e+01 -2.675900000000000034e+01 -1.927999999999999936e+00
-8.893300000000000693e+01 -8.028600000000000136e+01 -1.953500000000000014e+01 -2.478000000000000203e+00
-1.247000000000000108e+00 -8.171099999999999852e+01 -1.300900000000000034e+01 -2.979999999999999982e+00
-1.709400000000000119e+01 -5.699300000000000210e+01 -8.371000000000000441e+00 -3.266999999999999904e+00
-7.803000000000000114e+01 -1.989900000000000091e+01 -4.636999999999999567e+00 -3.088999999999999968e+00
-1.760080000000000098e+02 -1.060800000000000054e+01 -2.802999999999999936e+00 -2.551000000000000156e+00
-3.528539999999999850e+02 -4.254200000000000159e+01 -4.136999999999999567e+00 -2.119000000000000217e+00
-4.638249999999999886e+02 -7.379099999999999682e+01 -4.940000000000000391e+00 -2.011000000000000121e+00
-2.510130000000000052e+02 -5.651400000000000290e+01 1.000000000000000021e-03 -2.004000000000000004e+00
2.546800000000000068e+02 -1.098999999999999977e+00 8.352000000000000313e+00 -1.943000000000000060e+00
7.077839999999999918e+02 4.327499999999999858e+01 1.293800000000000061e+01 -1.860000000000000098e+00
8.705829999999999700e+02 5.956000000000000227e+01 1.212199999999999989e+01 -1.568999999999999950e+00
7.826670000000000300e+02 6.908799999999999386e+01 8.598000000000000753e+00 -7.520000000000000018e-01
5.504389999999999645e+02 7.900300000000000011e+01 2.939000000000000057e+00 3.960000000000000187e-01
2.530529999999999973e+02 7.306699999999999307e+01 -3.341000000000000192e+00 1.201000000000000068e+00
9.789999999999999147e+00 4.769400000000000261e+01 -5.578999999999999737e+00 1.358999999999999986e+00
-9.573799999999999955e+01 1.869399999999999906e+01 -3.271999999999999797e+00 1.250000000000000000e+00
-1.286529999999999916e+02 -2.912999999999999812e+00 -2.444999999999999840e+00 1.262999999999999901e+00
-1.962659999999999911e+02 -1.839099999999999824e+01 -6.110000000000000320e+00 1.328000000000000069e+00
-2.862749999999999773e+02 -2.827899999999999991e+01 -9.237999999999999545e+00 1.292000000000000037e+00
-3.043260000000000218e+02 -2.672599999999999909e+01 -7.368999999999999773e+00 1.264999999999999902e+00
-1.954530000000000030e+02 -1.014499999999999957e+01 -3.049999999999999822e+00 1.383999999999999897e+00
2.761100000000000065e+01 1.618900000000000006e+01 1.179999999999999938e+00 1.576000000000000068e+00
2.721460000000000150e+02 4.099900000000000233e+01 7.357999999999999652e+00 1.691999999999999948e+00
3.549370000000000118e+02 5.016700000000000159e+01 1.281499999999999950e+01 1.639000000000000012e+00
1.600649999999999977e+02 3.168400000000000105e+01 7.285000000000000142e+00 1.375000000000000000e+00
-1.585260000000000105e+02 -1.004800000000000004e+01 -1.096000000000000085e+01 9.799999999999999822e-01
-2.984769999999999754e+02 -4.858200000000000074e+01 -2.681400000000000006e+01 6.899999999999999467e-01
-1.801100000000000136e+02 -5.781900000000000261e+01 -2.560900000000000176e+01 6.929999999999999494e-01
-5.336500000000000199e+01 -4.131900000000000261e+01 -9.867000000000000881e+00 9.629999999999999671e-01
-1.401570000000000107e+02 -2.732700000000000173e+01 7.129999999999999893e+00 1.300000000000000044e+00
-2.889900000000000091e+02 -2.814600000000000080e+01 1.682000000000000028e+01 1.477000000000000091e+00
-2.090889999999999986e+02 -2.275199999999999889e+01 1.937999999999999901e+01 1.381999999999999895e+00
3.295199999999999818e+01 4.709999999999999964e+00 1.747200000000000131e+01 1.118000000000000105e+00
1.107560000000000002e+02 3.556300000000000239e+01 1.249200000000000088e+01 9.070000000000000284e-01
-2.112099999999999866e+01 5.012700000000000244e+01 7.152000000000000135e+00 8.549999999999999822e-01
-1.107229999999999990e+02 5.871399999999999864e+01 5.940000000000000391e+00 8.589999999999999858e-01
-7.841899999999999693e+01 6.948199999999999932e+01 9.426999999999999602e+00 7.610000000000000098e-01
-6.375500000000000256e+01 6.314200000000000301e+01 1.258099999999999952e+01 5.320000000000000284e-01
-4.945300000000000296e+01 3.351400000000000290e+01 1.170800000000000018e+01 2.800000000000000266e-01
1.221359999999999957e+02 1.190799999999999947e+01 8.349999999999999645e+00 1.049999999999999961e-01
3.569900000000000091e+02 1.758599999999999852e+01 4.969000000000000306e+00 8.999999999999999320e-03
3.588600000000000136e+02 2.472500000000000142e+01 1.538000000000000034e+00 -5.600000000000000117e-02
1.075030000000000001e+02 6.423000000000000043e+00 -2.584999999999999964e+00 -1.400000000000000133e-01
-9.710599999999999454e+01 -2.442699999999999960e+01 -6.097000000000000419e+00 -2.829999999999999738e-01
-9.148699999999999477e+01 -4.002900000000000347e+01 -6.961000000000000298e+00 -4.809999999999999831e-01
-2.212900000000000134e+01 -3.842000000000000171e+01 -7.224999999999999645e+00 -6.760000000000000453e-01
-5.554299999999999926e+01 -3.932500000000000284e+01 -1.336999999999999922e+01 -8.239999999999999547e-01
-1.677460000000000093e+02 -4.845400000000000063e+01 -2.640599999999999881e+01 -9.190000000000000391e-01
-2.467249999999999943e+02 -4.561899999999999977e+01 -3.520199999999999818e+01 -9.280000000000000471e-01
-2.313040000000000020e+02 -1.460500000000000043e+01 -2.840399999999999991e+01 -7.760000000000000231e-01
-1.098310000000000031e+02 2.840399999999999991e+01 -1.099600000000000044e+01 -4.789999999999999813e-01
8.450799999999999557e+01 4.741799999999999926e+01 -8.400000000000000522e-02 -2.600000000000000089e-01
2.453729999999999905e+02 2.783299999999999841e+01 -3.451000000000000068e+00 -3.039999999999999925e-01
2.942330000000000041e+02 5.110000000000000098e-01 -9.644999999999999574e+00 -4.510000000000000120e-01
2.840280000000000200e+02 8.739000000000000767e+00 -4.222999999999999865e+00 -4.129999999999999782e-01
2.570659999999999741e+02 4.772599999999999909e+01 1.073499999999999943e+01 -2.190000000000000002e-01
1.374759999999999991e+02 7.039900000000000091e+01 2.271799999999999997e+01 -8.599999999999999312e-02
-7.869100000000000250e+01 5.968699999999999761e+01 2.685399999999999920e+01 -6.300000000000000044e-02
-2.389780000000000086e+02 4.575000000000000000e+01 2.564900000000000091e+01 -1.000000000000000056e-01
-2.558189999999999884e+02 4.667300000000000182e+01 1.946900000000000119e+01 -2.129999999999999949e-01
-1.991529999999999916e+02 4.781499999999999773e+01 9.503999999999999559e+00 -3.420000000000000262e-01
-1.375610000000000070e+02 4.199600000000000222e+01 2.099000000000000199e+00 -3.609999999999999876e-01
-6.876500000000000057e+01 4.112299999999999756e+01 8.239999999999999547e-01 -3.190000000000000058e-01
1.639999999999999858e+01 4.598899999999999721e+01 1.233000000000000096e+00 -4.149999999999999800e-01
1.202849999999999966e+02 3.952000000000000313e+01 -1.869999999999999996e-01 -6.500000000000000222e-01
2.319379999999999882e+02 1.395599999999999952e+01 8.279999999999999583e-01 -8.139999999999999458e-01
2.913109999999999786e+02 -1.651899999999999835e+01 8.160999999999999588e+00 -7.950000000000000400e-01
2.556889999999999930e+02 -3.210000000000000142e+01 1.752400000000000091e+01 -6.470000000000000195e-01
1.854159999999999968e+02 -2.648699999999999832e+01 2.210900000000000176e+01 -4.259999999999999898e-01
1.380099999999999909e+02 -1.527299999999999969e+01 1.857199999999999918e+01 -1.950000000000000067e-01
4.511099999999999710e+01 -2.427199999999999847e+01 4.844999999999999751e+00 -1.419999999999999873e-01
-1.733100000000000023e+02 -5.822899999999999920e+01 -1.859600000000000009e+01 -4.159999999999999809e-01
-4.645070000000000050e+02 -9.131100000000000705e+01 -4.270499999999999829e+01 -8.349999999999999645e-01
-6.823469999999999800e+02 -9.589799999999999613e+01 -5.309499999999999886e+01 -9.969999999999999973e-01
-6.803500000000000227e+02 -6.546999999999999886e+01 -4.306499999999999773e+01 -7.379999999999999893e-01
-4.061360000000000241e+02 -1.402800000000000047e+01 -2.030600000000000094e+01 -3.220000000000000084e-01
1.687500000000000000e+01 3.150799999999999912e+01 1.258999999999999897e+00 -1.130000000000000032e-01
3.655009999999999764e+02 4.743200000000000216e+01 1.356600000000000072e+01 -1.859999999999999987e-01
4.671990000000000123e+02 2.744999999999999929e+01 1.556600000000000072e+01 -3.400000000000000244e-01
2.807110000000000127e+02 -1.815500000000000114e+01 9.146000000000000796e+00 -4.179999999999999827e-01
-3.898700000000000188e+01 -6.276599999999999824e+01 2.366000000000000103e+00 -3.900000000000000133e-01
-2.180519999999999925e+02 -7.208100000000000307e+01 7.373999999999999666e+00 -2.179999999999999993e-01
-1.369279999999999973e+02 -3.870600000000000307e+01 2.326399999999999935e+01 7.000000000000000666e-02
7.254699999999999704e+01 1.548000000000000043e+00 3.100300000000000011e+01 2.069999999999999896e-01
2.138940000000000055e+02 6.766000000000000014e+00 1.616499999999999915e+01 -5.299999999999999850e-02
1.983329999999999984e+02 -2.770599999999999952e+01 -1.213799999999999990e+01 -5.430000000000000382e-01
1.037770000000000010e+02 -6.891700000000000159e+01 -3.254800000000000182e+01 -8.299999999999999600e-01
9.832299999999999329e+01 -7.861599999999999966e+01 -3.397399999999999665e+01 -6.830000000000000515e-01
2.003689999999999998e+02 -4.833200000000000074e+01 -2.102499999999999858e+01 -2.230000000000000038e-01
2.072270000000000039e+02 -8.098000000000000753e+00 -4.147000000000000242e+00 2.909999999999999809e-01
1.834000000000000075e+00 1.159200000000000053e+01 9.019000000000000128e+00 6.570000000000000284e-01
-2.272620000000000005e+02 2.030999999999999872e+01 1.642800000000000082e+01 8.249999999999999556e-01
-2.165099999999999909e+02 4.075200000000000244e+01 2.015399999999999991e+01 8.639999999999999902e-01
4.949699999999999989e+01 5.831099999999999994e+01 2.130600000000000094e+01 7.910000000000000364e-01
3.261569999999999823e+02 4.228000000000000114e+01 1.779799999999999827e+01 5.450000000000000400e-01
3.528990000000000009e+02 -2.027000000000000135e+00 8.845000000000000639e+00 1.910000000000000031e-01
9.689700000000000557e+01 -4.425600000000000023e+01 -1.737000000000000099e+00 -6.099999999999999867e-02
-2.338820000000000050e+02 -6.957599999999999341e+01 -8.740000000000000213e+00 -1.179999999999999938e-01
-4.253980000000000246e+02 -7.842600000000000193e+01 -9.538000000000000256e+00 -7.699999999999999900e-02
-4.506480000000000246e+02 -6.982999999999999829e+01 -4.299999999999999822e+00 1.000000000000000021e-03
-3.826820000000000164e+02 -4.044700000000000273e+01 6.192999999999999616e+00 1.940000000000000058e-01
-2.057489999999999952e+02 1.359500000000000064e+01 2.157900000000000063e+01 5.170000000000000151e-01
1.361119999999999948e+02 8.203900000000000148e+01 3.729999999999999716e+01 7.820000000000000284e-01
5.156910000000000309e+02 1.209849999999999994e+02 4.091799999999999926e+01 7.680000000000000160e-01
6.253460000000000036e+02 8.629600000000000648e+01 2.313200000000000145e+01 4.799999999999999822e-01
3.053229999999999791e+02 -1.542999999999999927e+00 -7.248000000000000220e+00 1.010000000000000064e-01
-2.115229999999999961e+02 -6.502200000000000557e+01 -2.970400000000000063e+01 -2.179999999999999993e-01
-5.061279999999999859e+02 -5.389300000000000068e+01 -3.331799999999999784e+01 -3.679999999999999938e-01
-3.926990000000000123e+02 7.775999999999999801e+00 -2.375300000000000011e+01 -2.580000000000000071e-01
-2.523699999999999832e+01 6.715600000000000591e+01 -1.111400000000000077e+01 5.199999999999999761e-02
3.544039999999999964e+02 1.037159999999999940e+02 -0.000000000000000000e+00 3.599999999999999867e-01
6.246230000000000473e+02 1.262900000000000063e+02 8.779999999999999361e+00 5.340000000000000302e-01
7.535000000000000000e+02 1.391030000000000086e+02 1.532399999999999984e+01 6.099999999999999867e-01
7.001200000000000045e+02 1.349809999999999945e+02 1.980300000000000082e+01 6.840000000000000524e-01
4.250230000000000246e+02 1.059129999999999967e+02 1.995899999999999963e+01 7.299999999999999822e-01
2.001999999999999780e+00 5.281300000000000239e+01 1.241600000000000037e+01 6.059999999999999831e-01
-3.390140000000000100e+02 -4.668000000000000149e+00 -1.562999999999999945e+00 3.089999999999999969e-01
-3.813210000000000264e+02 -3.608700000000000330e+01 -1.475500000000000078e+01 8.999999999999999667e-02
-1.287920000000000016e+02 -3.167099999999999937e+01 -1.990599999999999881e+01 1.390000000000000124e-01
2.011500000000000057e+02 -1.759100000000000108e+01 -1.689999999999999858e+01 2.909999999999999809e-01
3.323399999999999750e+02 -2.525100000000000122e+01 -1.159699999999999953e+01 2.770000000000000240e-01
1.230540000000000020e+02 -5.261099999999999710e+01 -7.057000000000000384e+00 1.189999999999999947e-01
-2.631610000000000014e+02 -7.411700000000000443e+01 -1.965999999999999970e+00 4.399999999999999745e-02
-4.803530000000000086e+02 -8.184799999999999898e+01 2.184000000000000163e+00 9.400000000000000022e-02
-4.018109999999999786e+02 -8.990699999999999648e+01 1.411000000000000032e+00 1.039999999999999952e-01
-2.376519999999999868e+02 -1.021069999999999993e+02 -3.039000000000000146e+00 7.000000000000000146e-03
-1.929209999999999923e+02 -1.073040000000000020e+02 -6.301000000000000156e+00 -8.599999999999999312e-02
-2.323189999999999884e+02 -1.033829999999999956e+02 -8.162000000000000810e+00 -1.219999999999999973e-01
-2.577730000000000246e+02 -9.693500000000000227e+01 -1.108000000000000007e+01 -1.670000000000000095e-01
-2.747210000000000036e+02 -8.454800000000000182e+01 -1.287500000000000000e+01 -2.240000000000000047e-01
-2.789089999999999918e+02 -5.734499999999999886e+01 -1.044800000000000040e+01 -2.069999999999999896e-01
-2.140670000000000073e+02 -2.377499999999999858e+01 -7.248000000000000220e+00 -1.290000000000000036e-01
-1.164060000000000059e+02 -9.851000000000000867e+00 -8.176000000000000156e+00 -9.800000000000000377e-02
-6.149600000000000222e+01 -2.230199999999999960e+01 -1.022199999999999953e+01 -1.239999999999999991e-01
6.814000000000000057e+00 -2.693900000000000006e+01 -6.469000000000000306e+00 -1.160000000000000059e-01
1.265999999999999943e+02 5.347000000000000419e+00 2.673999999999999932e+00 -2.199999999999999872e-02
1.324389999999999930e+02 4.635900000000000176e+01 8.301000000000000156e+00 1.089999999999999997e-01
-1.117369999999999948e+02 4.485499999999999687e+01 1.911999999999999922e+00 1.459999999999999909e-01
-4.503349999999999795e+02 -6.500000000000000222e-02 -1.548000000000000043e+01 -1.299999999999999940e-02
-5.924470000000000027e+02 -3.703099999999999881e+01 -3.059400000000000119e+01 -2.730000000000000204e-01
-4.524780000000000086e+02 -2.772500000000000142e+01 -2.808299999999999841e+01 -3.699999999999999956e-01
-2.359759999999999991e+02 1.547899999999999920e+01 -7.200999999999999623e+00 -1.749999999999999889e-01
-1.328930000000000007e+02 6.518500000000000227e+01 1.764999999999999858e+01 1.439999999999999891e-01
-3.137300000000000111e+01 1.210480000000000018e+02 3.325099999999999767e+01 3.649999999999999911e-01
2.420970000000000084e+02 1.830329999999999870e+02 3.666700000000000159e+01 4.420000000000000040e-01
5.288269999999999982e+02 2.119619999999999891e+02 3.146000000000000085e+01 4.490000000000000102e-01
5.287709999999999582e+02 1.688720000000000141e+02 2.235900000000000176e+01 3.990000000000000213e-01
2.714889999999999759e+02 7.978900000000000148e+01 1.207000000000000028e+01 2.149999999999999967e-01
5.790100000000000335e+01 1.331099999999999994e+01 1.451999999999999957e+00 -1.049999999999999961e-01
4.139800000000000324e+01 -7.179999999999999716e-01 -7.238999999999999879e+00 -3.810000000000000053e-01
1.229360000000000070e+02 1.035100000000000087e+01 -9.987999999999999545e+00 -4.169999999999999818e-01
1.669379999999999882e+02 1.585699999999999932e+01 -5.605999999999999872e+00 -2.039999999999999869e-01
1.600709999999999980e+02 1.365000000000000036e+01 1.114000000000000101e+00 9.299999999999999933e-02
1.638309999999999889e+02 1.438899999999999935e+01 4.169999999999999929e+00 2.859999999999999765e-01
1.506250000000000000e+02 2.157999999999999829e+01 3.379000000000000004e+00 3.290000000000000147e-01
-3.947999999999999954e+00 2.348000000000000043e+01 1.461999999999999966e+00 2.580000000000000071e-01
-2.777509999999999764e+02 1.961000000000000076e+00 -2.980999999999999872e+00 3.699999999999999817e-02
-4.340579999999999927e+02 -4.040800000000000125e+01 -1.127399999999999913e+01 -3.499999999999999778e-01
-3.327049999999999841e+02 -7.421800000000000352e+01 -1.739999999999999858e+01 -6.899999999999999467e-01
-7.460200000000000387e+01 -7.705700000000000216e+01 -1.421100000000000030e+01 -7.239999999999999769e-01
2.358249999999999886e+02 -5.781099999999999994e+01 -3.564999999999999947e+00 -4.849999999999999867e-01
5.544180000000000064e+02 -4.114300000000000068e+01 6.256000000000000227e+00 -2.359999999999999876e-01
7.078990000000000009e+02 -4.068999999999999773e+01 9.763999999999999346e+00 -1.320000000000000062e-01
5.194539999999999509e+02 -4.662800000000000011e+01 7.916999999999999815e+00 -9.900000000000000466e-02
1.478880000000000052e+02 -3.946300000000000097e+01 5.112000000000000099e+00 -8.999999999999999320e-03
-5.800300000000000011e+01 -1.955799999999999983e+01 3.048000000000000043e+00 6.400000000000000133e-02
-3.154500000000000171e+01 -7.386999999999999567e+00 -6.999999999999999556e-01 -5.700000000000000205e-02
1.246700000000000053e+01 -1.226600000000000001e+01 -6.314000000000000057e+00 -3.150000000000000022e-01
-2.088400000000000034e+01 -1.864499999999999957e+01 -8.406000000000000583e+00 -4.249999999999999889e-01
-1.369500000000000028e+01 -3.963999999999999968e+00 -2.137999999999999901e+00 -2.650000000000000133e-01
7.519499999999999318e+01 3.126099999999999923e+01 9.013999999999999346e+00 -2.999999999999999889e-02
6.411400000000000432e+01 4.973899999999999721e+01 1.365000000000000036e+01 2.100000000000000130e-02
-2.049919999999999902e+02 1.351600000000000001e+01 3.154999999999999805e+00 -1.869999999999999996e-01
-5.992830000000000155e+02 -6.178000000000000114e+01 -1.753399999999999892e+01 -5.120000000000000107e-01
-8.199450000000000500e+02 -1.167379999999999995e+02 -3.280499999999999972e+01 -7.369999999999999885e-01
-7.116359999999999673e+02 -1.115589999999999975e+02 -3.064099999999999824e+01 -7.239999999999999769e-01
-3.368990000000000009e+02 -5.165500000000000114e+01 -1.269500000000000028e+01 -4.239999999999999880e-01
1.431709999999999923e+02 3.324600000000000222e+01 7.610000000000000320e+00 4.599999999999999922e-02
5.722400000000000091e+02 1.021760000000000019e+02 1.627700000000000102e+01 3.569999999999999840e-01
8.438650000000000091e+02 1.178020000000000067e+02 1.225300000000000011e+01 3.320000000000000173e-01
8.633959999999999582e+02 8.049899999999999523e+01 8.259000000000000341e+00 2.500000000000000000e-01
5.692519999999999527e+02 3.410000000000000142e+01 1.327299999999999969e+01 4.239999999999999880e-01
1.179959999999999951e+02 1.996600000000000108e+01 2.033599999999999852e+01 6.899999999999999467e-01
-1.692429999999999950e+02 3.375300000000000011e+01 1.875700000000000145e+01 6.750000000000000444e-01
-1.782969999999999970e+02 4.134100000000000108e+01 1.033500000000000085e+01 3.800000000000000044e-01
-6.211899999999999977e+01 3.012800000000000011e+01 4.713000000000000078e+00 1.590000000000000024e-01
5.042300000000000182e+01 1.669999999999999929e+01 4.447000000000000064e+00 1.940000000000000058e-01
1.239569999999999936e+02 5.735999999999999766e+00 3.154999999999999805e+00 2.630000000000000115e-01
1.039320000000000022e+02 -1.635099999999999909e+01 -2.992999999999999883e+00 1.310000000000000053e-01
-1.612399999999999878e+01 -4.448199999999999932e+01 -9.039999999999999147e+00 -7.799999999999999989e-02
-1.117549999999999955e+02 -5.532399999999999807e+01 -8.692999999999999616e+00 -7.099999999999999367e-02
-6.432899999999999352e+01 -4.427300000000000324e+01 -2.487000000000000099e+00 1.630000000000000060e-01
9.172799999999999443e+01 -2.948300000000000054e+01 4.705000000000000071e+00 3.430000000000000271e-01
1.987500000000000000e+02 -2.778500000000000014e+01 9.676000000000000156e+00 3.029999999999999916e-01
1.318760000000000048e+02 -4.355899999999999750e+01 1.139400000000000013e+01 1.759999999999999898e-01
-2.500600000000000023e+01 -6.453100000000000591e+01 9.515000000000000568e+00 1.499999999999999944e-01
-3.672099999999999653e+01 -6.612399999999999523e+01 5.536999999999999922e+00 1.880000000000000004e-01
1.534910000000000139e+02 -3.717999999999999972e+01 3.051000000000000156e+00 1.239999999999999991e-01
3.210289999999999964e+02 7.777999999999999581e+00 4.855999999999999872e+00 -5.000000000000000278e-02
2.870319999999999823e+02 4.736999999999999744e+01 1.043900000000000006e+01 -1.690000000000000113e-01
1.341769999999999925e+02 6.460200000000000387e+01 1.601300000000000168e+01 -1.749999999999999889e-01
1.381000000000000005e+00 4.441799999999999926e+01 1.633599999999999852e+01 -2.089999999999999913e-01
-1.196449999999999960e+02 -1.516799999999999926e+01 7.576999999999999957e+00 -4.010000000000000231e-01
-2.697520000000000095e+02 -8.600600000000000023e+01 -7.950999999999999623e+00 -6.770000000000000462e-01
-3.826680000000000064e+02 -1.194830000000000041e+02 -1.972500000000000142e+01 -7.980000000000000426e-01
-3.923190000000000168e+02 -9.369700000000000273e+01 -1.838200000000000145e+01 -6.480000000000000204e-01
-3.576970000000000027e+02 -4.627900000000000347e+01 -8.374000000000000554e+00 -4.050000000000000266e-01
-3.568530000000000086e+02 -3.086799999999999855e+01 -3.313000000000000167e+00 -3.360000000000000209e-01
-3.489719999999999800e+02 -4.658299999999999841e+01 -7.363999999999999879e+00 -4.709999999999999742e-01
-2.633580000000000041e+02 -4.801700000000000301e+01 -1.086400000000000077e+01 -5.879999999999999671e-01
-1.431939999999999884e+02 -1.664199999999999946e+01 -6.461999999999999744e+00 -4.839999999999999858e-01
-7.469299999999999784e+01 2.302599999999999980e+01 2.012000000000000011e+00 -1.799999999999999933e-01
-6.829500000000000171e+01 4.746600000000000108e+01 7.916000000000000369e+00 1.310000000000000053e-01
-1.089590000000000032e+02 4.862100000000000222e+01 7.000000000000000000e+00 2.810000000000000275e-01
-1.853480000000000132e+02 2.236899999999999977e+01 -2.907999999999999918e+00 2.359999999999999876e-01
-2.256800000000000068e+02 -1.622899999999999920e+01 -1.623999999999999844e+01 1.079999999999999988e-01
-1.632040000000000077e+02 -2.656099999999999994e+01 -2.056800000000000139e+01 9.299999999999999933e-02
-5.256199999999999761e+01 1.393599999999999994e+01 -1.221199999999999974e+01 2.730000000000000204e-01
-3.366000000000000103e+00 7.444100000000000250e+01 -2.040000000000000036e+00 5.010000000000000009e-01
-5.762800000000000011e+01 1.084240000000000066e+02 1.159999999999999920e+00 5.749999999999999556e-01
-2.008499999999999943e+02 1.118859999999999957e+02 1.612999999999999989e+00 5.130000000000000115e-01
-3.902470000000000141e+02 1.078379999999999939e+02 3.047000000000000153e+00 4.670000000000000262e-01
-5.112970000000000255e+02 9.390399999999999636e+01 -1.754000000000000004e+00 4.400000000000000022e-01
-4.296610000000000014e+02 5.757999999999999829e+01 -1.573499999999999943e+01 3.190000000000000058e-01
-1.318530000000000086e+02 2.442599999999999838e+01 -2.556899999999999906e+01 1.670000000000000095e-01
2.718340000000000032e+02 3.258599999999999852e+01 -1.958899999999999864e+01 1.719999999999999862e-01
6.413300000000000409e+02 6.832099999999999795e+01 -6.312999999999999723e+00 2.859999999999999765e-01
8.283759999999999764e+02 7.896599999999999397e+01 -7.740000000000000213e-01 2.650000000000000133e-01
7.169030000000000200e+02 4.929500000000000171e+01 -2.012999999999999901e+00 1.110000000000000014e-01
3.801059999999999945e+02 1.823699999999999832e+01 6.239999999999999991e-01 8.500000000000000611e-02
9.387699999999999534e+01 1.355300000000000082e+01 6.157000000000000028e+00 2.250000000000000056e-01
2.386599999999999966e+01 1.473199999999999932e+01 4.868999999999999773e+00 2.600000000000000089e-01
4.661800000000000210e+01 -3.987999999999999989e+00 -2.350000000000000089e+00 9.299999999999999933e-02
1.642399999999999949e+01 -3.190200000000000102e+01 -6.206000000000000405e+00 -6.199999999999999956e-02
-5.137599999999999767e+01 -4.712700000000000244e+01 -6.610000000000000320e+00 -1.059999999999999970e-01
-1.512369999999999948e+02 -5.680299999999999727e+01 -1.137899999999999956e+01 -2.129999999999999949e-01
-3.373870000000000005e+02 -8.208499999999999375e+01 -2.051699999999999946e+01 -4.660000000000000253e-01
-5.515059999999999718e+02 -1.187510000000000048e+02 -2.504500000000000171e+01 -6.740000000000000435e-01
-6.349460000000000264e+02 -1.446570000000000107e+02 -2.086599999999999966e+01 -6.780000000000000471e-01
-5.281130000000000564e+02 -1.545180000000000007e+02 -1.442200000000000060e+01 -5.590000000000000524e-01
-3.027359999999999900e+02 -1.510699999999999932e+02 -1.156000000000000050e+01 -4.159999999999999809e-01
-2.769300000000000139e+01 -1.168389999999999986e+02 -7.245000000000000107e+00 -1.789999999999999925e-01
2.163890000000000100e+02 -4.067999999999999972e+01 5.985999999999999766e+00 2.030000000000000138e-01
2.604580000000000268e+02 4.447099999999999653e+01 2.364399999999999835e+01 5.829999999999999627e-01
8.175799999999999557e+01 9.932800000000000296e+01 3.464300000000000068e+01 7.920000000000000373e-01
1.327999999999999936e+01 1.365569999999999879e+02 3.805400000000000205e+01 8.649999999999999911e-01
3.399929999999999950e+02 1.913890000000000100e+02 4.150500000000000256e+01 9.300000000000000488e-01
8.416180000000000518e+02 2.477769999999999868e+02 4.566700000000000159e+01 9.779999999999999805e-01
1.092693999999999960e+03 2.521750000000000114e+02 4.470400000000000063e+01 9.210000000000000409e-01
9.950240000000000009e+02 1.955749999999999886e+02 3.796999999999999886e+01 7.469999999999999973e-01
7.371889999999999645e+02 1.216140000000000043e+02 2.726200000000000045e+01 4.610000000000000209e-01
4.625249999999999773e+02 5.842699999999999960e+01 1.048000000000000043e+01 5.600000000000000117e-02
2.044689999999999941e+02 -1.616000000000000103e+00 -1.053700000000000081e+01 -3.709999999999999964e-01
4.272999999999999687e+00 -5.964800000000000324e+01 -2.571900000000000119e+01 -6.340000000000000080e-01
-9.044400000000000261e+01 -9.609300000000000352e+01 -2.783500000000000085e+01 -6.480000000000000204e-01
-1.053370000000000033e+02 -1.023080000000000069e+02 -2.070899999999999963e+01 -5.260000000000000231e-01
-1.112150000000000034e+02 -9.278300000000000125e+01 -1.284200000000000053e+01 -4.359999999999999987e-01
-1.328069999999999879e+02 -8.180700000000000216e+01 -8.132999999999999119e+00 -4.219999999999999862e-01
-1.445900000000000034e+02 -7.258499999999999375e+01 -5.642999999999999794e+00 -4.339999999999999969e-01
-1.346349999999999909e+02 -6.754000000000000625e+01 -3.805000000000000160e+00 -4.560000000000000164e-01
-1.338590000000000089e+02 -6.933899999999999864e+01 -1.629000000000000004e+00 -4.919999999999999929e-01
-1.825149999999999864e+02 -7.529800000000000182e+01 9.579999999999999627e-01 -5.040000000000000036e-01
-2.692819999999999823e+02 -8.056100000000000705e+01 2.874000000000000110e+00 -4.490000000000000102e-01
-3.309710000000000036e+02 -8.184699999999999420e+01 4.413000000000000256e+00 -3.109999999999999987e-01
-3.258969999999999914e+02 -7.854900000000000659e+01 7.310999999999999943e+00 -1.130000000000000032e-01
-2.434759999999999991e+02 -7.553300000000000125e+01 9.566000000000000725e+00 3.300000000000000155e-02
-7.422899999999999920e+01 -8.065699999999999648e+01 6.062000000000000277e+00 -1.299999999999999940e-02
1.170969999999999942e+02 -9.739600000000000080e+01 -2.807999999999999829e+00 -2.489999999999999991e-01
1.756740000000000066e+02 -1.191099999999999994e+02 -9.823000000000000398e+00 -4.919999999999999929e-01
2.822700000000000031e+01 -1.265969999999999942e+02 -9.612999999999999545e+00 -5.420000000000000373e-01
-2.148350000000000080e+02 -9.825400000000000489e+01 -3.330999999999999961e+00 -3.459999999999999742e-01
-3.738020000000000209e+02 -3.049299999999999855e+01 5.134999999999999787e+00 -1.499999999999999944e-02
-3.572239999999999895e+02 5.377600000000000335e+01 1.353500000000000014e+01 3.109999999999999987e-01
-2.212059999999999889e+02 1.141299999999999955e+02 1.983999999999999986e+01 5.350000000000000311e-01
-1.214189999999999969e+02 1.175430000000000064e+02 1.946699999999999875e+01 5.819999999999999618e-01
-1.775860000000000127e+02 7.669599999999999795e+01 1.073499999999999943e+01 4.620000000000000218e-01
-3.354300000000000068e+02 4.894899999999999807e+01 7.860000000000000320e-01 2.859999999999999765e-01
-4.062760000000000105e+02 6.490699999999999648e+01 -2.266999999999999904e+00 1.310000000000000053e-01
-2.955500000000000114e+02 8.476699999999999591e+01 4.299999999999999933e-01 1.000000000000000021e-02
-1.133529999999999944e+02 6.156300000000000239e+01 2.387000000000000011e+00 -3.500000000000000333e-02
-5.659999999999999476e-01 1.272600000000000087e+01 1.108000000000000096e+00 -4.000000000000000083e-03
5.699199999999999733e+01 -8.865999999999999659e+00 -7.219999999999999751e-01 3.500000000000000333e-02
1.690809999999999889e+02 1.426800000000000068e+01 5.470000000000000417e-01 9.700000000000000289e-02
3.506750000000000114e+02 5.351400000000000290e+01 6.105999999999999872e+00 2.300000000000000100e-01
4.700960000000000036e+02 7.424899999999999523e+01 1.191699999999999982e+01 3.310000000000000164e-01
4.121480000000000246e+02 6.431699999999999307e+01 1.058600000000000030e+01 2.340000000000000135e-01
2.321210000000000093e+02 3.443399999999999750e+01 1.040999999999999925e+00 -4.000000000000000083e-03
9.791700000000000159e+01 5.543000000000000149e+00 -8.150000000000000355e+00 -1.539999999999999980e-01
1.244150000000000063e+02 -7.679999999999999716e+00 -1.027899999999999991e+01 -1.489999999999999936e-01
2.797799999999999727e+02 -7.794999999999999929e+00 -8.742000000000000881e+00 -1.469999999999999918e-01
3.992169999999999845e+02 -9.173999999999999488e+00 -9.994999999999999218e+00 -2.690000000000000169e-01
3.131360000000000241e+02 -2.103200000000000003e+01 -1.479299999999999926e+01 -4.510000000000000120e-01
4.589500000000000313e+01 -3.782699999999999818e+01 -1.941499999999999915e+01 -5.759999999999999565e-01
-1.678530000000000086e+02 -4.587800000000000011e+01 -2.033899999999999864e+01 -5.889999999999999680e-01
-1.637990000000000066e+02 -3.627400000000000091e+01 -1.544400000000000084e+01 -4.530000000000000138e-01
-3.073199999999999932e+01 -1.244400000000000084e+01 -5.394000000000000128e+00 -1.650000000000000078e-01
6.749099999999999966e+01 1.114899999999999913e+01 4.679000000000000270e+00 1.700000000000000122e-01
6.500600000000000023e+01 2.043700000000000117e+01 1.000000000000000000e+01 3.980000000000000204e-01
-5.788900000000000290e+01 1.440300000000000047e+01 1.213199999999999967e+01 4.719999999999999751e-01
-2.822590000000000146e+02 -1.526000000000000023e+00 1.257900000000000063e+01 4.159999999999999809e-01
-4.663020000000000209e+02 -2.846999999999999886e+01 5.746999999999999886e+00 1.749999999999999889e-01
-4.131530000000000200e+02 -5.873299999999999699e+01 -8.832000000000000739e+00 -2.139999999999999958e-01
-8.483499999999999375e+01 -6.478600000000000136e+01 -1.764999999999999858e+01 -4.450000000000000067e-01
2.895760000000000218e+02 -3.729699999999999704e+01 -1.177200000000000024e+01 -2.770000000000000240e-01
3.791179999999999950e+02 -8.711000000000000298e+00 -1.205999999999999961e+00 9.099999999999999756e-02
9.352800000000000580e+01 -6.714000000000000412e+00 1.024999999999999911e+00 3.039999999999999925e-01
-2.899010000000000105e+02 -1.832499999999999929e+01 -4.378000000000000114e+00 2.760000000000000231e-01
-4.750960000000000036e+02 -2.310200000000000031e+01 -1.041699999999999982e+01 1.209999999999999964e-01
-4.937420000000000186e+02 -2.043900000000000006e+01 -1.594200000000000017e+01 -7.099999999999999367e-02
-5.041720000000000255e+02 -1.133099999999999952e+01 -2.281500000000000128e+01 -2.520000000000000018e-01
-4.763790000000000191e+02 6.181000000000000050e+00 -2.886100000000000065e+01 -3.750000000000000000e-01
-3.007269999999999754e+02 2.571600000000000108e+01 -2.882900000000000063e+01 -3.940000000000000169e-01
1.800900000000000034e+01 4.702600000000000335e+01 -1.901800000000000068e+01 -2.500000000000000000e-01
3.821250000000000000e+02 7.731900000000000261e+01 -1.804999999999999938e+00 5.399999999999999939e-02
6.266710000000000491e+02 1.024230000000000018e+02 1.332900000000000063e+01 3.479999999999999760e-01
5.839779999999999518e+02 9.825300000000000011e+01 1.818299999999999983e+01 4.769999999999999796e-01
3.250969999999999800e+02 7.040000000000000568e+01 1.481300000000000061e+01 4.909999999999999920e-01
1.829660000000000082e+02 4.248599999999999710e+01 1.254700000000000060e+01 4.959999999999999964e-01
3.102520000000000095e+02 2.147899999999999920e+01 1.789900000000000091e+01 4.869999999999999885e-01
4.331399999999999864e+02 8.319999999999999618e-01 2.648799999999999955e+01 3.950000000000000178e-01
2.956499999999999773e+02 -1.982900000000000063e+01 2.483200000000000074e+01 1.640000000000000069e-01
6.554000000000000625e+01 -2.966499999999999915e+01 7.461999999999999744e+00 -1.489999999999999936e-01
1.588000000000000078e+01 -2.002799999999999869e+01 -1.142800000000000082e+01 -3.499999999999999778e-01
1.063319999999999936e+02 -4.352000000000000313e+00 -1.558699999999999974e+01 -3.039999999999999925e-01
1.378650000000000091e+02 -6.548000000000000043e+00 -8.521000000000000796e+00 -1.429999999999999882e-01
3.404200000000000159e+01 -2.563500000000000156e+01 -4.246000000000000441e+00 -8.999999999999999667e-02
-1.866519999999999868e+02 -4.093800000000000239e+01 -5.604000000000000092e+00 -1.499999999999999944e-01
-4.405930000000000177e+02 -4.554299999999999926e+01 -4.927999999999999936e+00 -1.160000000000000059e-01
-5.232200000000000273e+02 -3.906499999999999773e+01 1.310999999999999943e+00 1.340000000000000080e-01
-2.743829999999999814e+02 -5.503999999999999559e+00 9.558999999999999275e+00 4.570000000000000173e-01
1.703799999999999955e+02 5.960999999999999943e+01 1.564400000000000013e+01 6.360000000000000098e-01
4.738600000000000136e+02 1.208499999999999943e+02 1.765299999999999869e+01 6.540000000000000258e-01
4.652169999999999845e+02 1.436810000000000116e+02 1.657799999999999940e+01 6.490000000000000213e-01
2.808519999999999754e+02 1.359250000000000114e+02 1.442900000000000027e+01 6.139999999999999902e-01
1.157530000000000001e+02 1.144830000000000041e+02 9.666999999999999815e+00 4.050000000000000266e-01
-9.951000000000000512e+00 7.537900000000000489e+01 1.020000000000000018e+00 9.099999999999999756e-02
-1.533160000000000025e+02 2.361700000000000088e+01 -5.432999999999999829e+00 -5.800000000000000294e-02
-2.689049999999999727e+02 -1.690899999999999892e+01 -3.273000000000000131e+00 -8.000000000000000167e-03
-2.780740000000000123e+02 -3.854999999999999716e+01 3.221999999999999975e+00 7.000000000000000146e-03
-2.232390000000000043e+02 -5.496500000000000341e+01 4.373000000000000220e+00 -7.599999999999999811e-02
-1.982059999999999889e+02 -7.163100000000000023e+01 -1.624000000000000110e+00 -7.000000000000000666e-02
-1.936049999999999898e+02 -8.307999999999999829e+01 -7.873999999999999666e+00 1.029999999999999943e-01
-1.430569999999999879e+02 -8.859300000000000352e+01 -9.285000000000000142e+00 2.590000000000000080e-01
-5.557800000000000296e+01 -8.608100000000000307e+01 -7.660000000000000142e+00 2.149999999999999967e-01
-1.086999999999999966e+00 -7.050700000000000500e+01 -6.935999999999999943e+00 1.099999999999999936e-02
-2.680099999999999838e+01 -5.377000000000000313e+01 -8.246000000000000441e+00 -2.039999999999999869e-01
-1.348669999999999902e+02 -5.645600000000000307e+01 -9.644000000000000128e+00 -3.549999999999999822e-01
-2.622500000000000000e+02 -7.376999999999999602e+01 -9.348000000000000753e+00 -4.359999999999999987e-01
-2.923340000000000032e+02 -8.176000000000000512e+01 -9.105000000000000426e+00 -4.839999999999999858e-01
-1.837230000000000132e+02 -7.155700000000000216e+01 -1.129599999999999937e+01 -5.719999999999999529e-01
-2.826699999999999946e+01 -4.749199999999999733e+01 -1.290700000000000003e+01 -6.650000000000000355e-01
7.680800000000000693e+01 -1.017699999999999960e+01 -8.714999999999999858e+00 -4.989999999999999991e-01
9.645799999999999841e+01 2.717399999999999949e+01 -1.207000000000000073e+00 2.139999999999999958e-01
1.649200000000000088e+01 3.332500000000000284e+01 5.370000000000000329e-01 1.312999999999999945e+00
-1.103439999999999941e+02 3.386000000000000121e+00 -5.996999999999999886e+00 2.052000000000000046e+00
-1.601610000000000014e+02 -2.412399999999999878e+01 -1.341000000000000014e+01 1.812999999999999945e+00
-9.793399999999999750e+01 -2.247899999999999920e+01 -1.643499999999999872e+01 8.579999999999999849e-01
-1.491999999999999993e+00 -9.019000000000000128e+00 -1.703500000000000014e+01 -4.499999999999999833e-02
1.104260000000000019e+02 -1.675999999999999934e+00 -1.548099999999999987e+01 -5.370000000000000329e-01
2.751999999999999886e+02 1.154899999999999949e+01 -7.458999999999999631e+00 -7.810000000000000275e-01
4.168299999999999841e+02 3.758500000000000085e+01 6.328000000000000291e+00 -1.004999999999999893e+00
3.904920000000000186e+02 5.266599999999999682e+01 1.661400000000000077e+01 -1.356000000000000094e+00
2.122829999999999870e+02 3.950099999999999767e+01 1.740800000000000125e+01 -1.889000000000000012e+00
8.294299999999999784e+01 1.867899999999999849e+01 1.512599999999999945e+01 -2.428999999999999826e+00
1.218479999999999990e+02 1.243099999999999916e+01 1.809199999999999875e+01 -2.632000000000000117e+00
1.851639999999999873e+02 7.003999999999999559e+00 2.202499999999999858e+01 -2.407000000000000028e+00
6.918300000000000693e+01 -1.586200000000000010e+01 1.675700000000000145e+01 -2.057999999999999829e+00
-1.726889999999999930e+02 -3.925099999999999767e+01 4.344999999999999751e+00 -1.816999999999999948e+00
-2.912330000000000041e+02 -3.658100000000000307e+01 -1.733999999999999986e+00 -1.540000000000000036e+00
-1.916229999999999905e+02 -1.352500000000000036e+01 4.277999999999999581e+00 -1.096999999999999975e+00
-3.799799999999999756e+01 1.737999999999999989e+00 1.224799999999999933e+01 -7.610000000000000098e-01
-6.458000000000000185e+00 -6.070999999999999730e+00 1.018900000000000006e+01 -8.010000000000000453e-01
-8.435899999999999466e+01 -2.624500000000000099e+01 1.370000000000000107e-01 -8.820000000000000062e-01
-1.378750000000000000e+02 -3.404999999999999716e+01 -5.080000000000000071e+00 -3.920000000000000151e-01
-8.124800000000000466e+01 -1.696499999999999986e+01 1.104000000000000092e+00 6.099999999999999867e-01
4.227300000000000324e+01 6.756999999999999673e+00 1.083900000000000041e+01 1.375000000000000000e+00
1.072270000000000039e+02 1.042999999999999972e+01 1.302100000000000080e+01 1.489000000000000101e+00
5.197999999999999687e+01 -7.800000000000000266e-01 8.894000000000000128e+00 1.322000000000000064e+00
-2.815500000000000114e+01 5.420000000000000373e-01 9.925000000000000711e+00 1.346000000000000085e+00
-5.049999999999999822e+00 1.681099999999999994e+01 1.898499999999999943e+01 1.542000000000000037e+00
1.034939999999999998e+02 2.496399999999999864e+01 2.383200000000000074e+01 1.641000000000000014e+00
1.946450000000000102e+02 2.138200000000000145e+01 1.590199999999999925e+01 1.554000000000000048e+00
2.495020000000000095e+02 2.643799999999999883e+01 3.734999999999999876e+00 1.405000000000000027e+00
2.813100000000000023e+02 4.238600000000000279e+01 -9.330000000000000515e-01 1.310999999999999943e+00
2.266059999999999945e+02 4.302000000000000313e+01 8.369999999999999662e-01 1.260999999999999899e+00
7.827899999999999636e+01 1.231900000000000084e+01 2.959999999999999853e-01 1.149999999999999911e+00
-1.941799999999999926e+01 -3.225099999999999767e+01 -6.165000000000000036e+00 9.060000000000000275e-01
1.754700000000000060e+01 -6.504699999999999704e+01 -1.474499999999999922e+01 5.689999999999999503e-01
6.265500000000000114e+01 -8.020000000000000284e+01 -2.127199999999999847e+01 2.570000000000000062e-01
-4.434499999999999886e+01 -8.142400000000000659e+01 -2.553200000000000003e+01 7.499999999999999722e-02
-3.096909999999999741e+02 -6.530200000000000671e+01 -2.722700000000000031e+01 8.799999999999999489e-02
-6.250650000000000546e+02 -3.010999999999999943e+01 -2.258299999999999841e+01 3.079999999999999960e-01
-8.640049999999999955e+02 1.659199999999999875e+01 -9.391000000000000014e+00 6.860000000000000542e-01
-8.978959999999999582e+02 6.847599999999999909e+01 8.221999999999999531e+00 1.108999999999999986e+00
-6.360520000000000209e+02 1.204060000000000059e+02 2.313800000000000168e+01 1.421999999999999931e+00
-1.407009999999999934e+02 1.545689999999999884e+02 3.042299999999999827e+01 1.483999999999999986e+00
3.717379999999999995e+02 1.497400000000000091e+02 2.845400000000000063e+01 1.260000000000000009e+00
7.072279999999999518e+02 1.088919999999999959e+02 1.859499999999999886e+01 8.729999999999999982e-01
7.833640000000000327e+02 5.937100000000000222e+01 5.926000000000000156e+00 5.170000000000000151e-01
6.130620000000000118e+02 2.894099999999999895e+01 -2.144000000000000128e+00 3.449999999999999734e-01
3.743120000000000118e+02 3.218800000000000239e+01 -1.856000000000000094e+00 3.739999999999999991e-01
2.921510000000000105e+02 5.951700000000000301e+01 2.410000000000000142e+00 4.450000000000000067e-01
3.084839999999999804e+02 6.968099999999999739e+01 2.491000000000000103e+00 3.549999999999999822e-01
1.919819999999999993e+02 2.893700000000000117e+01 -3.363999999999999879e+00 9.600000000000000200e-02
-3.237199999999999989e+01 -3.571800000000000352e+01 -7.761999999999999567e+00 -1.529999999999999971e-01
-1.461889999999999930e+02 -6.580800000000000693e+01 -5.910000000000000142e+00 -2.859999999999999765e-01
-1.022650000000000006e+02 -4.790299999999999869e+01 -4.408999999999999808e+00 -3.619999999999999885e-01
-3.306999999999999940e+00 -1.608699999999999974e+01 -1.011500000000000021e+01 -4.550000000000000155e-01
9.778799999999999670e+01 3.842000000000000082e+00 -1.784100000000000108e+01 -5.719999999999999529e-01
1.580639999999999930e+02 1.157399999999999984e+01 -1.869300000000000139e+01 -6.830000000000000515e-01
1.035409999999999968e+02 1.218800000000000061e+01 -1.292399999999999949e+01 -7.129999999999999671e-01
-3.272299999999999898e+01 1.056300000000000061e+01 -7.030000000000000249e+00 -6.039999999999999813e-01
-9.765399999999999636e+01 1.504499999999999993e+01 -4.842999999999999972e+00 -4.369999999999999996e-01
-3.625200000000000244e+01 2.406299999999999883e+01 -6.224000000000000199e+00 -3.649999999999999911e-01
5.174000000000000377e+00 1.550600000000000023e+01 -1.017999999999999972e+01 -4.400000000000000022e-01
-1.182530000000000001e+02 -2.761700000000000088e+01 -1.569599999999999973e+01 -6.099999999999999867e-01
-3.403589999999999804e+02 -8.585800000000000409e+01 -1.961799999999999855e+01 -8.219999999999999529e-01
-4.703179999999999836e+02 -1.224659999999999940e+02 -1.704100000000000037e+01 -9.809999999999999831e-01
-4.366030000000000086e+02 -1.255210000000000008e+02 -7.709999999999999964e+00 -9.909999999999999920e-01
-3.431170000000000186e+02 -1.084170000000000016e+02 2.230000000000000038e-01 -8.870000000000000107e-01
-2.562509999999999764e+02 -8.346599999999999397e+01 -1.280000000000000027e+00 -8.050000000000000488e-01
-9.667600000000000193e+01 -5.971099999999999852e+01 -8.900000000000000355e+00 -8.269999999999999574e-01
1.112159999999999940e+02 -5.367999999999999972e+01 -1.250799999999999912e+01 -9.350000000000000533e-01
1.380720000000000027e+02 -7.345199999999999818e+01 -1.002399999999999913e+01 -1.062000000000000055e+00
-5.950800000000000267e+01 -9.608199999999999363e+01 -7.179000000000000270e+00 -1.112000000000000099e+00
-1.811220000000000141e+02 -8.594499999999999318e+01 -3.128000000000000114e+00 -9.609999999999999654e-01
-3.456000000000000227e+01 -2.980600000000000094e+01 1.030199999999999960e+01 -5.040000000000000036e-01
2.449310000000000116e+02 6.491700000000000159e+01 3.416400000000000148e+01 1.960000000000000075e-01
5.057490000000000236e+02 1.762940000000000111e+02 5.664200000000000301e+01 7.990000000000000435e-01
6.885560000000000400e+02 2.463129999999999882e+02 6.191899999999999693e+01 8.850000000000000089e-01
6.820670000000000073e+02 2.137220000000000084e+02 4.504699999999999704e+01 4.460000000000000075e-01
4.481220000000000141e+02 1.039050000000000011e+02 2.028699999999999903e+01 -2.699999999999999969e-02
1.656179999999999950e+02 1.177500000000000036e+01 6.687000000000000277e+00 -1.570000000000000007e-01
5.985000000000000320e+00 -2.187399999999999878e+01 4.554999999999999716e+00 -1.239999999999999991e-01
-5.637199999999999989e+01 -3.313199999999999790e+01 -6.079999999999999849e-01 -2.330000000000000127e-01
-8.835299999999999443e+01 -4.379699999999999704e+01 -1.261800000000000033e+01 -4.139999999999999791e-01
-7.157299999999999329e+01 -3.809400000000000119e+01 -2.012999999999999901e+01 -4.470000000000000084e-01
-1.917500000000000071e+01 -2.001000000000000156e+01 -1.789699999999999847e+01 -3.659999999999999920e-01
-4.832399999999999807e+01 -2.112300000000000111e+01 -1.573900000000000077e+01 -3.599999999999999867e-01
-2.568199999999999932e+02 -5.501800000000000068e+01 -2.226200000000000045e+01 -4.570000000000000173e-01
-5.837250000000000227e+02 -1.045540000000000020e+02 -3.278900000000000148e+01 -5.220000000000000195e-01
-8.137640000000000100e+02 -1.449650000000000034e+02 -3.899000000000000199e+01 -4.819999999999999840e-01
-7.452219999999999800e+02 -1.557230000000000132e+02 -3.954699999999999704e+01 -4.010000000000000231e-01
-3.963210000000000264e+02 -1.201580000000000013e+02 -3.383500000000000085e+01 -3.099999999999999978e-01
1.027699999999999925e+01 -3.457099999999999795e+01 -1.533699999999999974e+01 -6.500000000000000222e-02
3.087040000000000077e+02 7.592499999999999716e+01 1.608599999999999852e+01 4.709999999999999742e-01
5.083559999999999945e+02 1.616289999999999907e+02 4.234100000000000108e+01 1.072999999999999954e+00
6.126960000000000264e+02 1.869039999999999964e+02 4.347500000000000142e+01 1.245999999999999996e+00
5.408970000000000482e+02 1.636529999999999916e+02 2.320499999999999829e+01 8.349999999999999645e-01
3.144649999999999750e+02 1.309370000000000118e+02 4.402000000000000135e+00 2.640000000000000124e-01
9.748699999999999477e+01 1.046269999999999953e+02 7.449999999999999956e-01 -2.800000000000000058e-02
-2.619399999999999906e+01 6.466899999999999693e+01 3.818000000000000060e+00 -9.299999999999999933e-02
-1.238820000000000050e+02 -1.358000000000000096e+00 -1.529999999999999971e-01 -2.039999999999999869e-01
-2.347839999999999918e+02 -6.017799999999999727e+01 -9.627000000000000668e+00 -3.689999999999999947e-01
-3.011309999999999718e+02 -6.715300000000000580e+01 -1.256400000000000006e+01 -3.810000000000000053e-01
-2.871000000000000227e+02 -2.996099999999999852e+01 -6.868000000000000327e+00 -2.030000000000000138e-01
-2.417009999999999934e+02 3.059999999999999942e-01 -2.693999999999999950e+00 -1.000000000000000021e-02
-2.561360000000000241e+02 -6.413999999999999702e+00 -6.286999999999999922e+00 8.599999999999999312e-02
-3.694540000000000077e+02 -3.958299999999999841e+01 -1.365099999999999980e+01 8.899999999999999578e-02
-4.694599999999999795e+02 -7.762500000000000000e+01 -1.871699999999999875e+01 1.799999999999999864e-02
-3.766270000000000095e+02 -1.038409999999999940e+02 -1.841900000000000048e+01 -2.599999999999999881e-02
-7.787699999999999534e+01 -1.042049999999999983e+02 -1.086299999999999955e+01 1.489999999999999936e-01
2.280000000000000000e+02 -7.610800000000000409e+01 3.029999999999999805e+00 5.280000000000000249e-01
3.292269999999999754e+02 -3.872599999999999909e+01 1.464100000000000001e+01 7.860000000000000320e-01
1.958689999999999998e+02 -1.700900000000000034e+01 1.397199999999999953e+01 6.989999999999999547e-01
1.066200000000000081e+01 -1.102899999999999991e+01 4.474000000000000199e+00 4.590000000000000191e-01
5.653999999999999915e+00 5.195000000000000284e+00 9.350000000000000533e-01 3.990000000000000213e-01
2.237030000000000030e+02 4.799199999999999733e+01 1.005100000000000016e+01 5.709999999999999520e-01
4.489700000000000273e+02 9.872599999999999909e+01 2.294399999999999906e+01 7.610000000000000098e-01
4.036259999999999764e+02 1.201269999999999953e+02 2.582799999999999940e+01 7.219999999999999751e-01
4.393900000000000006e+01 9.124699999999999989e+01 1.293599999999999994e+01 3.459999999999999742e-01
-3.488090000000000259e+02 2.685999999999999943e+01 -6.442999999999999616e+00 -1.990000000000000102e-01
-4.587069999999999936e+02 -3.500999999999999801e+01 -1.599000000000000021e+01 -5.540000000000000480e-01
-2.929730000000000132e+02 -6.720300000000000296e+01 -1.283999999999999986e+01 -5.560000000000000497e-01
-9.476200000000000045e+01 -7.051900000000000546e+01 -1.062700000000000067e+01 -4.099999999999999756e-01
2.677700000000000102e+01 -5.754999999999999716e+01 -1.687900000000000134e+01 -3.619999999999999885e-01
1.373329999999999984e+02 -3.569500000000000028e+01 -2.061400000000000077e+01 -3.870000000000000107e-01
2.330399999999999920e+02 -8.794999999999999929e+00 -9.112999999999999545e+00 -3.410000000000000253e-01
2.318050000000000068e+02 2.051899999999999835e+01 1.406600000000000072e+01 -2.320000000000000118e-01
1.494159999999999968e+02 4.642300000000000182e+01 3.359899999999999665e+01 -1.590000000000000024e-01
5.925800000000000267e+01 4.785199999999999676e+01 3.693099999999999739e+01 -1.320000000000000062e-01
-4.010799999999999699e+01 7.362000000000000099e+00 2.305999999999999872e+01 -1.110000000000000014e-01
-1.455639999999999930e+02 -4.792499999999999716e+01 4.112000000000000099e+00 -8.899999999999999578e-02
-1.634689999999999941e+02 -6.797299999999999898e+01 -4.536999999999999922e+00 -4.100000000000000172e-02
-5.198100000000000165e+01 -4.794299999999999784e+01 -1.106999999999999984e+00 7.399999999999999634e-02
7.610399999999999920e+01 -2.700499999999999901e+01 2.516999999999999904e+00 2.030000000000000138e-01
1.100030000000000001e+02 -2.645700000000000074e+01 -5.470000000000000417e-01 2.079999999999999905e-01
7.778199999999999648e+01 -3.602100000000000080e+01 -5.472999999999999865e+00 5.800000000000000294e-02
3.611099999999999710e+01 -4.689800000000000324e+01 -8.000000000000000000e+00 -1.239999999999999991e-01
-3.736899999999999977e+01 -5.773899999999999721e+01 -9.881999999999999673e+00 -2.220000000000000029e-01
-1.424099999999999966e+02 -5.885499999999999687e+01 -1.157099999999999973e+01 -2.190000000000000002e-01
-1.827690000000000055e+02 -3.618900000000000006e+01 -9.173000000000000043e+00 -1.370000000000000107e-01
-1.010060000000000002e+02 1.123799999999999955e+01 4.929999999999999938e-01 3.699999999999999817e-02
4.483500000000000085e+01 6.499599999999999511e+01 1.525399999999999956e+01 3.190000000000000058e-01
2.212189999999999941e+02 1.017249999999999943e+02 2.810000000000000142e+01 6.490000000000000213e-01
4.365129999999999768e+02 1.142980000000000018e+02 3.216799999999999926e+01 8.729999999999999982e-01
5.397630000000000337e+02 1.100619999999999976e+02 2.563899999999999935e+01 8.790000000000000036e-01
3.209470000000000027e+02 9.680500000000000682e+01 1.356000000000000050e+01 7.169999999999999707e-01
-6.388000000000000256e+01 8.760599999999999454e+01 4.985000000000000320e+00 5.330000000000000293e-01
-1.710260000000000105e+02 9.573999999999999488e+01 3.507000000000000117e+00 4.139999999999999791e-01
7.389300000000000068e+01 1.034210000000000065e+02 1.989999999999999991e+00 3.140000000000000013e-01
2.578120000000000118e+02 7.441599999999999682e+01 -5.839999999999999858e+00 1.680000000000000104e-01
1.749699999999999989e+02 1.632700000000000173e+01 -1.351699999999999946e+01 5.199999999999999761e-02
1.026430000000000007e+02 -1.994099999999999895e+01 -1.156700000000000017e+01 1.170000000000000068e-01
1.962990000000000066e+02 -1.448499999999999943e+01 -2.709000000000000075e+00 3.659999999999999920e-01
1.854809999999999945e+02 2.407999999999999918e+00 2.415000000000000036e+00 5.919999999999999707e-01
-8.883499999999999375e+01 8.723000000000000753e+00 -9.130000000000000338e-01 5.969999999999999751e-01
-3.299049999999999727e+02 1.412599999999999945e+01 -8.448000000000000398e+00 4.109999999999999765e-01
-2.387470000000000141e+02 2.210000000000000142e+01 -1.342500000000000071e+01 2.069999999999999896e-01
2.602100000000000080e+01 1.483399999999999963e+01 -1.288299999999999912e+01 6.600000000000000311e-02
1.127439999999999998e+02 -1.606500000000000128e+01 -9.747999999999999332e+00 -6.400000000000000133e-02
4.812999999999999723e+00 -5.303199999999999648e+01 -9.650999999999999801e+00 -2.129999999999999949e-01
-1.994000000000000128e+01 -7.148699999999999477e+01 -1.475099999999999945e+01 -3.350000000000000200e-01
1.414039999999999964e+02 -5.992499999999999716e+01 -2.037699999999999889e+01 -3.990000000000000213e-01
2.953799999999999955e+02 -2.779100000000000037e+01 -2.004200000000000159e+01 -4.239999999999999880e-01
2.586309999999999718e+02 -3.576999999999999957e+00 -1.392800000000000082e+01 -3.910000000000000142e-01
6.019800000000000040e+01 -1.019999999999999929e+01 -7.753999999999999559e+00 -2.630000000000000115e-01
-1.385000000000000000e+02 -3.740699999999999648e+01 -4.084999999999999964e+00 -1.239999999999999991e-01
-2.064569999999999936e+02 -5.727499999999999858e+01 -6.620000000000000329e-01 -1.150000000000000050e-01
-1.467280000000000086e+02 -6.346600000000000108e+01 3.557999999999999829e+00 -2.240000000000000047e-01
-7.851000000000000512e+01 -7.158400000000000318e+01 5.860999999999999766e+00 -3.370000000000000218e-01
-1.015120000000000005e+02 -8.667799999999999727e+01 3.710999999999999854e+00 -4.309999999999999942e-01
-2.046759999999999877e+02 -9.575199999999999534e+01 -1.318000000000000060e+00 -5.350000000000000311e-01
-3.182789999999999964e+02 -8.940900000000000603e+01 -4.176000000000000156e+00 -6.009999999999999787e-01
-3.739680000000000177e+02 -7.054699999999999704e+01 -5.470000000000000417e-01 -5.610000000000000542e-01
-3.109859999999999900e+02 -4.238700000000000045e+01 9.167999999999999261e+00 -3.900000000000000133e-01
-1.285130000000000052e+02 -4.870000000000000107e+00 1.903000000000000114e+01 -1.330000000000000071e-01
6.783599999999999852e+01 3.182000000000000028e+01 2.055799999999999983e+01 4.499999999999999833e-02
1.609919999999999902e+02 4.748400000000000176e+01 1.031099999999999994e+01 -5.700000000000000205e-02
1.447860000000000014e+02 3.568999999999999773e+01 -4.240999999999999659e+00 -3.980000000000000204e-01
8.331900000000000261e+01 1.142300000000000004e+01 -1.185399999999999920e+01 -6.780000000000000471e-01
2.352599999999999980e+01 -4.065999999999999837e+00 -9.455999999999999517e+00 -6.650000000000000355e-01
4.155999999999999694e+00 9.532000000000000028e+00 -1.161000000000000032e+00 -3.840000000000000080e-01
2.901699999999999946e+01 5.809100000000000108e+01 8.567999999999999616e+00 6.000000000000000125e-03
2.035800000000000054e+01 1.102560000000000002e+02 1.527299999999999969e+01 3.679999999999999938e-01
-8.788400000000000034e+01 1.221520000000000010e+02 1.652400000000000091e+01 6.640000000000000346e-01
-2.544759999999999991e+02 9.504600000000000648e+01 1.552299999999999969e+01 9.060000000000000275e-01
-3.741870000000000118e+02 6.943500000000000227e+01 1.462700000000000067e+01 9.709999999999999742e-01
-3.662130000000000223e+02 6.229899999999999949e+01 9.938000000000000611e+00 6.550000000000000266e-01
-2.383209999999999980e+02 5.317699999999999960e+01 3.200000000000000067e-02 4.399999999999999745e-02
-8.495600000000000307e+01 2.997299999999999898e+01 -8.917999999999999261e+00 -4.219999999999999862e-01
1.272000000000000020e+00 7.445000000000000284e+00 -1.210100000000000087e+01 -4.689999999999999725e-01
1.375999999999999979e+01 -1.157999999999999918e+00 -1.066699999999999982e+01 -2.680000000000000160e-01
2.022700000000000031e+01 5.470000000000000417e-01 -7.360000000000000320e+00 -1.140000000000000041e-01
6.715300000000000580e+01 4.448999999999999844e+00 -5.916000000000000369e+00 -1.019999999999999934e-01
1.140639999999999930e+02 3.689999999999999947e+00 -1.037100000000000044e+01 -1.859999999999999987e-01
9.334300000000000352e+01 -8.285000000000000142e+00 -1.891000000000000014e+01 -3.190000000000000058e-01
1.647500000000000142e+01 -2.957300000000000040e+01 -2.397599999999999909e+01 -4.460000000000000075e-01
-4.654200000000000159e+01 -4.914800000000000324e+01 -2.179799999999999827e+01 -5.000000000000000000e-01
-1.107339999999999947e+02 -6.153600000000000136e+01 -1.687699999999999889e+01 -4.849999999999999867e-01
-2.843679999999999950e+02 -7.220999999999999375e+01 -1.519999999999999929e+01 -4.709999999999999742e-01
-5.391219999999999573e+02 -8.826300000000000523e+01 -1.727599999999999980e+01 -4.799999999999999822e-01
-6.117279999999999518e+02 -1.102930000000000064e+02 -1.996699999999999875e+01 -4.819999999999999840e-01
-3.026080000000000041e+02 -1.232860000000000014e+02 -1.951300000000000168e+01 -4.540000000000000147e-01
2.238540000000000134e+02 -9.854300000000000637e+01 -1.011200000000000010e+01 -3.170000000000000040e-01
5.876739999999999782e+02 -3.167699999999999960e+01 9.986000000000000654e+00 -1.799999999999999864e-02
5.872849999999999682e+02 3.409799999999999898e+01 2.852700000000000102e+01 2.540000000000000036e-01
3.588990000000000009e+02 6.097999999999999687e+01 3.127100000000000080e+01 2.800000000000000266e-01
1.875980000000000132e+02 6.576699999999999591e+01 2.389199999999999946e+01 1.880000000000000004e-01
2.218220000000000027e+02 7.644299999999999784e+01 2.311199999999999832e+01 2.290000000000000091e-01
3.585350000000000250e+02 8.290900000000000603e+01 3.093799999999999883e+01 3.589999999999999858e-01
3.683990000000000009e+02 6.704500000000000171e+01 3.620799999999999841e+01 4.269999999999999907e-01
1.604639999999999986e+02 3.968500000000000227e+01 3.328099999999999881e+01 4.959999999999999964e-01
-5.500300000000000011e+01 2.427599999999999980e+01 2.518499999999999872e+01 6.380000000000000115e-01
2.489699999999999847e+01 2.808800000000000097e+01 1.605699999999999861e+01 6.949999999999999512e-01
3.762549999999999955e+02 3.276800000000000068e+01 6.764999999999999680e+00 5.060000000000000053e-01
6.059279999999999973e+02 8.609999999999999432e+00 -5.184000000000000163e+00 1.350000000000000089e-01
4.351879999999999882e+02 -4.572599999999999909e+01 -1.863599999999999923e+01 -2.169999999999999984e-01
4.996600000000000108e+01 -8.699299999999999500e+01 -2.425000000000000000e+01 -3.609999999999999876e-01
-1.931860000000000070e+02 -7.891100000000000136e+01 -1.642699999999999960e+01 -2.389999999999999902e-01
-2.106750000000000114e+02 -3.977400000000000091e+01 -3.758000000000000007e+00 -2.000000000000000042e-03
-1.403309999999999889e+02 -8.641999999999999460e+00 2.012999999999999901e+00 1.270000000000000018e-01
-7.368800000000000239e+01 4.296000000000000263e+00 -5.030000000000000027e-01 7.699999999999999900e-02
-3.182300000000000040e+01 6.788000000000000256e+00 -5.902999999999999581e+00 -6.700000000000000400e-02
-3.507500000000000284e+01 1.393000000000000016e+00 -1.005400000000000027e+01 -1.920000000000000040e-01
-9.825499999999999545e+01 -6.208999999999999631e+00 -1.073000000000000043e+01 -2.419999999999999929e-01
-2.235519999999999925e+02 -8.266999999999999460e+00 -7.881000000000000227e+00 -2.330000000000000127e-01
-3.740640000000000214e+02 -1.087599999999999945e+01 -4.653999999999999915e+00 -1.970000000000000084e-01
-4.520240000000000009e+02 -2.114900000000000091e+01 -3.007000000000000117e+00 -9.199999999999999845e-02
-3.740550000000000068e+02 -2.738700000000000045e+01 -1.250000000000000000e+00 1.290000000000000036e-01
-1.487270000000000039e+02 -1.830000000000000071e+01 1.157000000000000028e+00 3.729999999999999982e-01
1.363930000000000007e+02 -5.118000000000000327e+00 1.999000000000000110e+00 4.799999999999999822e-01
3.508980000000000246e+02 -3.565999999999999837e+00 -1.700000000000000122e-01 3.970000000000000195e-01
4.037620000000000005e+02 -7.817999999999999616e+00 -4.527000000000000135e+00 1.990000000000000102e-01
3.375529999999999973e+02 1.580999999999999961e+00 -7.386999999999999567e+00 4.200000000000000261e-02
2.238480000000000132e+02 2.541199999999999903e+01 -4.405999999999999694e+00 4.700000000000000011e-02
3.479899999999999949e+01 4.116599999999999682e+01 2.858999999999999986e+00 1.640000000000000069e-01
-1.981080000000000041e+02 3.821500000000000341e+01 6.740999999999999659e+00 2.109999999999999931e-01
-2.977350000000000136e+02 2.891799999999999926e+01 2.466000000000000192e+00 1.120000000000000023e-01
-1.935500000000000114e+02 2.368100000000000094e+01 -5.530000000000000249e+00 7.000000000000000146e-03
-2.187800000000000011e+01 2.523799999999999955e+01 -8.349000000000000199e+00 7.000000000000000666e-02
7.558899999999999864e+01 3.265299999999999869e+01 -4.086999999999999744e+00 2.260000000000000064e-01
5.260699999999999932e+01 3.306300000000000239e+01 1.489999999999999936e-01 2.409999999999999920e-01
-4.706700000000000017e+01 1.769900000000000162e+01 3.000000000000000062e-03 1.079999999999999988e-01
-8.608299999999999841e+01 3.826000000000000068e+00 -1.536999999999999922e+00 3.200000000000000067e-02
2.458699999999999974e+01 4.107000000000000206e+00 -3.823999999999999844e+00 3.599999999999999728e-02
1.809420000000000073e+02 -4.993999999999999773e+00 -1.013199999999999967e+01 -4.599999999999999922e-02
2.091800000000000068e+02 -3.929299999999999926e+01 -1.762699999999999889e+01 -1.869999999999999996e-01
5.113300000000000267e+01 -6.454900000000000659e+01 -1.912900000000000134e+01 -1.849999999999999978e-01
-2.383969999999999914e+02 -4.641499999999999915e+01 -1.417099999999999937e+01 -1.700000000000000122e-02
-5.451720000000000255e+02 -4.700999999999999623e+00 -6.559000000000000163e+00 1.519999999999999962e-01
-7.145570000000000164e+02 2.096000000000000085e+01 3.033999999999999808e+00 1.930000000000000049e-01
-6.327119999999999891e+02 2.514000000000000057e+01 1.248000000000000043e+01 1.029999999999999943e-01
-3.099780000000000086e+02 3.562400000000000233e+01 1.741700000000000159e+01 -3.000000000000000062e-03
1.337810000000000059e+02 7.319299999999999784e+01 2.029400000000000048e+01 3.300000000000000155e-02
5.352279999999999518e+02 1.132990000000000066e+02 2.483999999999999986e+01 1.849999999999999978e-01
7.500769999999999982e+02 1.059860000000000042e+02 2.383800000000000097e+01 2.379999999999999893e-01
7.044510000000000218e+02 4.953999999999999915e+01 1.143800000000000061e+01 1.270000000000000018e-01
4.404470000000000027e+02 -1.169999999999999929e+00 -2.133000000000000007e+00 2.699999999999999969e-02
1.175709999999999980e+02 -1.685999999999999943e+01 -6.086999999999999744e+00 -8.000000000000000167e-03
-9.308400000000000318e+01 -2.511799999999999855e+01 -4.397000000000000242e+00 -1.229999999999999982e-01
-1.408069999999999879e+02 -4.970100000000000051e+01 -3.793000000000000149e+00 -3.330000000000000182e-01
-1.076580000000000013e+02 -7.823399999999999466e+01 -3.713999999999999968e+00 -4.859999999999999876e-01
-1.074939999999999998e+02 -9.923900000000000432e+01 -4.041000000000000369e+00 -5.649999999999999467e-01
-1.882779999999999916e+02 -1.218239999999999981e+02 -7.567999999999999616e+00 -6.800000000000000488e-01
-3.303999999999999773e+02 -1.435769999999999982e+02 -1.279599999999999937e+01 -7.620000000000000107e-01
-5.080240000000000009e+02 -1.338820000000000050e+02 -1.275699999999999967e+01 -5.540000000000000480e-01
-6.894500000000000455e+02 -7.229800000000000182e+01 -1.354000000000000092e+00 1.499999999999999944e-02
-7.646159999999999854e+02 1.524399999999999977e+01 1.800700000000000145e+01 6.239999999999999991e-01
-5.681779999999999973e+02 8.423900000000000432e+01 3.131700000000000017e+01 8.349999999999999645e-01
-8.428100000000000591e+01 1.218100000000000023e+02 2.975300000000000011e+01 5.829999999999999627e-01
4.530810000000000173e+02 1.396959999999999980e+02 2.116900000000000048e+01 2.399999999999999911e-01
8.102910000000000537e+02 1.347810000000000059e+02 1.517399999999999949e+01 1.219999999999999973e-01
9.733990000000000009e+02 9.567600000000000193e+01 9.070000000000000284e+00 1.130000000000000032e-01
9.675850000000000364e+02 3.693299999999999983e+01 -4.060000000000000275e-01 -2.699999999999999969e-02
7.102859999999999445e+02 -1.053700000000000081e+01 -7.812999999999999723e+00 -2.419999999999999929e-01
2.584959999999999809e+02 -3.539699999999999847e+01 -9.814000000000000057e+00 -3.119999999999999996e-01
-9.019400000000000261e+01 -4.405700000000000216e+01 -9.205999999999999517e+00 -1.859999999999999987e-01
-1.577199999999999989e+02 -3.927700000000000102e+01 -6.179000000000000270e+00 3.500000000000000333e-02
-8.344899999999999807e+01 -2.735900000000000176e+01 -6.410000000000000142e-01 2.109999999999999931e-01
-6.170300000000000296e+01 -2.552899999999999991e+01 8.389999999999999680e-01 1.970000000000000084e-01
-1.181159999999999997e+02 -3.708500000000000085e+01 -5.253999999999999559e+00 -1.299999999999999940e-02
-1.531049999999999898e+02 -4.038400000000000034e+01 -1.047799999999999976e+01 -1.970000000000000084e-01
-6.243800000000000239e+01 -2.404400000000000048e+01 -8.016999999999999460e+00 -2.240000000000000047e-01
1.127099999999999937e+02 -9.535999999999999588e+00 -5.330000000000000071e+00 -2.540000000000000036e-01
1.466009999999999991e+02 -1.575699999999999967e+01 -1.058600000000000030e+01 -3.870000000000000107e-01
-9.629399999999999693e+01 -2.606899999999999906e+01 -1.612999999999999901e+01 -3.930000000000000160e-01
-4.286730000000000018e+02 -1.608699999999999974e+01 -9.587999999999999190e+00 -1.189999999999999947e-01
-5.929539999999999509e+02 6.660000000000000142e+00 5.456000000000000405e+00 1.859999999999999987e-01
-5.973559999999999945e+02 1.162899999999999956e+01 1.236299999999999955e+01 2.000000000000000111e-01
-5.613519999999999754e+02 -1.543599999999999994e+01 2.987000000000000099e+00 -8.000000000000000167e-02
-4.272219999999999800e+02 -4.845799999999999841e+01 -1.052200000000000024e+01 -3.619999999999999885e-01
-9.840000000000000568e+01 -4.206799999999999784e+01 -9.923000000000000043e+00 -3.250000000000000111e-01
3.027629999999999768e+02 1.266200000000000081e+01 4.943999999999999950e+00 6.199999999999999956e-02
5.422050000000000409e+02 7.098399999999999466e+01 1.746099999999999852e+01 4.719999999999999751e-01
5.499360000000000355e+02 8.965600000000000591e+01 1.852299999999999969e+01 6.089999999999999858e-01
4.549010000000000105e+02 6.927500000000000568e+01 1.284600000000000009e+01 4.779999999999999805e-01
3.817420000000000186e+02 3.121399999999999864e+01 4.668000000000000149e+00 1.980000000000000093e-01
3.116460000000000150e+02 -7.323000000000000398e+00 -4.472999999999999865e+00 -1.029999999999999943e-01
1.603629999999999995e+02 -3.271399999999999864e+01 -9.737000000000000099e+00 -2.439999999999999947e-01
-7.172400000000000375e+01 -4.045300000000000296e+01 -9.513999999999999346e+00 -1.719999999999999862e-01
-2.718000000000000114e+02 -3.729500000000000171e+01 -9.778999999999999915e+00 -6.600000000000000311e-02
-3.260930000000000177e+02 -2.960999999999999943e+01 -1.354899999999999949e+01 -5.399999999999999939e-02
-2.493969999999999914e+02 -2.081299999999999883e+01 -1.654500000000000171e+01 -8.300000000000000433e-02
-1.973350000000000080e+02 -1.871499999999999986e+01 -1.696900000000000119e+01 -1.459999999999999909e-01
-2.905210000000000150e+02 -3.195599999999999952e+01 -1.849099999999999966e+01 -3.180000000000000049e-01
-4.125240000000000009e+02 -5.522399999999999665e+01 -2.177400000000000091e+01 -5.260000000000000231e-01
-3.068039999999999736e+02 -6.426099999999999568e+01 -2.071099999999999852e+01 -5.480000000000000426e-01
8.649800000000000466e+01 -3.698499999999999943e+01 -9.019999999999999574e+00 -3.059999999999999942e-01
5.105570000000000164e+02 1.108799999999999919e+01 1.026999999999999957e+01 1.700000000000000122e-02
6.196680000000000064e+02 2.750499999999999901e+01 2.368700000000000117e+01 1.630000000000000060e-01
2.902970000000000255e+02 -1.346100000000000030e+01 2.027700000000000102e+01 1.099999999999999936e-02
-2.201349999999999909e+02 -6.325399999999999778e+01 5.232000000000000206e+00 -3.109999999999999987e-01
-4.503650000000000091e+02 -5.300699999999999790e+01 -4.655000000000000249e+00 -4.520000000000000129e-01
-1.822079999999999984e+02 1.837300000000000111e+01 -1.200000000000000025e-02 -1.890000000000000013e-01
3.283100000000000023e+02 8.827299999999999613e+01 1.075099999999999945e+01 2.449999999999999956e-01
6.297599999999999909e+02 1.144380000000000024e+02 1.400600000000000023e+01 4.989999999999999991e-01
5.073190000000000168e+02 1.170319999999999965e+02 9.288999999999999702e+00 6.069999999999999840e-01
1.152840000000000060e+02 1.307599999999999909e+02 6.727000000000000313e+00 7.820000000000000284e-01
-2.067210000000000036e+02 1.474010000000000105e+02 9.807999999999999829e+00 9.569999999999999618e-01
-2.536459999999999866e+02 1.312870000000000061e+02 1.138799999999999990e+01 8.900000000000000133e-01
-1.252650000000000006e+02 8.373799999999999955e+01 7.389000000000000234e+00 5.799999999999999600e-01
9.727999999999999758e+00 5.682800000000000296e+01 4.375000000000000000e+00 3.270000000000000129e-01
1.878559999999999945e+02 8.314199999999999591e+01 8.003999999999999559e+00 3.340000000000000191e-01
4.606689999999999827e+02 1.280860000000000127e+02 1.272899999999999920e+01 4.520000000000000129e-01
6.146829999999999927e+02 1.398249999999999886e+02 1.089100000000000001e+01 4.500000000000000111e-01
3.885000000000000000e+02 1.059890000000000043e+02 4.655999999999999694e+00 3.079999999999999960e-01
-1.138469999999999942e+02 4.202000000000000313e+01 1.217000000000000082e+00 1.209999999999999964e-01
-4.899420000000000073e+02 -3.032000000000000028e+01 2.495000000000000107e+00 -7.399999999999999634e-02
-5.199529999999999745e+02 -8.298900000000000432e+01 5.307000000000000384e+00 -2.489999999999999991e-01
-3.605219999999999914e+02 -9.974800000000000466e+01 5.756000000000000227e+00 -3.619999999999999885e-01
-2.295080000000000098e+02 -9.543699999999999761e+01 1.421000000000000041e+00 -4.349999999999999978e-01
-1.485840000000000032e+02 -9.581199999999999761e+01 -5.511999999999999567e+00 -5.250000000000000222e-01
-8.412500000000000000e+01 -1.101159999999999997e+02 -9.352000000000000313e+00 -6.169999999999999929e-01
-8.292199999999999704e+01 -1.337249999999999943e+02 -9.471000000000000085e+00 -6.760000000000000453e-01
-1.467390000000000043e+02 -1.601059999999999945e+02 -1.283799999999999919e+01 -7.379999999999999893e-01
-1.879770000000000039e+02 -1.800300000000000011e+02 -2.238400000000000034e+01 -8.189999999999999503e-01
-1.889319999999999879e+02 -1.787800000000000011e+02 -2.831500000000000128e+01 -8.020000000000000462e-01
-2.152940000000000111e+02 -1.484780000000000086e+02 -2.075000000000000000e+01 -5.639999999999999458e-01
-2.435610000000000070e+02 -1.053190000000000026e+02 -7.163000000000000256e+00 -2.159999999999999976e-01
-1.867760000000000105e+02 -7.938700000000000045e+01 -4.347999999999999865e+00 -5.000000000000000278e-02
-1.224579999999999984e+02 -8.227700000000000102e+01 -1.506199999999999939e+01 -1.710000000000000131e-01
-2.337419999999999902e+02 -9.465200000000000102e+01 -2.532199999999999918e+01 -3.270000000000000129e-01
-4.658629999999999995e+02 -8.448799999999999955e+01 -2.305499999999999972e+01 -2.340000000000000135e-01
-5.255470000000000255e+02 -3.584400000000000119e+01 -8.602000000000000313e+00 7.900000000000000078e-02
-2.619730000000000132e+02 3.360999999999999943e+01 1.087100000000000044e+01 3.900000000000000133e-01
1.879579999999999984e+02 8.909300000000000352e+01 2.780199999999999960e+01 5.749999999999999556e-01
5.897949999999999591e+02 1.155580000000000069e+02 3.610300000000000153e+01 6.320000000000000062e-01
7.524270000000000209e+02 1.211059999999999945e+02 3.253399999999999892e+01 5.320000000000000284e-01
5.695359999999999445e+02 1.066500000000000057e+02 1.773699999999999832e+01 2.510000000000000009e-01
1.167570000000000050e+02 6.412900000000000489e+01 -2.907999999999999918e+00 -7.000000000000000666e-02
-3.459499999999999886e+02 7.331000000000000405e+00 -1.967800000000000082e+01 -1.869999999999999996e-01
-5.908289999999999509e+02 -2.871799999999999997e+01 -2.386700000000000088e+01 1.000000000000000021e-02
-5.530950000000000273e+02 -2.506599999999999895e+01 -1.458799999999999919e+01 4.179999999999999827e-01
-2.501690000000000111e+02 9.734999999999999432e+00 8.870000000000000107e-01 8.129999999999999449e-01
2.253600000000000136e+02 6.036500000000000199e+01 1.330199999999999960e+01 9.809999999999999831e-01
6.765969999999999800e+02 1.077379999999999995e+02 1.752700000000000102e+01 8.569999999999999840e-01
9.464070000000000391e+02 1.265720000000000027e+02 1.486100000000000065e+01 5.899999999999999689e-01
1.007322000000000003e+03 1.125729999999999933e+02 1.102100000000000080e+01 4.069999999999999729e-01
8.790320000000000391e+02 9.066299999999999670e+01 9.702999999999999403e+00 3.619999999999999885e-01
6.309189999999999827e+02 7.729600000000000648e+01 9.226000000000000867e+00 3.220000000000000084e-01
3.937780000000000200e+02 6.520900000000000318e+01 8.275999999999999801e+00 2.200000000000000011e-01
2.066740000000000066e+02 4.696500000000000341e+01 8.425000000000000711e+00 1.209999999999999964e-01
8.045999999999999375e+00 2.276800000000000068e+01 7.870000000000000107e+00 -5.000000000000000104e-03
-1.650869999999999891e+02 -7.081999999999999851e+00 2.491999999999999993e+00 -2.780000000000000249e-01
-2.088810000000000002e+02 -3.831400000000000006e+01 -4.860999999999999766e+00 -6.400000000000000133e-01
-1.660620000000000118e+02 -6.115899999999999892e+01 -6.503000000000000114e+00 -8.539999999999999813e-01
-1.670929999999999893e+02 -7.016599999999999682e+01 -2.209999999999999964e+00 -8.179999999999999494e-01
-2.156279999999999859e+02 -6.851500000000000057e+01 4.620000000000000218e-01 -6.919999999999999485e-01
-2.281659999999999968e+02 -6.282500000000000284e+01 -1.913000000000000034e+00 -6.700000000000000400e-01
-2.116920000000000073e+02 -5.847099999999999653e+01 -5.820999999999999730e+00 -7.710000000000000187e-01
-2.364540000000000077e+02 -5.774099999999999966e+01 -9.208999999999999631e+00 -8.970000000000000195e-01
-2.962860000000000014e+02 -5.963300000000000267e+01 -1.369999999999999929e+01 -9.829999999999999849e-01
-3.195810000000000173e+02 -6.014800000000000324e+01 -1.840200000000000102e+01 -9.739999999999999769e-01
-2.605459999999999923e+02 -5.236999999999999744e+01 -1.906800000000000139e+01 -7.760000000000000231e-01
-1.297909999999999968e+02 -3.264500000000000313e+01 -1.458000000000000007e+01 -4.020000000000000240e-01
-1.479899999999999949e+01 -9.731999999999999318e+00 -8.781000000000000583e+00 -6.300000000000000044e-02
-2.846300000000000097e+01 1.066999999999999948e+00 -5.014999999999999680e+00 7.199999999999999456e-02
-1.328530000000000086e+02 -6.767000000000000348e+00 -3.626999999999999780e+00 5.299999999999999850e-02
-1.498530000000000086e+02 -2.844300000000000139e+01 -4.685999999999999943e+00 3.000000000000000062e-03
-4.366199999999999903e+01 -5.054599999999999937e+01 -7.753000000000000114e+00 -2.000000000000000042e-03
1.131499999999999950e+01 -5.253799999999999670e+01 -8.884000000000000341e+00 1.310000000000000053e-01
-9.789000000000000057e+01 -2.600199999999999889e+01 -3.916999999999999815e+00 4.339999999999999969e-01
-2.823190000000000168e+02 5.490000000000000213e+00 4.157000000000000028e+00 6.979999999999999538e-01
-3.956240000000000236e+02 1.130199999999999960e+01 7.575999999999999623e+00 6.209999999999999964e-01
-3.747110000000000127e+02 7.000000000000000146e-03 4.490999999999999659e+00 2.489999999999999991e-01
-2.332460000000000093e+02 1.126299999999999990e+01 7.799999999999999989e-02 2.000000000000000042e-03
-2.775199999999999889e+01 5.746699999999999875e+01 -2.193999999999999950e+00 1.260000000000000009e-01
1.309509999999999934e+02 1.016610000000000014e+02 -2.721000000000000085e+00 4.249999999999999889e-01
1.365430000000000064e+02 1.036009999999999991e+02 -1.729999999999999982e+00 6.480000000000000204e-01
2.584900000000000020e+01 7.076300000000000523e+01 -1.459999999999999909e-01 7.289999999999999813e-01
-1.832700000000000173e+01 4.814699999999999847e+01 -5.829999999999999627e-01 6.390000000000000124e-01
1.427179999999999893e+02 6.310900000000000176e+01 -8.780000000000000027e-01 3.910000000000000142e-01
4.225939999999999941e+02 9.590099999999999625e+01 6.647999999999999687e+00 1.859999999999999987e-01
5.374189999999999827e+02 1.032600000000000051e+02 2.058899999999999864e+01 1.839999999999999969e-01
2.983159999999999741e+02 6.505700000000000216e+01 2.492899999999999849e+01 2.139999999999999958e-01
-1.162079999999999984e+02 1.007900000000000063e+01 1.118500000000000050e+01 7.399999999999999634e-02
-3.405550000000000068e+02 -1.452999999999999936e+01 -4.541999999999999815e+00 -7.399999999999999634e-02
-2.468789999999999907e+02 1.930000000000000049e-01 -1.953000000000000069e+00 2.999999999999999889e-02
2.288700000000000045e+01 2.358699999999999974e+01 1.581300000000000061e+01 2.869999999999999774e-01
3.307749999999999773e+02 3.327100000000000080e+01 2.895599999999999952e+01 3.920000000000000151e-01
5.661420000000000528e+02 3.001699999999999946e+01 2.723100000000000165e+01 2.630000000000000115e-01
5.609719999999999800e+02 1.550300000000000011e+01 1.819699999999999918e+01 1.019999999999999934e-01
3.056890000000000214e+02 -8.974999999999999645e+00 1.348000000000000043e+01 9.199999999999999845e-02
7.727899999999999636e+01 -3.047599999999999909e+01 1.467699999999999960e+01 1.729999999999999871e-01
5.603499999999999659e+01 -3.799799999999999756e+01 1.491200000000000081e+01 1.489999999999999936e-01
5.132200000000000273e+01 -3.778799999999999670e+01 1.038899999999999935e+01 -1.899999999999999953e-02
-1.257939999999999969e+02 -4.115200000000000102e+01 4.030999999999999694e+00 -1.779999999999999916e-01
-3.257420000000000186e+02 -5.079099999999999682e+01 -1.018999999999999906e+00 -2.359999999999999876e-01
-3.488990000000000009e+02 -6.450400000000000489e+01 -4.022999999999999687e+00 -2.489999999999999991e-01
-2.853410000000000082e+02 -8.163599999999999568e+01 -4.878999999999999559e+00 -2.489999999999999991e-01
-3.371379999999999768e+02 -1.000109999999999957e+02 -6.024000000000000021e+00 -2.300000000000000100e-01
-4.838870000000000005e+02 -1.067459999999999951e+02 -1.038299999999999912e+01 -2.169999999999999984e-01
-5.210309999999999491e+02 -8.773499999999999943e+01 -1.416099999999999959e+01 -1.980000000000000093e-01
-3.486139999999999759e+02 -5.474799999999999756e+01 -1.101800000000000068e+01 -1.360000000000000098e-01
-5.743599999999999994e+01 -3.497999999999999687e+01 -3.133000000000000007e+00 -1.029999999999999943e-01
2.234960000000000093e+02 -2.930199999999999960e+01 5.709999999999999520e-01 -2.220000000000000029e-01
3.949739999999999895e+02 -1.961299999999999955e+01 -5.325999999999999623e+00 -4.829999999999999849e-01
3.615169999999999959e+02 -8.025000000000000355e+00 -1.686199999999999832e+01 -6.989999999999999547e-01
1.487539999999999907e+02 -2.109999999999999876e+00 -2.142099999999999937e+01 -5.999999999999999778e-01
-1.191900000000000048e+01 2.052199999999999847e+01 -9.268000000000000682e+00 -6.800000000000000488e-02
7.769400000000000261e+01 8.299699999999999989e+01 1.211500000000000021e+01 6.550000000000000266e-01
3.252989999999999782e+02 1.592729999999999961e+02 2.615700000000000003e+01 1.179000000000000048e+00
4.570480000000000018e+02 1.965939999999999941e+02 2.972400000000000020e+01 1.397999999999999909e+00
3.191709999999999923e+02 1.772810000000000059e+02 3.056200000000000117e+01 1.389000000000000012e+00
5.741100000000000136e+01 1.291419999999999959e+02 2.712199999999999989e+01 1.082999999999999963e+00
-1.806500000000000128e+01 8.580599999999999739e+01 1.278500000000000014e+01 4.590000000000000191e-01
1.508750000000000000e+02 5.531400000000000006e+01 -6.158000000000000362e+00 -1.700000000000000122e-01
2.519070000000000107e+02 2.729899999999999949e+01 -1.654500000000000171e+01 -4.789999999999999813e-01
8.594100000000000250e+01 9.939999999999999947e-01 -1.623000000000000043e+01 -4.919999999999999929e-01
-1.325029999999999859e+02 -1.404400000000000048e+01 -1.331900000000000084e+01 -4.259999999999999898e-01
-1.751009999999999991e+02 -2.362000000000000099e+01 -1.390000000000000036e+01 -4.380000000000000004e-01
-1.362270000000000039e+02 -4.435300000000000153e+01 -1.721300000000000097e+01 -5.560000000000000497e-01
-1.562489999999999952e+02 -7.199699999999999989e+01 -1.869399999999999906e+01 -6.879999999999999449e-01
-1.622779999999999916e+02 -8.693200000000000216e+01 -1.631700000000000017e+01 -7.389999999999999902e-01
-9.515900000000000603e+01 -9.105400000000000205e+01 -1.478100000000000058e+01 -7.429999999999999938e-01
-8.274599999999999511e+01 -1.033280000000000030e+02 -1.903399999999999892e+01 -7.610000000000000098e-01
-1.882789999999999964e+02 -1.184939999999999998e+02 -2.430199999999999960e+01 -7.069999999999999618e-01
-2.704460000000000264e+02 -1.095160000000000053e+02 -2.107100000000000151e+01 -4.839999999999999858e-01
-2.433930000000000007e+02 -7.177599999999999625e+01 -9.474000000000000199e+00 -1.499999999999999944e-01
-1.919199999999999875e+02 -2.786899999999999977e+01 8.569999999999999840e-01 1.789999999999999925e-01
-1.481339999999999861e+02 4.423000000000000043e+00 3.092999999999999972e+00 4.030000000000000249e-01
-3.065899999999999892e+01 1.538599999999999923e+01 -4.535000000000000142e+00 3.629999999999999893e-01
1.303770000000000095e+02 -7.586999999999999744e+00 -2.228800000000000026e+01 -2.999999999999999889e-02
1.358700000000000045e+02 -5.937299999999999756e+01 -4.320300000000000296e+01 -5.480000000000000426e-01
-8.991299999999999670e+01 -1.016430000000000007e+02 -5.267600000000000193e+01 -8.000000000000000444e-01
-3.079320000000000164e+02 -9.844899999999999807e+01 -4.407900000000000063e+01 -6.450000000000000178e-01
-2.365409999999999968e+02 -5.325699999999999790e+01 -2.564699999999999847e+01 -2.640000000000000124e-01
1.058160000000000025e+02 8.746999999999999886e+00 -7.352000000000000313e+00 1.150000000000000050e-01
4.572060000000000173e+02 6.901999999999999602e+01 7.259000000000000341e+00 3.410000000000000253e-01
6.036939999999999600e+02 1.111129999999999995e+02 1.608200000000000074e+01 3.370000000000000218e-01
5.546470000000000482e+02 1.206590000000000060e+02 1.828500000000000014e+01 2.049999999999999878e-01
4.562300000000000182e+02 1.022540000000000049e+02 1.741400000000000148e+01 1.439999999999999891e-01
3.462330000000000041e+02 7.461899999999999977e+01 1.671199999999999974e+01 1.789999999999999925e-01
1.126860000000000070e+02 4.867099999999999937e+01 1.626099999999999923e+01 2.079999999999999905e-01
-2.525670000000000073e+02 2.252199999999999847e+01 1.645700000000000074e+01 2.340000000000000135e-01
-5.443360000000000127e+02 -4.982999999999999652e+00 1.768299999999999983e+01 2.849999999999999756e-01
-5.867519999999999527e+02 -2.502100000000000080e+01 1.900100000000000122e+01 2.800000000000000266e-01
-4.260950000000000273e+02 -3.022700000000000031e+01 2.076099999999999923e+01 1.660000000000000087e-01
-1.866930000000000121e+02 -2.623600000000000065e+01 2.311400000000000077e+01 1.899999999999999953e-02
1.039530000000000030e+02 -1.904100000000000037e+01 2.317000000000000171e+01 -8.100000000000000255e-02
4.095169999999999959e+02 -8.500999999999999446e+00 1.924399999999999977e+01 -1.229999999999999982e-01
5.541989999999999554e+02 -2.995000000000000107e+00 1.347899999999999920e+01 -1.239999999999999991e-01
4.084279999999999973e+02 -1.285100000000000087e+01 8.021000000000000796e+00 -1.179999999999999938e-01
1.213840000000000003e+02 -2.869000000000000128e+01 4.073999999999999844e+00 -1.370000000000000107e-01
-5.661099999999999710e+01 -3.375300000000000011e+01 2.987000000000000099e+00 -1.779999999999999916e-01
-1.202030000000000030e+02 -3.162300000000000111e+01 2.342999999999999972e+00 -2.379999999999999893e-01
-2.587970000000000255e+02 -3.986899999999999977e+01 -5.440999999999999837e+00 -3.659999999999999920e-01
-5.158210000000000264e+02 -6.102600000000000335e+01 -2.257900000000000063e+01 -5.699999999999999512e-01
-7.037559999999999718e+02 -7.563700000000000045e+01 -3.686399999999999721e+01 -6.879999999999999449e-01
-6.498269999999999982e+02 -6.491599999999999682e+01 -3.342999999999999972e+01 -5.110000000000000098e-01
-3.640500000000000114e+02 -2.895799999999999841e+01 -1.370100000000000051e+01 -7.299999999999999545e-02
3.079700000000000060e+01 2.000700000000000145e+01 7.655999999999999694e+00 3.569999999999999840e-01
3.978580000000000041e+02 6.956000000000000227e+01 2.072200000000000131e+01 5.989999999999999769e-01
6.212319999999999709e+02 1.086659999999999968e+02 2.552499999999999858e+01 7.209999999999999742e-01
6.333830000000000382e+02 1.289819999999999993e+02 2.475700000000000145e+01 8.169999999999999485e-01
4.375070000000000050e+02 1.272180000000000035e+02 2.025700000000000145e+01 8.080000000000000515e-01
1.180340000000000060e+02 1.049270000000000067e+02 1.465300000000000047e+01 6.159999999999999920e-01
-1.790689999999999884e+02 7.192600000000000193e+01 1.168200000000000038e+01 4.060000000000000275e-01
-3.497160000000000082e+02 4.325300000000000011e+01 1.326600000000000001e+01 3.750000000000000000e-01
-4.310310000000000059e+02 2.445299999999999940e+01 1.662800000000000011e+01 4.400000000000000022e-01
-4.898349999999999795e+02 1.202899999999999991e+01 1.678600000000000136e+01 4.040000000000000258e-01
-4.523000000000000114e+02 7.064000000000000057e+00 1.350699999999999967e+01 2.889999999999999791e-01
-2.375759999999999934e+02 9.885999999999999233e+00 1.264100000000000001e+01 2.640000000000000124e-01
3.008999999999999986e+01 9.810000000000000497e+00 1.652199999999999847e+01 3.049999999999999933e-01
1.620070000000000050e+02 -4.147999999999999687e+00 1.757400000000000162e+01 1.950000000000000067e-01
1.380070000000000050e+02 -3.048100000000000165e+01 9.228999999999999204e+00 -9.800000000000000377e-02
5.425699999999999790e+01 -5.649000000000000199e+01 -2.632000000000000117e+00 -3.009999999999999898e-01
-4.109999999999999765e-01 -6.579099999999999682e+01 -8.352000000000000313e+00 -2.159999999999999976e-01
4.739500000000000313e+01 -5.019200000000000017e+01 -7.940000000000000391e+00 -4.000000000000000083e-03
1.872779999999999916e+02 -2.114099999999999824e+01 -8.457000000000000739e+00 6.800000000000000488e-02
2.718460000000000036e+02 -3.581999999999999851e+00 -1.297600000000000087e+01 -1.000000000000000021e-02
2.139979999999999905e+02 -1.109600000000000009e+01 -1.701800000000000068e+01 -5.700000000000000205e-02
1.421759999999999877e+02 -2.836700000000000088e+01 -1.481099999999999994e+01 -1.000000000000000021e-02
1.659199999999999875e+02 -2.697599999999999909e+01 -6.110999999999999766e+00 4.000000000000000083e-02
1.694269999999999925e+02 -2.500000000000000000e+00 3.616000000000000103e+00 5.600000000000000117e-02
5.352100000000000080e+01 1.694200000000000017e+01 7.206999999999999851e+00 5.000000000000000278e-02
-5.963700000000000045e+01 7.083999999999999631e+00 8.980000000000000204e-01 -3.300000000000000155e-02
-7.153499999999999659e+01 -2.346399999999999864e+01 -1.102699999999999925e+01 -2.240000000000000047e-01
-9.259900000000000375e+01 -4.989300000000000068e+01 -1.887500000000000000e+01 -3.930000000000000160e-01
-2.138480000000000132e+02 -6.057399999999999807e+01 -1.873499999999999943e+01 -4.219999999999999862e-01
-3.206170000000000186e+02 -5.952499999999999858e+01 -1.649800000000000111e+01 -3.860000000000000098e-01
-2.739030000000000200e+02 -5.429299999999999926e+01 -1.735099999999999909e+01 -4.069999999999999729e-01
-1.307330000000000041e+02 -4.996800000000000352e+01 -1.826800000000000068e+01 -4.650000000000000244e-01
-3.407399999999999807e+01 -4.628399999999999892e+01 -1.442500000000000071e+01 -4.500000000000000111e-01
1.182499999999999929e+01 -4.339200000000000301e+01 -8.164999999999999147e+00 -3.539999999999999813e-01
4.732900000000000063e+01 -4.942499999999999716e+01 -7.527000000000000135e+00 -3.130000000000000004e-01
-3.037999999999999901e+01 -6.041899999999999693e+01 -1.448300000000000054e+01 -3.800000000000000044e-01
-2.645310000000000059e+02 -4.273299999999999699e+01 -1.827499999999999858e+01 -3.350000000000000200e-01
-3.875029999999999859e+02 2.967800000000000082e+01 -7.360000000000000320e+00 8.100000000000000255e-02
-1.122489999999999952e+02 1.301870000000000118e+02 1.379599999999999937e+01 7.580000000000000071e-01
4.305679999999999836e+02 1.978640000000000043e+02 2.815399999999999991e+01 1.217999999999999972e+00
8.551029999999999518e+02 1.938739999999999952e+02 2.573100000000000165e+01 1.104000000000000092e+00
9.809339999999999691e+02 1.305819999999999936e+02 1.256199999999999939e+01 5.540000000000000480e-01
8.399339999999999691e+02 5.144700000000000273e+01 1.108000000000000096e+00 1.299999999999999940e-02
4.682509999999999764e+02 -8.843999999999999417e+00 -2.407999999999999918e+00 -2.630000000000000115e-01
1.166499999999999915e+01 -4.076899999999999835e+01 -1.052999999999999936e+00 -3.410000000000000253e-01
-2.377350000000000136e+02 -4.937700000000000244e+01 -4.400000000000000022e-01 -3.459999999999999742e-01
-1.645130000000000052e+02 -4.104200000000000159e+01 -1.052000000000000046e+00 -3.150000000000000022e-01
2.978600000000000136e+01 -2.090700000000000003e+01 4.060000000000000275e-01 -2.640000000000000124e-01
8.700499999999999545e+01 -1.622000000000000108e+00 3.455999999999999961e+00 -2.059999999999999887e-01
-6.856999999999999318e+01 -2.650999999999999801e+00 3.020999999999999908e+00 -1.160000000000000059e-01
-3.137080000000000268e+02 -2.523600000000000065e+01 -3.165999999999999925e+00 -5.000000000000000104e-03
-4.441840000000000259e+02 -4.128399999999999892e+01 -1.071199999999999974e+01 5.099999999999999672e-02
-3.356560000000000059e+02 -2.308899999999999864e+01 -1.266200000000000081e+01 2.000000000000000042e-02
-2.141799999999999926e+01 2.941400000000000148e+01 -5.272000000000000242e+00 5.000000000000000104e-03
3.637219999999999800e+02 9.243500000000000227e+01 8.781000000000000583e+00 9.800000000000000377e-02
6.580320000000000391e+02 1.317969999999999970e+02 2.073300000000000054e+01 2.159999999999999976e-01
6.888650000000000091e+02 1.227330000000000041e+02 2.158999999999999986e+01 1.970000000000000084e-01
3.812479999999999905e+02 7.297199999999999420e+01 1.107300000000000040e+01 2.100000000000000130e-02
-5.237299999999999756e+01 1.440700000000000003e+01 -1.266000000000000014e+00 -1.990000000000000102e-01
-2.684519999999999982e+02 -2.997899999999999920e+01 -6.785999999999999588e+00 -3.479999999999999760e-01
-2.155180000000000007e+02 -5.460099999999999909e+01 -6.219999999999999751e+00 -3.430000000000000271e-01
-1.198629999999999995e+02 -6.006799999999999784e+01 -4.676000000000000156e+00 -1.930000000000000049e-01
-9.358599999999999852e+01 -5.275800000000000267e+01 -2.778000000000000025e+00 -3.099999999999999978e-02
-6.684399999999999409e+01 -3.876200000000000045e+01 3.040999999999999925e+00 4.399999999999999745e-02
-2.437900000000000134e+01 -1.332399999999999984e+01 1.317099999999999937e+01 7.799999999999999989e-02
-3.213499999999999801e+01 2.299899999999999878e+01 2.131899999999999906e+01 1.390000000000000124e-01
-9.427400000000000091e+01 4.907200000000000273e+01 2.063899999999999935e+01 2.190000000000000002e-01
-1.825819999999999936e+02 4.536500000000000199e+01 1.194100000000000072e+01 2.819999999999999729e-01
-3.125930000000000177e+02 1.553800000000000026e+01 1.800999999999999934e+00 2.730000000000000204e-01
-4.655070000000000050e+02 -2.318400000000000105e+01 -5.801000000000000156e+00 1.409999999999999865e-01
-5.690159999999999627e+02 -5.420900000000000318e+01 -1.083699999999999974e+01 -5.899999999999999689e-02
-5.924660000000000082e+02 -6.647700000000000387e+01 -1.299300000000000033e+01 -1.610000000000000042e-01
-5.313819999999999482e+02 -5.739600000000000080e+01 -1.122400000000000020e+01 -6.400000000000000133e-02
-3.515919999999999845e+02 -3.060500000000000043e+01 -5.647000000000000242e+00 1.680000000000000104e-01
-4.726800000000000068e+01 6.493000000000000327e+00 1.941999999999999948e+00 3.689999999999999947e-01
2.873740000000000236e+02 3.606499999999999773e+01 6.935999999999999943e+00 3.840000000000000080e-01
4.476179999999999950e+02 3.194999999999999929e+01 3.137999999999999901e+00 1.749999999999999889e-01
2.543410000000000082e+02 -1.160200000000000031e+01 -9.689000000000000057e+00 -1.600000000000000033e-01
-1.655240000000000009e+02 -6.025900000000000034e+01 -2.222700000000000031e+01 -4.680000000000000271e-01
-4.186600000000000250e+02 -7.500100000000000477e+01 -2.573100000000000165e+01 -6.360000000000000098e-01
-3.341569999999999823e+02 -6.043099999999999739e+01 -2.242000000000000171e+01 -6.630000000000000338e-01
-1.315190000000000055e+02 -4.704500000000000171e+01 -1.987999999999999901e+01 -6.370000000000000107e-01
8.077999999999999403e+00 -4.067600000000000193e+01 -1.942999999999999972e+01 -5.869999999999999662e-01
1.492309999999999945e+02 -2.913899999999999935e+01 -1.662000000000000099e+01 -4.490000000000000102e-01
3.027400000000000091e+02 -1.828999999999999915e+01 -9.727999999999999758e+00 -2.149999999999999967e-01
3.403779999999999859e+02 -1.952100000000000080e+01 -1.372000000000000108e+00 4.100000000000000172e-02
2.457969999999999970e+02 -2.386599999999999966e+01 5.360999999999999766e+00 2.780000000000000249e-01
9.278700000000000614e+01 -2.168599999999999994e+01 8.374000000000000554e+00 4.550000000000000155e-01
-1.166200000000000045e+02 -2.186599999999999966e+01 8.632999999999999119e+00 4.670000000000000262e-01
-2.978740000000000236e+02 -2.598600000000000065e+01 1.189199999999999946e+01 3.220000000000000084e-01
-2.492429999999999950e+02 -1.513700000000000045e+01 2.096300000000000097e+01 2.210000000000000020e-01
-1.072199999999999953e+01 1.223900000000000077e+01 2.677499999999999858e+01 2.630000000000000115e-01
1.119539999999999935e+02 2.614099999999999824e+01 1.876699999999999946e+01 2.680000000000000160e-01
1.807499999999999929e+01 1.403700000000000081e+01 3.755999999999999783e+00 1.089999999999999997e-01
-7.918200000000000216e+01 2.898000000000000131e+00 -9.779999999999999805e-01 -3.200000000000000067e-02
-4.875699999999999790e+01 1.012299999999999933e+01 6.641000000000000014e+00 3.000000000000000062e-03
7.069999999999999618e-01 1.373000000000000043e+01 1.077800000000000047e+01 5.700000000000000205e-02
-3.589000000000000057e+01 -8.249000000000000554e+00 1.274999999999999911e+00 -8.200000000000000344e-02
-1.071050000000000040e+02 -4.026899999999999835e+01 -1.277100000000000080e+01 -3.410000000000000253e-01
-1.186640000000000015e+02 -5.029599999999999937e+01 -1.642399999999999949e+01 -4.759999999999999787e-01
-6.615600000000000591e+01 -2.966900000000000048e+01 -7.801000000000000156e+00 -3.750000000000000000e-01
-8.951999999999999957e+00 4.690999999999999837e+00 3.213000000000000078e+00 -1.160000000000000059e-01
3.347999999999999687e+01 3.349300000000000210e+01 8.949999999999999289e+00 1.479999999999999927e-01
1.031569999999999965e+02 4.500500000000000256e+01 8.269999999999999574e+00 2.640000000000000124e-01
2.192249999999999943e+02 3.719800000000000040e+01 2.855999999999999872e+00 1.749999999999999889e-01
3.115439999999999827e+02 2.289399999999999835e+01 -3.294999999999999929e+00 2.800000000000000058e-02
2.870020000000000095e+02 1.956299999999999883e+01 -5.256999999999999673e+00 5.899999999999999689e-02
1.502769999999999868e+02 2.668499999999999872e+01 -3.262000000000000011e+00 2.889999999999999791e-01
-2.129700000000000060e+01 2.317599999999999838e+01 -3.891999999999999904e+00 4.309999999999999942e-01
-1.980910000000000082e+02 -5.240999999999999659e+00 -1.082499999999999929e+01 2.419999999999999929e-01
-3.585810000000000173e+02 -4.081900000000000261e+01 -1.826899999999999835e+01 -1.199999999999999956e-01
-3.828670000000000186e+02 -4.940999999999999659e+01 -1.812800000000000011e+01 -2.849999999999999756e-01
-1.861620000000000061e+02 -2.365899999999999892e+01 -9.393000000000000682e+00 -1.239999999999999991e-01
1.035490000000000066e+02 9.566000000000000725e+00 2.798000000000000043e+00 1.509999999999999953e-01
3.004920000000000186e+02 3.224300000000000210e+01 1.273900000000000077e+01 3.310000000000000164e-01
3.752719999999999914e+02 5.441499999999999915e+01 1.664600000000000080e+01 4.259999999999999898e-01
3.553820000000000050e+02 7.662099999999999511e+01 1.357799999999999940e+01 4.470000000000000084e-01
2.243319999999999936e+02 7.552299999999999613e+01 6.346000000000000085e+00 2.979999999999999871e-01
7.643899999999999295e+01 4.969400000000000261e+01 6.750000000000000444e-01 1.200000000000000025e-02
1.394619999999999891e+02 3.660900000000000176e+01 1.770000000000000018e+00 -1.890000000000000013e-01
4.654540000000000077e+02 5.741899999999999693e+01 9.253999999999999559e+00 -1.670000000000000095e-01
7.666970000000000027e+02 8.185899999999999466e+01 1.600300000000000011e+01 -4.700000000000000011e-02
7.275030000000000427e+02 7.525300000000000011e+01 1.605099999999999838e+01 -3.899999999999999994e-02
3.778639999999999759e+02 4.944400000000000261e+01 1.292399999999999949e+01 -1.590000000000000024e-01
4.068599999999999994e+01 3.824199999999999733e+01 1.455799999999999983e+01 -2.429999999999999938e-01
-2.845700000000000074e+01 4.690599999999999881e+01 2.069200000000000017e+01 -2.280000000000000082e-01
1.020769999999999982e+02 5.293999999999999773e+01 2.205999999999999872e+01 -1.990000000000000102e-01
1.454730000000000132e+02 3.990999999999999659e+01 1.301299999999999990e+01 -1.910000000000000031e-01
-2.619800000000000040e+01 1.167399999999999949e+01 -1.124000000000000110e+00 -1.630000000000000060e-01
-2.339919999999999902e+02 -1.694900000000000162e+01 -1.098199999999999932e+01 -1.459999999999999909e-01
-2.975350000000000250e+02 -3.257800000000000296e+01 -1.178500000000000014e+01 -1.910000000000000031e-01
-2.585629999999999882e+02 -2.952599999999999980e+01 -3.988999999999999879e+00 -2.149999999999999967e-01
-2.038590000000000089e+02 -1.190799999999999947e+01 7.677999999999999936e+00 -8.699999999999999400e-02
-1.274569999999999936e+02 5.187000000000000277e+00 1.494999999999999929e+01 1.219999999999999973e-01
-4.391599999999999682e+01 3.470000000000000195e+00 1.282499999999999929e+01 2.010000000000000120e-01
-2.090800000000000125e+01 -1.798799999999999955e+01 5.251999999999999780e+00 9.800000000000000377e-02
-6.956300000000000239e+01 -3.832099999999999795e+01 -7.970000000000000417e-01 -3.300000000000000155e-02
-1.448979999999999961e+02 -4.284899999999999665e+01 -3.043000000000000149e+00 -7.900000000000000078e-02
-2.199550000000000125e+02 -4.078199999999999648e+01 -2.553999999999999826e+00 -4.900000000000000189e-02
-2.667320000000000277e+02 -4.624399999999999977e+01 -8.100000000000000533e-01 1.099999999999999936e-02
-2.522609999999999957e+02 -6.179200000000000159e+01 -6.770000000000000462e-01 3.599999999999999728e-02
-2.084519999999999982e+02 -8.381000000000000227e+01 -5.432000000000000384e+00 -3.599999999999999728e-02
-1.951279999999999859e+02 -1.062099999999999937e+02 -1.554299999999999926e+01 -1.789999999999999925e-01
-2.116390000000000100e+02 -1.256710000000000065e+02 -2.938800000000000168e+01 -2.849999999999999756e-01
-2.559259999999999877e+02 -1.494300000000000068e+02 -4.563799999999999812e+01 -3.119999999999999996e-01
-3.347049999999999841e+02 -1.780989999999999895e+02 -6.054800000000000182e+01 -2.889999999999999791e-01
-3.283899999999999864e+02 -1.860490000000000066e+02 -6.572100000000000364e+01 -1.920000000000000040e-01
-1.337549999999999955e+02 -1.454269999999999925e+02 -5.511999999999999744e+01 1.000000000000000021e-02
2.042800000000000082e+01 -6.384000000000000341e+01 -3.285499999999999687e+01 2.650000000000000133e-01
-1.576040000000000134e+02 2.396799999999999997e+01 -9.721999999999999531e+00 5.030000000000000027e-01
-4.365980000000000132e+02 9.537800000000000011e+01 5.596000000000000085e+00 6.450000000000000178e-01
-2.944990000000000236e+02 1.479559999999999889e+02 1.158900000000000041e+01 6.229999999999999982e-01
2.784279999999999973e+02 1.799569999999999936e+02 1.541000000000000014e+01 5.390000000000000346e-01
7.527789999999999964e+02 1.878979999999999961e+02 2.530900000000000105e+01 5.899999999999999689e-01
7.574619999999999891e+02 1.705269999999999868e+02 3.631799999999999784e+01 6.979999999999999538e-01
3.912019999999999982e+02 1.321399999999999864e+02 3.484400000000000119e+01 5.769999999999999574e-01
-2.298999999999999932e+00 9.601800000000000068e+01 2.139799999999999969e+01 2.429999999999999938e-01
-1.493890000000000100e+02 8.802200000000000557e+01 1.106799999999999962e+01 2.999999999999999889e-02
-5.070300000000000296e+01 9.850000000000000000e+01 9.958999999999999631e+00 5.500000000000000028e-02
9.976900000000000546e+01 9.684900000000000375e+01 1.014100000000000001e+01 1.380000000000000115e-01
1.840529999999999973e+02 7.749299999999999500e+01 6.597999999999999865e+00 1.859999999999999987e-01
2.283899999999999864e+02 5.496699999999999875e+01 2.608999999999999986e+00 1.819999999999999951e-01
2.408480000000000132e+02 2.753399999999999892e+01 1.084000000000000075e+00 3.000000000000000062e-03
1.580869999999999891e+02 -1.444699999999999918e+01 2.975000000000000089e+00 -3.140000000000000013e-01
-1.186500000000000021e+01 -5.551299999999999812e+01 9.686999999999999389e+00 -4.440000000000000058e-01
-1.401380000000000052e+02 -7.225100000000000477e+01 1.770499999999999829e+01 -2.989999999999999880e-01
-1.379110000000000014e+02 -7.334600000000000364e+01 1.725000000000000000e+01 -2.119999999999999940e-01
-6.411799999999999500e+01 -8.414000000000000057e+01 4.588000000000000078e+00 -3.719999999999999973e-01
-3.159199999999999875e+01 -1.053790000000000049e+02 -1.029899999999999949e+01 -5.520000000000000462e-01
-9.873499999999999943e+01 -1.200780000000000030e+02 -1.548000000000000043e+01 -5.600000000000000533e-01
-2.614230000000000018e+02 -1.192090000000000032e+02 -1.021199999999999974e+01 -4.859999999999999876e-01
-4.434970000000000141e+02 -9.496399999999999864e+01 4.769999999999999796e-01 -3.709999999999999964e-01
-4.858860000000000241e+02 -4.223100000000000165e+01 1.441099999999999959e+01 -1.019999999999999934e-01
-2.670600000000000023e+02 1.482799999999999940e+01 2.602400000000000091e+01 2.260000000000000064e-01
1.144159999999999968e+02 3.817000000000000171e+01 2.498600000000000065e+01 3.140000000000000013e-01
3.749979999999999905e+02 2.570799999999999841e+01 1.286200000000000010e+01 1.869999999999999996e-01
3.344340000000000259e+02 5.961999999999999744e+00 5.133000000000000007e+00 2.129999999999999949e-01
1.094030000000000058e+02 -9.769000000000000128e+00 6.883000000000000007e+00 4.239999999999999880e-01
-4.475099999999999767e+01 -2.957799999999999940e+01 6.089000000000000412e+00 3.960000000000000187e-01
-3.911099999999999710e+01 -5.046699999999999875e+01 -3.876999999999999780e+00 -2.800000000000000058e-02
2.188000000000000167e+00 -6.158899999999999864e+01 -1.557099999999999973e+01 -4.689999999999999725e-01
-2.058999999999999986e+01 -6.215800000000000125e+01 -2.131400000000000006e+01 -5.969999999999999751e-01
-4.229599999999999937e+01 -5.289999999999999858e+01 -1.986199999999999832e+01 -4.859999999999999876e-01
2.812000000000000099e+01 -2.997899999999999920e+01 -1.305100000000000016e+01 -3.469999999999999751e-01
1.257439999999999998e+02 -1.824000000000000066e+00 -5.339999999999999858e+00 -2.650000000000000133e-01
7.826600000000000534e+01 1.307499999999999929e+01 -1.941999999999999948e+00 -2.230000000000000038e-01
-1.515989999999999895e+02 1.225799999999999912e+01 -3.666999999999999815e+00 -2.069999999999999896e-01
-3.710369999999999777e+02 7.844000000000000306e+00 -7.168999999999999595e+00 -2.340000000000000135e-01
-3.973090000000000259e+02 4.964000000000000412e+00 -8.898999999999999133e+00 -3.059999999999999942e-01
-2.988570000000000277e+02 4.554999999999999716e+00 -6.097999999999999865e+00 -3.459999999999999742e-01
-2.572950000000000159e+02 1.246400000000000041e+01 1.663000000000000034e+00 -2.520000000000000018e-01
-2.636840000000000259e+02 2.897400000000000020e+01 9.391000000000000014e+00 -4.100000000000000172e-02
-1.497129999999999939e+02 4.289399999999999835e+01 9.553000000000000824e+00 1.380000000000000115e-01
6.946999999999999886e+01 4.273799999999999955e+01 7.699999999999999900e-02 1.459999999999999909e-01
1.258379999999999939e+02 2.475900000000000034e+01 -1.322300000000000075e+01 -4.100000000000000172e-02
-8.933400000000000318e+01 -4.519000000000000128e+00 -2.176000000000000156e+01 -2.929999999999999827e-01
-2.696949999999999932e+02 -2.296900000000000119e+01 -1.907199999999999918e+01 -3.529999999999999805e-01
-7.440200000000000102e+01 -5.972000000000000419e+00 -4.166000000000000369e+00 -3.699999999999999817e-02
4.148009999999999877e+02 3.776500000000000057e+01 1.430700000000000038e+01 4.719999999999999751e-01
8.428769999999999527e+02 6.298700000000000188e+01 2.075400000000000134e+01 7.239999999999999769e-01
1.009360000000000014e+03 4.457900000000000063e+01 8.996999999999999886e+00 5.380000000000000338e-01
9.177110000000000127e+02 1.421000000000000085e+01 -6.565000000000000391e+00 2.369999999999999885e-01
5.934230000000000018e+02 5.636999999999999567e+00 -9.300000000000000711e+00 1.160000000000000059e-01
1.190840000000000032e+02 -7.670000000000000151e-01 -4.211000000000000298e+00 3.500000000000000333e-02
-2.837320000000000277e+02 -2.641100000000000136e+01 -5.427999999999999936e+00 -1.739999999999999880e-01
-4.139250000000000114e+02 -3.595199999999999818e+01 -9.993999999999999773e+00 -3.130000000000000004e-01
-2.680129999999999768e+02 6.121999999999999886e+00 -4.804000000000000270e+00 -1.400000000000000133e-01
9.617000000000000881e+00 7.302800000000000580e+01 1.028200000000000003e+01 2.660000000000000142e-01
2.756299999999999955e+02 1.207890000000000015e+02 2.258299999999999841e+01 6.219999999999999973e-01
4.681730000000000018e+02 1.422849999999999966e+02 2.429899999999999949e+01 7.309999999999999831e-01
5.930829999999999700e+02 1.480500000000000114e+02 2.046900000000000119e+01 6.700000000000000400e-01
6.196420000000000528e+02 1.345749999999999886e+02 1.801599999999999824e+01 6.250000000000000000e-01
4.383140000000000214e+02 8.933799999999999386e+01 1.474600000000000044e+01 5.590000000000000524e-01
5.168200000000000216e+01 1.922599999999999909e+01 7.538000000000000256e+00 3.099999999999999978e-01
-2.970249999999999773e+02 -4.084599999999999653e+01 1.828999999999999959e+00 -4.700000000000000011e-02
-3.885930000000000177e+02 -6.519899999999999807e+01 1.858000000000000096e+00 -2.710000000000000187e-01
-2.980000000000000000e+02 -6.751900000000000546e+01 1.802000000000000046e+00 -3.130000000000000004e-01
-2.304350000000000023e+02 -7.394599999999999795e+01 -4.238000000000000433e+00 -3.270000000000000129e-01
-2.434449999999999932e+02 -8.544700000000000273e+01 -1.222799999999999976e+01 -3.920000000000000151e-01
-2.752189999999999941e+02 -8.623600000000000421e+01 -1.549900000000000055e+01 -4.430000000000000049e-01
-3.066549999999999727e+02 -7.580500000000000682e+01 -1.592099999999999937e+01 -4.500000000000000111e-01
-3.641059999999999945e+02 -7.040600000000000591e+01 -2.000600000000000023e+01 -4.689999999999999725e-01
-4.468009999999999877e+02 -7.664700000000000557e+01 -2.739000000000000057e+01 -5.090000000000000080e-01
-5.342569999999999482e+02 -8.589199999999999591e+01 -3.121099999999999852e+01 -5.030000000000000027e-01
-6.007830000000000155e+02 -9.440500000000000114e+01 -2.873600000000000065e+01 -4.299999999999999933e-01
-5.832559999999999718e+02 -1.085259999999999962e+02 -2.534700000000000131e+01 -3.800000000000000044e-01
-3.974309999999999832e+02 -1.232969999999999970e+02 -2.566499999999999915e+01 -4.259999999999999898e-01
-3.110500000000000043e+01 -1.102630000000000052e+02 -2.445100000000000051e+01 -4.430000000000000049e-01
3.904019999999999868e+02 -5.042000000000000171e+01 -1.338499999999999979e+01 -2.720000000000000195e-01
6.658500000000000227e+02 2.508099999999999952e+01 5.105999999999999872e+00 -0.000000000000000000e+00
6.627190000000000509e+02 6.411799999999999500e+01 2.015899999999999892e+01 2.089999999999999913e-01
4.003759999999999764e+02 5.799000000000000199e+01 2.495400000000000063e+01 3.599999999999999867e-01
2.242299999999999827e+01 3.776899999999999835e+01 1.914399999999999835e+01 4.570000000000000173e-01
-2.943729999999999905e+02 2.354200000000000159e+01 6.743999999999999773e+00 4.359999999999999987e-01
-4.617479999999999905e+02 1.280499999999999972e+01 -3.801000000000000156e+00 3.659999999999999920e-01
-5.348740000000000236e+02 1.231000000000000094e+00 -7.065999999999999837e+00 3.420000000000000262e-01
-5.719700000000000273e+02 -6.600999999999999979e+00 -7.320000000000000284e+00 2.710000000000000187e-01
-4.879649999999999750e+02 2.072999999999999954e+00 -8.673999999999999488e+00 1.110000000000000014e-01
-2.196550000000000011e+02 3.897999999999999687e+01 -5.998000000000000220e+00 5.600000000000000117e-02
8.026399999999999579e+01 1.041209999999999951e+02 5.698999999999999844e+00 2.389999999999999902e-01
2.482990000000000066e+02 1.840180000000000007e+02 2.270700000000000074e+01 5.240000000000000213e-01
3.370939999999999941e+02 2.468580000000000041e+02 3.825999999999999801e+01 7.009999999999999565e-01
4.557660000000000196e+02 2.511109999999999900e+02 4.786999999999999744e+01 6.989999999999999547e-01
5.809719999999999800e+02 1.901529999999999916e+02 4.854899999999999949e+01 5.669999999999999485e-01
6.101960000000000264e+02 1.082830000000000013e+02 3.970300000000000296e+01 3.770000000000000018e-01
4.700539999999999736e+02 4.609300000000000352e+01 2.545899999999999963e+01 1.789999999999999925e-01
1.867769999999999868e+02 2.690000000000000169e-01 1.168900000000000006e+01 7.000000000000000146e-03
-8.732299999999999329e+01 -4.546699999999999875e+01 4.839999999999999858e-01 -1.390000000000000124e-01
-1.819319999999999879e+02 -8.277599999999999625e+01 -7.911999999999999922e+00 -2.660000000000000142e-01
-9.142300000000000182e+01 -9.231300000000000239e+01 -1.084500000000000064e+01 -3.230000000000000093e-01
1.658399999999999963e+01 -7.749899999999999523e+01 -7.698999999999999844e+00 -2.760000000000000231e-01
1.154899999999999949e+01 -6.314600000000000080e+01 -3.855999999999999872e+00 -1.960000000000000075e-01
-6.305499999999999972e+01 -6.100399999999999778e+01 -3.432999999999999829e+00 -1.700000000000000122e-01
-9.986899999999999977e+01 -5.746600000000000108e+01 -2.869000000000000217e+00 -1.719999999999999862e-01
-8.561700000000000443e+01 -4.516299999999999670e+01 1.032000000000000028e+00 -1.459999999999999909e-01
-9.216700000000000159e+01 -4.567300000000000182e+01 1.679999999999999938e+00 -1.409999999999999865e-01
-1.558540000000000134e+02 -7.928199999999999648e+01 -8.250000000000000000e+00 -2.439999999999999947e-01
-2.179130000000000109e+02 -1.249869999999999948e+02 -2.215099999999999980e+01 -3.990000000000000213e-01
-2.028160000000000025e+02 -1.402889999999999873e+02 -2.638100000000000023e+01 -4.560000000000000164e-01
-1.420180000000000007e+02 -1.187369999999999948e+02 -2.011299999999999955e+01 -3.980000000000000204e-01
-1.547019999999999982e+02 -9.547100000000000364e+01 -1.572799999999999976e+01 -3.589999999999999858e-01
-2.668620000000000232e+02 -9.179300000000000637e+01 -1.890099999999999980e+01 -4.040000000000000258e-01
-3.233799999999999955e+02 -8.650100000000000477e+01 -2.117500000000000071e+01 -4.319999999999999951e-01
-1.595569999999999879e+02 -5.201500000000000057e+01 -1.502800000000000047e+01 -2.979999999999999871e-01
1.731140000000000043e+02 3.548999999999999932e+00 -3.983000000000000096e+00 -1.000000000000000021e-03
4.212540000000000191e+02 4.426100000000000279e+01 5.527999999999999581e+00 2.630000000000000115e-01
3.839479999999999791e+02 5.147099999999999653e+01 1.319599999999999973e+01 3.529999999999999805e-01
1.315939999999999941e+02 4.472999999999999687e+01 2.209900000000000020e+01 4.189999999999999836e-01
-6.121699999999999875e+01 4.804200000000000159e+01 3.027899999999999991e+01 6.420000000000000151e-01
-1.116799999999999926e+01 5.743200000000000216e+01 3.087099999999999866e+01 8.529999999999999805e-01
1.729910000000000139e+02 5.867300000000000182e+01 2.274899999999999878e+01 7.570000000000000062e-01
2.061289999999999907e+02 4.887700000000000244e+01 1.244200000000000017e+01 3.860000000000000098e-01
-4.857300000000000040e+01 2.627599999999999980e+01 2.451999999999999957e+00 -3.699999999999999817e-02
-3.949250000000000114e+02 -8.798999999999999488e+00 -9.775000000000000355e+00 -4.079999999999999738e-01
-5.169089999999999918e+02 -3.708299999999999841e+01 -1.989099999999999824e+01 -6.650000000000000355e-01
-3.403310000000000173e+02 -3.595199999999999818e+01 -1.850600000000000023e+01 -6.830000000000000515e-01
-2.986400000000000077e+01 -5.427999999999999936e+00 -4.636000000000000121e+00 -3.920000000000000151e-01
3.002330000000000041e+02 3.867099999999999937e+01 1.269699999999999918e+01 1.130000000000000032e-01
6.288160000000000309e+02 7.598399999999999466e+01 2.221999999999999886e+01 5.520000000000000462e-01
8.547069999999999936e+02 9.058799999999999386e+01 1.895599999999999952e+01 6.630000000000000338e-01
8.248669999999999618e+02 9.078799999999999670e+01 1.068299999999999983e+01 5.330000000000000293e-01
5.192279999999999518e+02 9.072400000000000375e+01 8.271000000000000796e+00 4.339999999999999969e-01
1.106919999999999931e+02 7.368099999999999739e+01 9.096999999999999531e+00 3.619999999999999885e-01
-1.693439999999999941e+02 2.604400000000000048e+01 3.702999999999999847e+00 1.960000000000000075e-01
-2.462510000000000048e+02 -1.914999999999999858e+01 -6.942000000000000171e+00 4.900000000000000189e-02
-2.267330000000000041e+02 -2.951599999999999824e+01 -1.528999999999999915e+01 4.299999999999999656e-02
-1.765360000000000014e+02 -2.283699999999999974e+01 -1.944200000000000017e+01 4.100000000000000172e-02
-5.639099999999999824e+01 -2.741199999999999903e+01 -2.143900000000000006e+01 -9.099999999999999756e-02
6.706499999999999773e+01 -3.847200000000000131e+01 -2.245100000000000051e+01 -2.750000000000000222e-01
1.618499999999999872e+01 -4.116499999999999915e+01 -2.406400000000000006e+01 -4.209999999999999853e-01
-2.040550000000000068e+02 -3.946600000000000108e+01 -2.667200000000000060e+01 -5.450000000000000400e-01
-3.500319999999999823e+02 -3.939399999999999835e+01 -2.670299999999999940e+01 -6.280000000000000027e-01
-2.373019999999999925e+02 -2.432100000000000151e+01 -2.024399999999999977e+01 -5.709999999999999520e-01
5.819800000000000040e+01 2.134700000000000131e+01 -8.371999999999999886e+00 -3.629999999999999893e-01
2.737909999999999968e+02 6.575900000000000034e+01 1.516999999999999904e+00 -1.869999999999999996e-01
1.836320000000000050e+02 5.313199999999999790e+01 7.610000000000000098e-01 -2.500000000000000000e-01
-1.568410000000000082e+02 -1.386999999999999922e+01 -1.032699999999999996e+01 -4.949999999999999956e-01
-4.240790000000000077e+02 -6.683400000000000318e+01 -1.959199999999999875e+01 -5.919999999999999707e-01
-3.719800000000000182e+02 -5.946000000000000085e+01 -1.480199999999999960e+01 -3.220000000000000084e-01
-5.880499999999999972e+01 -1.389400000000000013e+01 3.837000000000000188e+00 1.509999999999999953e-01
2.825480000000000018e+02 2.841400000000000148e+01 2.451500000000000057e+01 4.839999999999999858e-01
4.386019999999999754e+02 5.611200000000000188e+01 3.428000000000000114e+01 5.260000000000000231e-01
3.365459999999999923e+02 7.352299999999999613e+01 2.876899999999999835e+01 3.850000000000000089e-01
1.192840000000000060e+02 7.389100000000000534e+01 1.516900000000000048e+01 2.190000000000000002e-01
-4.485999999999999766e+00 5.345499999999999829e+01 5.482000000000000206e+00 1.150000000000000050e-01
-3.290500000000000114e+01 3.051500000000000057e+01 4.881000000000000227e+00 1.029999999999999943e-01
-9.838700000000000045e+01 2.623400000000000176e+01 8.605000000000000426e+00 1.640000000000000069e-01
-1.658899999999999864e+02 3.775399999999999778e+01 9.461999999999999744e+00 2.119999999999999940e-01
-1.067330000000000041e+02 4.258599999999999852e+01 4.046000000000000263e+00 1.239999999999999991e-01
2.293900000000000006e+01 2.671999999999999886e+01 -5.078999999999999737e+00 -9.199999999999999845e-02
1.118169999999999931e+02 6.179999999999999716e+00 -9.954000000000000625e+00 -2.230000000000000038e-01
2.231080000000000041e+02 9.785999999999999588e+00 -5.312000000000000277e+00 -1.130000000000000032e-01
3.772520000000000095e+02 3.570700000000000074e+01 3.520999999999999908e+00 1.059999999999999970e-01
3.640889999999999986e+02 4.870300000000000296e+01 7.147000000000000242e+00 2.300000000000000100e-01
8.058700000000000330e+01 2.926899999999999835e+01 4.737000000000000099e+00 2.730000000000000204e-01
-2.159790000000000134e+02 -5.358999999999999986e+00 2.512999999999999901e+00 3.469999999999999751e-01
-2.680070000000000050e+02 -3.662899999999999778e+01 1.598000000000000087e+00 3.639999999999999902e-01
-1.779269999999999925e+02 -6.429300000000000637e+01 -2.702999999999999847e+00 1.559999999999999998e-01
-1.790879999999999939e+02 -8.534900000000000375e+01 -9.544999999999999929e+00 -1.630000000000000060e-01
-2.771960000000000264e+02 -8.993399999999999750e+01 -1.135100000000000087e+01 -2.939999999999999836e-01
-3.381370000000000005e+02 -8.346200000000000330e+01 -6.477999999999999758e+00 -1.890000000000000013e-01
-3.527420000000000186e+02 -8.645399999999999352e+01 -3.432999999999999829e+00 -8.599999999999999312e-02
-3.953330000000000268e+02 -1.075250000000000057e+02 -8.525999999999999801e+00 -1.559999999999999998e-01
-4.284660000000000082e+02 -1.311299999999999955e+02 -1.663299999999999912e+01 -3.489999999999999769e-01
-3.461890000000000214e+02 -1.349329999999999927e+02 -1.796000000000000085e+01 -4.979999999999999982e-01
-1.435989999999999895e+02 -1.092690000000000055e+02 -9.112999999999999545e+00 -4.819999999999999840e-01
1.103790000000000049e+02 -5.871500000000000341e+01 4.557000000000000384e+00 -3.240000000000000102e-01
3.601499999999999773e+02 2.165999999999999925e+00 1.455499999999999972e+01 -1.519999999999999962e-01
4.799970000000000141e+02 4.830899999999999750e+01 1.627599999999999980e+01 -5.099999999999999672e-02
2.905720000000000027e+02 5.208800000000000097e+01 1.030000000000000071e+01 -4.299999999999999656e-02
-1.690080000000000098e+02 9.198999999999999844e+00 -1.657000000000000028e+00 -1.630000000000000060e-01
-5.730019999999999527e+02 -4.417000000000000171e+01 -1.475000000000000000e+01 -3.449999999999999734e-01
-6.255460000000000491e+02 -5.684400000000000119e+01 -1.681200000000000117e+01 -3.559999999999999831e-01
-3.131539999999999964e+02 -1.048000000000000043e+01 9.800000000000000377e-02 -4.200000000000000261e-02
1.262180000000000035e+02 6.530500000000000682e+01 2.501200000000000045e+01 4.279999999999999916e-01
4.038149999999999977e+02 1.246749999999999972e+02 3.883700000000000330e+01 7.750000000000000222e-01
4.390790000000000077e+02 1.445809999999999889e+02 3.680899999999999750e+01 9.379999999999999449e-01
3.820040000000000191e+02 1.283590000000000089e+02 2.695100000000000051e+01 9.589999999999999636e-01
3.180459999999999923e+02 8.500199999999999534e+01 1.241999999999999993e+01 7.429999999999999938e-01
1.690939999999999941e+02 2.804299999999999926e+01 -7.613000000000000433e+00 2.710000000000000187e-01
-5.151200000000000045e+01 -1.807799999999999940e+01 -2.505699999999999861e+01 -1.650000000000000078e-01
-1.819010000000000105e+02 -4.080499999999999972e+01 -2.876000000000000156e+01 -3.029999999999999916e-01
-1.573160000000000025e+02 -5.273400000000000176e+01 -1.972800000000000153e+01 -2.489999999999999991e-01
-6.772700000000000387e+01 -6.065200000000000102e+01 -7.942999999999999616e+00 -1.990000000000000102e-01
1.723900000000000077e+01 -5.120400000000000063e+01 7.760000000000000231e-01 -1.439999999999999891e-01
1.008709999999999951e+02 -2.440500000000000114e+01 5.746000000000000441e+00 -6.500000000000000222e-02
1.721560000000000059e+02 -5.761999999999999567e+00 5.641000000000000014e+00 -8.200000000000000344e-02
1.922009999999999934e+02 -1.145899999999999963e+01 2.459999999999999964e-01 -2.159999999999999976e-01
1.554480000000000075e+02 -2.909600000000000009e+01 -6.334999999999999964e+00 -2.869999999999999774e-01
8.695900000000000318e+01 -3.706099999999999994e+01 -9.901999999999999247e+00 -2.079999999999999905e-01
-7.339000000000000412e+00 -2.661100000000000065e+01 -9.987000000000000099e+00 -1.270000000000000018e-01
-1.187399999999999949e+02 -5.375000000000000000e+00 -7.658999999999999808e+00 -1.539999999999999980e-01
-1.963739999999999952e+02 1.408600000000000030e+01 -3.504999999999999893e+00 -1.789999999999999925e-01
-2.070329999999999870e+02 2.242099999999999937e+01 1.038000000000000034e+00 -7.900000000000000078e-02
-1.967489999999999952e+02 1.263400000000000034e+01 2.891000000000000014e+00 4.599999999999999922e-02
-2.156299999999999955e+02 -8.419999999999999929e+00 7.740000000000000213e-01 2.400000000000000050e-02
-2.169679999999999893e+02 -1.346700000000000053e+01 -1.385000000000000009e+00 -1.239999999999999991e-01
-1.153059999999999974e+02 1.208200000000000074e+01 1.419000000000000039e+00 -2.099999999999999922e-01
8.049899999999999523e+01 4.933100000000000307e+01 9.916999999999999815e+00 -8.999999999999999667e-02
2.598829999999999814e+02 8.125100000000000477e+01 2.282600000000000051e+01 2.520000000000000018e-01
3.048750000000000000e+02 1.066680000000000064e+02 3.645700000000000074e+01 6.530000000000000249e-01
1.538300000000000125e+02 1.037999999999999972e+02 3.922599999999999909e+01 7.560000000000000053e-01
-1.682390000000000043e+02 4.505799999999999983e+01 2.186799999999999855e+01 3.499999999999999778e-01
-5.317920000000000300e+02 -3.860799999999999699e+01 -3.665999999999999925e+00 -2.580000000000000071e-01
-7.501770000000000209e+02 -7.787199999999999989e+01 -1.429400000000000048e+01 -5.440000000000000391e-01
-6.659690000000000509e+02 -5.424000000000000199e+01 -5.538000000000000256e+00 -3.930000000000000160e-01
-2.458609999999999900e+02 -9.617000000000000881e+00 7.588000000000000078e+00 -7.599999999999999811e-02
3.276089999999999804e+02 2.260600000000000165e+01 1.532000000000000028e+01 2.079999999999999905e-01
7.729800000000000182e+02 4.482099999999999795e+01 1.940800000000000125e+01 4.500000000000000111e-01
9.863239999999999554e+02 6.462099999999999511e+01 1.956299999999999883e+01 6.310000000000000053e-01
1.044317999999999984e+03 7.654099999999999682e+01 1.220299999999999940e+01 6.660000000000000364e-01
9.959310000000000400e+02 7.601500000000000057e+01 1.245999999999999996e+00 5.270000000000000240e-01
8.477949999999999591e+02 7.104300000000000637e+01 -3.132000000000000117e+00 3.260000000000000120e-01
6.411599999999999682e+02 7.051000000000000512e+01 1.935999999999999943e+00 2.159999999999999976e-01
4.070670000000000073e+02 6.764700000000000557e+01 6.884999999999999787e+00 1.970000000000000084e-01
1.519780000000000086e+02 4.826400000000000290e+01 1.953000000000000069e+00 1.239999999999999991e-01
-7.393800000000000239e+01 1.442699999999999960e+01 -1.006499999999999950e+01 -6.900000000000000577e-02
-1.964710000000000036e+02 -1.610900000000000176e+01 -1.918199999999999861e+01 -2.600000000000000089e-01
-2.120519999999999925e+02 -3.482399999999999807e+01 -2.176500000000000057e+01 -3.240000000000000102e-01
-1.893290000000000077e+02 -4.861999999999999744e+01 -2.153900000000000148e+01 -2.670000000000000151e-01
-1.799540000000000077e+02 -6.031700000000000017e+01 -2.148600000000000065e+01 -1.300000000000000044e-01
-1.814629999999999939e+02 -6.351700000000000301e+01 -2.171699999999999875e+01 6.700000000000000400e-02
-1.812439999999999998e+02 -6.013600000000000279e+01 -2.221300000000000097e+01 2.260000000000000064e-01
-1.880819999999999936e+02 -6.379599999999999937e+01 -2.310800000000000054e+01 2.069999999999999896e-01
-2.082949999999999875e+02 -7.902400000000000091e+01 -2.390899999999999892e+01 1.899999999999999953e-02
-2.206999999999999886e+02 -9.221399999999999864e+01 -2.311899999999999977e+01 -1.729999999999999871e-01
-2.012079999999999984e+02 -9.132299999999999329e+01 -1.853900000000000148e+01 -2.409999999999999920e-01
-1.701519999999999868e+02 -8.073099999999999454e+01 -1.068200000000000038e+01 -2.369999999999999885e-01
-1.957429999999999950e+02 -6.822899999999999920e+01 -4.519999999999999574e+00 -3.079999999999999960e-01
-3.239619999999999891e+02 -5.369700000000000273e+01 -4.108999999999999986e+00 -5.190000000000000169e-01
-5.004769999999999754e+02 -4.243699999999999761e+01 -8.513999999999999346e+00 -7.780000000000000249e-01
-6.013719999999999573e+02 -4.893099999999999739e+01 -1.490199999999999925e+01 -9.559999999999999609e-01
-5.606770000000000209e+02 -6.959799999999999898e+01 -2.116700000000000159e+01 -1.040000000000000036e+00
-4.249959999999999809e+02 -7.707200000000000273e+01 -2.584499999999999886e+01 -1.104000000000000092e+00
-2.658419999999999845e+02 -5.928199999999999648e+01 -2.810399999999999920e+01 -1.137999999999999901e+00
-8.507099999999999795e+01 -3.045599999999999952e+01 -2.581200000000000117e+01 -1.016000000000000014e+00
1.574540000000000077e+02 9.051999999999999602e+00 -1.412500000000000000e+01 -6.290000000000000036e-01
4.030040000000000191e+02 7.571599999999999397e+01 9.320000000000000284e+00 -1.799999999999999864e-02
4.371089999999999804e+02 1.544190000000000111e+02 3.726599999999999824e+01 6.209999999999999964e-01
1.471759999999999877e+02 2.021910000000000025e+02 5.524000000000000199e+01 1.056000000000000050e+00
-2.070540000000000020e+02 2.053569999999999993e+02 5.298100000000000165e+01 1.147999999999999909e+00
-2.750930000000000177e+02 1.809559999999999889e+02 3.311200000000000188e+01 8.970000000000000195e-01
-9.460200000000000387e+01 1.344840000000000089e+02 9.048000000000000043e+00 4.500000000000000111e-01
3.510399999999999920e+01 6.752700000000000102e+01 -5.799999999999999822e+00 2.199999999999999872e-02
6.705000000000000071e+00 6.153999999999999915e+00 -7.341999999999999638e+00 -2.210000000000000020e-01
-6.182800000000000296e+01 -2.201500000000000057e+01 -1.096000000000000085e+00 -2.270000000000000073e-01
-7.395699999999999363e+01 -2.178200000000000003e+01 5.450999999999999623e+00 -5.000000000000000278e-02
-2.334900000000000020e+01 -1.513100000000000023e+01 1.101999999999999957e+01 1.950000000000000067e-01
4.671300000000000097e+01 -1.271100000000000030e+01 1.785500000000000043e+01 4.089999999999999747e-01
5.640100000000000335e+01 -1.887199999999999989e+01 2.209600000000000009e+01 5.140000000000000124e-01
-1.242800000000000082e+01 -3.913400000000000034e+01 1.743400000000000105e+01 4.949999999999999956e-01
-3.499099999999999966e+01 -6.575499999999999545e+01 7.038000000000000256e+00 4.079999999999999738e-01
7.906999999999999318e+01 -7.918200000000000216e+01 -3.290000000000000147e-01 2.810000000000000275e-01
1.910269999999999868e+02 -7.078300000000000125e+01 -2.109999999999999876e+00 1.069999999999999979e-01
1.257480000000000047e+02 -4.671699999999999875e+01 -2.129999999999999949e-01 -2.400000000000000050e-02
-3.667699999999999960e+01 -1.826699999999999946e+01 4.573000000000000398e+00 -2.000000000000000042e-03
-1.089879999999999995e+02 -2.366000000000000103e+00 8.378999999999999559e+00 8.599999999999999312e-02
-1.123559999999999945e+02 -1.342699999999999960e+01 2.853000000000000203e+00 2.199999999999999872e-02
-1.676939999999999884e+02 -4.372599999999999909e+01 -1.472000000000000064e+01 -2.439999999999999947e-01
-2.020529999999999973e+02 -6.756199999999999761e+01 -3.385699999999999932e+01 -4.819999999999999840e-01
-7.506399999999999295e+01 -6.965800000000000125e+01 -3.933299999999999841e+01 -4.149999999999999800e-01
8.527200000000000557e+01 -6.036200000000000188e+01 -2.921799999999999997e+01 -7.799999999999999989e-02
7.735999999999999766e+00 -5.894200000000000017e+01 -1.848000000000000043e+01 1.509999999999999953e-01
-2.699639999999999986e+02 -6.272800000000000153e+01 -1.778600000000000136e+01 9.199999999999999845e-02
-3.934060000000000059e+02 -4.447299999999999898e+01 -1.792000000000000171e+01 5.700000000000000205e-02
-1.705749999999999886e+02 9.662000000000000810e+00 -6.225999999999999979e+00 3.150000000000000022e-01
2.142620000000000005e+02 7.509399999999999409e+01 1.280100000000000016e+01 6.390000000000000124e-01
4.718620000000000232e+02 1.129440000000000026e+02 2.539499999999999957e+01 6.860000000000000542e-01
4.722029999999999745e+02 1.103799999999999955e+02 2.783200000000000074e+01 5.020000000000000018e-01
3.010640000000000214e+02 9.574599999999999511e+01 2.837099999999999866e+01 4.089999999999999747e-01
2.161930000000000121e+02 1.092830000000000013e+02 3.382600000000000051e+01 5.490000000000000435e-01
4.276580000000000155e+02 1.511680000000000064e+02 4.069899999999999807e+01 7.229999999999999760e-01
8.015420000000000300e+02 1.728420000000000130e+02 4.118299999999999983e+01 7.259999999999999787e-01
9.266860000000000355e+02 1.347969999999999970e+02 3.367999999999999972e+01 5.899999999999999689e-01
6.163540000000000418e+02 5.789900000000000091e+01 2.286100000000000065e+01 4.229999999999999871e-01
1.903300000000000125e+02 -5.214999999999999858e+00 1.165700000000000003e+01 2.270000000000000073e-01
3.651200000000000045e+01 -3.400399999999999778e+01 -5.430000000000000382e-01 -3.500000000000000333e-02
8.672499999999999432e+01 -4.572999999999999687e+01 -1.161899999999999977e+01 -3.150000000000000022e-01
3.888600000000000279e+01 -5.575000000000000000e+01 -1.613299999999999912e+01 -5.010000000000000009e-01
-1.471550000000000011e+02 -6.396699999999999875e+01 -1.345899999999999963e+01 -5.390000000000000346e-01
-2.993750000000000000e+02 -6.905800000000000693e+01 -9.971000000000000085e+00 -4.879999999999999893e-01
-3.435249999999999773e+02 -7.493800000000000239e+01 -1.079700000000000060e+01 -4.510000000000000120e-01
-3.146370000000000005e+02 -8.479500000000000171e+01 -1.368299999999999983e+01 -4.640000000000000235e-01
-2.146430000000000007e+02 -9.348699999999999477e+01 -1.231000000000000050e+01 -4.799999999999999822e-01
-3.919100000000000250e+01 -9.059000000000000341e+01 -4.591999999999999638e+00 -4.490000000000000102e-01
1.023239999999999981e+02 -7.752800000000000580e+01 3.423999999999999932e+00 -4.060000000000000275e-01
5.546999999999999886e+01 -7.119599999999999795e+01 4.139000000000000234e+00 -4.309999999999999942e-01
-1.529279999999999973e+02 -7.797400000000000375e+01 -1.786000000000000032e+00 -5.100000000000000089e-01
-3.051390000000000100e+02 -7.898900000000000432e+01 -5.849000000000000199e+00 -5.220000000000000195e-01
-2.653539999999999850e+02 -5.787500000000000000e+01 -3.269000000000000128e+00 -4.010000000000000231e-01
-1.434130000000000109e+02 -3.093199999999999861e+01 -6.189999999999999947e-01 -2.550000000000000044e-01
-1.343739999999999952e+02 -3.016799999999999926e+01 -7.328000000000000291e+00 -2.640000000000000124e-01
-2.618799999999999955e+02 -5.988300000000000267e+01 -2.136299999999999955e+01 -4.560000000000000164e-01
-3.550369999999999777e+02 -8.875900000000000034e+01 -3.034499999999999886e+01 -6.510000000000000231e-01
-2.645210000000000150e+02 -8.470900000000000318e+01 -2.669399999999999906e+01 -6.470000000000000195e-01
9.699999999999999734e-01 -4.248100000000000165e+01 -1.427800000000000047e+01 -4.069999999999999729e-01
3.193389999999999986e+02 1.650300000000000011e+01 -1.270000000000000018e+00 -4.900000000000000189e-02
4.863849999999999909e+02 5.873299999999999699e+01 6.751000000000000334e+00 2.889999999999999791e-01
3.142429999999999950e+02 6.510699999999999932e+01 9.446999999999999176e+00 5.410000000000000364e-01
-1.039369999999999976e+02 4.952100000000000080e+01 1.035200000000000031e+01 6.760000000000000453e-01
-4.037950000000000159e+02 3.779299999999999926e+01 9.720000000000000639e+00 6.530000000000000249e-01
-3.772479999999999905e+02 3.564600000000000080e+01 4.121999999999999886e+00 4.719999999999999751e-01
-1.601759999999999877e+02 3.562500000000000000e+01 -3.572000000000000064e+00 2.670000000000000151e-01
4.582399999999999807e+01 3.795700000000000074e+01 -6.517000000000000348e+00 1.729999999999999871e-01
1.563100000000000023e+02 4.227300000000000324e+01 -8.510999999999999233e+00 1.199999999999999956e-01
1.306339999999999861e+02 4.048499999999999943e+01 -1.834900000000000020e+01 -6.700000000000000400e-02
-1.321199999999999974e+01 3.733400000000000318e+01 -2.864699999999999847e+01 -3.240000000000000102e-01
-1.434379999999999882e+02 4.845600000000000307e+01 -2.306099999999999994e+01 -3.609999999999999876e-01
-1.580370000000000061e+02 6.547700000000000387e+01 -5.118000000000000327e+00 -1.120000000000000023e-01
-1.129929999999999950e+02 6.105100000000000193e+01 5.134000000000000341e+00 1.320000000000000062e-01
-1.005649999999999977e+02 3.348299999999999699e+01 1.979999999999999982e+00 1.469999999999999918e-01
-1.104410000000000025e+02 8.692999999999999616e+00 -2.583000000000000185e+00 6.000000000000000125e-03
-9.698999999999999488e+01 8.629999999999999893e-01 -2.488999999999999879e+00 -1.390000000000000124e-01
-8.246500000000000341e+01 1.604000000000000092e+00 -2.875999999999999890e+00 -2.320000000000000118e-01
-1.033169999999999931e+02 6.089999999999999858e-01 -5.825999999999999623e+00 -2.500000000000000000e-01
-1.201440000000000055e+02 -4.147000000000000242e+00 -7.692999999999999616e+00 -2.099999999999999922e-01
-7.211100000000000421e+01 -8.968999999999999417e+00 -6.908000000000000362e+00 -1.680000000000000104e-01
3.218699999999999761e+01 -7.519000000000000128e+00 -4.017999999999999794e+00 -1.229999999999999982e-01
1.594499999999999886e+02 3.189999999999999947e+00 1.814999999999999947e+00 -1.700000000000000122e-02
2.957980000000000018e+02 2.142500000000000071e+01 1.089700000000000024e+01 1.400000000000000133e-01
3.548240000000000123e+02 4.281799999999999784e+01 2.028099999999999881e+01 2.750000000000000222e-01
1.861370000000000005e+02 5.268399999999999750e+01 2.551000000000000156e+01 3.360000000000000209e-01
-1.860279999999999916e+02 3.218599999999999994e+01 2.587999999999999901e+01 3.220000000000000084e-01
-4.793840000000000146e+02 -8.704000000000000625e+00 2.508399999999999963e+01 2.600000000000000089e-01
-4.789719999999999800e+02 -3.220400000000000063e+01 2.258399999999999963e+01 1.360000000000000098e-01
-3.167610000000000241e+02 -2.839900000000000091e+01 1.104899999999999949e+01 -9.900000000000000466e-02
-2.406939999999999884e+02 -3.038500000000000156e+01 -9.010999999999999233e+00 -3.410000000000000253e-01
-2.470449999999999875e+02 -5.106600000000000250e+01 -2.100100000000000122e+01 -3.170000000000000040e-01
-1.631200000000000045e+02 -5.728600000000000136e+01 -1.228899999999999970e+01 2.999999999999999889e-02
4.458200000000000074e+01 -3.115299999999999869e+01 5.783999999999999808e+00 3.739999999999999991e-01
2.617660000000000196e+02 5.488999999999999879e+00 1.512299999999999933e+01 4.819999999999999840e-01
4.109529999999999745e+02 4.748799999999999955e+01 1.938800000000000168e+01 5.709999999999999520e-01
5.076949999999999932e+02 1.164000000000000057e+02 3.400099999999999767e+01 8.729999999999999982e-01
6.272050000000000409e+02 1.984530000000000030e+02 5.433700000000000330e+01 1.149000000000000021e+00
8.141989999999999554e+02 2.401200000000000045e+02 5.857999999999999829e+01 1.016000000000000014e+00
9.230499999999999545e+02 2.198089999999999975e+02 4.149000000000000199e+01 5.729999999999999538e-01
7.103759999999999764e+02 1.714050000000000011e+02 2.120499999999999829e+01 2.700000000000000178e-01
2.245629999999999882e+02 1.248569999999999993e+02 9.646000000000000796e+00 2.039999999999999869e-01
-1.557290000000000134e+02 6.920699999999999363e+01 -8.299999999999999600e-01 4.599999999999999922e-02
-1.824749999999999943e+02 -2.978000000000000203e+00 -1.540499999999999936e+01 -3.079999999999999960e-01
3.257200000000000273e+01 -5.599399999999999977e+01 -2.268900000000000006e+01 -5.170000000000000151e-01
2.552500000000000000e+02 -5.501400000000000290e+01 -1.355100000000000016e+01 -3.649999999999999911e-01
3.342529999999999859e+02 -2.288299999999999912e+01 1.133000000000000007e+00 -1.390000000000000124e-01
2.170600000000000023e+02 -1.339700000000000024e+01 3.725000000000000089e+00 -2.190000000000000002e-01
-3.152400000000000091e+01 -4.233299999999999841e+01 -8.063000000000000611e+00 -5.819999999999999618e-01
-2.548009999999999877e+02 -7.721599999999999397e+01 -2.156099999999999994e+01 -9.200000000000000400e-01
-3.416070000000000277e+02 -8.871099999999999852e+01 -2.571000000000000085e+01 -1.032000000000000028e+00
-3.118709999999999809e+02 -8.423199999999999932e+01 -2.085500000000000043e+01 -9.549999999999999600e-01
-2.543789999999999907e+02 -8.630700000000000216e+01 -1.543399999999999928e+01 -8.060000000000000497e-01
-2.296239999999999952e+02 -9.872700000000000387e+01 -1.613700000000000045e+01 -6.350000000000000089e-01
-2.436140000000000043e+02 -1.077950000000000017e+02 -2.128000000000000114e+01 -4.339999999999999969e-01
-2.760590000000000259e+02 -1.058220000000000027e+02 -2.469300000000000139e+01 -2.200000000000000011e-01
-3.087400000000000091e+02 -9.921200000000000330e+01 -2.426599999999999824e+01 -3.099999999999999978e-02
-3.318100000000000023e+02 -9.670999999999999375e+01 -2.330900000000000105e+01 7.799999999999999989e-02
-3.374900000000000091e+02 -9.703199999999999648e+01 -2.410399999999999920e+01 4.800000000000000100e-02
-3.218340000000000032e+02 -9.075000000000000000e+01 -2.383399999999999963e+01 -7.399999999999999634e-02
-2.875790000000000077e+02 -7.429999999999999716e+01 -1.941499999999999915e+01 -1.310000000000000053e-01
-2.240639999999999930e+02 -5.371500000000000341e+01 -1.292300000000000004e+01 -2.699999999999999969e-02
-1.036839999999999975e+02 -3.399600000000000222e+01 -8.182999999999999829e+00 1.710000000000000131e-01
5.550000000000000000e+01 -1.840899999999999892e+01 -6.363000000000000433e+00 3.180000000000000049e-01
1.665720000000000027e+02 -1.319299999999999962e+01 -6.908999999999999808e+00 3.300000000000000155e-01
1.799060000000000059e+02 -1.854899999999999949e+01 -7.158000000000000362e+00 2.459999999999999964e-01
1.419610000000000127e+02 -2.721499999999999986e+01 -3.766999999999999904e+00 1.419999999999999873e-01
9.901500000000000057e+01 -4.013900000000000290e+01 9.220000000000000417e-01 1.700000000000000122e-02
2.723400000000000176e+01 -6.382000000000000028e+01 1.461999999999999966e+00 -1.570000000000000007e-01
-1.321730000000000018e+02 -9.124099999999999966e+01 -1.187999999999999945e+00 -3.109999999999999987e-01
-3.888620000000000232e+02 -1.061389999999999958e+02 -2.625000000000000000e+00 -3.270000000000000129e-01
-5.984310000000000400e+02 -1.008930000000000007e+02 -3.463000000000000078e+00 -2.260000000000000064e-01
-5.511219999999999573e+02 -7.665000000000000568e+01 -5.091999999999999638e+00 -9.199999999999999845e-02
-2.681229999999999905e+02 -3.522500000000000142e+01 -2.314999999999999947e+00 1.640000000000000069e-01
2.949899999999999878e+01 2.027899999999999991e+01 9.914999999999999147e+00 6.700000000000000400e-01
2.629859999999999900e+02 7.333100000000000307e+01 2.399099999999999966e+01 1.209000000000000075e+00
4.466739999999999782e+02 8.897899999999999920e+01 2.472299999999999898e+01 1.342999999999999972e+00
4.890579999999999927e+02 5.573799999999999955e+01 1.110100000000000087e+01 1.002000000000000002e+00
4.453870000000000005e+02 2.571300000000000097e+01 1.213999999999999968e+00 6.169999999999999929e-01
5.610190000000000055e+02 5.222099999999999653e+01 7.014999999999999680e+00 5.430000000000000382e-01
7.545960000000000036e+02 1.052459999999999951e+02 1.649800000000000111e+01 6.250000000000000000e-01
6.247440000000000282e+02 1.179050000000000011e+02 1.280199999999999960e+01 5.130000000000000115e-01
1.629010000000000105e+02 8.753600000000000136e+01 -1.529999999999999971e-01 1.910000000000000031e-01
-1.588640000000000043e+02 6.619599999999999795e+01 -5.445999999999999730e+00 -2.500000000000000139e-02
-1.294550000000000125e+02 7.646999999999999886e+01 1.629999999999999893e+00 3.500000000000000333e-02
-4.704500000000000171e+01 9.021800000000000352e+01 1.001099999999999923e+01 1.690000000000000113e-01
-1.412220000000000084e+02 8.002200000000000557e+01 1.003400000000000070e+01 1.280000000000000027e-01
-2.580869999999999891e+02 5.223599999999999710e+01 3.456999999999999851e+00 -5.299999999999999850e-02
-2.323520000000000039e+02 2.855099999999999838e+01 -3.104000000000000092e+00 -1.900000000000000022e-01
-1.602549999999999955e+02 1.913299999999999912e+01 -7.155999999999999694e+00 -2.459999999999999964e-01
-1.573329999999999984e+02 1.703200000000000003e+01 -9.221999999999999531e+00 -3.310000000000000164e-01
-1.501899999999999977e+02 8.906000000000000583e+00 -7.751999999999999780e+00 -4.769999999999999796e-01
-4.950999999999999801e+01 -9.935999999999999943e+00 -1.800000000000000044e+00 -5.759999999999999565e-01
7.113200000000000500e+01 -3.131299999999999883e+01 3.541999999999999815e+00 -5.600000000000000533e-01
7.767799999999999727e+01 -4.652600000000000335e+01 1.870999999999999996e+00 -5.260000000000000231e-01
-5.610799999999999699e+01 -5.666100000000000136e+01 -5.304999999999999716e+00 -5.909999999999999698e-01
-2.567679999999999723e+02 -6.552400000000000091e+01 -1.013700000000000045e+01 -7.039999999999999591e-01
-4.409929999999999950e+02 -7.208400000000000318e+01 -7.823000000000000398e+00 -7.189999999999999725e-01
-5.227169999999999845e+02 -7.607500000000000284e+01 -1.719999999999999862e-01 -5.989999999999999769e-01
-4.173399999999999750e+02 -7.473900000000000432e+01 9.053000000000000824e+00 -4.020000000000000240e-01
-1.270190000000000055e+02 -4.714099999999999824e+01 1.957000000000000028e+01 -9.299999999999999933e-02
2.098369999999999891e+02 2.806599999999999895e+01 3.276899999999999835e+01 4.199999999999999845e-01
4.060710000000000264e+02 1.247259999999999991e+02 4.387100000000000222e+01 9.320000000000000506e-01
4.003399999999999750e+02 1.820639999999999930e+02 4.347999999999999687e+01 1.006999999999999895e+00
3.246209999999999809e+02 1.819499999999999886e+02 3.217999999999999972e+01 6.209999999999999964e-01
3.194719999999999800e+02 1.593400000000000034e+02 2.193100000000000094e+01 2.770000000000000240e-01
3.336170000000000186e+02 1.321730000000000018e+02 1.661400000000000077e+01 2.149999999999999967e-01
2.342390000000000043e+02 8.717499999999999716e+01 7.320999999999999730e+00 1.179999999999999938e-01
4.984599999999999653e+01 2.939499999999999957e+01 -8.387000000000000455e+00 -1.710000000000000131e-01
-5.054800000000000182e+01 -1.520800000000000018e+01 -2.053200000000000003e+01 -3.619999999999999885e-01
1.288000000000000034e+00 -3.684300000000000352e+01 -2.207700000000000173e+01 -2.660000000000000142e-01
8.306399999999999295e+01 -4.503000000000000114e+01 -1.647299999999999898e+01 -7.699999999999999900e-02
6.981699999999999307e+01 -4.873499999999999943e+01 -1.026500000000000057e+01 -5.299999999999999850e-02
-2.858000000000000096e+00 -5.055100000000000193e+01 -5.759000000000000341e+00 -2.290000000000000091e-01
-4.637500000000000000e+01 -5.089800000000000324e+01 -1.762999999999999901e+00 -4.309999999999999942e-01
-6.200600000000000023e+01 -5.039999999999999858e+01 5.639999999999999458e-01 -4.560000000000000164e-01
-7.127299999999999613e+01 -4.885699999999999932e+01 -2.589999999999999858e+00 -3.160000000000000031e-01
-4.654699999999999704e+01 -4.495600000000000307e+01 -1.019299999999999962e+01 -2.179999999999999993e-01
-1.187700000000000067e+01 -4.166199999999999903e+01 -1.573499999999999943e+01 -2.710000000000000187e-01
-8.051999999999999602e+01 -5.079200000000000159e+01 -1.774899999999999878e+01 -3.930000000000000160e-01
-3.119730000000000132e+02 -8.351300000000000523e+01 -2.355099999999999838e+01 -5.390000000000000346e-01
-6.245090000000000146e+02 -1.318700000000000045e+02 -3.681700000000000017e+01 -7.469999999999999973e-01
-8.798369999999999891e+02 -1.674170000000000016e+02 -4.752900000000000347e+01 -9.459999999999999520e-01
-9.609370000000000118e+02 -1.612740000000000009e+02 -4.234400000000000119e+01 -9.360000000000000542e-01
-7.647129999999999654e+02 -9.708400000000000318e+01 -1.962699999999999889e+01 -5.839999999999999636e-01
-2.767909999999999968e+02 2.291000000000000014e+01 1.263299999999999912e+01 7.199999999999999456e-02
3.126460000000000150e+02 1.585459999999999923e+02 4.364699999999999847e+01 8.159999999999999476e-01
7.527899999999999636e+02 2.397630000000000052e+02 5.997200000000000131e+01 1.324000000000000066e+00
9.950330000000000155e+02 2.299070000000000107e+02 5.371300000000000097e+01 1.393000000000000016e+00
1.114463999999999942e+03 1.580809999999999889e+02 3.210900000000000176e+01 1.094999999999999973e+00
1.057099999999999909e+03 7.210599999999999454e+01 7.677999999999999936e+00 6.300000000000000044e-01
7.499990000000000236e+02 2.217999999999999972e+00 -1.366699999999999982e+01 1.610000000000000042e-01
3.774289999999999736e+02 -3.054500000000000171e+01 -2.759400000000000119e+01 -1.710000000000000131e-01
2.128220000000000027e+02 -2.747200000000000131e+01 -2.859499999999999886e+01 -2.680000000000000160e-01
2.381210000000000093e+02 -2.540500000000000114e+01 -1.849099999999999966e+01 -1.690000000000000113e-01
2.228750000000000000e+02 -4.995000000000000284e+01 -6.650999999999999801e+00 -2.599999999999999881e-02
7.124500000000000455e+01 -7.487099999999999511e+01 1.754000000000000004e+00 5.399999999999999939e-02
-1.378820000000000050e+02 -6.495999999999999375e+01 9.669999999999999929e+00 1.179999999999999938e-01
-2.987610000000000241e+02 -3.347099999999999653e+01 1.784199999999999875e+01 2.179999999999999993e-01
-3.202090000000000032e+02 -2.004899999999999949e+01 1.927700000000000102e+01 2.359999999999999876e-01
-1.806399999999999864e+02 -2.889600000000000080e+01 1.025399999999999956e+01 8.200000000000000344e-02
8.753999999999999559e+00 -2.703999999999999915e+01 -3.599999999999999867e-01 -8.500000000000000611e-02
1.076919999999999931e+02 -2.585999999999999854e+00 -1.836000000000000076e+00 -9.099999999999999756e-02
7.360200000000000387e+01 1.380400000000000027e+01 3.233000000000000096e+00 -1.299999999999999940e-02
-4.757600000000000051e+01 -1.060000000000000053e+00 4.208000000000000185e+00 -1.499999999999999944e-02
-1.697779999999999916e+02 -2.683200000000000074e+01 -1.300000000000000044e+00 -7.599999999999999811e-02
-2.207500000000000000e+02 -3.481000000000000227e+01 -6.894999999999999574e+00 -8.899999999999999578e-02
-2.030519999999999925e+02 -2.749200000000000088e+01 -9.118999999999999773e+00 -6.400000000000000133e-02
-1.701009999999999991e+02 -2.084299999999999997e+01 -1.000099999999999945e+01 -7.499999999999999722e-02
-1.502709999999999866e+02 -1.582399999999999984e+01 -1.096400000000000041e+01 -9.500000000000000111e-02
-1.355500000000000114e+02 -5.934000000000000163e+00 -1.041399999999999970e+01 -4.900000000000000189e-02
-1.174150000000000063e+02 8.359999999999999432e+00 -6.817999999999999616e+00 4.599999999999999922e-02
-1.041530000000000058e+02 2.066700000000000159e+01 -3.035000000000000142e+00 8.400000000000000522e-02
-1.108299999999999983e+02 2.253699999999999903e+01 -4.959999999999999964e+00 0.000000000000000000e+00
-1.404219999999999970e+02 9.387999999999999901e+00 -1.371299999999999919e+01 -1.739999999999999880e-01
-1.987110000000000127e+02 -1.389799999999999969e+01 -2.347299999999999898e+01 -3.649999999999999911e-01
-3.335419999999999732e+02 -4.091299999999999670e+01 -2.896999999999999886e+01 -5.240000000000000213e-01
-5.817409999999999854e+02 -7.217600000000000193e+01 -3.000300000000000011e+01 -6.250000000000000000e-01
-8.380990000000000464e+02 -1.042039999999999935e+02 -2.748000000000000043e+01 -6.330000000000000071e-01
-8.834260000000000446e+02 -1.194099999999999966e+02 -2.042699999999999960e+01 -5.170000000000000151e-01
-6.040650000000000546e+02 -9.949699999999999989e+01 -8.144000000000000128e+00 -2.780000000000000249e-01
-1.124140000000000015e+02 -4.232800000000000296e+01 8.554000000000000270e+00 1.019999999999999934e-01
3.660120000000000005e+02 3.221399999999999864e+01 2.605499999999999972e+01 6.019999999999999796e-01
6.613179999999999836e+02 8.295199999999999818e+01 3.514300000000000068e+01 9.859999999999999876e-01
7.316240000000000236e+02 7.939100000000000534e+01 2.872700000000000031e+01 9.669999999999999707e-01
6.580449999999999591e+02 5.007800000000000296e+01 1.560999999999999943e+01 6.600000000000000311e-01
5.408039999999999736e+02 5.497800000000000153e+01 1.248000000000000043e+01 5.050000000000000044e-01
3.512579999999999814e+02 9.644400000000000261e+01 2.105199999999999960e+01 5.969999999999999751e-01
3.987500000000000000e+01 1.176560000000000059e+02 2.848000000000000043e+01 5.829999999999999627e-01
-2.349190000000000111e+02 9.275199999999999534e+01 2.625300000000000011e+01 3.019999999999999907e-01
-2.880889999999999986e+02 5.162500000000000000e+01 1.506199999999999939e+01 4.000000000000000083e-03
-1.933240000000000123e+02 2.244399999999999906e+01 -3.899999999999999994e-02 -1.150000000000000050e-01
-6.134700000000000131e+01 1.014000000000000057e+01 -1.031900000000000084e+01 -1.350000000000000089e-01
1.818319999999999936e+02 1.638299999999999912e+01 -9.378999999999999559e+00 -1.449999999999999900e-01
4.996519999999999868e+02 3.733899999999999864e+01 -6.690000000000000391e-01 -6.500000000000000222e-02
6.149629999999999654e+02 5.904699999999999704e+01 8.497999999999999332e+00 1.849999999999999978e-01
4.222269999999999754e+02 7.275700000000000500e+01 1.522700000000000031e+01 4.719999999999999751e-01
1.658689999999999998e+02 7.786700000000000443e+01 1.838800000000000168e+01 5.370000000000000329e-01
5.992600000000000193e+01 7.112000000000000455e+01 1.526800000000000068e+01 3.150000000000000022e-01
4.808800000000000097e+01 4.762800000000000011e+01 4.717999999999999972e+00 1.099999999999999936e-02
8.180999999999999162e+00 1.177200000000000024e+01 -9.240999999999999659e+00 -1.759999999999999898e-01
-7.019100000000000250e+01 -1.891199999999999903e+01 -1.875700000000000145e+01 -2.169999999999999984e-01
-1.506229999999999905e+02 -2.919099999999999895e+01 -1.884600000000000009e+01 -1.769999999999999907e-01
-2.188880000000000052e+02 -2.565599999999999881e+01 -1.249499999999999922e+01 -1.400000000000000133e-01
-2.666370000000000005e+02 -2.696499999999999986e+01 -7.182000000000000384e+00 -1.739999999999999880e-01
-2.945629999999999882e+02 -3.932000000000000028e+01 -7.447000000000000064e+00 -2.869999999999999774e-01
-3.183129999999999882e+02 -5.634899999999999665e+01 -1.191499999999999915e+01 -4.600000000000000200e-01
-3.197309999999999945e+02 -6.970999999999999375e+01 -1.528800000000000026e+01 -6.270000000000000018e-01
-2.424710000000000036e+02 -6.890900000000000603e+01 -1.259200000000000053e+01 -6.440000000000000169e-01
-8.518500000000000227e+01 -4.886299999999999955e+01 -3.789000000000000146e+00 -4.169999999999999818e-01
7.172299999999999898e+01 -2.164000000000000057e+01 6.219000000000000306e+00 -6.300000000000000044e-02
1.725759999999999934e+02 -3.674999999999999822e+00 1.298199999999999932e+01 1.950000000000000067e-01
2.206440000000000055e+02 5.240000000000000213e+00 1.559600000000000009e+01 2.540000000000000036e-01
1.824370000000000118e+02 1.269500000000000028e+01 1.433300000000000018e+01 1.660000000000000087e-01
6.875000000000000000e+00 8.814000000000000057e+00 7.708999999999999631e+00 3.000000000000000062e-03
-2.269809999999999945e+02 -2.408500000000000085e+01 -5.966000000000000192e+00 -1.819999999999999951e-01
-3.423090000000000259e+02 -7.408100000000000307e+01 -2.265200000000000102e+01 -3.109999999999999987e-01
-2.829979999999999905e+02 -1.013190000000000026e+02 -3.171199999999999974e+01 -3.029999999999999916e-01
-1.611819999999999879e+02 -8.679800000000000182e+01 -2.606700000000000017e+01 -1.620000000000000051e-01
-6.358800000000000097e+01 -5.299399999999999977e+01 -9.634000000000000341e+00 3.599999999999999728e-02
2.508999999999999986e+01 -2.978000000000000114e+01 7.939000000000000057e+00 2.349999999999999867e-01
6.292499999999999716e+01 -2.729100000000000037e+01 1.749299999999999855e+01 3.950000000000000178e-01
-5.252300000000000324e+01 -4.405899999999999750e+01 1.365000000000000036e+01 4.109999999999999765e-01
-2.515440000000000111e+02 -7.162300000000000466e+01 1.129999999999999893e+00 1.880000000000000004e-01
-3.324680000000000177e+02 -9.052299999999999613e+01 -7.232000000000000206e+00 -1.990000000000000102e-01
-2.749100000000000250e+02 -8.687199999999999989e+01 -5.875000000000000000e+00 -5.590000000000000524e-01
-2.284480000000000075e+02 -6.985399999999999920e+01 -2.694999999999999840e+00 -7.790000000000000258e-01
-2.266220000000000141e+02 -5.459400000000000119e+01 -4.878999999999999559e+00 -8.329999999999999627e-01
-1.818029999999999973e+02 -3.490599999999999881e+01 -6.802999999999999936e+00 -7.079999999999999627e-01
-9.072100000000000364e+01 7.128999999999999559e+00 4.069999999999999729e-01 -4.189999999999999836e-01
-5.025000000000000355e+00 6.986199999999999477e+01 1.303599999999999959e+01 -4.700000000000000011e-02
1.225150000000000006e+02 1.305409999999999968e+02 1.913599999999999923e+01 2.690000000000000169e-01
3.431979999999999791e+02 1.700949999999999989e+02 1.587500000000000000e+01 3.890000000000000124e-01
5.592250000000000227e+02 1.845000000000000000e+02 1.168399999999999928e+01 2.630000000000000115e-01
6.633990000000000009e+02 1.773259999999999934e+02 1.220400000000000063e+01 -2.199999999999999872e-02
7.046040000000000418e+02 1.515269999999999868e+02 1.369999999999999929e+01 -2.580000000000000071e-01
7.394059999999999491e+02 1.114890000000000043e+02 1.217500000000000071e+01 -2.280000000000000082e-01
6.869560000000000173e+02 7.027599999999999625e+01 1.022400000000000020e+01 8.699999999999999400e-02
4.988129999999999882e+02 4.317799999999999727e+01 9.285000000000000142e+00 4.010000000000000231e-01
2.847200000000000273e+02 3.013200000000000145e+01 4.551000000000000156e+00 4.099999999999999756e-01
1.361860000000000070e+02 1.761199999999999832e+01 -4.557999999999999829e+00 1.930000000000000049e-01
2.395299999999999940e+01 9.310000000000000497e-01 -9.686999999999999389e+00 8.000000000000000167e-02
-6.058899999999999864e+01 -1.070400000000000063e+01 -6.831000000000000405e+00 1.729999999999999871e-01
-7.086299999999999955e+01 -1.309099999999999930e+01 -2.742999999999999883e+00 2.590000000000000080e-01
-4.163900000000000290e+01 -1.424699999999999989e+01 -2.894000000000000128e+00 1.900000000000000022e-01
-7.367100000000000648e+01 -1.910000000000000142e+01 -4.826999999999999957e+00 7.199999999999999456e-02
-1.717429999999999950e+02 -2.063299999999999912e+01 -6.019999999999999574e+00 4.200000000000000261e-02
-2.422059999999999889e+02 -1.235500000000000043e+01 -7.030999999999999694e+00 8.200000000000000344e-02
-2.302350000000000136e+02 -1.493000000000000105e+00 -6.629999999999999893e+00 1.079999999999999988e-01
-1.481459999999999866e+02 -1.552000000000000046e+00 -2.322999999999999954e+00 1.150000000000000050e-01
-2.875700000000000145e+01 -1.432499999999999929e+01 5.336000000000000298e+00 1.570000000000000007e-01
6.000200000000000244e+01 -2.918199999999999861e+01 1.193099999999999916e+01 2.030000000000000138e-01
4.155400000000000205e+01 -3.960199999999999676e+01 1.196700000000000053e+01 1.570000000000000007e-01
-6.230499999999999972e+01 -4.866299999999999670e+01 4.575999999999999623e+00 2.400000000000000050e-02
-1.414050000000000011e+02 -5.913700000000000045e+01 -3.944999999999999840e+00 -6.500000000000000222e-02
-1.453069999999999879e+02 -6.890000000000000568e+01 -6.568999999999999950e+00 -2.999999999999999889e-02
-1.315159999999999911e+02 -7.394400000000000261e+01 -3.346000000000000085e+00 5.899999999999999689e-02
-1.541610000000000014e+02 -7.049399999999999977e+01 -3.230000000000000093e-01 1.059999999999999970e-01
-1.850140000000000100e+02 -5.871800000000000352e+01 -1.187000000000000055e+00 8.200000000000000344e-02
-1.665240000000000009e+02 -4.465500000000000114e+01 -3.149000000000000021e+00 0.000000000000000000e+00
-9.551500000000000057e+01 -3.278399999999999892e+01 -2.678999999999999826e+00 -7.799999999999999989e-02
-2.140299999999999869e+01 -2.008099999999999952e+01 -9.020000000000000240e-01 -7.799999999999999989e-02
2.544000000000000128e+01 -1.881000000000000005e+00 -7.699999999999999900e-02 3.000000000000000062e-03
6.818500000000000227e+01 2.183099999999999952e+01 8.760000000000000009e-01 9.900000000000000466e-02
1.313100000000000023e+02 4.474600000000000222e+01 2.744000000000000217e+00 1.700000000000000122e-01
1.773590000000000089e+02 5.275699999999999790e+01 3.200000000000000067e-01 1.970000000000000084e-01
1.370020000000000095e+02 3.492099999999999937e+01 -1.250399999999999956e+01 1.300000000000000044e-01
7.078000000000000291e+00 1.870000000000000107e+00 -3.009900000000000020e+01 -4.000000000000000083e-03
-1.314240000000000066e+02 -2.347100000000000009e+01 -3.716199999999999903e+01 -6.500000000000000222e-02
-2.197760000000000105e+02 -3.542199999999999704e+01 -2.875400000000000134e+01 -0.000000000000000000e+00
-2.988750000000000000e+02 -4.903499999999999659e+01 -1.690399999999999991e+01 3.599999999999999728e-02
-4.321429999999999723e+02 -7.364100000000000534e+01 -1.105599999999999916e+01 -9.900000000000000466e-02
-5.695370000000000346e+02 -9.303300000000000125e+01 -5.700999999999999623e+00 -3.069999999999999951e-01
-5.542910000000000537e+02 -8.125700000000000500e+01 5.333000000000000185e+00 -3.619999999999999885e-01
-3.091100000000000136e+02 -4.186699999999999733e+01 1.576399999999999935e+01 -2.039999999999999869e-01
3.717099999999999937e+01 -1.043599999999999994e+01 1.695200000000000173e+01 4.000000000000000083e-03
2.951229999999999905e+02 -4.282000000000000028e+00 1.265399999999999991e+01 1.380000000000000115e-01
4.167919999999999732e+02 -1.457999999999999963e+00 1.366000000000000014e+01 2.340000000000000135e-01
4.292110000000000127e+02 1.511599999999999966e+01 2.028600000000000136e+01 3.240000000000000102e-01
3.116419999999999959e+02 3.221300000000000097e+01 2.117599999999999838e+01 3.439999999999999725e-01
1.312549999999999955e+02 3.944700000000000273e+01 1.159699999999999953e+01 2.899999999999999800e-01
9.655200000000000671e+01 5.046999999999999886e+01 2.214999999999999858e+00 2.819999999999999729e-01
2.589660000000000082e+02 7.657099999999999795e+01 3.980999999999999872e+00 4.169999999999999818e-01
4.002219999999999800e+02 1.055649999999999977e+02 1.229899999999999949e+01 5.869999999999999662e-01
3.732599999999999909e+02 1.210780000000000030e+02 1.450000000000000000e+01 5.699999999999999512e-01
2.788380000000000223e+02 1.236949999999999932e+02 8.602000000000000313e+00 3.529999999999999805e-01
2.154670000000000130e+02 1.169270000000000067e+02 3.690999999999999837e+00 1.489999999999999936e-01
1.305809999999999889e+02 9.339300000000000068e+01 3.205000000000000071e+00 -5.000000000000000104e-03
-1.541099999999999959e+01 5.644500000000000028e+01 1.782999999999999918e+00 -2.700000000000000178e-01
-1.471419999999999959e+02 2.990899999999999892e+01 -1.453999999999999959e+00 -5.649999999999999467e-01
-2.000569999999999879e+02 2.223799999999999955e+01 -2.221999999999999975e+00 -6.280000000000000027e-01
-2.197239999999999895e+02 1.016300000000000026e+01 -2.250999999999999890e+00 -5.030000000000000027e-01
-2.687660000000000196e+02 -1.999599999999999866e+01 -6.006000000000000227e+00 -4.390000000000000013e-01
-3.240799999999999841e+02 -4.779299999999999926e+01 -1.076399999999999935e+01 -4.610000000000000209e-01
-3.371179999999999950e+02 -5.518900000000000006e+01 -1.168699999999999939e+01 -4.380000000000000004e-01
-2.999420000000000073e+02 -5.254899999999999949e+01 -1.011200000000000010e+01 -3.709999999999999964e-01
-1.955329999999999870e+02 -5.055299999999999727e+01 -9.689999999999999503e+00 -3.350000000000000200e-01
-2.921199999999999974e+01 -4.196399999999999864e+01 -1.024600000000000044e+01 -3.099999999999999978e-01
6.215500000000000114e+01 -2.811700000000000088e+01 -9.724000000000000199e+00 -2.620000000000000107e-01
-5.101500000000000057e+01 -2.937600000000000122e+01 -8.380000000000000782e+00 -2.630000000000000115e-01
-2.485910000000000082e+02 -5.192199999999999704e+01 -7.621000000000000441e+00 -3.459999999999999742e-01
-3.089089999999999918e+02 -7.122599999999999909e+01 -6.573000000000000398e+00 -3.559999999999999831e-01
-2.104000000000000057e+02 -6.273599999999999710e+01 -2.778999999999999915e+00 -1.350000000000000089e-01
-3.023199999999999932e+01 -3.073100000000000165e+01 3.229000000000000092e+00 1.809999999999999942e-01
2.403160000000000025e+02 2.540000000000000036e-01 6.238000000000000433e+00 2.899999999999999800e-01
5.152899999999999636e+02 1.139799999999999969e+01 2.704000000000000181e+00 1.400000000000000133e-01
5.476520000000000437e+02 7.690000000000000391e+00 -2.347999999999999865e+00 -1.799999999999999864e-02
2.859130000000000109e+02 1.165099999999999980e+01 -9.210000000000000409e-01 1.000000000000000021e-03
6.475999999999999979e+00 3.162500000000000000e+01 6.168999999999999595e+00 1.130000000000000032e-01
-6.009199999999999875e+01 5.079299999999999926e+01 1.108699999999999974e+01 1.910000000000000031e-01
1.925199999999999889e+01 5.948599999999999710e+01 1.106099999999999994e+01 2.730000000000000204e-01
6.474800000000000466e+01 6.837600000000000477e+01 9.939000000000000057e+00 3.970000000000000195e-01
1.084699999999999953e+01 7.884399999999999409e+01 1.010999999999999943e+01 4.570000000000000173e-01
-9.265699999999999648e+01 7.313200000000000500e+01 9.297000000000000597e+00 3.699999999999999956e-01
-1.726610000000000014e+02 3.826700000000000301e+01 3.568999999999999950e+00 1.920000000000000040e-01
-1.957729999999999961e+02 -1.711400000000000077e+01 -6.841999999999999638e+00 -3.000000000000000062e-03
-1.816239999999999952e+02 -6.296600000000000108e+01 -1.420800000000000018e+01 -1.700000000000000122e-01
-1.489919999999999902e+02 -7.001600000000000534e+01 -1.124099999999999966e+01 -2.250000000000000056e-01
-8.652400000000000091e+01 -4.601800000000000068e+01 -1.842999999999999972e+00 -1.270000000000000018e-01
-8.223000000000000753e+00 -2.921900000000000119e+01 3.725999999999999979e+00 -3.000000000000000062e-03
5.130400000000000205e+01 -3.425300000000000011e+01 2.859999999999999876e+00 -5.000000000000000104e-03
1.178689999999999998e+02 -3.589399999999999835e+01 2.161000000000000032e+00 -1.029999999999999943e-01
2.243100000000000023e+02 -1.545500000000000007e+01 6.434999999999999609e+00 -1.340000000000000080e-01
2.840910000000000082e+02 8.951999999999999957e+00 1.192500000000000071e+01 -4.599999999999999922e-02
1.956479999999999961e+02 1.011899999999999977e+01 1.127899999999999991e+01 2.000000000000000042e-02
4.572599999999999909e+01 -1.079199999999999982e+01 3.551000000000000156e+00 -5.700000000000000205e-02
-1.649999999999999911e+00 -2.857100000000000151e+01 -4.304999999999999716e+00 -1.900000000000000022e-01
3.019500000000000028e+01 -2.778300000000000125e+01 -7.230000000000000426e+00 -2.320000000000000118e-01
-1.489999999999999936e-01 -1.711599999999999966e+01 -7.173000000000000043e+00 -1.799999999999999933e-01
-8.804900000000000659e+01 -1.023300000000000054e+01 -6.746000000000000441e+00 -1.219999999999999973e-01
-1.048229999999999933e+02 -8.371999999999999886e+00 -5.174999999999999822e+00 -7.199999999999999456e-02
-2.311400000000000077e+01 -8.836000000000000298e+00 -2.161999999999999922e+00 1.299999999999999940e-02
4.181499999999999773e+01 -1.548499999999999943e+01 1.769999999999999907e-01 9.700000000000000289e-02
-1.143399999999999928e+01 -2.928200000000000003e+01 6.300000000000000044e-01 9.600000000000000200e-02
-1.381730000000000018e+02 -4.040400000000000347e+01 2.270000000000000073e-01 1.700000000000000122e-02
-1.899660000000000082e+02 -3.885799999999999699e+01 -5.250000000000000222e-01 -3.699999999999999817e-02
-1.016350000000000051e+02 -2.533699999999999974e+01 -2.335999999999999854e+00 -2.400000000000000050e-02
4.132900000000000063e+01 -7.443999999999999950e+00 -4.472000000000000419e+00 -4.000000000000000083e-03
1.557839999999999918e+02 1.096799999999999997e+01 -4.533000000000000362e+00 -3.699999999999999817e-02
2.266570000000000107e+02 3.000799999999999912e+01 -1.794000000000000039e+00 -8.599999999999999312e-02
1.950279999999999916e+02 4.120300000000000296e+01 8.739999999999999991e-01 -8.699999999999999400e-02
-1.024000000000000021e+00 2.894999999999999929e+01 -5.220000000000000195e-01 -6.400000000000000133e-02
-2.556100000000000136e+02 -6.376999999999999780e+00 -6.338000000000000078e+00 -9.099999999999999756e-02
-3.763009999999999877e+02 -4.308100000000000307e+01 -1.263100000000000023e+01 -1.590000000000000024e-01
-3.342259999999999991e+02 -6.369700000000000273e+01 -1.719200000000000017e+01 -2.059999999999999887e-01
-2.643100000000000023e+02 -7.033499999999999375e+01 -2.228000000000000114e+01 -2.359999999999999876e-01
-2.318669999999999902e+02 -7.141500000000000625e+01 -2.732700000000000173e+01 -2.829999999999999738e-01
-1.535560000000000116e+02 -6.639100000000000534e+01 -2.558699999999999974e+01 -2.790000000000000258e-01
4.030199999999999960e+01 -4.489399999999999835e+01 -1.392300000000000004e+01 -1.130000000000000032e-01
2.881999999999999886e+02 4.461000000000000298e+00 2.811999999999999833e+00 2.089999999999999913e-01
4.561859999999999786e+02 7.469499999999999318e+01 2.035500000000000043e+01 5.570000000000000506e-01
4.730749999999999886e+02 1.296330000000000098e+02 3.552400000000000091e+01 7.860000000000000320e-01
4.223199999999999932e+02 1.384000000000000057e+02 4.055100000000000193e+01 8.060000000000000497e-01
4.287200000000000273e+02 1.154569999999999936e+02 3.254299999999999926e+01 6.620000000000000329e-01
4.368720000000000141e+02 9.588200000000000500e+01 2.317000000000000171e+01 5.120000000000000107e-01
2.784909999999999854e+02 8.870300000000000296e+01 2.439600000000000080e+01 4.520000000000000129e-01
-3.921999999999999886e+01 8.018699999999999761e+01 2.988599999999999923e+01 4.259999999999999898e-01
-3.033919999999999959e+02 6.331400000000000006e+01 2.434199999999999875e+01 3.300000000000000155e-01
-3.448050000000000068e+02 4.544200000000000017e+01 7.935999999999999943e+00 1.350000000000000089e-01
-2.131970000000000027e+02 3.183699999999999974e+01 -4.554000000000000270e+00 -8.300000000000000433e-02
-1.065879999999999939e+02 1.619399999999999906e+01 -6.926000000000000156e+00 -2.179999999999999993e-01
-1.378679999999999950e+02 -2.815999999999999837e+00 -6.700000000000000178e+00 -2.200000000000000011e-01
-2.157800000000000011e+02 -1.177999999999999936e+01 -9.198999999999999844e+00 -1.570000000000000007e-01
-2.046930000000000121e+02 -3.286999999999999922e+00 -1.088000000000000078e+01 -1.549999999999999989e-01
-1.075090000000000003e+02 1.002200000000000024e+01 -7.796999999999999709e+00 -2.310000000000000109e-01
-1.901000000000000156e+01 1.033500000000000085e+01 -2.396999999999999797e+00 -2.800000000000000266e-01
7.964000000000000412e+00 -7.216999999999999638e+00 4.480000000000000093e-01 -2.280000000000000082e-01
-1.186400000000000077e+01 -2.828399999999999892e+01 9.869999999999999885e-01 -7.499999999999999722e-02
-5.122800000000000153e+01 -3.031500000000000128e+01 3.044000000000000039e+00 1.580000000000000016e-01
-9.781900000000000261e+01 -1.175099999999999945e+01 6.150999999999999801e+00 3.709999999999999964e-01
-1.199699999999999989e+02 1.856999999999999984e+00 6.070000000000000284e+00 4.259999999999999898e-01
-5.176299999999999812e+01 -3.568999999999999950e+00 2.900999999999999801e+00 3.559999999999999831e-01
1.152759999999999962e+02 -1.276399999999999935e+01 1.072999999999999954e+00 3.220000000000000084e-01
2.497400000000000091e+02 -1.708299999999999841e+01 7.429999999999999938e-01 3.170000000000000040e-01
2.141430000000000007e+02 -2.914399999999999835e+01 -2.572999999999999954e+00 1.779999999999999916e-01
6.006700000000000017e+01 -5.020000000000000284e+01 -9.105000000000000426e+00 -9.800000000000000377e-02
-5.833800000000000097e+01 -6.481300000000000239e+01 -1.359099999999999930e+01 -2.949999999999999845e-01
-1.023100000000000023e+02 -7.082500000000000284e+01 -1.295199999999999996e+01 -2.929999999999999827e-01
-1.303619999999999948e+02 -7.903000000000000114e+01 -9.210000000000000853e+00 -2.169999999999999984e-01
-1.536020000000000039e+02 -8.625700000000000500e+01 -6.049000000000000377e+00 -2.369999999999999885e-01
-1.563810000000000002e+02 -7.723099999999999454e+01 -5.868000000000000327e+00 -3.659999999999999920e-01
-1.948779999999999859e+02 -5.366199999999999903e+01 -8.586999999999999744e+00 -5.050000000000000044e-01
-3.138639999999999759e+02 -3.765100000000000335e+01 -1.216600000000000037e+01 -5.799999999999999600e-01
-3.937610000000000241e+02 -3.771099999999999852e+01 -1.457499999999999929e+01 -5.600000000000000533e-01
-2.622219999999999800e+02 -3.122400000000000020e+01 -1.442300000000000004e+01 -4.209999999999999853e-01
6.186500000000000199e+01 6.623000000000000220e+00 -1.012199999999999989e+01 -1.580000000000000016e-01
4.006070000000000277e+02 6.845600000000000307e+01 -1.286999999999999922e+00 1.839999999999999969e-01
6.086230000000000473e+02 1.161230000000000047e+02 7.293999999999999595e+00 4.660000000000000253e-01
5.890080000000000382e+02 1.136710000000000065e+02 7.290000000000000036e+00 4.919999999999999929e-01
3.173960000000000150e+02 6.543099999999999739e+01 -2.309000000000000163e+00 2.330000000000000127e-01
7.249999999999999778e-01 1.738599999999999923e+01 -1.130300000000000082e+01 -6.700000000000000400e-02
-5.653900000000000148e+01 6.309000000000000163e+00 -1.143399999999999928e+01 -1.570000000000000007e-01
1.412839999999999918e+02 2.045400000000000063e+01 -6.442000000000000171e+00 -6.099999999999999867e-02
2.897980000000000018e+02 2.598300000000000054e+01 -4.240999999999999659e+00 2.900000000000000147e-02
2.265540000000000020e+02 1.234900000000000020e+01 -6.548000000000000043e+00 3.400000000000000244e-02
7.637800000000000011e+01 -5.836000000000000298e+00 -9.914999999999999147e+00 8.000000000000000167e-03
-2.607000000000000028e+01 -1.727499999999999858e+01 -1.172199999999999953e+01 -2.199999999999999872e-02
-8.415600000000000591e+01 -2.414399999999999835e+01 -1.142900000000000027e+01 -6.900000000000000577e-02
-1.201689999999999969e+02 -2.752599999999999980e+01 -7.841000000000000192e+00 -8.799999999999999489e-02
-1.220969999999999942e+02 -2.436899999999999977e+01 3.729999999999999982e-01 -3.099999999999999978e-02
-1.098059999999999974e+02 -2.044900000000000162e+01 9.976000000000000867e+00 4.399999999999999745e-02
-1.286189999999999998e+02 -2.627299999999999969e+01 1.347000000000000064e+01 2.999999999999999889e-02
-1.921469999999999914e+02 -4.195300000000000296e+01 7.860999999999999766e+00 -8.500000000000000611e-02
-2.830980000000000132e+02 -6.039099999999999824e+01 -4.010000000000000231e-01 -2.210000000000000020e-01
-3.642889999999999873e+02 -7.604000000000000625e+01 -2.899999999999999911e+00 -3.150000000000000022e-01
-3.762300000000000182e+02 -8.207399999999999807e+01 9.559999999999999609e-01 -3.499999999999999778e-01
-2.747189999999999941e+02 -7.037600000000000477e+01 5.522000000000000242e+00 -3.099999999999999978e-01
-6.074300000000000210e+01 -3.837700000000000244e+01 9.111000000000000654e+00 -1.849999999999999978e-01
2.186440000000000055e+02 7.905000000000000249e+00 1.480599999999999916e+01 -2.599999999999999881e-02
4.230140000000000100e+02 5.096399999999999864e+01 1.869399999999999906e+01 4.000000000000000083e-02
3.517730000000000246e+02 6.642100000000000648e+01 1.064899999999999913e+01 -7.099999999999999367e-02
-4.200000000000000261e-02 5.341899999999999693e+01 -6.285000000000000142e+00 -2.419999999999999929e-01
-3.205659999999999741e+02 4.817600000000000193e+01 -1.383699999999999974e+01 -2.399999999999999911e-01
-3.190690000000000168e+02 7.132500000000000284e+01 -4.408999999999999808e+00 -2.999999999999999889e-02
-4.787100000000000222e+01 8.864600000000000080e+01 8.792999999999999261e+00 1.700000000000000122e-01
2.786390000000000100e+02 6.949699999999999989e+01 1.471100000000000030e+01 2.320000000000000118e-01
5.670389999999999873e+02 4.232900000000000063e+01 1.808099999999999952e+01 2.700000000000000178e-01
7.618619999999999663e+02 4.040699999999999648e+01 2.325499999999999901e+01 3.669999999999999929e-01
7.029070000000000391e+02 4.238600000000000279e+01 2.378900000000000148e+01 3.990000000000000213e-01
3.294529999999999745e+02 2.109799999999999898e+01 1.614199999999999946e+01 2.889999999999999791e-01
-9.142799999999999727e+01 -6.909999999999999476e-01 7.435999999999999943e+00 1.409999999999999865e-01
-2.290409999999999968e+02 5.190000000000000391e+00 3.253000000000000114e+00 3.699999999999999817e-02
-1.110270000000000010e+02 2.051000000000000156e+01 8.469999999999999751e-01 -2.699999999999999969e-02
-1.506099999999999994e+01 1.558099999999999952e+01 -2.471000000000000085e+00 -1.700000000000000122e-02
-4.794599999999999795e+01 -5.141000000000000014e+00 -4.703999999999999737e+00 7.000000000000000666e-02
-9.538500000000000512e+01 -2.238299999999999912e+01 -4.357000000000000206e+00 1.089999999999999997e-01
-9.837699999999999534e+01 -3.240800000000000125e+01 -2.992999999999999883e+00 1.600000000000000033e-02
-1.370860000000000127e+02 -3.696999999999999886e+01 -1.495000000000000107e+00 -7.799999999999999989e-02
-2.432880000000000109e+02 -3.047500000000000142e+01 1.502000000000000002e+00 2.199999999999999872e-02
-3.059920000000000186e+02 -1.161899999999999977e+01 6.163999999999999702e+00 3.079999999999999960e-01
-2.415850000000000080e+02 9.788000000000000256e+00 9.710000000000000853e+00 5.649999999999999467e-01
-1.395889999999999986e+02 2.298300000000000054e+01 9.202999999999999403e+00 6.129999999999999893e-01
-1.119330000000000069e+02 2.505199999999999960e+01 4.738000000000000433e+00 4.640000000000000235e-01
-1.047210000000000036e+02 2.057300000000000040e+01 -3.250000000000000111e-01 2.540000000000000036e-01
-1.646600000000000108e+01 1.263100000000000023e+01 -2.709000000000000075e+00 1.100000000000000006e-01
9.328100000000000591e+01 -3.468999999999999861e+00 -2.903000000000000025e+00 5.500000000000000028e-02
7.262000000000000455e+01 -2.959499999999999886e+01 -3.387999999999999901e+00 -1.000000000000000021e-03
-8.203400000000000603e+01 -5.516799999999999926e+01 -4.166000000000000369e+00 -1.409999999999999865e-01
-1.976059999999999945e+02 -6.593899999999999295e+01 -3.806999999999999940e+00 -3.340000000000000191e-01
-1.712520000000000095e+02 -5.254299999999999926e+01 -3.185999999999999943e+00 -4.759999999999999787e-01
-1.011159999999999997e+02 -1.494699999999999918e+01 -3.984999999999999876e+00 -5.280000000000000249e-01
-1.146299999999999955e+02 2.539799999999999969e+01 -5.950999999999999623e+00 -5.610000000000000542e-01
-2.230140000000000100e+02 3.342300000000000182e+01 -9.106999999999999318e+00 -6.250000000000000000e-01
-3.748650000000000091e+02 -1.700000000000000122e-01 -1.488499999999999979e+01 -6.790000000000000480e-01
-4.956419999999999959e+02 -4.516700000000000159e+01 -2.183099999999999952e+01 -6.770000000000000462e-01
-4.746259999999999764e+02 -6.798399999999999466e+01 -2.410699999999999932e+01 -6.480000000000000204e-01
-2.665880000000000223e+02 -6.352100000000000080e+01 -1.779599999999999937e+01 -6.330000000000000071e-01
9.253000000000000114e+00 -5.059000000000000341e+01 -6.990999999999999659e+00 -6.229999999999999982e-01
2.202969999999999970e+02 -4.970900000000000318e+01 -4.129999999999999782e-01 -5.410000000000000364e-01
3.945339999999999918e+02 -6.169599999999999795e+01 -7.970000000000000417e-01 -2.879999999999999782e-01
5.557380000000000564e+02 -6.743500000000000227e+01 -1.342999999999999972e+00 1.089999999999999997e-01
5.548529999999999518e+02 -5.357000000000000028e+01 3.833000000000000185e+00 4.560000000000000164e-01
3.265230000000000246e+02 -2.435800000000000054e+01 1.112199999999999989e+01 6.159999999999999920e-01
9.227899999999999636e+01 1.231199999999999939e+01 1.330199999999999960e+01 6.750000000000000444e-01
4.103799999999999670e+01 4.609700000000000131e+01 8.287000000000000810e+00 7.219999999999999751e-01
6.956100000000000705e+01 6.134700000000000131e+01 4.809999999999999831e-01 6.899999999999999467e-01
5.834799999999999898e+01 6.078600000000000136e+01 -2.774999999999999911e+00 5.789999999999999591e-01
8.521200000000000330e+01 6.676500000000000057e+01 1.006999999999999895e+00 5.250000000000000222e-01
1.910949999999999989e+02 7.773999999999999488e+01 5.115999999999999659e+00 5.200000000000000178e-01
2.599950000000000045e+02 7.043800000000000239e+01 4.264000000000000234e+00 4.630000000000000226e-01
2.356490000000000009e+02 5.477600000000000335e+01 4.133000000000000007e+00 4.289999999999999925e-01
1.885589999999999975e+02 6.214000000000000057e+01 9.678000000000000824e+00 4.779999999999999805e-01
1.490060000000000002e+02 8.181900000000000261e+01 1.372499999999999964e+01 4.229999999999999871e-01
7.495199999999999818e+01 7.698999999999999488e+01 9.077999999999999403e+00 1.580000000000000016e-01
-2.863599999999999923e+01 5.209700000000000131e+01 6.069999999999999840e-01 -1.000000000000000056e-01
-9.401300000000000523e+01 4.329500000000000171e+01 -4.168999999999999595e+00 -1.680000000000000104e-01
-9.177899999999999636e+01 5.499099999999999966e+01 -4.754999999999999893e+00 -1.390000000000000124e-01
-7.281100000000000705e+01 5.585399999999999920e+01 -3.083000000000000185e+00 -1.419999999999999873e-01
-9.725300000000000011e+01 3.107799999999999940e+01 -7.720000000000000195e-01 -1.789999999999999925e-01
-1.672239999999999895e+02 1.680000000000000104e-01 -1.512999999999999901e+00 -2.449999999999999956e-01
-2.511680000000000064e+02 -1.993700000000000117e+01 -6.238000000000000433e+00 -3.170000000000000040e-01
-3.165020000000000095e+02 -3.587500000000000000e+01 -7.964999999999999858e+00 -2.700000000000000178e-01
-2.912989999999999782e+02 -4.900999999999999801e+01 -3.699999999999999817e-02 -2.500000000000000139e-02
-9.308599999999999852e+01 -4.367699999999999960e+01 1.193800000000000061e+01 2.919999999999999818e-01
1.983259999999999934e+02 -2.509499999999999886e+01 1.441600000000000037e+01 4.839999999999999858e-01
3.332010000000000218e+02 -2.462300000000000111e+01 3.343999999999999861e+00 4.869999999999999885e-01
2.045709999999999980e+02 -4.849099999999999966e+01 -1.144699999999999918e+01 3.469999999999999751e-01
3.780000000000000027e-01 -6.633400000000000318e+01 -2.141499999999999915e+01 9.900000000000000466e-02
-9.107800000000000296e+01 -5.844599999999999795e+01 -2.691300000000000026e+01 -2.310000000000000109e-01
-1.222409999999999997e+02 -3.885999999999999943e+01 -2.808500000000000085e+01 -5.310000000000000275e-01
-1.979259999999999877e+02 -3.361800000000000210e+01 -2.308399999999999963e+01 -6.520000000000000240e-01
-2.414989999999999952e+02 -5.190800000000000125e+01 -1.489000000000000057e+01 -5.869999999999999662e-01
-1.167960000000000065e+02 -7.314400000000000546e+01 -6.791999999999999815e+00 -4.510000000000000120e-01
1.257309999999999945e+02 -6.699500000000000455e+01 3.366999999999999993e+00 -2.879999999999999782e-01
2.750500000000000114e+02 -3.115800000000000125e+01 1.496000000000000085e+01 -4.800000000000000100e-02
2.183110000000000070e+02 5.461999999999999744e+00 2.008399999999999963e+01 2.320000000000000118e-01
7.532800000000000296e+01 1.967699999999999960e+01 1.458300000000000018e+01 3.850000000000000089e-01
1.721600000000000108e+01 1.509299999999999997e+01 4.892000000000000348e+00 3.200000000000000067e-01
3.630100000000000193e+01 5.014000000000000234e+00 -9.709999999999999742e-01 1.390000000000000124e-01
2.552100000000000080e+01 -3.908999999999999808e+00 -2.152000000000000135e+00 -1.700000000000000122e-02
-6.801999999999999602e+00 -7.740999999999999659e+00 -1.197000000000000064e+00 -1.069999999999999979e-01
1.725900000000000034e+01 -3.222999999999999865e+00 1.530999999999999917e+00 -1.330000000000000071e-01
7.098199999999999932e+01 6.235999999999999766e+00 5.057000000000000384e+00 -1.039999999999999952e-01
6.854600000000000648e+01 1.199900000000000055e+01 5.573999999999999844e+00 -6.400000000000000133e-02
6.331999999999999851e+00 8.925000000000000711e+00 1.760999999999999899e+00 -6.400000000000000133e-02
-6.704000000000000625e+01 -1.824999999999999956e+00 -3.059000000000000163e+00 -1.039999999999999952e-01
-1.485449999999999875e+02 -1.814699999999999847e+01 -5.995000000000000107e+00 -1.829999999999999960e-01
-2.762149999999999750e+02 -3.942300000000000182e+01 -7.378999999999999559e+00 -3.089999999999999969e-01
-4.644730000000000132e+02 -6.073199999999999932e+01 -8.948000000000000398e+00 -4.380000000000000004e-01
-6.421240000000000236e+02 -7.101300000000000523e+01 -1.088700000000000045e+01 -4.829999999999999849e-01
-6.494329999999999927e+02 -6.199900000000000233e+01 -1.022700000000000031e+01 -3.970000000000000195e-01
-3.717139999999999986e+02 -3.250500000000000256e+01 -3.835999999999999854e+00 -2.030000000000000138e-01
1.057120000000000033e+02 1.486599999999999966e+01 7.041000000000000369e+00 3.300000000000000155e-02
5.596090000000000373e+02 6.563700000000000045e+01 1.674200000000000088e+01 2.280000000000000082e-01
8.327129999999999654e+02 9.013200000000000500e+01 1.979100000000000037e+01 3.140000000000000013e-01
8.625860000000000127e+02 7.517400000000000659e+01 1.634499999999999886e+01 2.909999999999999809e-01
6.207200000000000273e+02 4.777900000000000347e+01 1.144599999999999973e+01 2.349999999999999867e-01
2.236639999999999873e+02 3.929800000000000182e+01 7.809999999999999609e+00 1.950000000000000067e-01
-7.457899999999999352e+01 4.210000000000000142e+01 3.755999999999999783e+00 1.280000000000000027e-01
-1.707930000000000064e+02 2.758599999999999852e+01 -1.284999999999999920e+00 2.500000000000000139e-02
-1.899139999999999873e+02 -8.880000000000000782e+00 -5.060999999999999943e+00 -4.299999999999999656e-02
-2.518969999999999914e+02 -4.688000000000000256e+01 -7.168999999999999595e+00 -8.699999999999999400e-02
-3.400960000000000036e+02 -7.276200000000000045e+01 -1.019200000000000017e+01 -2.129999999999999949e-01
-3.416909999999999741e+02 -8.476600000000000534e+01 -1.388899999999999935e+01 -4.229999999999999871e-01
-1.439099999999999966e+02 -7.505700000000000216e+01 -1.236100000000000065e+01 -5.480000000000000426e-01
2.283540000000000134e+02 -3.696000000000000085e+01 -1.588000000000000078e+00 -4.540000000000000147e-01
5.525230000000000246e+02 1.178200000000000003e+01 1.208999999999999986e+01 -2.190000000000000002e-01
5.566810000000000400e+02 4.047200000000000131e+01 1.721399999999999864e+01 -5.199999999999999761e-02
1.871080000000000041e+02 4.645499999999999829e+01 1.211700000000000088e+01 -1.899999999999999953e-02
-2.850649999999999977e+02 6.246800000000000352e+01 8.262000000000000455e+00 7.599999999999999811e-02
-4.953799999999999955e+02 1.109849999999999994e+02 1.497000000000000064e+01 4.099999999999999756e-01
-3.229180000000000064e+02 1.690869999999999891e+02 2.687099999999999866e+01 8.319999999999999618e-01
5.021300000000000097e+01 1.938079999999999927e+02 3.199299999999999855e+01 9.879999999999999893e-01
3.476659999999999968e+02 1.722620000000000005e+02 2.732700000000000173e+01 7.780000000000000249e-01
3.973990000000000009e+02 1.299550000000000125e+02 1.925700000000000145e+01 4.520000000000000129e-01
2.140840000000000032e+02 8.885800000000000409e+01 1.093099999999999916e+01 1.990000000000000102e-01
-2.983899999999999864e+01 4.289399999999999835e+01 -8.820000000000000062e-01 -5.099999999999999672e-02
-1.613050000000000068e+02 -1.197400000000000020e+01 -1.491699999999999982e+01 -3.290000000000000147e-01
-1.685250000000000057e+02 -5.700999999999999801e+01 -2.261499999999999844e+01 -4.660000000000000253e-01
-1.738269999999999982e+02 -7.450199999999999534e+01 -1.895499999999999829e+01 -3.290000000000000147e-01
-2.386560000000000059e+02 -6.350900000000000034e+01 -8.182000000000000384e+00 8.999999999999999320e-03
-2.565600000000000023e+02 -3.530899999999999750e+01 5.110000000000000098e-01 2.929999999999999827e-01
-1.123550000000000040e+02 -1.130400000000000027e+01 8.299999999999999600e-01 2.989999999999999880e-01
1.153709999999999951e+02 -5.174999999999999822e+00 -3.228000000000000203e+00 1.239999999999999991e-01
2.522589999999999861e+02 -5.506999999999999673e+00 -1.764000000000000012e+00 8.799999999999999489e-02
2.616979999999999791e+02 -2.600000000000000089e-01 6.756000000000000227e+00 2.489999999999999991e-01
2.043369999999999891e+02 1.950000000000000067e-01 1.440600000000000058e+01 3.370000000000000218e-01
6.280299999999999727e+01 -1.713800000000000168e+01 1.551699999999999946e+01 1.910000000000000031e-01
-1.773079999999999927e+02 -5.211699999999999733e+01 8.640000000000000568e+00 -6.300000000000000044e-02
-3.717529999999999859e+02 -9.524899999999999523e+01 -6.621000000000000441e+00 -2.560000000000000053e-01
-3.565849999999999795e+02 -1.223110000000000070e+02 -2.303699999999999903e+01 -3.160000000000000031e-01
-1.604819999999999993e+02 -1.059650000000000034e+02 -2.675700000000000145e+01 -2.099999999999999922e-01
5.601299999999999812e+01 -5.239600000000000080e+01 -1.573700000000000010e+01 7.000000000000000146e-03
1.755529999999999973e+02 8.489999999999999769e-01 -4.806000000000000050e+00 1.739999999999999880e-01
1.761279999999999859e+02 2.951099999999999923e+01 -5.604000000000000092e+00 1.729999999999999871e-01
1.022469999999999999e+02 3.677400000000000091e+01 -1.387899999999999956e+01 3.899999999999999994e-02
1.931899999999999906e+01 3.174500000000000099e+01 -1.933999999999999986e+01 -1.019999999999999934e-01
-3.625300000000000011e+01 2.408899999999999864e+01 -1.764000000000000057e+01 -1.370000000000000107e-01
-7.447700000000000387e+01 2.444399999999999906e+01 -1.143900000000000006e+01 -7.799999999999999989e-02
-1.207570000000000050e+02 2.660300000000000153e+01 -5.911999999999999922e+00 -5.199999999999999761e-02
-1.655960000000000036e+02 1.044599999999999973e+01 -4.682999999999999829e+00 -1.350000000000000089e-01
-1.674370000000000118e+02 -2.605199999999999960e+01 -7.966000000000000192e+00 -2.959999999999999853e-01
-1.123629999999999995e+02 -6.178099999999999881e+01 -1.275000000000000000e+01 -4.939999999999999947e-01
-2.517699999999999960e+01 -7.848099999999999454e+01 -1.430199999999999960e+01 -6.670000000000000373e-01
6.295900000000000318e+01 -7.229800000000000182e+01 -9.685000000000000497e+00 -6.700000000000000400e-01
9.870900000000000318e+01 -5.142699999999999960e+01 -1.784000000000000030e+00 -4.500000000000000111e-01
3.389900000000000091e+01 -3.145799999999999841e+01 3.621999999999999886e+00 -1.719999999999999862e-01
-5.253699999999999903e+01 -1.807400000000000162e+01 6.347999999999999865e+00 -6.000000000000000125e-03
-6.491999999999999993e+00 -3.863999999999999879e+00 1.042800000000000082e+01 2.199999999999999872e-02
1.385939999999999941e+02 5.179999999999999716e+00 1.433300000000000018e+01 -6.600000000000000311e-02
1.598619999999999948e+02 -1.018900000000000006e+01 1.269999999999999929e+01 -2.139999999999999958e-01
-1.154400000000000048e+01 -4.233899999999999864e+01 7.110999999999999766e+00 -3.150000000000000022e-01
-1.820349999999999966e+02 -5.426299999999999812e+01 4.730000000000000426e+00 -3.059999999999999942e-01
-1.981620000000000061e+02 -3.252000000000000313e+01 6.506000000000000227e+00 -2.169999999999999984e-01
-1.343110000000000070e+02 -6.756000000000000227e+00 6.328999999999999737e+00 -1.089999999999999997e-01
-1.105550000000000068e+02 -1.397000000000000020e+00 2.330000000000000071e+00 -2.299999999999999961e-02
-9.297499999999999432e+01 -1.282000000000000028e+00 -2.069999999999999896e-01 5.600000000000000117e-02
2.560399999999999920e+01 1.714399999999999835e+01 1.560000000000000053e+00 1.789999999999999925e-01
2.208170000000000073e+02 4.578199999999999648e+01 3.383999999999999897e+00 3.270000000000000129e-01
3.249680000000000177e+02 5.677000000000000313e+01 1.122999999999999998e+00 4.030000000000000249e-01
2.239459999999999980e+02 4.194500000000000028e+01 -3.080999999999999961e+00 3.619999999999999885e-01
-1.715700000000000003e+01 1.905600000000000094e+01 -5.411999999999999922e+00 2.469999999999999973e-01
-2.379660000000000082e+02 2.056000000000000050e+00 -6.817000000000000171e+00 1.069999999999999979e-01
-3.206179999999999950e+02 -1.189000000000000057e+01 -9.618999999999999773e+00 -4.000000000000000083e-03
-2.370819999999999936e+02 -2.384100000000000108e+01 -1.174200000000000088e+01 -2.699999999999999969e-02
-3.087199999999999989e+01 -2.466100000000000136e+01 -9.808999999999999275e+00 4.200000000000000261e-02
2.167050000000000125e+02 -1.116699999999999982e+01 -4.440000000000000391e+00 1.499999999999999944e-01
4.138580000000000041e+02 5.387999999999999901e+00 1.050999999999999934e+00 2.750000000000000222e-01
4.705409999999999968e+02 1.353100000000000058e+01 4.613000000000000433e+00 4.179999999999999827e-01
3.350819999999999936e+02 1.399200000000000088e+01 6.325000000000000178e+00 5.300000000000000266e-01
7.808599999999999852e+01 1.094599999999999973e+01 6.870000000000000107e+00 5.240000000000000213e-01
-8.519799999999999329e+01 6.025000000000000355e+00 7.570000000000000284e+00 4.060000000000000275e-01
1.970499999999999829e+01 9.768000000000000682e+00 9.872999999999999332e+00 3.150000000000000022e-01
2.843580000000000041e+02 3.342199999999999704e+01 1.176699999999999946e+01 3.539999999999999813e-01
4.008349999999999795e+02 6.423699999999999477e+01 1.014400000000000013e+01 4.670000000000000262e-01
2.331370000000000005e+02 7.785299999999999443e+01 7.725999999999999979e+00 5.490000000000000435e-01
-4.166799999999999926e+01 6.891800000000000637e+01 8.632999999999999119e+00 5.410000000000000364e-01
-2.039879999999999995e+02 4.612100000000000222e+01 9.147000000000000242e+00 3.930000000000000160e-01
-2.391510000000000105e+02 1.425999999999999979e+01 2.984999999999999876e+00 1.170000000000000068e-01
-2.458329999999999984e+02 -2.029799999999999827e+01 -7.184999999999999609e+00 -1.330000000000000071e-01
-2.508139999999999930e+02 -4.362100000000000222e+01 -1.260999999999999943e+01 -2.129999999999999949e-01
-2.153249999999999886e+02 -4.943399999999999750e+01 -1.078400000000000070e+01 -1.789999999999999925e-01
-1.397620000000000005e+02 -4.962100000000000222e+01 -6.959999999999999964e+00 -1.829999999999999960e-01
-8.052299999999999613e+01 -5.759599999999999653e+01 -5.086999999999999744e+00 -2.520000000000000018e-01
-7.773999999999999488e+01 -7.001999999999999602e+01 -5.017999999999999794e+00 -3.160000000000000031e-01
-1.089419999999999931e+02 -7.495900000000000318e+01 -6.991999999999999993e+00 -3.459999999999999742e-01
-1.277279999999999944e+02 -6.718300000000000693e+01 -1.099600000000000044e+01 -3.549999999999999822e-01
-1.168509999999999991e+02 -4.653600000000000136e+01 -1.284999999999999964e+01 -3.109999999999999987e-01
-8.595600000000000307e+01 -1.573000000000000043e+01 -8.064999999999999503e+00 -1.660000000000000087e-01
-4.762199999999999989e+01 1.312100000000000044e+01 9.959999999999999964e-01 3.099999999999999978e-02
-2.103600000000000136e+01 2.778099999999999881e+01 7.214000000000000412e+00 1.419999999999999873e-01
-5.202600000000000335e+01 3.443900000000000006e+01 7.330000000000000071e+00 9.199999999999999845e-02
-1.834670000000000130e+02 4.531300000000000239e+01 4.586000000000000298e+00 -5.999999999999999778e-02
-3.643500000000000227e+02 5.300300000000000011e+01 3.620999999999999996e+00 -2.369999999999999885e-01
-4.404209999999999923e+02 4.472200000000000131e+01 6.169999999999999929e+00 -3.729999999999999982e-01
-2.976929999999999836e+02 3.191600000000000037e+01 1.188700000000000045e+01 -3.589999999999999858e-01
3.023499999999999943e+01 3.501599999999999824e+01 1.990899999999999892e+01 -1.640000000000000069e-01
4.098330000000000268e+02 4.711099999999999710e+01 2.666799999999999926e+01 2.500000000000000139e-02
6.817419999999999618e+02 4.129200000000000159e+01 2.565299999999999869e+01 8.000000000000000167e-03
7.241040000000000418e+02 1.184099999999999930e+01 1.504700000000000060e+01 -1.140000000000000041e-01
5.571849999999999454e+02 -1.622100000000000009e+01 1.709999999999999964e+00 -1.049999999999999961e-01
3.481949999999999932e+02 -2.068900000000000006e+01 -6.907000000000000028e+00 2.400000000000000050e-02
2.410529999999999973e+02 -2.850000000000000089e+00 -7.831000000000000405e+00 9.600000000000000200e-02
2.257379999999999995e+02 2.545400000000000063e+01 1.008999999999999897e+00 1.320000000000000062e-01
1.843089999999999975e+02 5.214800000000000324e+01 1.748000000000000043e+01 2.560000000000000053e-01
2.455300000000000082e+01 6.357699999999999818e+01 2.863899999999999935e+01 3.519999999999999796e-01
-2.066370000000000005e+02 5.246699999999999875e+01 2.104400000000000048e+01 2.049999999999999878e-01
-3.481619999999999777e+02 2.971900000000000119e+01 -5.140000000000000124e-01 -9.900000000000000466e-02
-3.187769999999999868e+02 1.543900000000000006e+01 -1.671000000000000085e+01 -2.540000000000000036e-01
-2.359430000000000121e+02 1.364899999999999913e+01 -1.841000000000000014e+01 -1.769999999999999907e-01
-2.564929999999999950e+02 1.166300000000000026e+01 -1.475399999999999956e+01 -8.799999999999999489e-02
-3.553580000000000041e+02 6.182999999999999829e+00 -1.509299999999999997e+01 -1.739999999999999880e-01
-3.673079999999999927e+02 3.516000000000000014e+00 -1.821499999999999986e+01 -3.830000000000000071e-01
-2.332079999999999984e+02 -1.766000000000000014e+00 -2.032700000000000173e+01 -5.300000000000000266e-01
-8.143600000000000705e+01 -1.582300000000000040e+01 -1.993299999999999983e+01 -4.299999999999999933e-01
-9.163000000000000256e+00 -2.253800000000000026e+01 -1.514899999999999913e+01 -7.799999999999999989e-02
4.872099999999999653e+01 -2.807999999999999829e+00 -4.706999999999999851e+00 2.740000000000000213e-01
1.207500000000000000e+02 3.083999999999999986e+01 8.891999999999999460e+00 3.990000000000000213e-01
1.106050000000000040e+02 4.337899999999999778e+01 1.825600000000000023e+01 3.270000000000000129e-01
1.566200000000000081e+01 1.906200000000000117e+01 1.372799999999999976e+01 1.270000000000000018e-01
-4.896999999999999886e+01 -2.074599999999999866e+01 -4.847000000000000419e+00 -2.349999999999999867e-01
-7.131799999999999784e+01 -4.346000000000000085e+01 -1.993900000000000006e+01 -6.089999999999999858e-01
-1.069909999999999997e+02 -3.965100000000000335e+01 -1.410699999999999932e+01 -6.490000000000000213e-01
-9.540300000000000580e+01 -2.457000000000000028e+01 6.344000000000000306e+00 -2.909999999999999809e-01
2.109100000000000108e+01 -1.320299999999999940e+01 2.048300000000000054e+01 1.320000000000000062e-01
1.362980000000000018e+02 -6.350999999999999979e+00 1.998400000000000176e+01 3.300000000000000155e-01
1.819070000000000107e+02 2.134999999999999787e+00 1.356600000000000072e+01 3.250000000000000111e-01
2.629889999999999759e+02 1.123499999999999943e+01 1.012199999999999989e+01 2.800000000000000266e-01
3.781730000000000018e+02 5.929999999999999716e+00 8.826000000000000512e+00 3.049999999999999933e-01
3.301929999999999836e+02 -2.512399999999999878e+01 3.827999999999999847e+00 3.840000000000000080e-01
9.712199999999999989e+01 -6.350200000000000244e+01 -6.991999999999999993e+00 4.149999999999999800e-01
-6.964199999999999591e+01 -7.616200000000000614e+01 -1.810300000000000153e+01 3.439999999999999725e-01
-4.562299999999999756e+01 -5.962700000000000244e+01 -2.227799999999999869e+01 2.270000000000000073e-01
1.036599999999999966e+01 -4.181000000000000227e+01 -1.975400000000000134e+01 1.370000000000000107e-01
-1.062899999999999956e+01 -3.869700000000000273e+01 -1.618700000000000117e+01 6.900000000000000577e-02
1.367300000000000004e+01 -3.827900000000000347e+01 -1.412299999999999933e+01 -2.199999999999999872e-02
1.726639999999999873e+02 -2.845599999999999952e+01 -1.264400000000000013e+01 -1.320000000000000062e-01
3.246709999999999923e+02 -1.212100000000000044e+01 -1.093999999999999950e+01 -1.950000000000000067e-01
2.969730000000000132e+02 4.051999999999999602e+00 -8.041000000000000369e+00 -2.139999999999999958e-01
1.116869999999999976e+02 1.132499999999999929e+01 -3.446000000000000174e+00 -2.640000000000000124e-01
-8.883299999999999841e+01 1.108000000000000096e+00 8.739999999999999991e-01 -3.360000000000000209e-01
-2.075149999999999864e+02 -1.362199999999999989e+01 2.858000000000000096e+00 -3.310000000000000164e-01
-2.066990000000000123e+02 -1.780999999999999917e+00 4.500000000000000000e+00 -2.210000000000000020e-01
-7.699800000000000466e+01 4.124000000000000199e+01 9.538000000000000256e+00 -8.400000000000000522e-02
1.082609999999999957e+02 7.705200000000000671e+01 1.611799999999999855e+01 -3.099999999999999978e-02
1.985060000000000002e+02 6.846099999999999852e+01 1.680900000000000105e+01 -1.519999999999999962e-01
1.240699999999999932e+02 2.019000000000000128e+01 8.576000000000000512e+00 -4.560000000000000164e-01
-3.092699999999999960e+01 -3.386299999999999955e+01 -2.278999999999999915e+00 -7.810000000000000275e-01
-1.690670000000000073e+02 -6.684600000000000364e+01 -7.616999999999999993e+00 -8.569999999999999840e-01
-2.832210000000000036e+02 -7.431900000000000261e+01 -5.443999999999999950e+00 -5.789999999999999591e-01
-3.676850000000000023e+02 -6.421599999999999397e+01 1.451000000000000068e+00 -1.600000000000000033e-01
-3.417139999999999986e+02 -4.279200000000000159e+01 1.051800000000000068e+01 1.340000000000000080e-01
-1.561479999999999961e+02 -1.614600000000000080e+01 1.878399999999999892e+01 2.550000000000000044e-01
7.935699999999999932e+01 4.700000000000000011e-02 2.004599999999999937e+01 2.730000000000000204e-01
1.624199999999999875e+02 -1.035399999999999920e+01 1.020199999999999996e+01 1.930000000000000049e-01
-1.179999999999999938e+00 -4.210799999999999699e+01 -5.296000000000000263e+00 3.699999999999999817e-02
-2.784590000000000032e+02 -6.948499999999999943e+01 -1.613100000000000023e+01 -6.700000000000000400e-02
-4.264379999999999882e+02 -7.115399999999999636e+01 -1.813400000000000034e+01 -4.399999999999999745e-02
-3.638690000000000282e+02 -4.883800000000000097e+01 -1.524399999999999977e+01 7.000000000000000146e-03
-2.365039999999999907e+02 -2.274299999999999855e+01 -1.244899999999999984e+01 -1.899999999999999953e-02
-1.580980000000000132e+02 -8.535000000000000142e+00 -9.336000000000000298e+00 -2.999999999999999889e-02
-7.845099999999999341e+01 -4.819999999999999840e-01 -1.874000000000000110e+00 1.409999999999999865e-01
1.900600000000000023e+01 1.680699999999999861e+01 8.272000000000000242e+00 4.380000000000000004e-01
6.163400000000000034e+01 4.493699999999999761e+01 1.141799999999999926e+01 5.899999999999999689e-01
8.068600000000000705e+01 7.135699999999999932e+01 3.684000000000000163e+00 4.899999999999999911e-01
1.860020000000000095e+02 9.127400000000000091e+01 -2.753000000000000114e+00 3.920000000000000151e-01
3.813480000000000132e+02 1.151820000000000022e+02 5.985000000000000320e+00 5.440000000000000391e-01
5.683999999999999773e+02 1.442909999999999968e+02 2.503200000000000003e+01 8.289999999999999591e-01
6.110560000000000400e+02 1.527719999999999914e+02 3.533700000000000330e+01 9.519999999999999574e-01
4.180489999999999782e+02 1.175270000000000010e+02 2.609499999999999886e+01 7.960000000000000409e-01
9.273799999999999955e+01 5.500999999999999801e+01 4.576999999999999957e+00 4.249999999999999889e-01
-1.625929999999999893e+02 -3.900000000000000133e-01 -1.441699999999999982e+01 -1.299999999999999940e-02
-3.061720000000000255e+02 -3.779299999999999926e+01 -2.288299999999999912e+01 -2.720000000000000195e-01
-4.089220000000000255e+02 -5.703399999999999892e+01 -2.268400000000000105e+01 -1.749999999999999889e-01
-4.466589999999999918e+02 -4.440100000000000335e+01 -1.775100000000000122e+01 1.529999999999999971e-01
-3.197540000000000191e+02 2.607000000000000206e+00 -8.882999999999999119e+00 4.069999999999999729e-01
-2.397400000000000020e+01 5.431400000000000006e+01 1.500999999999999890e+00 4.179999999999999827e-01
2.501790000000000020e+02 7.741700000000000159e+01 6.405000000000000249e+00 2.449999999999999956e-01
2.524989999999999952e+02 6.604399999999999693e+01 2.371999999999999886e+00 1.499999999999999944e-02
-1.048700000000000010e+01 3.812400000000000233e+01 -4.431000000000000050e+00 -1.799999999999999933e-01
-2.320060000000000002e+02 1.718499999999999872e+01 -5.759999999999999787e+00 -2.919999999999999818e-01
-1.738429999999999893e+02 1.875700000000000145e+01 -2.409999999999999920e-01 -3.200000000000000067e-01
1.061350000000000051e+02 4.098199999999999932e+01 8.026999999999999247e+00 -2.700000000000000178e-01
4.100939999999999941e+02 6.309700000000000131e+01 1.429499999999999993e+01 -1.390000000000000124e-01
5.551090000000000373e+02 5.989399999999999835e+01 1.519599999999999973e+01 1.099999999999999936e-02
4.284300000000000068e+02 2.677700000000000102e+01 1.031700000000000017e+01 5.500000000000000028e-02
1.036940000000000026e+02 -1.426699999999999946e+01 2.454000000000000181e+00 -4.200000000000000261e-02
-1.873480000000000132e+02 -4.365800000000000125e+01 -5.536999999999999922e+00 -1.799999999999999933e-01
-3.091639999999999873e+02 -6.772400000000000375e+01 -1.338000000000000078e+01 -2.520000000000000018e-01
-3.144289999999999736e+02 -9.927700000000000102e+01 -2.099699999999999989e+01 -2.540000000000000036e-01
-2.689189999999999827e+02 -1.294029999999999916e+02 -2.547200000000000131e+01 -2.560000000000000053e-01
-1.687419999999999902e+02 -1.377640000000000100e+02 -2.440399999999999991e+01 -3.360000000000000209e-01
-7.048900000000000432e+01 -1.227159999999999940e+02 -2.010200000000000031e+01 -4.729999999999999760e-01
-1.317369999999999948e+02 -1.024449999999999932e+02 -1.599399999999999977e+01 -5.130000000000000115e-01
-3.986990000000000123e+02 -8.841899999999999693e+01 -1.265199999999999925e+01 -3.790000000000000036e-01
-6.533730000000000473e+02 -7.487399999999999523e+01 -1.115600000000000058e+01 -2.409999999999999920e-01
-6.161000000000000227e+02 -5.586099999999999710e+01 -1.337599999999999945e+01 -2.610000000000000098e-01
-2.717500000000000000e+02 -3.491899999999999693e+01 -1.551500000000000057e+01 -2.969999999999999862e-01
1.228340000000000032e+02 -1.182199999999999918e+01 -1.015000000000000036e+01 -1.350000000000000089e-01
3.736240000000000236e+02 2.228500000000000014e+01 2.790999999999999925e+00 1.980000000000000093e-01
5.501670000000000300e+02 6.574200000000000443e+01 1.412199999999999989e+01 4.869999999999999885e-01
7.627019999999999982e+02 9.932999999999999829e+01 1.636700000000000088e+01 5.829999999999999627e-01
9.061490000000000009e+02 1.086219999999999999e+02 1.317600000000000016e+01 5.490000000000000435e-01
7.976799999999999500e+02 9.553799999999999670e+01 1.330199999999999960e+01 5.230000000000000204e-01
4.587289999999999850e+02 6.512300000000000466e+01 1.630900000000000105e+01 4.540000000000000147e-01
1.091530000000000058e+02 2.578399999999999892e+01 1.489799999999999969e+01 1.970000000000000084e-01
-5.878000000000000114e+01 -1.302000000000000046e+00 1.097700000000000031e+01 -1.539999999999999980e-01
-3.735799999999999699e+01 -3.164000000000000146e+00 1.320599999999999952e+01 -3.479999999999999760e-01
1.923499999999999943e+01 3.024999999999999911e+00 1.932799999999999940e+01 -3.340000000000000191e-01
-3.121199999999999974e+01 -5.261000000000000121e+00 1.862500000000000000e+01 -2.640000000000000124e-01
-1.636519999999999868e+02 -2.473400000000000176e+01 1.048499999999999943e+01 -2.580000000000000071e-01
-2.389550000000000125e+02 -3.755799999999999983e+01 4.849999999999999645e+00 -3.190000000000000058e-01
-1.837330000000000041e+02 -3.487800000000000011e+01 6.084999999999999964e+00 -3.739999999999999991e-01
-6.332600000000000051e+01 -1.972100000000000009e+01 9.162000000000000810e+00 -3.230000000000000093e-01
-1.115600000000000058e+01 -4.371000000000000441e+00 9.871000000000000441e+00 -1.519999999999999962e-01
-1.085210000000000008e+02 -8.263999999999999346e+00 8.144000000000000128e+00 -1.299999999999999940e-02
-2.838679999999999950e+02 -3.931700000000000017e+01 3.241999999999999993e+00 -2.599999999999999881e-02
-3.755590000000000259e+02 -7.572400000000000375e+01 -5.291000000000000369e+00 -1.010000000000000064e-01
-3.399239999999999782e+02 -8.799500000000000455e+01 -1.350399999999999956e+01 -1.120000000000000023e-01
-2.687359999999999900e+02 -7.606499999999999773e+01 -1.565099999999999980e+01 -1.019999999999999934e-01
-1.979139999999999873e+02 -5.929299999999999926e+01 -9.564999999999999503e+00 -1.229999999999999982e-01
-8.940300000000000580e+01 -4.030100000000000193e+01 1.802999999999999936e+00 -1.260000000000000009e-01
4.074099999999999966e+01 -7.945000000000000284e+00 1.239600000000000080e+01 -1.010000000000000064e-01
1.396719999999999970e+02 3.495199999999999818e+01 1.725100000000000122e+01 -1.000000000000000056e-01
1.638559999999999945e+02 7.084799999999999898e+01 1.640800000000000125e+01 -1.189999999999999947e-01
7.391400000000000148e+01 8.894400000000000261e+01 1.483500000000000085e+01 -8.000000000000000167e-02
-4.012599999999999767e+01 9.804099999999999682e+01 1.757000000000000028e+01 1.089999999999999997e-01
4.360900000000000176e+01 1.149710000000000036e+02 2.393499999999999872e+01 4.480000000000000093e-01
3.237440000000000282e+02 1.350219999999999914e+02 2.769300000000000139e+01 7.429999999999999938e-01
4.663750000000000000e+02 1.301610000000000014e+02 2.414399999999999835e+01 7.530000000000000027e-01
2.824940000000000282e+02 9.149200000000000443e+01 1.453500000000000014e+01 4.819999999999999840e-01
-1.717000000000000082e+00 4.596399999999999864e+01 1.975000000000000089e+00 1.449999999999999900e-01
-1.392299999999999898e+02 1.588400000000000034e+01 -1.233799999999999919e+01 -1.250000000000000000e-01
-1.727139999999999986e+02 -5.759000000000000341e+00 -2.573900000000000077e+01 -3.210000000000000075e-01
-2.253799999999999955e+02 -3.141400000000000148e+01 -3.289800000000000324e+01 -4.209999999999999853e-01
-3.070849999999999795e+02 -5.985399999999999920e+01 -3.203000000000000114e+01 -4.040000000000000258e-01
-3.644250000000000114e+02 -8.022799999999999443e+01 -2.660099999999999909e+01 -3.109999999999999987e-01
-3.096390000000000100e+02 -7.873099999999999454e+01 -1.944800000000000040e+01 -1.590000000000000024e-01
-9.456799999999999784e+01 -5.386800000000000210e+01 -1.175099999999999945e+01 3.699999999999999817e-02
1.579219999999999970e+02 -2.825900000000000034e+01 -6.479000000000000092e+00 1.620000000000000051e-01
2.838969999999999914e+02 -2.594399999999999906e+01 -5.644000000000000128e+00 9.700000000000000289e-02
2.798729999999999905e+02 -4.485499999999999687e+01 -6.149000000000000021e+00 -1.000000000000000056e-01
1.720130000000000052e+02 -6.662800000000000011e+01 -3.629999999999999893e+00 -2.510000000000000009e-01
-9.230800000000000693e+01 -7.704099999999999682e+01 1.493999999999999995e+00 -2.560000000000000053e-01
-4.290989999999999895e+02 -6.952700000000000102e+01 4.940000000000000391e+00 -1.290000000000000036e-01
-5.722740000000000009e+02 -4.738100000000000023e+01 4.375000000000000000e+00 7.499999999999999722e-02
-3.776039999999999850e+02 -2.193599999999999994e+01 2.443000000000000060e+00 2.849999999999999756e-01
2.548499999999999943e+01 2.698999999999999844e+00 3.370000000000000107e+00 4.440000000000000058e-01
3.824959999999999809e+02 3.139900000000000091e+01 6.666999999999999815e+00 5.170000000000000151e-01
4.889610000000000127e+02 5.865500000000000114e+01 6.822000000000000064e+00 4.410000000000000031e-01
3.208260000000000218e+02 6.666400000000000148e+01 1.372999999999999998e+00 1.789999999999999925e-01
9.523699999999999477e+01 5.208100000000000307e+01 -4.241999999999999993e+00 -9.900000000000000466e-02
1.033059999999999974e+02 4.009599999999999653e+01 -3.265000000000000124e+00 -1.239999999999999991e-01
3.937660000000000196e+02 5.489399999999999835e+01 3.108000000000000096e+00 8.100000000000000255e-02
6.721029999999999518e+02 7.953300000000000125e+01 5.741999999999999993e+00 1.900000000000000022e-01
5.979249999999999545e+02 7.110399999999999920e+01 -2.290999999999999925e+00 2.100000000000000130e-02
1.840759999999999934e+02 2.179700000000000060e+01 -1.656299999999999883e+01 -2.449999999999999956e-01
-2.020099999999999909e+02 -2.465299999999999869e+01 -2.477499999999999858e+01 -3.579999999999999849e-01
-2.759420000000000073e+02 -2.681400000000000006e+01 -1.927299999999999969e+01 -2.449999999999999956e-01
-1.367139999999999986e+02 5.594000000000000306e+00 -4.405999999999999694e+00 1.600000000000000033e-02
-4.988000000000000256e+01 2.589000000000000057e+01 7.839999999999999858e+00 2.240000000000000047e-01
-9.850199999999999534e+01 8.791999999999999815e+00 9.653999999999999915e+00 1.920000000000000040e-01
-1.846930000000000121e+02 -1.753900000000000148e+01 5.469000000000000306e+00 8.999999999999999320e-03
-2.284519999999999982e+02 -1.361999999999999922e+01 5.349000000000000199e+00 -2.400000000000000050e-02
-2.000380000000000109e+02 1.258000000000000007e+01 1.035100000000000087e+01 1.590000000000000024e-01
-8.052100000000000080e+01 1.903399999999999892e+01 1.100900000000000034e+01 2.670000000000000151e-01
5.941700000000000159e+01 -1.134200000000000053e+01 1.693999999999999950e+00 1.110000000000000014e-01
7.710899999999999466e+01 -5.354299999999999926e+01 -1.113899999999999935e+01 -1.189999999999999947e-01
-4.021699999999999875e+01 -7.403600000000000136e+01 -1.783699999999999974e+01 -1.799999999999999933e-01
-1.472709999999999866e+02 -6.523000000000000398e+01 -1.697700000000000031e+01 -1.000000000000000056e-01
-1.592640000000000100e+02 -4.803799999999999670e+01 -1.497899999999999920e+01 -5.299999999999999850e-02
-1.360649999999999977e+02 -4.311099999999999710e+01 -1.679400000000000048e+01 -7.499999999999999722e-02
-1.391210000000000093e+02 -4.656499999999999773e+01 -1.993100000000000094e+01 -7.000000000000000666e-02
-1.388909999999999911e+02 -4.377100000000000080e+01 -1.928600000000000136e+01 -1.799999999999999864e-02
-7.941800000000000637e+01 -3.393399999999999750e+01 -1.439899999999999913e+01 -2.000000000000000042e-03
3.205400000000000205e+01 -2.230499999999999972e+01 -8.423999999999999488e+00 -5.299999999999999850e-02
1.148269999999999982e+02 -7.091999999999999638e+00 -4.875000000000000000e+00 -1.260000000000000009e-01
8.208799999999999386e+01 2.625999999999999890e+00 -7.788999999999999702e+00 -2.260000000000000064e-01
-7.329099999999999682e+01 -1.617500000000000071e+01 -1.824200000000000088e+01 -3.940000000000000169e-01
-2.652690000000000055e+02 -6.030199999999999960e+01 -2.910999999999999943e+01 -5.649999999999999467e-01
-4.046259999999999764e+02 -9.071299999999999386e+01 -3.021000000000000085e+01 -5.819999999999999618e-01
-4.712880000000000109e+02 -8.461400000000000432e+01 -2.046799999999999997e+01 -4.249999999999999889e-01
-4.797320000000000277e+02 -6.175500000000000256e+01 -9.134000000000000341e+00 -2.419999999999999929e-01
-4.124379999999999882e+02 -4.184899999999999665e+01 -2.375000000000000000e+00 -1.059999999999999970e-01
-2.035109999999999957e+02 -1.057099999999999973e+01 5.296000000000000263e+00 8.100000000000000255e-02
1.752849999999999966e+02 5.121600000000000108e+01 2.133599999999999852e+01 4.179999999999999827e-01
5.821770000000000209e+02 1.290070000000000050e+02 4.233200000000000074e+01 8.279999999999999583e-01
7.596900000000000546e+02 1.886759999999999877e+02 5.689300000000000068e+01 1.070999999999999952e+00
6.049750000000000227e+02 2.128779999999999859e+02 5.833800000000000097e+01 1.022000000000000020e+00
2.958179999999999836e+02 2.009650000000000034e+02 4.965200000000000102e+01 8.179999999999999494e-01
6.730599999999999739e+01 1.521740000000000066e+02 3.666899999999999693e+01 6.069999999999999840e-01
-1.432499999999999929e+01 7.912099999999999511e+01 2.189600000000000080e+01 3.300000000000000155e-01
1.126699999999999946e+01 2.003800000000000026e+01 8.492000000000000881e+00 -5.000000000000000278e-02
9.878799999999999670e+01 5.665000000000000036e+00 3.689999999999999947e+00 -3.119999999999999996e-01
1.689379999999999882e+02 2.411499999999999844e+01 1.024699999999999989e+01 -2.479999999999999982e-01
1.429329999999999927e+02 3.881300000000000239e+01 1.970499999999999829e+01 -2.000000000000000042e-03
3.597099999999999653e+01 3.207300000000000040e+01 2.257700000000000173e+01 1.320000000000000062e-01
-7.421099999999999852e+01 1.438599999999999923e+01 1.970400000000000063e+01 1.360000000000000098e-01
-1.456059999999999945e+02 -3.750999999999999890e+00 1.508900000000000041e+01 1.680000000000000104e-01
-1.558580000000000041e+02 -2.555499999999999972e+01 5.979000000000000092e+00 1.660000000000000087e-01
-5.178000000000000114e+01 -4.692199999999999704e+01 -8.394999999999999574e+00 -3.300000000000000155e-02
1.506910000000000025e+02 -4.861999999999999744e+01 -1.738599999999999923e+01 -2.770000000000000240e-01
2.875360000000000014e+02 -2.788800000000000168e+01 -1.222100000000000009e+01 -2.989999999999999880e-01
2.238170000000000073e+02 -1.543500000000000050e+01 -2.674999999999999822e+00 -2.149999999999999967e-01
3.999600000000000222e+01 -3.607900000000000063e+01 -6.003000000000000114e+00 -3.270000000000000129e-01
-6.823999999999999488e+01 -6.711700000000000443e+01 -2.036100000000000065e+01 -5.659999999999999476e-01
-1.140799999999999947e+01 -6.640000000000000568e+01 -2.560500000000000043e+01 -5.570000000000000506e-01
1.134039999999999964e+02 -3.466199999999999903e+01 -1.450300000000000011e+01 -2.459999999999999964e-01
1.393460000000000036e+02 -1.216600000000000037e+01 -3.391000000000000014e+00 -1.700000000000000122e-02
2.881599999999999895e+01 -1.676099999999999923e+01 -5.043000000000000149e+00 -1.019999999999999934e-01
-9.418699999999999761e+01 -2.864000000000000057e+01 -1.263899999999999935e+01 -3.099999999999999978e-01
-1.282750000000000057e+02 -3.429200000000000159e+01 -1.702299999999999969e+01 -4.299999999999999933e-01
-1.118840000000000003e+02 -4.280899999999999750e+01 -1.920700000000000074e+01 -4.959999999999999964e-01
-1.375349999999999966e+02 -5.870400000000000063e+01 -2.054799999999999827e+01 -5.500000000000000444e-01
-2.346390000000000100e+02 -7.306600000000000250e+01 -1.700400000000000134e+01 -5.030000000000000027e-01
-3.357760000000000105e+02 -7.950199999999999534e+01 -7.480000000000000426e+00 -3.160000000000000031e-01
-3.298729999999999905e+02 -7.278499999999999659e+01 2.865000000000000213e+00 -8.400000000000000522e-02
-1.878909999999999911e+02 -4.356199999999999761e+01 9.657999999999999474e+00 1.140000000000000041e-01
-1.461999999999999922e+01 2.089999999999999858e+00 1.196299999999999919e+01 2.399999999999999911e-01
7.271800000000000352e+01 3.830700000000000216e+01 9.435000000000000497e+00 2.429999999999999938e-01
6.360199999999999676e+01 5.288400000000000034e+01 4.613999999999999879e+00 1.650000000000000078e-01
2.903200000000000003e+01 6.017099999999999937e+01 4.344000000000000306e+00 1.890000000000000013e-01
3.528699999999999903e+01 6.955700000000000216e+01 1.108500000000000085e+01 4.040000000000000258e-01
6.748300000000000409e+01 6.528300000000000125e+01 1.646799999999999997e+01 6.029999999999999805e-01
2.704100000000000037e+01 3.307399999999999807e+01 1.106900000000000084e+01 5.000000000000000000e-01
-1.220430000000000064e+02 -6.958000000000000185e+00 -1.471000000000000085e+00 1.429999999999999882e-01
-2.535780000000000030e+02 -2.082400000000000162e+01 -8.816000000000000725e+00 -1.089999999999999997e-01
-2.417920000000000016e+02 -9.134000000000000341e+00 -7.860999999999999766e+00 -8.300000000000000433e-02
-1.250550000000000068e+02 -1.004000000000000004e+00 -6.357000000000000206e+00 5.000000000000000104e-03
1.065399999999999991e+01 -4.947000000000000064e+00 -6.575999999999999623e+00 -3.099999999999999978e-02
1.511959999999999980e+02 -5.258000000000000007e+00 -3.459999999999999964e+00 -4.700000000000000011e-02
2.384250000000000114e+02 -3.626999999999999780e+00 6.560000000000000275e-01 5.700000000000000205e-02
1.511819999999999879e+02 -2.194900000000000162e+01 -2.161000000000000032e+00 6.099999999999999867e-02
-7.678199999999999648e+01 -5.824900000000000233e+01 -9.057000000000000384e+00 -1.449999999999999900e-01
-2.292220000000000084e+02 -7.341599999999999682e+01 -8.253999999999999559e+00 -2.590000000000000080e-01
-1.632990000000000066e+02 -3.498199999999999932e+01 3.899000000000000021e+00 -1.000000000000000021e-02
6.372399999999999665e+01 3.987100000000000222e+01 1.909499999999999886e+01 4.199999999999999845e-01
2.858860000000000241e+02 9.774800000000000466e+01 2.771799999999999997e+01 6.850000000000000533e-01
3.359710000000000036e+02 1.041320000000000050e+02 2.660999999999999943e+01 6.919999999999999485e-01
1.923009999999999877e+02 7.325199999999999534e+01 1.916799999999999926e+01 5.739999999999999547e-01
8.692600000000000193e+01 4.342300000000000182e+01 1.102200000000000024e+01 4.369999999999999996e-01
2.715950000000000273e+02 3.867999999999999972e+01 4.644000000000000128e+00 2.969999999999999862e-01
6.500929999999999609e+02 5.521800000000000352e+01 -4.400000000000000022e-01 1.670000000000000095e-01
8.508540000000000418e+02 6.898699999999999477e+01 -2.779999999999999805e+00 7.799999999999999989e-02
6.711420000000000528e+02 5.871099999999999852e+01 4.410000000000000031e-01 4.399999999999999745e-02
2.855169999999999959e+02 3.092899999999999849e+01 6.693999999999999950e+00 3.500000000000000333e-02
-9.220000000000000639e+00 8.064000000000000057e+00 7.094000000000000306e+00 -3.699999999999999817e-02
-1.238379999999999939e+02 -6.807999999999999829e+00 -3.040000000000000036e+00 -2.179999999999999993e-01
-1.733739999999999952e+02 -2.563599999999999923e+01 -1.595500000000000007e+01 -3.930000000000000160e-01
-2.493309999999999889e+02 -4.542600000000000193e+01 -2.087999999999999901e+01 -4.149999999999999800e-01
-3.242189999999999941e+02 -5.331000000000000227e+01 -1.823600000000000065e+01 -3.130000000000000004e-01
-3.441549999999999727e+02 -4.940599999999999881e+01 -1.565799999999999947e+01 -2.359999999999999876e-01
-3.020160000000000196e+02 -4.282600000000000051e+01 -1.429100000000000037e+01 -2.530000000000000027e-01
-2.225620000000000118e+02 -3.995199999999999818e+01 -1.027399999999999913e+01 -3.420000000000000262e-01
-1.513369999999999891e+02 -4.721000000000000085e+01 -5.798000000000000043e+00 -4.709999999999999742e-01
-1.303619999999999948e+02 -6.645099999999999341e+01 -6.584999999999999964e+00 -5.600000000000000533e-01
-1.485360000000000014e+02 -8.464300000000000068e+01 -1.129499999999999993e+01 -5.030000000000000027e-01
-1.996320000000000050e+02 -8.750300000000000011e+01 -1.327500000000000036e+01 -3.280000000000000138e-01
-3.402019999999999982e+02 -7.807299999999999329e+01 -1.025699999999999967e+01 -1.880000000000000004e-01
-5.176420000000000528e+02 -6.183700000000000330e+01 -4.897999999999999687e+00 -1.439999999999999891e-01
-4.917259999999999991e+02 -2.828699999999999903e+01 1.012999999999999901e+00 -1.100000000000000006e-01
-1.545300000000000011e+02 2.536700000000000088e+01 5.894000000000000128e+00 -1.899999999999999953e-02
2.610500000000000114e+02 6.803100000000000591e+01 6.195000000000000284e+00 6.300000000000000044e-02
4.411809999999999832e+02 6.468200000000000216e+01 1.387999999999999901e+00 4.499999999999999833e-02
2.942239999999999895e+02 2.377299999999999969e+01 -3.762000000000000011e+00 -7.299999999999999545e-02
-3.467999999999999972e+01 -1.431099999999999994e+01 -7.363000000000000433e+00 -2.340000000000000135e-01
-3.409979999999999905e+02 -3.074699999999999989e+01 -1.469500000000000028e+01 -3.870000000000000107e-01
-5.130589999999999691e+02 -3.945300000000000296e+01 -2.658200000000000074e+01 -4.500000000000000111e-01
-5.109510000000000218e+02 -4.493500000000000227e+01 -3.060699999999999932e+01 -3.079999999999999960e-01
-2.962350000000000136e+02 -2.373799999999999955e+01 -1.557499999999999929e+01 3.400000000000000244e-02
9.202700000000000102e+01 3.642199999999999704e+01 1.172300000000000075e+01 3.950000000000000178e-01
4.413650000000000091e+02 1.010990000000000038e+02 3.416199999999999903e+01 5.849999999999999645e-01
5.154669999999999845e+02 1.188739999999999952e+02 4.194800000000000040e+01 5.929999999999999716e-01
3.274519999999999982e+02 7.950700000000000500e+01 3.607200000000000273e+01 5.380000000000000338e-01
1.131400000000000006e+02 1.616000000000000014e+01 2.144800000000000040e+01 4.759999999999999787e-01
2.598100000000000165e+01 -3.799399999999999977e+01 5.376999999999999780e+00 3.940000000000000169e-01
2.663400000000000034e+01 -6.698099999999999454e+01 -1.881000000000000005e+00 3.350000000000000200e-01
4.125399999999999778e+01 -6.649299999999999500e+01 3.838000000000000078e+00 3.589999999999999858e-01
4.294200000000000017e+01 -4.746000000000000085e+01 1.359299999999999997e+01 3.890000000000000124e-01
7.855000000000000426e+00 -2.862900000000000134e+01 1.552599999999999980e+01 2.800000000000000266e-01
-6.641299999999999670e+01 -1.571599999999999930e+01 7.987000000000000099e+00 4.399999999999999745e-02
-1.329099999999999966e+02 -3.380999999999999783e+00 -2.213000000000000078e+00 -1.539999999999999980e-01
-1.624449999999999932e+02 7.161999999999999922e+00 -9.945999999999999730e+00 -2.240000000000000047e-01
-1.803600000000000136e+02 1.195100000000000051e+01 -1.533500000000000085e+01 -2.190000000000000002e-01
-1.890809999999999889e+02 1.623199999999999932e+01 -1.870799999999999841e+01 -1.940000000000000058e-01
-1.288100000000000023e+02 2.528099999999999881e+01 -1.807400000000000162e+01 -1.509999999999999953e-01
1.490600000000000058e+01 3.107199999999999918e+01 -1.410299999999999976e+01 -1.219999999999999973e-01
1.287659999999999911e+02 1.906899999999999906e+01 -1.167900000000000027e+01 -1.690000000000000113e-01
1.009699999999999989e+02 -1.025399999999999956e+01 -1.225500000000000078e+01 -2.510000000000000009e-01
-1.475000000000000000e+01 -3.106899999999999906e+01 -9.987000000000000099e+00 -2.399999999999999911e-01
-6.827500000000000568e+01 -1.741400000000000148e+01 -2.010000000000000120e-01 -9.800000000000000377e-02
1.193900000000000006e+01 2.312500000000000000e+01 1.221899999999999942e+01 6.199999999999999956e-02
1.841610000000000014e+02 5.916799999999999926e+01 1.766199999999999903e+01 1.350000000000000089e-01
3.461059999999999945e+02 6.929300000000000637e+01 1.325300000000000011e+01 1.059999999999999970e-01
3.840500000000000114e+02 4.987599999999999767e+01 5.182000000000000384e+00 4.000000000000000083e-03
2.611700000000000159e+02 9.612999999999999545e+00 4.929999999999999938e-01 -1.120000000000000023e-01
6.997799999999999443e+01 -2.867699999999999960e+01 9.439999999999999503e-01 -1.260000000000000009e-01
-6.711899999999999977e+01 -4.021099999999999852e+01 4.309000000000000163e+00 1.899999999999999953e-02
-1.287319999999999993e+02 -1.950100000000000122e+01 7.831999999999999851e+00 2.419999999999999929e-01
-1.549240000000000066e+02 2.098600000000000065e+01 9.852999999999999758e+00 4.139999999999999791e-01
-1.155070000000000050e+02 6.261699999999999733e+01 9.275999999999999801e+00 4.580000000000000182e-01
4.608299999999999841e+01 8.672499999999999432e+01 5.823000000000000398e+00 3.649999999999999911e-01
2.477949999999999875e+02 9.015600000000000591e+01 2.838999999999999968e+00 2.409999999999999920e-01
3.196250000000000000e+02 8.670300000000000296e+01 4.759999999999999787e+00 2.190000000000000002e-01
2.298689999999999998e+02 7.639400000000000546e+01 8.598000000000000753e+00 2.550000000000000044e-01
9.680899999999999750e+01 4.114399999999999835e+01 6.075999999999999623e+00 1.809999999999999942e-01
-2.852299999999999969e+01 -1.823000000000000043e+01 -3.911999999999999922e+00 -4.299999999999999656e-02
-2.255970000000000084e+02 -7.308199999999999363e+01 -1.361899999999999977e+01 -2.989999999999999880e-01
-5.185510000000000446e+02 -9.886299999999999955e+01 -1.674200000000000088e+01 -4.460000000000000075e-01
-7.453529999999999518e+02 -9.153600000000000136e+01 -1.361899999999999977e+01 -4.209999999999999853e-01
-6.750850000000000364e+02 -5.416299999999999670e+01 -6.314000000000000057e+00 -2.720000000000000195e-01
-2.548509999999999991e+02 8.403999999999999915e+00 5.966999999999999638e+00 -7.599999999999999811e-02
2.936750000000000114e+02 7.309199999999999875e+01 2.060999999999999943e+01 1.229999999999999982e-01
6.852140000000000555e+02 1.015990000000000038e+02 2.600300000000000011e+01 2.479999999999999982e-01
8.091789999999999736e+02 8.083599999999999852e+01 1.527899999999999991e+01 2.149999999999999967e-01
6.870359999999999445e+02 3.947399999999999665e+01 6.000000000000000125e-03 5.999999999999999778e-02
3.699549999999999841e+02 7.360000000000000320e+00 -4.711999999999999744e+00 -8.999999999999999667e-02
-2.263800000000000168e+01 -1.691900000000000048e+01 -1.090000000000000080e+00 -1.429999999999999882e-01
-3.227810000000000059e+02 -4.588900000000000290e+01 -1.806000000000000050e+00 -1.059999999999999970e-01
-4.327980000000000018e+02 -7.604200000000000159e+01 -1.066799999999999926e+01 -1.049999999999999961e-01
-3.576829999999999927e+02 -9.238899999999999579e+01 -1.957700000000000173e+01 -2.349999999999999867e-01
-1.370780000000000030e+02 -8.295000000000000284e+01 -1.991300000000000026e+01 -3.579999999999999849e-01
1.707270000000000039e+02 -4.904699999999999704e+01 -1.216699999999999982e+01 -2.570000000000000062e-01
4.356469999999999914e+02 -1.390900000000000070e+01 -4.450999999999999623e+00 -2.100000000000000130e-02
5.238920000000000528e+02 -3.595000000000000195e+00 -2.486000000000000210e+00 6.300000000000000044e-02
4.369940000000000282e+02 -1.136899999999999977e+01 -3.875999999999999890e+00 -3.300000000000000155e-02
2.557079999999999984e+02 -7.400999999999999801e+00 -2.104000000000000092e+00 -4.599999999999999922e-02
3.295300000000000296e+01 1.625600000000000023e+01 6.540000000000000036e+00 1.769999999999999907e-01
-1.481570000000000107e+02 3.507800000000000296e+01 1.766900000000000048e+01 4.739999999999999769e-01
-1.967829999999999870e+02 2.955999999999999872e+01 2.080300000000000082e+01 5.799999999999999600e-01
-1.777700000000000102e+02 1.615200000000000102e+01 1.203599999999999959e+01 4.259999999999999898e-01
-2.389679999999999893e+02 1.963800000000000168e+01 1.330000000000000071e-01 1.660000000000000087e-01
-3.415620000000000118e+02 2.766700000000000159e+01 -6.304999999999999716e+00 -6.400000000000000133e-02
-3.039639999999999986e+02 1.050300000000000011e+01 -9.253000000000000114e+00 -2.530000000000000027e-01
-1.129419999999999931e+02 -2.840500000000000114e+01 -1.310500000000000043e+01 -3.770000000000000018e-01
6.401699999999999591e+01 -6.097200000000000131e+01 -1.626599999999999824e+01 -3.659999999999999920e-01
1.154449999999999932e+02 -7.514600000000000080e+01 -1.644900000000000162e+01 -2.660000000000000142e-01
6.150000000000000355e+00 -7.658199999999999363e+01 -1.623400000000000176e+01 -2.190000000000000002e-01
-2.822180000000000177e+02 -7.226800000000000068e+01 -1.858500000000000085e+01 -2.800000000000000266e-01
-6.340180000000000291e+02 -7.342000000000000171e+01 -2.188599999999999923e+01 -4.000000000000000222e-01
-7.954519999999999982e+02 -8.782399999999999807e+01 -2.275499999999999901e+01 -5.320000000000000284e-01
-6.090380000000000109e+02 -9.667199999999999704e+01 -1.961100000000000065e+01 -6.099999999999999867e-01
-1.573120000000000118e+02 -6.873199999999999932e+01 -1.030499999999999972e+01 -5.140000000000000124e-01
3.359750000000000227e+02 -3.204000000000000181e+00 7.487000000000000099e+00 -1.990000000000000102e-01
6.985000000000000000e+02 6.917199999999999704e+01 2.837600000000000122e+01 2.200000000000000011e-01
8.829170000000000300e+02 1.242150000000000034e+02 3.983400000000000318e+01 5.809999999999999609e-01
8.566630000000000109e+02 1.553489999999999895e+02 3.621600000000000108e+01 8.050000000000000488e-01
5.838949999999999818e+02 1.577940000000000111e+02 2.480399999999999849e+01 8.669999999999999929e-01
2.070070000000000050e+02 1.317069999999999936e+02 1.529499999999999993e+01 7.580000000000000071e-01
-1.499999999999999944e-01 8.983499999999999375e+01 9.981999999999999318e+00 4.989999999999999991e-01
3.148999999999999844e+01 4.563900000000000290e+01 6.113999999999999879e+00 1.660000000000000087e-01
1.159620000000000033e+02 7.381999999999999673e+00 2.620999999999999996e+00 -1.019999999999999934e-01
1.192549999999999955e+02 -1.810800000000000054e+01 7.710000000000000187e-01 -1.960000000000000075e-01
8.327700000000000102e+01 -3.133200000000000074e+01 5.689999999999999503e-01 -1.640000000000000069e-01
5.676800000000000068e+01 -4.083899999999999864e+01 5.839999999999999636e-01 -1.350000000000000089e-01
2.979999999999999871e-01 -5.046000000000000085e+01 1.640000000000000069e-01 -1.459999999999999909e-01
-1.214770000000000039e+02 -5.635000000000000142e+01 -7.860000000000000320e-01 -1.660000000000000087e-01
-2.690350000000000250e+02 -5.701599999999999824e+01 -1.870000000000000107e+00 -1.809999999999999942e-01
-3.768199999999999932e+02 -5.691199999999999903e+01 -1.663999999999999924e+00 -1.749999999999999889e-01
-4.202110000000000127e+02 -5.873499999999999943e+01 -4.969999999999999973e-01 -1.370000000000000107e-01
-4.170899999999999750e+02 -5.778900000000000148e+01 -1.782999999999999918e+00 -1.209999999999999964e-01
-3.945190000000000055e+02 -5.063600000000000279e+01 -7.304000000000000270e+00 -1.890000000000000013e-01
-3.787919999999999732e+02 -4.524000000000000199e+01 -1.382799999999999940e+01 -3.220000000000000084e-01
-3.897620000000000005e+02 -5.061500000000000199e+01 -1.584800000000000075e+01 -4.420000000000000040e-01
-4.023650000000000091e+02 -6.066199999999999903e+01 -1.070899999999999963e+01 -4.620000000000000218e-01
-3.479320000000000164e+02 -6.093699999999999761e+01 -2.883000000000000007e+00 -3.739999999999999991e-01
-2.091100000000000136e+02 -4.625600000000000023e+01 -1.389000000000000012e+00 -2.859999999999999765e-01
-5.790500000000000114e+01 -2.123900000000000077e+01 -7.814000000000000057e+00 -2.740000000000000213e-01
6.040800000000000125e+01 1.085500000000000043e+01 -1.107099999999999973e+01 -1.710000000000000131e-01
1.762199999999999989e+02 4.882900000000000063e+01 -1.552999999999999936e+00 1.990000000000000102e-01
2.667060000000000173e+02 8.392000000000000171e+01 1.402999999999999936e+01 6.119999999999999885e-01
2.324290000000000020e+02 1.008659999999999997e+02 2.098000000000000043e+01 6.760000000000000453e-01
6.022399999999999665e+01 9.473799999999999955e+01 1.674899999999999878e+01 4.460000000000000075e-01
-1.354619999999999891e+02 7.798900000000000432e+01 1.210500000000000043e+01 3.109999999999999987e-01
-2.369780000000000086e+02 6.501500000000000057e+01 1.318699999999999939e+01 3.760000000000000009e-01
-1.837379999999999995e+02 5.923899999999999721e+01 1.449699999999999989e+01 3.950000000000000178e-01
3.085999999999999854e+00 5.604399999999999693e+01 1.035399999999999920e+01 2.290000000000000091e-01
1.698640000000000043e+02 4.628900000000000148e+01 2.779999999999999805e+00 2.100000000000000130e-02
1.554749999999999943e+02 2.203399999999999892e+01 -3.190999999999999837e+00 -5.299999999999999850e-02
2.494999999999999929e+01 -1.020599999999999952e+01 -5.794999999999999929e+00 -2.699999999999999969e-02
-1.203000000000000069e+00 -3.189499999999999957e+01 -6.791999999999999815e+00 -4.000000000000000083e-02
1.287560000000000002e+02 -3.524300000000000210e+01 -8.044000000000000483e+00 -9.299999999999999933e-02
2.385380000000000109e+02 -3.051800000000000068e+01 -9.813000000000000611e+00 -7.099999999999999367e-02
2.056800000000000068e+02 -2.677499999999999858e+01 -1.188000000000000078e+01 1.799999999999999864e-02
1.129590000000000032e+02 -2.160999999999999943e+01 -1.409500000000000064e+01 4.900000000000000189e-02
7.029200000000000159e+01 -1.229499999999999993e+01 -1.526500000000000057e+01 -3.000000000000000062e-03
5.053199999999999648e+01 7.459999999999999964e-01 -1.320400000000000063e+01 -1.499999999999999944e-02
-1.398799999999999955e+01 1.918199999999999861e+01 -7.653999999999999915e+00 5.600000000000000117e-02
-9.109300000000000352e+01 4.029099999999999682e+01 -2.104999999999999982e+00 7.900000000000000078e-02
-1.070490000000000066e+02 5.222899999999999920e+01 -2.580000000000000071e-01 -2.100000000000000130e-02
-8.819299999999999784e+01 4.207300000000000040e+01 -2.463000000000000078e+00 -1.239999999999999991e-01
-1.411839999999999975e+02 4.403999999999999915e+00 -7.690999999999999837e+00 -1.449999999999999900e-01
-2.822719999999999914e+02 -4.890999999999999659e+01 -1.418200000000000038e+01 -1.890000000000000013e-01
-3.716499999999999773e+02 -8.809699999999999420e+01 -1.752199999999999847e+01 -3.160000000000000031e-01
-2.612730000000000246e+02 -9.286100000000000421e+01 -1.486299999999999955e+01 -4.020000000000000240e-01
4.873799999999999955e+01 -7.198699999999999477e+01 -7.504999999999999893e+00 -3.240000000000000102e-01
4.122370000000000232e+02 -3.807500000000000284e+01 4.750000000000000000e+00 -1.049999999999999961e-01
6.337699999999999818e+02 1.171400000000000041e+01 2.065800000000000125e+01 1.409999999999999865e-01
6.067549999999999955e+02 6.482399999999999807e+01 2.955300000000000082e+01 2.720000000000000195e-01
4.432749999999999773e+02 8.290900000000000603e+01 2.359199999999999875e+01 2.510000000000000009e-01
3.710710000000000264e+02 5.705499999999999972e+01 1.396000000000000085e+01 2.389999999999999902e-01
4.303919999999999959e+02 2.868799999999999883e+01 1.565399999999999991e+01 3.930000000000000160e-01
4.548399999999999750e+02 2.715899999999999892e+01 2.260500000000000043e+01 5.629999999999999449e-01
3.583799999999999955e+02 3.439300000000000068e+01 1.793199999999999861e+01 4.699999999999999734e-01
1.985240000000000009e+02 2.622500000000000142e+01 1.663999999999999924e+00 1.350000000000000089e-01
4.812500000000000000e+01 9.336000000000000298e+00 -1.036999999999999922e+01 -1.270000000000000018e-01
-2.110600000000000165e+01 9.795999999999999375e+00 -7.950999999999999623e+00 -6.600000000000000311e-02
-2.251300000000000168e+01 3.780799999999999983e+01 5.809999999999999609e+00 2.810000000000000275e-01
-1.124539999999999935e+02 6.578799999999999670e+01 1.946699999999999875e+01 6.059999999999999831e-01
-3.262379999999999995e+02 5.600500000000000256e+01 2.069399999999999906e+01 5.570000000000000506e-01
-4.488079999999999927e+02 1.429599999999999937e+01 7.442999999999999616e+00 1.429999999999999882e-01
-3.497599999999999909e+02 -1.273799999999999955e+01 -8.170999999999999375e+00 -2.230000000000000038e-01
-1.650229999999999961e+02 -3.173000000000000043e+00 -1.269899999999999984e+01 -2.650000000000000133e-01
-3.068100000000000094e+01 1.109399999999999942e+01 -5.690999999999999837e+00 -1.590000000000000024e-01
6.448399999999999466e+01 -4.392999999999999794e+00 1.774000000000000021e+00 -1.580000000000000016e-01
1.211410000000000053e+02 -3.722500000000000142e+01 1.066999999999999948e+00 -2.240000000000000047e-01
9.595099999999999341e+01 -5.151200000000000045e+01 -5.003000000000000114e+00 -2.139999999999999958e-01
1.694000000000000128e+01 -3.907000000000000028e+01 -9.166000000000000369e+00 -1.680000000000000104e-01
-5.210300000000000153e+01 -2.408899999999999864e+01 -1.113899999999999935e+01 -2.099999999999999922e-01
-9.667300000000000182e+01 -2.866199999999999903e+01 -1.605000000000000071e+01 -3.320000000000000173e-01
-1.214759999999999991e+02 -5.407500000000000284e+01 -2.509600000000000009e+01 -4.540000000000000147e-01
-1.392340000000000089e+02 -8.853499999999999659e+01 -3.366400000000000148e+01 -5.899999999999999689e-01
-1.930670000000000073e+02 -1.149389999999999930e+02 -3.592099999999999937e+01 -7.570000000000000062e-01
-3.008659999999999854e+02 -1.201080000000000041e+02 -2.923499999999999943e+01 -8.040000000000000480e-01
-4.234429999999999836e+02 -1.114309999999999974e+02 -1.661400000000000077e+01 -6.149999999999999911e-01
-5.323369999999999891e+02 -1.095319999999999965e+02 -3.499000000000000110e+00 -3.370000000000000218e-01
-5.976459999999999582e+02 -1.161310000000000002e+02 6.741999999999999993e+00 -1.749999999999999889e-01
-4.914030000000000200e+02 -1.077590000000000003e+02 1.157099999999999973e+01 -1.079999999999999988e-01
-1.065639999999999930e+02 -6.345900000000000318e+01 1.170800000000000018e+01 5.600000000000000117e-02
3.895280000000000200e+02 1.285999999999999943e+01 1.585200000000000031e+01 4.309999999999999942e-01
6.465979999999999563e+02 9.364300000000000068e+01 2.954400000000000048e+01 9.060000000000000275e-01
5.331459999999999582e+02 1.471970000000000027e+02 4.231400000000000006e+01 1.225999999999999979e+00
2.670049999999999955e+02 1.589250000000000114e+02 3.988600000000000279e+01 1.219000000000000083e+00
9.287199999999999989e+01 1.359639999999999986e+02 2.328000000000000114e+01 9.240000000000000435e-01
2.629899999999999949e+01 9.697700000000000387e+01 5.426999999999999602e+00 5.360000000000000320e-01
9.050000000000000266e-01 5.900900000000000034e+01 -4.740000000000000213e+00 2.389999999999999902e-01
2.408599999999999852e+01 2.870700000000000074e+01 -8.006000000000000227e+00 7.599999999999999811e-02
7.917499999999999716e+01 4.442999999999999616e+00 -9.333000000000000185e+00 -4.800000000000000100e-02
9.321599999999999397e+01 -1.312400000000000055e+01 -1.094500000000000028e+01 -2.010000000000000120e-01
5.293999999999999773e+01 -1.799500000000000099e+01 -1.076099999999999923e+01 -3.180000000000000049e-01
-1.084999999999999964e+01 -1.047100000000000009e+01 -8.019999999999999574e+00 -3.489999999999999769e-01
-1.119410000000000025e+02 -4.777000000000000135e+00 -7.448000000000000398e+00 -3.639999999999999902e-01
-2.439279999999999973e+02 -1.558799999999999919e+01 -1.318500000000000050e+01 -4.189999999999999836e-01
-3.317289999999999850e+02 -4.099499999999999744e+01 -2.195400000000000063e+01 -4.819999999999999840e-01
-3.421870000000000118e+02 -6.518999999999999773e+01 -2.600900000000000034e+01 -5.140000000000000124e-01
-2.881240000000000236e+02 -7.050700000000000500e+01 -1.904700000000000060e+01 -4.640000000000000235e-01
-1.083080000000000069e+02 -4.264000000000000057e+01 -3.059999999999999942e-01 -2.750000000000000222e-01
2.358389999999999986e+02 1.904799999999999827e+01 2.124500000000000099e+01 0.000000000000000000e+00
5.665170000000000528e+02 8.586499999999999488e+01 3.194500000000000028e+01 2.119999999999999940e-01
6.236820000000000164e+02 1.139729999999999990e+02 2.844600000000000151e+01 2.720000000000000195e-01
3.801929999999999836e+02 8.904500000000000171e+01 1.942899999999999849e+01 1.849999999999999978e-01
6.558700000000000330e+01 4.400600000000000023e+01 1.136599999999999966e+01 3.000000000000000062e-03
-1.058719999999999999e+02 2.020299999999999940e+01 3.873000000000000220e+00 -1.590000000000000024e-01
-1.357230000000000132e+02 1.891199999999999903e+01 -3.690999999999999837e+00 -2.169999999999999984e-01
-1.713679999999999950e+02 9.221999999999999531e+00 -1.071100000000000030e+01 -2.250000000000000056e-01
-2.980009999999999764e+02 -2.088500000000000156e+01 -1.627100000000000080e+01 -2.760000000000000231e-01
-4.574080000000000155e+02 -5.041299999999999670e+01 -1.744500000000000028e+01 -3.430000000000000271e-01
-5.504930000000000518e+02 -6.092300000000000182e+01 -1.115799999999999947e+01 -3.310000000000000164e-01
-5.105260000000000105e+02 -5.250999999999999801e+01 1.270000000000000018e+00 -1.809999999999999942e-01
-2.770190000000000055e+02 -2.233299999999999841e+01 1.485100000000000087e+01 8.999999999999999667e-02
1.390579999999999927e+02 3.524300000000000210e+01 2.439099999999999824e+01 3.739999999999999991e-01
5.464880000000000564e+02 9.712900000000000489e+01 2.440500000000000114e+01 4.989999999999999991e-01
7.132279999999999518e+02 1.219680000000000035e+02 1.192099999999999937e+01 3.679999999999999938e-01
6.486420000000000528e+02 1.086820000000000022e+02 -6.025999999999999801e+00 8.100000000000000255e-02
5.787160000000000082e+02 9.757200000000000273e+01 -1.613700000000000045e+01 -1.270000000000000018e-01
6.051190000000000282e+02 9.924899999999999523e+01 -1.409200000000000053e+01 -1.160000000000000059e-01
5.775670000000000073e+02 7.901800000000000068e+01 -7.575999999999999623e+00 2.599999999999999881e-02
3.671200000000000045e+02 2.251200000000000045e+01 -3.644000000000000128e+00 1.370000000000000107e-01
6.915800000000000125e+01 -3.988199999999999790e+01 -2.673000000000000043e+00 1.539999999999999980e-01
-1.506339999999999861e+02 -8.066599999999999682e+01 -4.033000000000000362e+00 8.000000000000000167e-02
-2.742640000000000100e+02 -1.018599999999999994e+02 -7.814000000000000057e+00 -5.199999999999999761e-02
-4.073500000000000227e+02 -1.111170000000000044e+02 -1.087599999999999945e+01 -1.580000000000000016e-01
-5.557110000000000127e+02 -1.030289999999999964e+02 -9.493999999999999773e+00 -1.710000000000000131e-01
-5.292190000000000509e+02 -7.142499999999999716e+01 -5.283999999999999808e+00 -1.010000000000000064e-01
-2.061500000000000057e+02 -2.727100000000000080e+01 -1.723999999999999977e+00 1.499999999999999944e-02
2.013449999999999989e+02 4.466000000000000192e+00 1.977000000000000091e+00 1.890000000000000013e-01
3.719870000000000232e+02 7.753999999999999559e+00 7.214000000000000412e+00 4.259999999999999898e-01
2.655160000000000196e+02 -9.762999999999999901e+00 1.092900000000000027e+01 6.330000000000000071e-01
7.145900000000000318e+01 -2.876000000000000156e+01 9.551000000000000156e+00 6.720000000000000417e-01
-7.224899999999999523e+01 -3.800099999999999767e+01 4.000000000000000000e+00 5.140000000000000124e-01
-1.237249999999999943e+02 -3.763499999999999801e+01 -1.310999999999999943e+00 2.660000000000000142e-01
-6.073299999999999699e+01 -3.015700000000000003e+01 -1.697999999999999954e+00 5.500000000000000028e-02
8.819100000000000250e+01 -1.638899999999999935e+01 4.067999999999999616e+00 -3.599999999999999728e-02
1.934679999999999893e+02 -1.947999999999999954e+00 1.067300000000000004e+01 -0.000000000000000000e+00
1.338309999999999889e+02 1.217999999999999972e+00 9.676000000000000156e+00 3.200000000000000067e-02
-2.572500000000000142e+01 -1.069299999999999962e+01 -1.006000000000000005e+00 -1.150000000000000050e-01
-1.285300000000000011e+02 -2.596699999999999875e+01 -1.329299999999999926e+01 -3.990000000000000213e-01
-1.860440000000000111e+02 -3.422500000000000142e+01 -1.844800000000000040e+01 -5.669999999999999485e-01
-2.957370000000000232e+02 -3.928900000000000148e+01 -1.821399999999999864e+01 -5.410000000000000364e-01
-3.785899999999999750e+02 -4.741799999999999926e+01 -2.026200000000000045e+01 -5.340000000000000302e-01
-3.026580000000000155e+02 -5.422899999999999920e+01 -2.418700000000000117e+01 -6.440000000000000169e-01
-1.700910000000000082e+02 -4.953999999999999915e+01 -2.101000000000000156e+01 -6.450000000000000178e-01
-1.971450000000000102e+02 -2.908500000000000085e+01 -7.062999999999999723e+00 -3.479999999999999760e-01
-3.811789999999999736e+02 9.120000000000000329e-01 1.042300000000000004e+01 1.350000000000000089e-01
-5.050190000000000055e+02 3.034499999999999886e+01 2.280999999999999872e+01 5.669999999999999485e-01
-4.214379999999999882e+02 5.680700000000000216e+01 2.848300000000000054e+01 8.309999999999999609e-01
-1.835980000000000132e+02 8.212600000000000477e+01 3.007199999999999918e+01 9.389999999999999458e-01
5.026100000000000279e+01 9.443899999999999295e+01 2.791400000000000148e+01 8.890000000000000124e-01
1.491380000000000052e+02 7.426200000000000045e+01 2.056800000000000139e+01 6.320000000000000062e-01
9.642900000000000205e+01 2.484900000000000020e+01 9.346999999999999531e+00 2.159999999999999976e-01
-2.162800000000000011e+01 -2.637099999999999866e+01 -2.108000000000000096e+00 -1.620000000000000051e-01
-1.207960000000000065e+02 -5.761800000000000210e+01 -1.064000000000000057e+01 -3.489999999999999769e-01
-1.706850000000000023e+02 -6.354699999999999704e+01 -1.365199999999999925e+01 -3.619999999999999885e-01
-1.537379999999999995e+02 -4.396800000000000352e+01 -9.397000000000000242e+00 -2.929999999999999827e-01
-5.545400000000000063e+01 -6.288000000000000256e+00 1.700000000000000122e-02 -2.049999999999999878e-01
8.855400000000000205e+01 2.611700000000000088e+01 7.884000000000000341e+00 -1.549999999999999989e-01
1.950020000000000095e+02 3.273400000000000176e+01 9.351000000000000867e+00 -1.729999999999999871e-01
2.193609999999999900e+02 2.157999999999999829e+01 6.905999999999999694e+00 -1.910000000000000031e-01
2.121169999999999902e+02 1.849399999999999977e+01 5.559000000000000163e+00 -1.419999999999999873e-01
2.353009999999999877e+02 3.456499999999999773e+01 6.314000000000000057e+00 -7.099999999999999367e-02
2.433420000000000130e+02 5.493099999999999739e+01 7.254999999999999893e+00 -3.599999999999999728e-02
1.477529999999999859e+02 5.688100000000000023e+01 6.629999999999999893e+00 -4.200000000000000261e-02
-2.520000000000000018e+00 3.476800000000000068e+01 3.701000000000000068e+00 -1.039999999999999952e-01
-3.864200000000000301e+01 6.227999999999999758e+00 -8.139999999999999458e-01 -2.300000000000000100e-01
1.230220000000000056e+02 -7.629999999999999893e+00 -5.522999999999999687e+00 -3.519999999999999796e-01
3.813340000000000032e+02 -4.836999999999999744e+00 -9.080999999999999517e+00 -3.890000000000000124e-01
5.150230000000000246e+02 1.213000000000000078e+00 -9.574999999999999289e+00 -3.260000000000000120e-01
3.622860000000000014e+02 4.583000000000000185e+00 -5.799999999999999822e+00 -1.509999999999999953e-01
4.646399999999999864e+01 1.145599999999999952e+01 7.820000000000000284e-01 1.280000000000000027e-01
-1.182519999999999953e+02 2.149399999999999977e+01 7.241999999999999993e+00 4.060000000000000275e-01
-6.707299999999999329e+01 2.288299999999999912e+01 1.099000000000000021e+01 5.520000000000000462e-01
-3.758200000000000074e+01 1.059800000000000075e+01 9.321999999999999176e+00 5.100000000000000089e-01
-1.031899999999999977e+02 -4.690000000000000391e+00 9.979999999999999982e-01 2.979999999999999871e-01
-7.871999999999999886e+01 -1.015399999999999991e+01 -9.387000000000000455e+00 3.799999999999999906e-02
6.211200000000000188e+01 -7.166999999999999815e+00 -1.475099999999999945e+01 -7.599999999999999811e-02
1.049090000000000060e+02 -1.213599999999999923e+01 -1.604799999999999827e+01 -4.599999999999999922e-02
-5.524900000000000233e+01 -3.820900000000000318e+01 -2.109799999999999898e+01 -9.099999999999999756e-02
-2.966399999999999864e+02 -7.685399999999999920e+01 -3.195899999999999963e+01 -3.009999999999999898e-01
-4.808580000000000041e+02 -1.069860000000000042e+02 -4.266199999999999903e+01 -5.290000000000000258e-01
-5.640750000000000455e+02 -1.162259999999999991e+02 -4.701500000000000057e+01 -6.430000000000000160e-01
-5.066480000000000246e+02 -9.558400000000000318e+01 -4.017999999999999972e+01 -5.899999999999999689e-01
-2.510039999999999907e+02 -3.268699999999999761e+01 -1.946799999999999997e+01 -2.680000000000000160e-01
1.471399999999999864e+02 5.558500000000000085e+01 7.469000000000000306e+00 2.780000000000000249e-01
4.971990000000000123e+02 1.113629999999999995e+02 2.440700000000000003e+01 6.620000000000000329e-01
6.697469999999999573e+02 1.032750000000000057e+02 2.512800000000000011e+01 5.919999999999999707e-01
7.120259999999999536e+02 7.281300000000000239e+01 1.932199999999999918e+01 3.049999999999999933e-01
6.857000000000000455e+02 6.546500000000000341e+01 1.425300000000000011e+01 1.739999999999999880e-01
5.282000000000000455e+02 6.282000000000000028e+01 6.243000000000000327e+00 1.499999999999999944e-01
2.260269999999999868e+02 3.644400000000000261e+01 -3.984999999999999876e+00 2.299999999999999961e-02
-2.164999999999999858e+01 1.675400000000000134e+01 -5.201999999999999957e+00 -8.500000000000000611e-02
-1.715599999999999881e+01 4.750399999999999778e+01 7.176999999999999602e+00 5.600000000000000117e-02
1.615840000000000032e+02 1.058509999999999991e+02 2.153900000000000148e+01 3.170000000000000040e-01
2.653770000000000095e+02 1.239650000000000034e+02 2.537900000000000134e+01 3.790000000000000036e-01
1.766179999999999950e+02 7.904500000000000171e+01 2.020799999999999841e+01 2.030000000000000138e-01
-9.503000000000000114e+00 1.663599999999999923e+01 1.497199999999999953e+01 8.000000000000000167e-03
-1.544540000000000077e+02 -1.528800000000000026e+01 1.257000000000000028e+01 -9.900000000000000466e-02
-2.128629999999999995e+02 -1.682999999999999829e+01 9.580999999999999517e+00 -1.769999999999999907e-01
-1.975740000000000123e+02 -1.422799999999999976e+01 5.322000000000000064e+00 -2.220000000000000029e-01
-1.237060000000000031e+02 -1.821999999999999886e+01 3.866999999999999993e+00 -1.489999999999999936e-01
-4.791899999999999693e+01 -2.104899999999999949e+01 7.136000000000000121e+00 2.599999999999999881e-02
-6.311099999999999710e+01 -2.034900000000000020e+01 1.195899999999999963e+01 1.650000000000000078e-01
-1.722030000000000030e+02 -2.615599999999999881e+01 1.396199999999999974e+01 1.610000000000000042e-01
-2.512359999999999900e+02 -4.423599999999999710e+01 1.092600000000000016e+01 2.199999999999999872e-02
-2.141279999999999859e+02 -6.645999999999999375e+01 4.528999999999999915e+00 -1.509999999999999953e-01
-1.398340000000000032e+02 -8.331199999999999761e+01 -3.810000000000000053e-01 -2.340000000000000135e-01
-1.534550000000000125e+02 -9.487000000000000455e+01 -1.550999999999999934e+00 -2.010000000000000120e-01
-2.452709999999999866e+02 -1.015870000000000033e+02 -2.525999999999999801e+00 -1.479999999999999927e-01
-3.073559999999999945e+02 -9.794199999999999307e+01 -6.753000000000000114e+00 -1.529999999999999971e-01
-2.946120000000000232e+02 -8.369799999999999329e+01 -1.185800000000000054e+01 -1.759999999999999898e-01
-2.544970000000000141e+02 -6.780500000000000682e+01 -1.378800000000000026e+01 -1.620000000000000051e-01
-2.502239999999999895e+02 -5.791499999999999915e+01 -1.358799999999999919e+01 -1.290000000000000036e-01
-3.036139999999999759e+02 -5.307600000000000051e+01 -1.522400000000000020e+01 -1.010000000000000064e-01
-3.499470000000000027e+02 -4.313900000000000290e+01 -1.835999999999999943e+01 -4.800000000000000100e-02
-2.611750000000000114e+02 -1.912900000000000134e+01 -1.902400000000000091e+01 2.400000000000000050e-02
5.724999999999999645e+00 1.089899999999999913e+01 -1.698199999999999932e+01 4.700000000000000011e-02
3.218990000000000009e+02 3.072899999999999920e+01 -1.574600000000000044e+01 -1.000000000000000021e-03
5.164429999999999836e+02 4.033200000000000074e+01 -1.566499999999999915e+01 -5.199999999999999761e-02
5.257359999999999900e+02 4.850900000000000034e+01 -1.368900000000000006e+01 -6.199999999999999956e-02
3.552189999999999941e+02 4.438600000000000279e+01 -9.262000000000000455e+00 -5.399999999999999939e-02
4.895400000000000063e+01 8.394000000000000128e+00 -5.713000000000000078e+00 -6.300000000000000044e-02
-2.033129999999999882e+02 -4.333200000000000074e+01 -5.206999999999999851e+00 -1.160000000000000059e-01
-1.697470000000000141e+02 -6.487900000000000489e+01 -4.274000000000000021e+00 -2.139999999999999958e-01
1.041299999999999955e+02 -4.221099999999999852e+01 2.592999999999999972e+00 -2.660000000000000142e-01
3.163799999999999955e+02 -5.873000000000000220e+00 1.463899999999999935e+01 -8.300000000000000433e-02
2.683460000000000036e+02 2.052400000000000091e+01 2.478200000000000003e+01 4.000000000000000222e-01
6.299399999999999977e+01 3.956900000000000261e+01 2.887399999999999878e+01 8.830000000000000071e-01
-2.018100000000000094e+01 5.531499999999999773e+01 2.959100000000000108e+01 9.559999999999999609e-01
1.163499999999999943e+02 6.492600000000000193e+01 3.012600000000000122e+01 6.430000000000000160e-01
2.053619999999999948e+02 6.600300000000000011e+01 3.002799999999999869e+01 3.780000000000000027e-01
1.157000000000000028e+01 5.618599999999999994e+01 2.814300000000000068e+01 3.800000000000000044e-01
-2.744200000000000159e+02 3.590800000000000125e+01 2.384199999999999875e+01 4.129999999999999782e-01
-3.432830000000000155e+02 1.650499999999999901e+01 1.641799999999999926e+01 2.340000000000000135e-01
-2.221270000000000095e+02 1.305799999999999983e+01 8.535999999999999588e+00 -5.000000000000000278e-02
-1.440900000000000034e+02 2.285300000000000153e+01 5.073000000000000398e+00 -2.089999999999999913e-01
-1.720910000000000082e+02 2.351699999999999946e+01 3.976999999999999869e+00 -2.600000000000000089e-01
-1.770120000000000005e+02 3.517999999999999794e+00 -2.447999999999999954e+00 -3.790000000000000036e-01
-8.823999999999999488e+01 -1.984299999999999997e+01 -1.389499999999999957e+01 -5.500000000000000444e-01
1.673000000000000043e+00 -2.817500000000000071e+01 -2.096199999999999974e+01 -5.649999999999999467e-01
-2.412500000000000000e+01 -2.920700000000000074e+01 -1.947800000000000153e+01 -3.729999999999999982e-01
-1.806810000000000116e+02 -3.796000000000000085e+01 -1.579499999999999993e+01 -1.719999999999999862e-01
-4.011200000000000045e+02 -4.974600000000000222e+01 -1.660999999999999943e+01 -1.250000000000000000e-01
-5.661499999999999773e+02 -4.913000000000000256e+01 -2.031700000000000017e+01 -1.350000000000000089e-01
-5.225320000000000391e+02 -3.325300000000000011e+01 -2.071300000000000097e+01 -5.000000000000000278e-02
-2.017119999999999891e+02 -1.253700000000000081e+01 -1.573499999999999943e+01 7.900000000000000078e-02
2.719420000000000073e+02 7.791000000000000369e+00 -8.105999999999999872e+00 1.170000000000000068e-01
6.712540000000000191e+02 3.139699999999999847e+01 -5.700000000000000205e-02 1.039999999999999952e-01
8.548310000000000173e+02 5.301800000000000068e+01 6.673000000000000043e+00 1.350000000000000089e-01
8.250289999999999964e+02 5.681600000000000250e+01 9.253999999999999559e+00 1.769999999999999907e-01
6.433579999999999472e+02 3.826100000000000279e+01 6.564000000000000057e+00 1.310000000000000053e-01
3.739080000000000155e+02 1.068500000000000050e+01 3.529999999999999805e-01 -8.999999999999999320e-03
1.166979999999999933e+02 -9.384999999999999787e+00 -6.136999999999999567e+00 -1.529999999999999971e-01
-2.228699999999999903e+01 -1.313599999999999923e+01 -9.230999999999999872e+00 -2.280000000000000082e-01
-5.008299999999999841e+01 -1.826999999999999957e+00 -8.327999999999999403e+00 -2.670000000000000151e-01
-6.078900000000000148e+01 1.846900000000000119e+01 -7.272999999999999687e+00 -3.380000000000000226e-01
-7.465600000000000591e+01 4.756300000000000239e+01 -7.644000000000000128e+00 -3.840000000000000080e-01
-3.951100000000000279e+01 8.810299999999999443e+01 -4.488000000000000433e+00 -2.690000000000000169e-01
1.089499999999999957e+01 1.254879999999999995e+02 5.003999999999999559e+00 6.000000000000000125e-03
-5.810499999999999687e+01 1.241620000000000061e+02 1.270400000000000063e+01 2.179999999999999993e-01
-3.077830000000000155e+02 6.302400000000000091e+01 8.339000000000000412e+00 1.509999999999999953e-01
-6.219479999999999791e+02 -2.582900000000000063e+01 -5.333000000000000185e+00 -1.459999999999999909e-01
-7.968780000000000427e+02 -7.656199999999999761e+01 -1.571100000000000030e+01 -4.249999999999999889e-01
-6.907089999999999463e+02 -5.390200000000000102e+01 -1.509399999999999942e+01 -4.799999999999999822e-01
-3.121549999999999727e+02 2.496999999999999886e+01 -3.435000000000000053e+00 -2.179999999999999993e-01
1.801599999999999966e+02 1.201730000000000018e+02 1.432300000000000040e+01 2.899999999999999800e-01
5.835539999999999736e+02 1.817359999999999900e+02 2.544500000000000028e+01 7.119999999999999662e-01
7.643310000000000173e+02 1.653590000000000089e+02 1.908999999999999986e+01 7.249999999999999778e-01
6.780259999999999536e+02 8.585500000000000398e+01 3.676000000000000156e+00 4.540000000000000147e-01
4.045319999999999823e+02 1.378400000000000070e+01 -3.545999999999999819e+00 2.469999999999999973e-01
1.523269999999999982e+02 -1.361599999999999966e+01 -1.516000000000000014e+00 1.439999999999999891e-01
5.542600000000000193e+01 -2.610399999999999920e+01 -5.190000000000000169e-01 0.000000000000000000e+00
4.364200000000000301e+01 -5.383400000000000318e+01 -1.155999999999999917e+00 -1.000000000000000056e-01
2.108399999999999963e+01 -8.366400000000000148e+01 2.634999999999999787e+00 -6.000000000000000125e-03
-3.019999999999999907e-01 -9.109799999999999898e+01 8.978999999999999204e+00 1.849999999999999978e-01
7.410000000000000142e+00 -7.658299999999999841e+01 1.229700000000000060e+01 2.929999999999999827e-01
5.639000000000000234e+00 -6.209400000000000119e+01 1.298600000000000065e+01 3.109999999999999987e-01
-8.908299999999999841e+01 -7.189499999999999602e+01 1.092500000000000071e+01 2.520000000000000018e-01
-3.089889999999999759e+02 -1.157390000000000043e+02 1.519999999999999962e-01 -1.499999999999999944e-02
-5.362999999999999545e+02 -1.752019999999999982e+02 -1.899699999999999989e+01 -5.120000000000000107e-01
-5.940940000000000509e+02 -2.132259999999999991e+02 -3.409300000000000352e+01 -9.370000000000000551e-01
-4.521039999999999850e+02 -2.072069999999999936e+02 -3.602799999999999869e+01 -1.000999999999999890e+00
-2.079879999999999995e+02 -1.627210000000000036e+02 -2.866799999999999926e+01 -7.710000000000000187e-01
8.064700000000000557e+01 -9.984099999999999397e+01 -1.864300000000000068e+01 -4.779999999999999805e-01
3.620649999999999977e+02 -4.184100000000000108e+01 -7.836000000000000298e+00 -2.179999999999999993e-01
4.817579999999999814e+02 -3.055000000000000160e+00 3.079000000000000181e+00 3.300000000000000155e-02
3.496170000000000186e+02 2.139600000000000080e+01 1.258500000000000085e+01 2.800000000000000266e-01
1.595250000000000057e+02 3.885399999999999920e+01 1.816700000000000159e+01 4.500000000000000111e-01
1.612599999999999909e+02 4.722200000000000131e+01 1.820799999999999841e+01 5.130000000000000115e-01
2.543760000000000048e+02 5.460199999999999676e+01 1.746199999999999974e+01 5.989999999999999769e-01
1.685130000000000052e+02 7.396399999999999864e+01 2.222599999999999909e+01 7.860000000000000320e-01
-2.496199999999999974e+01 8.971399999999999864e+01 2.856899999999999906e+01 8.800000000000000044e-01
-3.061100000000000065e+01 7.596299999999999386e+01 2.708999999999999986e+01 7.169999999999999707e-01
1.485939999999999941e+02 4.373700000000000188e+01 1.634799999999999898e+01 4.159999999999999809e-01
2.336490000000000009e+02 2.059400000000000119e+01 2.043000000000000149e+00 1.150000000000000050e-01
9.492300000000000182e+01 6.470000000000000195e-01 -1.070899999999999963e+01 -1.779999999999999916e-01
-1.337949999999999875e+02 -3.319200000000000017e+01 -1.866700000000000159e+01 -4.119999999999999774e-01
-2.687119999999999891e+02 -6.102300000000000324e+01 -2.042599999999999838e+01 -4.889999999999999902e-01
-2.553420000000000130e+02 -5.146399999999999864e+01 -1.783800000000000097e+01 -4.359999999999999987e-01
-1.627839999999999918e+02 -1.499200000000000088e+01 -1.481900000000000084e+01 -3.950000000000000178e-01
-6.969799999999999329e+01 8.506999999999999673e+00 -1.500200000000000067e+01 -4.430000000000000049e-01
-1.177200000000000024e+01 2.157000000000000028e+00 -1.865500000000000114e+01 -5.030000000000000027e-01
2.899999999999999800e-01 -1.157600000000000051e+01 -1.985399999999999920e+01 -4.089999999999999747e-01
-1.889999999999999902e+00 9.400000000000000022e-02 -1.129599999999999937e+01 -8.000000000000000167e-02
3.382800000000000296e+01 4.508299999999999841e+01 6.019000000000000128e+00 3.599999999999999867e-01
6.902100000000000080e+01 9.716200000000000614e+01 2.076599999999999824e+01 6.540000000000000258e-01
-1.973400000000000176e+01 1.176380000000000052e+02 1.988800000000000168e+01 5.669999999999999485e-01
-2.521630000000000109e+02 8.875199999999999534e+01 1.276999999999999913e+00 7.799999999999999989e-02
-4.599599999999999795e+02 3.184900000000000020e+01 -2.115800000000000125e+01 -4.789999999999999813e-01
-4.692889999999999873e+02 -9.662000000000000810e+00 -2.941000000000000014e+01 -6.510000000000000231e-01
-2.990219999999999914e+02 -1.072600000000000087e+01 -1.885000000000000142e+01 -3.689999999999999947e-01
-1.096800000000000068e+02 1.846300000000000097e+01 4.470000000000000084e-01 4.200000000000000261e-02
6.219999999999999973e-01 5.166100000000000136e+01 1.639699999999999847e+01 3.160000000000000031e-01
6.006300000000000239e+01 6.506100000000000705e+01 2.250300000000000011e+01 3.770000000000000018e-01
8.978700000000000614e+01 4.774799999999999756e+01 1.828699999999999903e+01 2.230000000000000038e-01
4.281099999999999994e+01 1.150000000000000000e+01 9.807999999999999829e+00 -2.000000000000000042e-02
-8.043000000000000682e+01 -2.187999999999999901e+01 4.966999999999999638e+00 -1.509999999999999953e-01
-1.924379999999999882e+02 -4.462400000000000233e+01 4.049000000000000377e+00 -1.459999999999999909e-01
-2.246810000000000116e+02 -5.771999999999999886e+01 1.592000000000000082e+00 -1.320000000000000062e-01
-1.549240000000000066e+02 -5.053799999999999670e+01 -1.756999999999999895e+00 -1.179999999999999938e-01
2.363800000000000168e+01 -1.097199999999999953e+01 1.449999999999999900e-01 -1.000000000000000021e-03
2.207740000000000009e+02 4.204599999999999937e+01 6.474999999999999645e+00 1.739999999999999880e-01
2.476119999999999948e+02 6.298199999999999932e+01 9.205999999999999517e+00 2.149999999999999967e-01
6.011500000000000199e+01 3.314900000000000091e+01 5.408000000000000362e+00 7.199999999999999456e-02
-1.292500000000000000e+02 -1.589100000000000001e+01 -1.049999999999999961e-01 -8.999999999999999667e-02
-1.060589999999999975e+02 -4.696500000000000341e+01 -2.950000000000000178e+00 -1.479999999999999927e-01
1.233840000000000003e+02 -5.196500000000000341e+01 -2.196000000000000174e+00 -1.370000000000000107e-01
3.855219999999999914e+02 -3.856300000000000239e+01 1.316999999999999948e+00 -1.039999999999999952e-01
4.645980000000000132e+02 -2.144800000000000040e+01 4.089000000000000412e+00 -3.200000000000000067e-02
2.540600000000000023e+02 -1.980799999999999983e+01 2.275999999999999801e+00 8.699999999999999400e-02
-7.714400000000000546e+01 -3.297099999999999653e+01 -2.225999999999999979e+00 1.970000000000000084e-01
-2.036150000000000091e+02 -3.514300000000000068e+01 -3.271999999999999797e+00 2.429999999999999938e-01
-1.836700000000000088e+01 -1.124099999999999966e+01 1.195000000000000062e+00 2.700000000000000178e-01
2.613679999999999950e+02 2.245599999999999952e+01 6.858999999999999986e+00 3.479999999999999760e-01
3.840090000000000146e+02 3.997699999999999676e+01 9.106999999999999318e+00 4.060000000000000275e-01
3.073659999999999854e+02 3.286399999999999721e+01 8.185000000000000497e+00 3.049999999999999933e-01
1.551349999999999909e+02 1.561100000000000065e+01 7.296999999999999709e+00 9.099999999999999756e-02
4.471200000000000330e+01 7.666000000000000369e+00 6.597000000000000419e+00 -4.700000000000000011e-02
-1.780199999999999960e+01 8.490999999999999659e+00 2.064000000000000057e+00 -7.799999999999999989e-02
-1.015390000000000015e+02 1.602000000000000091e+00 -7.564000000000000057e+00 -1.680000000000000104e-01
-2.309240000000000066e+02 -1.598099999999999987e+01 -1.669000000000000128e+01 -3.900000000000000133e-01
-3.299289999999999736e+02 -2.996499999999999986e+01 -2.000900000000000034e+01 -5.949999999999999734e-01
-3.315070000000000050e+02 -3.434799999999999898e+01 -1.975400000000000134e+01 -6.470000000000000195e-01
-3.127280000000000086e+02 -3.918999999999999773e+01 -2.055699999999999861e+01 -6.099999999999999867e-01
-3.709680000000000177e+02 -5.080700000000000216e+01 -2.101000000000000156e+01 -6.009999999999999787e-01
-3.868860000000000241e+02 -5.727700000000000102e+01 -1.602299999999999969e+01 -5.679999999999999494e-01
-1.660989999999999895e+02 -4.051299999999999812e+01 -4.193999999999999950e+00 -3.270000000000000129e-01
2.106409999999999911e+02 1.320000000000000062e-01 1.170599999999999952e+01 1.660000000000000087e-01
4.714100000000000250e+02 4.333700000000000330e+01 2.747800000000000153e+01 7.129999999999999671e-01
5.244059999999999491e+02 6.622199999999999420e+01 3.747500000000000142e+01 9.919999999999999929e-01
4.864239999999999782e+02 6.671999999999999886e+01 3.694299999999999784e+01 8.030000000000000471e-01
4.461770000000000209e+02 6.242499999999999716e+01 2.769500000000000028e+01 2.989999999999999880e-01
4.016519999999999868e+02 6.352300000000000324e+01 1.730600000000000094e+01 -9.700000000000000289e-02
3.093290000000000077e+02 5.542000000000000171e+01 1.033200000000000074e+01 -1.739999999999999880e-01
9.690200000000000102e+01 1.988700000000000045e+01 3.923999999999999932e+00 -1.449999999999999900e-01
-2.094190000000000111e+02 -3.714300000000000068e+01 -6.315999999999999837e+00 -2.869999999999999774e-01
-3.999030000000000200e+02 -9.025000000000000000e+01 -1.888500000000000156e+01 -5.480000000000000426e-01
-3.299110000000000014e+02 -1.153599999999999994e+02 -2.583099999999999952e+01 -6.380000000000000115e-01
-1.185019999999999953e+02 -1.027680000000000007e+02 -2.056800000000000139e+01 -4.060000000000000275e-01
9.232999999999999829e+01 -6.251800000000000068e+01 -6.604000000000000092e+00 2.000000000000000042e-03
3.328639999999999759e+02 -1.726000000000000156e+01 5.405999999999999694e+00 3.310000000000000164e-01
5.622730000000000246e+02 1.653399999999999892e+01 9.829000000000000625e+00 4.620000000000000218e-01
5.279310000000000400e+02 4.457500000000000284e+01 1.114700000000000024e+01 4.510000000000000120e-01
1.375180000000000007e+02 8.968500000000000227e+01 1.594899999999999984e+01 4.670000000000000262e-01
-2.602939999999999827e+02 1.529790000000000134e+02 2.323600000000000065e+01 6.270000000000000018e-01
-2.921700000000000159e+02 1.927709999999999866e+02 2.729700000000000060e+01 8.479999999999999760e-01
-8.490600000000000591e+01 1.790020000000000095e+02 2.680999999999999872e+01 9.529999999999999583e-01
-9.989999999999999991e-01 1.403720000000000141e+02 2.264300000000000068e+01 8.569999999999999840e-01
-5.553600000000000136e+01 1.162120000000000033e+02 1.185599999999999987e+01 5.799999999999999600e-01
-4.246800000000000352e+01 1.050010000000000048e+02 -5.541000000000000369e+00 2.270000000000000073e-01
-3.266000000000000014e+00 9.126600000000000534e+01 -1.981800000000000139e+01 -1.499999999999999944e-02
-1.112279999999999944e+02 7.419700000000000273e+01 -2.163800000000000168e+01 -5.600000000000000117e-02
-2.964820000000000277e+02 5.302300000000000324e+01 -1.385500000000000043e+01 -2.199999999999999872e-02
-3.465690000000000168e+02 2.396600000000000108e+01 -5.828000000000000291e+00 -8.100000000000000255e-02
-2.283979999999999961e+02 -6.458000000000000185e+00 -1.377999999999999892e+00 -2.200000000000000011e-01
-8.291700000000000159e+01 -2.920799999999999841e+01 1.679999999999999938e+00 -2.770000000000000240e-01
-1.554800000000000004e+01 -4.636200000000000188e+01 3.559000000000000163e+00 -1.670000000000000095e-01
-3.613900000000000290e+01 -6.586100000000000421e+01 -1.549999999999999989e-01 -3.899999999999999994e-02
-1.132319999999999993e+02 -8.942400000000000659e+01 -1.076699999999999946e+01 -1.069999999999999979e-01
-1.864060000000000059e+02 -1.110690000000000026e+02 -2.103699999999999903e+01 -3.449999999999999734e-01
-1.932009999999999934e+02 -1.254129999999999967e+02 -2.381200000000000117e+01 -5.190000000000000169e-01
-1.383779999999999859e+02 -1.326080000000000041e+02 -2.148900000000000077e+01 -5.300000000000000266e-01
-9.565600000000000591e+01 -1.367460000000000093e+02 -2.128200000000000003e+01 -5.140000000000000124e-01
-1.304809999999999945e+02 -1.440039999999999907e+02 -2.577799999999999869e+01 -6.139999999999999902e-01
-2.387969999999999970e+02 -1.573100000000000023e+02 -3.151300000000000168e+01 -7.860000000000000320e-01
-3.586800000000000068e+02 -1.697920000000000016e+02 -3.305400000000000205e+01 -9.050000000000000266e-01
-4.254929999999999950e+02 -1.694830000000000041e+02 -2.746600000000000108e+01 -9.150000000000000355e-01
-4.000389999999999873e+02 -1.505989999999999895e+02 -1.721499999999999986e+01 -8.100000000000000533e-01
-2.744619999999999891e+02 -1.169519999999999982e+02 -7.062999999999999723e+00 -5.729999999999999538e-01
-7.391899999999999693e+01 -7.568300000000000693e+01 2.314999999999999947e+00 -2.139999999999999958e-01
1.680149999999999864e+02 -2.989999999999999858e+01 1.291699999999999982e+01 1.690000000000000113e-01
3.916329999999999814e+02 1.750199999999999889e+01 2.241000000000000014e+01 4.430000000000000049e-01
4.665969999999999800e+02 5.212899999999999778e+01 2.477100000000000080e+01 5.160000000000000142e-01
3.025210000000000150e+02 5.303399999999999892e+01 1.757100000000000151e+01 3.760000000000000009e-01
1.434200000000000053e+01 1.807600000000000051e+01 4.600999999999999979e+00 1.209999999999999964e-01
-1.637630000000000052e+02 -2.367399999999999949e+01 -7.607999999999999652e+00 -6.600000000000000311e-02
-1.102510000000000048e+02 -3.407999999999999829e+01 -1.341099999999999959e+01 -4.800000000000000100e-02
1.137750000000000057e+02 -1.528000000000000025e+00 -1.099000000000000021e+01 1.459999999999999909e-01
3.174850000000000136e+02 4.565800000000000125e+01 -5.541999999999999815e+00 3.250000000000000111e-01
2.860430000000000064e+02 6.374300000000000210e+01 -6.657000000000000028e+00 2.640000000000000124e-01
-4.918999999999999595e+00 3.740999999999999659e+01 -1.736700000000000088e+01 -5.600000000000000117e-02
-3.274769999999999754e+02 -3.944999999999999840e+00 -2.873699999999999832e+01 -3.639999999999999902e-01
-4.666700000000000159e+02 -1.993199999999999861e+01 -2.948699999999999832e+01 -3.860000000000000098e-01
-4.088799999999999955e+02 -2.584999999999999964e+00 -1.720499999999999829e+01 -1.239999999999999991e-01
-2.223779999999999859e+02 2.333699999999999974e+01 2.032000000000000028e+00 2.220000000000000029e-01
5.184700000000000131e+01 4.081799999999999784e+01 2.097400000000000020e+01 5.040000000000000036e-01
3.511410000000000196e+02 5.970499999999999829e+01 3.473599999999999710e+01 6.580000000000000293e-01
5.807649999999999864e+02 8.108100000000000307e+01 3.849499999999999744e+01 5.759999999999999565e-01
6.631920000000000073e+02 7.738400000000000034e+01 2.895200000000000173e+01 2.089999999999999913e-01
5.393460000000000036e+02 3.746999999999999886e+01 1.116999999999999993e+01 -2.429999999999999938e-01
2.290449999999999875e+02 -2.595000000000000195e+00 -3.269000000000000128e+00 -4.939999999999999947e-01
-4.743900000000000006e+01 1.205000000000000071e+00 -7.543999999999999595e+00 -4.929999999999999938e-01
-9.967999999999999972e+00 5.085099999999999909e+01 -3.447999999999999954e+00 -3.649999999999999911e-01
3.297139999999999986e+02 1.092639999999999958e+02 6.001000000000000334e+00 -1.219999999999999973e-01
6.834410000000000309e+02 1.477690000000000055e+02 2.173100000000000165e+01 3.330000000000000182e-01
8.634859999999999900e+02 1.642359999999999900e+02 3.998799999999999955e+01 8.559999999999999831e-01
8.508300000000000409e+02 1.441510000000000105e+02 4.254999999999999716e+01 9.739999999999999769e-01
5.910240000000000009e+02 6.151400000000000290e+01 1.524300000000000033e+01 4.440000000000000058e-01
1.015070000000000050e+02 -5.359899999999999665e+01 -2.328099999999999881e+01 -2.929999999999999827e-01
-3.656899999999999977e+02 -1.186410000000000053e+02 -3.777300000000000324e+01 -5.889999999999999680e-01
-5.912989999999999782e+02 -9.770999999999999375e+01 -2.080199999999999960e+01 -3.130000000000000004e-01
-6.045610000000000355e+02 -3.186599999999999966e+01 5.326999999999999957e+00 2.300000000000000100e-01
-4.908349999999999795e+02 3.576800000000000068e+01 2.488599999999999923e+01 8.070000000000000506e-01
-3.064580000000000268e+02 9.288899999999999579e+01 3.916599999999999682e+01 1.300999999999999934e+00
-1.644350000000000023e+02 1.235490000000000066e+02 4.753199999999999648e+01 1.512999999999999901e+00
-1.190270000000000010e+02 1.141959999999999980e+02 4.512800000000000011e+01 1.354000000000000092e+00
-1.165979999999999990e+02 8.274399999999999977e+01 3.360699999999999932e+01 9.819999999999999840e-01
-1.389739999999999895e+02 5.516899999999999693e+01 1.692299999999999827e+01 5.490000000000000435e-01
-1.673110000000000070e+02 3.759599999999999653e+01 -2.120000000000000107e+00 1.280000000000000027e-01
-1.173569999999999993e+02 2.812900000000000134e+01 -1.525300000000000011e+01 -1.509999999999999953e-01
-3.619999999999999885e-01 2.371000000000000085e+01 -1.520400000000000063e+01 -2.349999999999999867e-01
4.052100000000000080e+01 1.454700000000000060e+01 -7.567999999999999616e+00 -2.680000000000000160e-01
-4.993800000000000239e+01 -4.173000000000000043e+00 -3.142999999999999794e+00 -3.559999999999999831e-01
-1.636129999999999995e+02 -2.247200000000000131e+01 -4.282000000000000028e+00 -4.259999999999999898e-01
-2.076109999999999900e+02 -3.098600000000000065e+01 -7.155000000000000249e+00 -4.289999999999999925e-01
-2.084120000000000061e+02 -3.719700000000000273e+01 -1.054199999999999982e+01 -4.560000000000000164e-01
-2.127460000000000093e+02 -5.700500000000000256e+01 -1.530100000000000016e+01 -5.849999999999999645e-01
-2.075180000000000007e+02 -9.502200000000000557e+01 -2.009499999999999886e+01 -7.690000000000000169e-01
-1.835469999999999970e+02 -1.394149999999999920e+02 -2.335300000000000153e+01 -9.310000000000000497e-01
-1.810370000000000061e+02 -1.728350000000000080e+02 -2.569900000000000162e+01 -1.044999999999999929e+00
-2.210130000000000052e+02 -1.846850000000000023e+02 -2.762500000000000000e+01 -1.102999999999999980e+00
-2.821370000000000005e+02 -1.761800000000000068e+02 -2.902199999999999847e+01 -1.086999999999999966e+00
-3.672699999999999818e+02 -1.548640000000000043e+02 -3.112000000000000099e+01 -1.004000000000000004e+00
-4.686899999999999977e+02 -1.240100000000000051e+02 -3.396800000000000352e+01 -8.960000000000000187e-01
-4.836030000000000086e+02 -8.525799999999999557e+01 -3.417499999999999716e+01 -7.960000000000000409e-01
-3.414990000000000236e+02 -5.066199999999999903e+01 -2.953600000000000136e+01 -7.029999999999999583e-01
-1.613789999999999907e+02 -3.137099999999999866e+01 -2.132900000000000063e+01 -6.049999999999999822e-01
-9.062800000000000011e+01 -1.343800000000000061e+01 -1.058099999999999952e+01 -5.040000000000000036e-01
-1.065570000000000022e+02 2.371000000000000085e+01 2.011000000000000121e+00 -4.000000000000000222e-01
-1.380229999999999961e+02 6.631399999999999295e+01 1.467699999999999960e+01 -2.039999999999999869e-01
-1.748170000000000073e+02 8.622899999999999920e+01 2.703300000000000125e+01 1.980000000000000093e-01
-1.177159999999999940e+02 9.375600000000000023e+01 3.841599999999999682e+01 7.139999999999999680e-01
1.980159999999999911e+02 1.165520000000000067e+02 4.343800000000000239e+01 1.044000000000000039e+00
6.994039999999999964e+02 1.360780000000000030e+02 3.652400000000000091e+01 1.020999999999999908e+00
1.068717000000000098e+03 1.063340000000000032e+02 2.010099999999999909e+01 8.129999999999999449e-01
1.080948000000000093e+03 3.112600000000000122e+01 3.262000000000000011e+00 6.820000000000000506e-01
7.925670000000000073e+02 -3.362100000000000222e+01 -6.434999999999999609e+00 6.370000000000000107e-01
4.945049999999999955e+02 -5.036099999999999710e+01 -7.570000000000000284e+00 4.909999999999999920e-01
4.640550000000000068e+02 -3.020400000000000063e+01 -3.646999999999999797e+00 2.330000000000000127e-01
6.421319999999999482e+02 -3.089999999999999858e+00 -9.199999999999999845e-02 7.699999999999999900e-02
7.142509999999999764e+02 1.320100000000000051e+01 -6.600000000000000311e-01 1.079999999999999988e-01
5.184560000000000173e+02 1.958699999999999974e+01 -4.149000000000000021e+00 1.829999999999999960e-01
1.486589999999999918e+02 2.175900000000000034e+01 -6.298000000000000043e+00 1.749999999999999889e-01
-2.575620000000000118e+02 1.634600000000000009e+01 -5.500000000000000000e+00 7.799999999999999989e-02
-6.078799999999999955e+02 2.822000000000000064e+00 -3.572999999999999954e+00 -6.199999999999999956e-02
-7.895159999999999627e+02 -2.399999999999999911e+00 -1.084999999999999964e+00 -1.650000000000000078e-01
-6.819769999999999754e+02 1.233000000000000007e+01 3.955999999999999961e+00 -1.630000000000000060e-01
-2.890090000000000146e+02 3.263000000000000256e+01 1.233000000000000007e+01 -3.599999999999999728e-02
2.004770000000000039e+02 4.009700000000000131e+01 2.168799999999999883e+01 2.240000000000000047e-01
5.589840000000000373e+02 3.531000000000000227e+01 2.897299999999999898e+01 5.869999999999999662e-01
6.708920000000000528e+02 2.451599999999999824e+01 3.243299999999999983e+01 8.890000000000000124e-01
5.148020000000000209e+02 5.038000000000000256e+00 2.998999999999999844e+01 9.180000000000000382e-01
1.867330000000000041e+02 -2.421799999999999997e+01 1.942299999999999827e+01 6.280000000000000027e-01
-7.667100000000000648e+01 -5.412199999999999989e+01 3.934000000000000163e+00 2.010000000000000120e-01
-1.517500000000000000e+02 -7.843500000000000227e+01 -9.134999999999999787e+00 -1.700000000000000122e-01
-1.747520000000000095e+02 -9.847299999999999898e+01 -1.937800000000000011e+01 -4.949999999999999956e-01
-2.269329999999999927e+02 -1.063610000000000042e+02 -3.187300000000000111e+01 -8.199999999999999512e-01
-1.758859999999999957e+02 -8.736299999999999955e+01 -4.242099999999999937e+01 -1.000999999999999890e+00
7.416000000000000369e+00 -4.218800000000000239e+01 -3.978499999999999659e+01 -8.499999999999999778e-01
1.173550000000000040e+02 8.148999999999999133e+00 -2.383200000000000074e+01 -4.259999999999999898e-01
-1.118900000000000006e+01 3.084199999999999875e+01 -7.825000000000000178e+00 -2.000000000000000042e-02
-3.137289999999999850e+02 5.426999999999999602e+00 -2.120000000000000107e+00 1.479999999999999927e-01
-5.895460000000000491e+02 -3.662299999999999756e+01 -2.762999999999999901e+00 2.010000000000000120e-01
-7.245670000000000073e+02 -2.964900000000000091e+01 2.369000000000000217e+00 4.349999999999999978e-01
-7.663609999999999900e+02 4.314300000000000068e+01 1.666900000000000048e+01 8.499999999999999778e-01
-7.382519999999999527e+02 1.261910000000000025e+02 2.820400000000000063e+01 1.082000000000000073e+00
-5.770919999999999845e+02 1.650569999999999879e+02 2.631200000000000117e+01 9.469999999999999529e-01
-2.887370000000000232e+02 1.623089999999999975e+02 1.887500000000000000e+01 7.449999999999999956e-01
5.954699999999999704e+01 1.499130000000000109e+02 1.971099999999999852e+01 7.730000000000000204e-01
3.860140000000000100e+02 1.356829999999999927e+02 2.478600000000000136e+01 8.129999999999999449e-01
4.930059999999999718e+02 9.574800000000000466e+01 1.889099999999999824e+01 4.809999999999999831e-01
2.040490000000000066e+02 1.580000000000000071e+01 7.199999999999999456e-02 -1.219999999999999973e-01
-2.935690000000000168e+02 -7.318099999999999739e+01 -1.911700000000000088e+01 -5.540000000000000480e-01
-5.380220000000000482e+02 -1.136680000000000064e+02 -2.778500000000000014e+01 -6.189999999999999947e-01
-3.122749999999999773e+02 -7.827800000000000580e+01 -2.245499999999999829e+01 -4.400000000000000022e-01
1.354670000000000130e+02 4.253000000000000114e+00 -4.977000000000000313e+00 -1.360000000000000098e-01
4.435509999999999877e+02 7.837600000000000477e+01 1.527500000000000036e+01 1.990000000000000102e-01
5.025729999999999791e+02 1.041050000000000040e+02 2.387600000000000122e+01 3.200000000000000067e-01
3.745799999999999841e+02 7.769199999999999307e+01 1.542900000000000027e+01 1.600000000000000033e-02
9.124800000000000466e+01 2.266799999999999926e+01 -1.086000000000000076e+00 -5.829999999999999627e-01
-2.545730000000000075e+02 -3.277300000000000324e+01 -1.557499999999999929e+01 -1.108000000000000096e+00
-3.857930000000000064e+02 -6.109199999999999875e+01 -2.325000000000000000e+01 -1.243999999999999995e+00
-9.085500000000000398e+01 -4.325699999999999790e+01 -1.917899999999999849e+01 -9.110000000000000320e-01
4.382490000000000236e+02 -3.329000000000000181e+00 -4.309000000000000163e+00 -3.579999999999999849e-01
7.784299999999999500e+02 1.643000000000000016e+00 7.551999999999999602e+00 -2.199999999999999872e-02
7.638690000000000282e+02 -3.777700000000000102e+01 4.929999999999999716e+00 -9.800000000000000377e-02
5.520639999999999645e+02 -6.651500000000000057e+01 -6.044999999999999929e+00 -3.699999999999999956e-01
3.004119999999999777e+02 -5.900800000000000267e+01 -1.300500000000000078e+01 -5.620000000000000551e-01
5.861500000000000199e+01 -5.630400000000000205e+01 -1.464799999999999969e+01 -6.360000000000000098e-01
-1.172300000000000040e+02 -7.896800000000000352e+01 -1.640599999999999881e+01 -6.360000000000000098e-01
-1.996390000000000100e+02 -8.156000000000000227e+01 -1.659400000000000119e+01 -4.739999999999999769e-01
-2.600199999999999818e+02 -2.706200000000000117e+01 -7.416999999999999815e+00 -1.099999999999999936e-02
-3.044759999999999991e+02 5.213900000000000290e+01 1.094100000000000072e+01 6.510000000000000231e-01
-1.735869999999999891e+02 9.501200000000000045e+01 2.461799999999999855e+01 1.100000000000000089e+00
1.623489999999999895e+02 7.729800000000000182e+01 2.009700000000000131e+01 9.769999999999999796e-01
3.951829999999999927e+02 1.884199999999999875e+01 1.318000000000000060e+00 3.990000000000000213e-01
2.561840000000000259e+02 -4.596800000000000352e+01 -1.456099999999999994e+01 -1.580000000000000016e-01
-8.584199999999999875e+01 -9.027100000000000080e+01 -1.734100000000000108e+01 -3.840000000000000080e-01
-2.842939999999999827e+02 -1.039699999999999989e+02 -1.090499999999999936e+01 -3.599999999999999867e-01
-2.805260000000000105e+02 -9.164499999999999602e+01 -2.028999999999999915e+00 -2.919999999999999818e-01
-2.653980000000000246e+02 -6.636799999999999500e+01 6.089000000000000412e+00 -2.220000000000000029e-01
-3.438179999999999836e+02 -4.601400000000000290e+01 9.055999999999999162e+00 -1.010000000000000064e-01
-4.228469999999999800e+02 -3.814500000000000313e+01 2.540000000000000036e+00 -8.999999999999999320e-03
-3.612210000000000036e+02 -2.467000000000000171e+01 -7.939000000000000057e+00 -5.500000000000000028e-02
-1.532009999999999934e+02 1.647800000000000153e+01 -8.996999999999999886e+00 -1.300000000000000044e-01
4.259700000000000131e+01 6.742600000000000193e+01 1.893999999999999906e+00 -4.800000000000000100e-02
6.136399999999999721e+01 7.427899999999999636e+01 9.457000000000000739e+00 9.400000000000000022e-02
-9.578400000000000603e+01 1.733500000000000085e+01 2.564000000000000057e+00 7.000000000000000666e-02
-2.591490000000000009e+02 -4.995100000000000051e+01 -8.016000000000000014e+00 -5.099999999999999672e-02
-2.701440000000000055e+02 -6.703799999999999670e+01 -7.025999999999999801e+00 -4.200000000000000261e-02
-1.728890000000000100e+02 -4.153000000000000114e+01 2.028999999999999915e+00 6.700000000000000400e-02
-1.597319999999999993e+02 -2.302799999999999869e+01 4.248999999999999666e+00 4.900000000000000189e-02
-2.802169999999999845e+02 -3.176599999999999824e+01 -5.407000000000000028e+00 -1.739999999999999880e-01
-3.546890000000000214e+02 -4.618500000000000227e+01 -1.786299999999999955e+01 -4.440000000000000058e-01
-2.617019999999999982e+02 -4.414800000000000324e+01 -2.231500000000000128e+01 -5.470000000000000417e-01
-9.010899999999999466e+01 -3.016700000000000159e+01 -1.752299999999999969e+01 -4.500000000000000111e-01
6.372299999999999898e+01 -2.350700000000000145e+01 -1.109900000000000020e+01 -3.320000000000000173e-01
1.969809999999999945e+02 -3.253199999999999648e+01 -8.791000000000000369e+00 -3.330000000000000182e-01
2.961390000000000100e+02 -4.418999999999999773e+01 -7.307000000000000384e+00 -3.370000000000000218e-01
3.172549999999999955e+02 -4.279299999999999926e+01 -2.608999999999999986e+00 -1.920000000000000040e-01
2.042179999999999893e+02 -3.800900000000000034e+01 -4.769999999999999796e-01 -2.500000000000000139e-02
-8.205299999999999727e+01 -4.888100000000000023e+01 -7.062000000000000277e+00 -4.900000000000000189e-02
-4.498500000000000227e+02 -5.904899999999999949e+01 -1.375699999999999967e+01 -1.539999999999999980e-01
-6.890760000000000218e+02 -2.845499999999999829e+01 -5.475999999999999979e+00 -1.099999999999999936e-02
-6.217350000000000136e+02 5.311200000000000188e+01 1.931700000000000017e+01 4.560000000000000164e-01
-2.056649999999999920e+02 1.570769999999999982e+02 4.683400000000000318e+01 9.989999999999999991e-01
3.875969999999999800e+02 2.403580000000000041e+02 6.253600000000000136e+01 1.350000000000000089e+00
8.678790000000000191e+02 2.670140000000000100e+02 6.206099999999999994e+01 1.409999999999999920e+00
1.129365000000000009e+03 2.377680000000000007e+02 5.166199999999999903e+01 1.233999999999999986e+00
1.279951000000000022e+03 1.875680000000000121e+02 4.017099999999999937e+01 9.749999999999999778e-01
1.324153000000000020e+03 1.411160000000000139e+02 3.030900000000000105e+01 7.820000000000000284e-01
1.118519999999999982e+03 1.019749999999999943e+02 2.028999999999999915e+01 6.670000000000000373e-01
7.116369999999999436e+02 6.972700000000000387e+01 1.046299999999999919e+01 5.020000000000000018e-01
3.953709999999999809e+02 3.914300000000000068e+01 3.299999999999999822e+00 2.260000000000000064e-01
3.130289999999999964e+02 9.760999999999999233e+00 2.299999999999999961e-02 -4.200000000000000261e-02
3.036650000000000205e+02 -3.899999999999999911e+00 -4.460000000000000075e-01 -1.769999999999999907e-01
1.940500000000000114e+02 1.254999999999999893e+00 -1.125000000000000000e+00 -2.250000000000000056e-01
4.121999999999999886e+00 3.263999999999999790e+00 -5.126999999999999780e+00 -3.170000000000000040e-01
-1.602179999999999893e+02 -9.721999999999999531e+00 -1.217900000000000027e+01 -4.570000000000000173e-01
-2.335430000000000064e+02 -1.842699999999999960e+01 -1.719600000000000151e+01 -5.030000000000000027e-01
-1.994360000000000070e+02 -7.964999999999999858e+00 -1.535699999999999932e+01 -3.659999999999999920e-01
-1.227519999999999953e+02 -3.420999999999999819e+00 -1.090099999999999980e+01 -1.719999999999999862e-01
-1.769339999999999975e+02 -4.425900000000000034e+01 -1.679599999999999937e+01 -1.759999999999999898e-01
-4.765869999999999891e+02 -1.280320000000000107e+02 -3.929999999999999716e+01 -4.979999999999999982e-01
-8.752430000000000518e+02 -2.038629999999999995e+02 -6.637600000000000477e+01 -9.599999999999999645e-01
-1.078192999999999984e+03 -2.250250000000000057e+02 -7.885899999999999466e+01 -1.221000000000000085e+00
-9.265679999999999836e+02 -1.834079999999999870e+02 -6.853400000000000603e+01 -1.064999999999999947e+00
-4.888000000000000114e+02 -9.756100000000000705e+01 -4.114200000000000301e+01 -5.340000000000000302e-01
3.041900000000000048e+01 -6.883000000000000007e+00 -1.110599999999999987e+01 7.699999999999999900e-02
4.224289999999999736e+02 3.649900000000000233e+01 6.336999999999999744e+00 4.199999999999999845e-01
5.750670000000000073e+02 2.098100000000000165e+01 9.218999999999999417e+00 4.440000000000000058e-01
5.068430000000000177e+02 -2.031000000000000139e+00 1.062800000000000011e+01 4.339999999999999969e-01
3.565899999999999750e+02 8.125999999999999446e+00 1.799099999999999966e+01 5.420000000000000373e-01
2.575620000000000118e+02 2.460300000000000153e+01 2.219500000000000028e+01 5.550000000000000488e-01
1.820240000000000009e+02 7.073999999999999844e+00 1.539899999999999913e+01 2.849999999999999756e-01
3.678799999999999670e+01 -3.538300000000000267e+01 5.168000000000000149e+00 -8.000000000000000167e-02
-1.516419999999999959e+02 -7.222100000000000364e+01 9.959999999999999964e-01 -2.469999999999999973e-01
-2.986879999999999882e+02 -9.753600000000000136e+01 1.209999999999999964e-01 -2.099999999999999922e-01
-3.810280000000000200e+02 -1.110900000000000034e+02 -3.206999999999999851e+00 -1.570000000000000007e-01
-3.830160000000000196e+02 -9.119700000000000273e+01 -6.956999999999999851e+00 -1.749999999999999889e-01
-2.853629999999999995e+02 -2.798900000000000077e+01 -8.224999999999999645e+00 -2.240000000000000047e-01
-1.734569999999999936e+02 4.132200000000000273e+01 -8.882999999999999119e+00 -2.829999999999999738e-01
-1.762139999999999986e+02 7.086299999999999955e+01 -8.507999999999999119e+00 -3.380000000000000226e-01
-2.627699999999999818e+02 6.091799999999999926e+01 -2.129000000000000004e+00 -3.200000000000000067e-01
-2.778779999999999859e+02 3.741100000000000136e+01 9.609999999999999432e+00 -2.089999999999999913e-01
-1.915960000000000036e+02 2.706999999999999851e+00 1.609600000000000009e+01 -1.049999999999999961e-01
-1.533870000000000005e+02 -4.675999999999999801e+01 1.113599999999999923e+01 -3.400000000000000244e-02
-2.699110000000000014e+02 -8.194100000000000250e+01 5.383000000000000007e+00 1.270000000000000018e-01
-4.328050000000000068e+02 -7.439199999999999591e+01 1.150000000000000000e+01 3.820000000000000062e-01
-4.251220000000000141e+02 -3.770300000000000296e+01 2.509299999999999997e+01 5.250000000000000222e-01
-1.774759999999999991e+02 1.140099999999999980e+01 3.638700000000000045e+01 5.170000000000000151e-01
1.481250000000000000e+02 8.461899999999999977e+01 4.838100000000000023e+01 6.099999999999999867e-01
3.633849999999999909e+02 1.758669999999999902e+02 6.623999999999999488e+01 9.479999999999999538e-01
4.526829999999999927e+02 2.392940000000000111e+02 8.037900000000000489e+01 1.314999999999999947e+00
4.795299999999999727e+02 2.368890000000000100e+02 7.436400000000000432e+01 1.391999999999999904e+00
4.195249999999999773e+02 1.743329999999999984e+02 4.640699999999999648e+01 1.114999999999999991e+00
2.250500000000000114e+02 9.160399999999999920e+01 1.431799999999999962e+01 7.109999999999999654e-01
-4.868900000000000006e+01 2.937600000000000122e+01 -5.366999999999999993e+00 4.000000000000000222e-01
-2.688100000000000023e+02 4.650000000000000244e-01 -1.433300000000000018e+01 1.719999999999999862e-01
-3.293709999999999809e+02 -2.838999999999999968e+00 -2.086299999999999955e+01 -7.499999999999999722e-02
-2.648319999999999936e+02 9.464000000000000412e+00 -2.509700000000000131e+01 -3.220000000000000084e-01
-2.497740000000000009e+02 1.965599999999999881e+01 -2.526800000000000068e+01 -4.689999999999999725e-01
-3.738990000000000009e+02 6.745000000000000107e+00 -2.475000000000000000e+01 -4.869999999999999885e-01
-4.828589999999999804e+02 -2.502100000000000080e+01 -2.549699999999999989e+01 -4.540000000000000147e-01
-4.014470000000000027e+02 -4.925300000000000011e+01 -2.543100000000000094e+01 -4.689999999999999725e-01
-2.091260000000000048e+02 -5.942600000000000193e+01 -2.571799999999999997e+01 -5.789999999999999591e-01
-8.925600000000000023e+01 -7.705100000000000193e+01 -3.084199999999999875e+01 -7.640000000000000124e-01
-2.625000000000000000e+01 -1.097999999999999972e+02 -3.917900000000000205e+01 -9.449999999999999512e-01
9.307399999999999807e+01 -1.353000000000000114e+02 -4.227100000000000080e+01 -1.030000000000000027e+00
1.850699999999999932e+02 -1.383050000000000068e+02 -3.692499999999999716e+01 -9.849999999999999867e-01
8.027200000000000557e+01 -1.315099999999999909e+02 -3.008099999999999952e+01 -8.549999999999999822e-01
-1.523019999999999925e+02 -1.254429999999999978e+02 -2.705099999999999838e+01 -7.019999999999999574e-01
-3.029769999999999754e+02 -1.094800000000000040e+02 -2.416900000000000048e+01 -5.620000000000000551e-01
-3.425079999999999814e+02 -8.004099999999999682e+01 -1.941700000000000159e+01 -4.949999999999999956e-01
-3.611499999999999773e+02 -5.860499999999999687e+01 -1.959400000000000119e+01 -5.779999999999999583e-01
-3.104130000000000109e+02 -5.946999999999999886e+01 -2.766700000000000159e+01 -7.449999999999999956e-01
-5.515599999999999881e+01 -5.532699999999999818e+01 -3.085500000000000043e+01 -6.979999999999999538e-01
3.831200000000000045e+02 2.845000000000000195e+00 -1.126399999999999935e+01 -1.280000000000000027e-01
8.170789999999999509e+02 1.240109999999999957e+02 3.144999999999999929e+01 9.210000000000000409e-01
1.092644999999999982e+03 2.472680000000000007e+02 7.183100000000000307e+01 1.907000000000000028e+00
1.139116999999999962e+03 2.972069999999999936e+02 7.981499999999999773e+01 2.149999999999999911e+00
9.215599999999999454e+02 2.640199999999999818e+02 5.406799999999999784e+01 1.530999999999999917e+00
5.869550000000000409e+02 2.033300000000000125e+02 2.465500000000000114e+01 7.319999999999999840e-01
4.872660000000000196e+02 1.648329999999999984e+02 1.586299999999999955e+01 4.680000000000000271e-01
7.375049999999999955e+02 1.429780000000000086e+02 1.971300000000000097e+01 6.109999999999999876e-01
9.475320000000000391e+02 9.803000000000000114e+01 1.582300000000000040e+01 5.220000000000000195e-01
7.171050000000000182e+02 1.988500000000000156e+01 1.350000000000000089e+00 4.299999999999999656e-02
2.031759999999999877e+02 -4.813400000000000034e+01 -1.241600000000000037e+01 -4.020000000000000240e-01
-1.366639999999999873e+02 -6.688899999999999579e+01 -1.860999999999999943e+01 -5.300000000000000266e-01
-1.848660000000000139e+02 -5.424000000000000199e+01 -1.725700000000000145e+01 -4.620000000000000218e-01
-1.741430000000000007e+02 -5.140699999999999648e+01 -1.133699999999999974e+01 -4.069999999999999729e-01
-2.120300000000000011e+02 -6.497199999999999420e+01 -7.057000000000000384e+00 -4.480000000000000093e-01
-1.995730000000000075e+02 -7.392700000000000671e+01 -8.332000000000000739e+00 -5.460000000000000409e-01
-1.381109999999999900e+02 -7.238100000000000023e+01 -1.104700000000000060e+01 -5.889999999999999680e-01
-1.621239999999999952e+02 -7.341400000000000148e+01 -1.006400000000000006e+01 -5.140000000000000124e-01
-2.942309999999999945e+02 -8.337300000000000466e+01 -7.653999999999999915e+00 -3.950000000000000178e-01
-4.169159999999999968e+02 -9.612800000000000011e+01 -8.958000000000000185e+00 -3.589999999999999858e-01
-4.575480000000000018e+02 -1.035619999999999976e+02 -1.299900000000000055e+01 -4.249999999999999889e-01
-4.392429999999999950e+02 -9.996099999999999852e+01 -1.375500000000000078e+01 -4.859999999999999876e-01
-3.951840000000000259e+02 -8.509900000000000375e+01 -8.914999999999999147e+00 -4.540000000000000147e-01
-3.398299999999999841e+02 -6.543000000000000682e+01 -2.958000000000000185e+00 -3.639999999999999902e-01
-2.903559999999999945e+02 -4.618099999999999739e+01 -7.730000000000000204e-01 -2.810000000000000275e-01
-2.584289999999999736e+02 -2.791499999999999915e+01 -1.451999999999999957e+00 -1.910000000000000031e-01
-2.361990000000000123e+02 -1.297300000000000075e+01 -8.790000000000000036e-01 -8.000000000000000167e-02
-2.031879999999999882e+02 -2.503000000000000114e+00 1.717999999999999972e+00 4.000000000000000083e-03
-1.421920000000000073e+02 1.041000000000000014e+01 4.068999999999999950e+00 3.099999999999999978e-02
-6.738599999999999568e+01 2.643900000000000006e+01 5.312000000000000277e+00 5.099999999999999672e-02
-1.840299999999999869e+01 2.913599999999999923e+01 5.091999999999999638e+00 6.700000000000000400e-02
3.125000000000000000e+00 8.657999999999999474e+00 1.641999999999999904e+00 -2.199999999999999872e-02
2.792299999999999827e+01 -2.186599999999999966e+01 -5.078000000000000291e+00 -2.600000000000000089e-01
3.469899999999999807e+01 -4.852600000000000335e+01 -1.072199999999999953e+01 -4.989999999999999991e-01
-3.295199999999999818e+01 -7.051699999999999591e+01 -8.939000000000000057e+00 -5.200000000000000178e-01
-1.761759999999999877e+02 -8.411700000000000443e+01 2.359999999999999876e+00 -2.600000000000000089e-01
-3.476499999999999773e+02 -8.177599999999999625e+01 1.547400000000000020e+01 1.039999999999999952e-01
-4.924479999999999791e+02 -7.261299999999999955e+01 1.730099999999999838e+01 3.089999999999999969e-01
-5.143940000000000055e+02 -6.957500000000000284e+01 4.814000000000000057e+00 2.670000000000000151e-01
-3.214110000000000014e+02 -5.711399999999999721e+01 -8.372999999999999332e+00 1.690000000000000113e-01
-1.108799999999999919e+01 -1.740500000000000114e+01 -1.036100000000000065e+01 1.849999999999999978e-01
1.563729999999999905e+02 2.653900000000000148e+01 -8.058999999999999275e+00 2.010000000000000120e-01
1.008960000000000008e+02 4.666499999999999915e+01 -1.158799999999999919e+01 1.400000000000000133e-01
1.854400000000000048e+01 6.354699999999999704e+01 -1.241200000000000081e+01 2.770000000000000240e-01
5.050399999999999778e+01 1.165559999999999974e+02 4.546000000000000263e+00 8.209999999999999520e-01
1.656129999999999995e+02 1.945029999999999859e+02 3.360699999999999932e+01 1.453000000000000069e+00
3.724879999999999995e+02 2.341939999999999884e+02 5.147200000000000131e+01 1.681999999999999940e+00
6.662380000000000564e+02 1.991250000000000000e+02 4.764200000000000301e+01 1.485999999999999988e+00
8.366570000000000391e+02 1.287210000000000036e+02 3.445700000000000074e+01 1.217000000000000082e+00
6.944829999999999472e+02 8.249500000000000455e+01 2.417800000000000082e+01 9.939999999999999947e-01
3.709379999999999882e+02 6.462800000000000011e+01 1.444699999999999918e+01 6.049999999999999822e-01
1.194090000000000060e+02 3.875099999999999767e+01 1.104999999999999982e+00 1.400000000000000029e-02
-5.972000000000000419e+00 -6.791000000000000369e+00 -1.094999999999999929e+01 -4.490000000000000102e-01
-7.586599999999999966e+01 -4.759400000000000119e+01 -1.591000000000000014e+01 -5.280000000000000249e-01
-9.660899999999999466e+01 -6.500300000000000011e+01 -1.504599999999999937e+01 -3.790000000000000036e-01
-4.789000000000000057e+01 -6.526699999999999591e+01 -1.208099999999999952e+01 -3.029999999999999916e-01
3.934100000000000108e+01 -5.776700000000000301e+01 -8.121000000000000441e+00 -3.469999999999999751e-01
1.177750000000000057e+02 -3.935600000000000165e+01 -3.403999999999999915e+00 -3.350000000000000200e-01
1.526270000000000095e+02 -1.050399999999999956e+01 1.153999999999999915e+00 -1.950000000000000067e-01
1.121760000000000019e+02 7.910000000000000142e+00 4.341000000000000192e+00 -8.000000000000000167e-02
-7.419999999999999929e+00 -7.254999999999999893e+00 2.665999999999999925e+00 -1.419999999999999873e-01
-1.665109999999999957e+02 -4.954200000000000159e+01 -8.419999999999999929e+00 -3.519999999999999796e-01
-3.310199999999999818e+02 -8.667000000000000171e+01 -2.580199999999999960e+01 -5.879999999999999671e-01
-5.111800000000000068e+02 -9.937000000000000455e+01 -3.814099999999999824e+01 -7.600000000000000089e-01
-7.275030000000000427e+02 -1.014599999999999937e+02 -4.059700000000000131e+01 -8.289999999999999591e-01
-9.360919999999999845e+02 -1.103970000000000056e+02 -3.987500000000000000e+01 -8.169999999999999485e-01
-9.835119999999999436e+02 -1.118520000000000039e+02 -3.876500000000000057e+01 -7.449999999999999956e-01
-7.046069999999999709e+02 -7.639900000000000091e+01 -2.832799999999999940e+01 -5.290000000000000258e-01
-1.438389999999999986e+02 -7.232000000000000206e+00 -2.737999999999999989e+00 -5.000000000000000278e-02
4.226440000000000055e+02 5.156300000000000239e+01 2.618799999999999883e+01 5.739999999999999547e-01
7.654500000000000455e+02 6.242699999999999960e+01 3.711699999999999733e+01 9.699999999999999734e-01
8.390030000000000427e+02 3.744899999999999807e+01 2.319000000000000128e+01 8.930000000000000160e-01
6.668690000000000282e+02 2.196000000000000085e+01 3.210999999999999854e+00 5.440000000000000391e-01
3.844689999999999941e+02 4.314800000000000324e+01 1.223999999999999977e+00 3.240000000000000102e-01
2.968149999999999977e+02 8.664600000000000080e+01 1.767099999999999937e+01 3.880000000000000115e-01
5.486180000000000518e+02 1.172570000000000050e+02 3.227100000000000080e+01 5.210000000000000187e-01
8.494299999999999500e+02 1.121299999999999955e+02 3.198100000000000165e+01 4.390000000000000013e-01
8.181760000000000446e+02 7.704099999999999682e+01 2.088299999999999912e+01 1.229999999999999982e-01
4.889159999999999968e+02 3.824099999999999966e+01 6.293999999999999595e+00 -2.010000000000000120e-01
2.155180000000000007e+02 1.595899999999999963e+01 -7.650999999999999801e+00 -3.559999999999999831e-01
1.792889999999999873e+02 6.605999999999999872e+00 -1.447700000000000031e+01 -3.559999999999999831e-01
2.580799999999999841e+02 -1.592000000000000082e+00 -8.964999999999999858e+00 -2.570000000000000062e-01
2.694549999999999841e+02 -9.125999999999999446e+00 2.525999999999999801e+00 -1.000000000000000056e-01
9.988100000000000023e+01 -1.392399999999999949e+01 7.243999999999999773e+00 -1.099999999999999936e-02
-2.607679999999999723e+02 -2.016600000000000037e+01 3.244000000000000217e+00 -9.400000000000000022e-02
-6.422640000000000100e+02 -2.855300000000000082e+01 -3.479999999999999760e-01 -2.340000000000000135e-01
-8.210769999999999982e+02 -3.497200000000000131e+01 -8.179999999999999494e-01 -2.819999999999999729e-01
-8.029310000000000400e+02 -4.274799999999999756e+01 -5.022999999999999687e+00 -3.150000000000000022e-01
-7.793450000000000273e+02 -5.798400000000000176e+01 -1.406000000000000050e+01 -4.779999999999999805e-01
-7.754420000000000073e+02 -6.671800000000000352e+01 -1.823900000000000077e+01 -6.400000000000000133e-01
-6.107599999999999909e+02 -3.969400000000000261e+01 -9.183999999999999275e+00 -4.709999999999999742e-01
-2.801299999999999955e+02 2.328200000000000003e+01 1.016499999999999915e+01 9.900000000000000466e-02
-3.704899999999999949e+01 7.646999999999999886e+01 2.714699999999999847e+01 6.919999999999999485e-01
4.409799999999999898e+01 8.192199999999999704e+01 3.014900000000000091e+01 9.140000000000000346e-01
1.876289999999999907e+02 5.808800000000000097e+01 2.048900000000000077e+01 7.790000000000000258e-01
4.115099999999999909e+02 4.310199999999999676e+01 9.176000000000000156e+00 4.979999999999999982e-01
3.740500000000000114e+02 3.575800000000000267e+01 1.344999999999999973e+00 1.489999999999999936e-01
-5.257699999999999818e+01 7.277999999999999581e+00 -6.583999999999999631e+00 -2.250000000000000056e-01
-5.147780000000000200e+02 -5.063900000000000290e+01 -1.591300000000000026e+01 -5.150000000000000133e-01
-6.666259999999999764e+02 -1.124000000000000057e+02 -2.194600000000000151e+01 -6.860000000000000542e-01
-5.445170000000000528e+02 -1.424869999999999948e+02 -2.107700000000000173e+01 -7.880000000000000338e-01
-3.454649999999999750e+02 -1.288110000000000070e+02 -1.633099999999999952e+01 -8.239999999999999547e-01
-1.215120000000000005e+02 -8.823499999999999943e+01 -1.258500000000000085e+01 -7.219999999999999751e-01
1.720500000000000114e+02 -3.404699999999999704e+01 -7.304000000000000270e+00 -3.870000000000000107e-01
4.615980000000000132e+02 3.571399999999999864e+01 5.825999999999999623e+00 1.670000000000000095e-01
5.829189999999999827e+02 1.052049999999999983e+02 2.247299999999999898e+01 6.650000000000000355e-01
5.310140000000000100e+02 1.399879999999999995e+02 2.914900000000000091e+01 7.720000000000000195e-01
4.853299999999999841e+02 1.378280000000000030e+02 2.275799999999999912e+01 5.510000000000000453e-01
5.251509999999999536e+02 1.306459999999999866e+02 1.485599999999999987e+01 3.709999999999999964e-01
4.924979999999999905e+02 1.233709999999999951e+02 1.262700000000000067e+01 3.589999999999999858e-01
2.267110000000000127e+02 8.701800000000000068e+01 9.268000000000000682e+00 3.280000000000000138e-01
-1.827500000000000000e+02 1.822599999999999909e+01 -3.200000000000000178e+00 1.559999999999999998e-01
-4.735720000000000027e+02 -4.886299999999999955e+01 -2.274299999999999855e+01 -1.069999999999999979e-01
-4.989209999999999923e+02 -9.189300000000000068e+01 -4.220900000000000318e+01 -3.880000000000000115e-01
-3.696390000000000100e+02 -1.170100000000000051e+02 -5.639099999999999824e+01 -6.189999999999999947e-01
-2.738589999999999804e+02 -1.234249999999999972e+02 -5.954200000000000159e+01 -7.249999999999999778e-01
-2.306999999999999886e+02 -9.504000000000000625e+01 -4.539500000000000313e+01 -6.520000000000000240e-01
-1.731250000000000000e+02 -4.627499999999999858e+01 -1.864600000000000080e+01 -4.460000000000000075e-01
-1.810540000000000020e+02 -2.909700000000000131e+01 3.124000000000000110e+00 -2.770000000000000240e-01
-3.519920000000000186e+02 -5.857500000000000284e+01 1.039799999999999969e+01 -2.379999999999999893e-01
-5.009510000000000218e+02 -8.005400000000000205e+01 1.327599999999999980e+01 -2.020000000000000129e-01
-3.455579999999999927e+02 -4.948400000000000176e+01 2.038899999999999935e+01 -7.399999999999999634e-02
3.921300000000000097e+01 8.560000000000000497e+00 2.373799999999999955e+01 1.600000000000000033e-02
3.406270000000000095e+02 5.744899999999999807e+01 1.852499999999999858e+01 3.699999999999999817e-02
5.120769999999999982e+02 9.887000000000000455e+01 1.648600000000000065e+01 2.099999999999999922e-01
7.293049999999999500e+02 1.355070000000000050e+02 2.453000000000000114e+01 5.759999999999999565e-01
9.439289999999999736e+02 1.434890000000000043e+02 3.010200000000000031e+01 7.900000000000000355e-01
8.992240000000000464e+02 1.078199999999999932e+02 2.064199999999999946e+01 5.709999999999999520e-01
5.314049999999999727e+02 4.476700000000000301e+01 2.677000000000000046e+00 8.899999999999999578e-02
4.611200000000000188e+01 -2.271000000000000085e+01 -9.115999999999999659e+00 -2.680000000000000160e-01
-3.615040000000000191e+02 -8.226600000000000534e+01 -1.134200000000000053e+01 -3.310000000000000164e-01
-6.316359999999999673e+02 -1.207930000000000064e+02 -1.007199999999999918e+01 -2.149999999999999967e-01
-7.003400000000000318e+02 -1.211629999999999967e+02 -7.267999999999999794e+00 -6.600000000000000311e-02
-4.652610000000000241e+02 -7.705100000000000193e+01 6.600000000000000311e-01 1.270000000000000018e-01
1.629100000000000037e+01 -3.095000000000000195e+00 1.410899999999999999e+01 4.169999999999999818e-01
4.823700000000000045e+02 6.717799999999999727e+01 2.562300000000000111e+01 6.820000000000000506e-01
7.193250000000000455e+02 9.817600000000000193e+01 2.421199999999999974e+01 6.810000000000000497e-01
6.865750000000000455e+02 8.098399999999999466e+01 7.788999999999999702e+00 3.589999999999999858e-01
4.170939999999999941e+02 4.207099999999999795e+01 -9.737000000000000099e+00 -2.800000000000000058e-02
3.191400000000000148e+01 1.282600000000000051e+01 -1.340700000000000003e+01 -1.910000000000000031e-01
-2.617040000000000077e+02 -2.116000000000000103e+00 -6.328999999999999737e+00 -1.239999999999999991e-01
-3.998330000000000268e+02 -1.810099999999999909e+01 -2.412999999999999812e+00 -3.599999999999999728e-02
-4.973260000000000218e+02 -4.169700000000000273e+01 -5.799000000000000377e+00 -4.700000000000000011e-02
-5.572029999999999745e+02 -5.990999999999999659e+01 -9.670999999999999375e+00 -7.399999999999999634e-02
-4.578729999999999905e+02 -5.922800000000000153e+01 -9.852999999999999758e+00 -4.000000000000000083e-03
-2.525600000000000023e+02 -4.754599999999999937e+01 -8.176000000000000156e+00 1.250000000000000000e-01
-1.202840000000000060e+02 -4.687299999999999756e+01 -6.634999999999999787e+00 1.739999999999999880e-01
-7.550000000000000000e+01 -6.653900000000000148e+01 -6.541999999999999815e+00 7.799999999999999989e-02
-4.829399999999999693e+01 -9.378700000000000614e+01 -9.089000000000000412e+00 -7.900000000000000078e-02
-8.424899999999999523e+01 -1.069899999999999949e+02 -1.224699999999999989e+01 -1.700000000000000122e-01
-1.837359999999999900e+02 -8.870900000000000318e+01 -1.228899999999999970e+01 -1.620000000000000051e-01
-1.624989999999999952e+02 -3.666400000000000148e+01 -9.833000000000000185e+00 -1.270000000000000018e-01
7.997700000000000387e+01 2.527799999999999869e+01 -8.525000000000000355e+00 -1.239999999999999991e-01
3.462289999999999850e+02 6.166799999999999926e+01 -8.486000000000000654e+00 -1.390000000000000124e-01
4.100679999999999836e+02 6.499200000000000443e+01 -6.708000000000000185e+00 -1.419999999999999873e-01
3.359279999999999973e+02 6.469899999999999807e+01 -2.245999999999999996e+00 -1.360000000000000098e-01
3.197239999999999895e+02 8.482899999999999352e+01 2.480999999999999872e+00 -1.469999999999999918e-01
3.571309999999999718e+02 1.112729999999999961e+02 4.187000000000000277e+00 -1.880000000000000004e-01
2.744909999999999854e+02 1.120660000000000025e+02 2.080999999999999961e+00 -2.280000000000000082e-01
1.564999999999999947e+00 7.384000000000000341e+01 -4.490000000000000102e-01 -1.960000000000000075e-01
-3.187029999999999745e+02 1.341699999999999982e+01 1.096000000000000085e+00 -5.999999999999999778e-02
-4.751329999999999814e+02 -3.550200000000000244e+01 6.302999999999999936e+00 9.700000000000000289e-02
-4.176170000000000186e+02 -4.984000000000000341e+01 9.035000000000000142e+00 1.380000000000000115e-01
-3.083149999999999977e+02 -3.541899999999999693e+01 6.233999999999999986e+00 6.099999999999999867e-02
-2.778519999999999754e+02 -1.118299999999999983e+01 4.671000000000000263e+00 6.199999999999999956e-02
-2.161370000000000005e+02 1.445100000000000051e+01 1.135599999999999987e+01 2.819999999999999729e-01
3.656300000000000239e+01 3.540200000000000102e+01 2.049399999999999977e+01 5.669999999999999485e-01
4.121349999999999909e+02 3.821300000000000097e+01 2.129700000000000060e+01 6.310000000000000053e-01
7.008940000000000055e+02 2.162399999999999878e+01 1.475900000000000034e+01 4.269999999999999907e-01
7.499279999999999973e+02 6.300000000000000044e-02 8.617000000000000881e+00 1.419999999999999873e-01
5.162340000000000373e+02 -1.914499999999999957e+01 1.592000000000000082e+00 -1.179999999999999938e-01
1.468799999999999955e+02 -3.269599999999999795e+01 -9.846000000000000085e+00 -3.729999999999999982e-01
-7.636499999999999488e+01 -2.642699999999999960e+01 -1.643799999999999883e+01 -5.080000000000000071e-01
-6.843999999999999773e+01 5.328000000000000291e+00 -7.556000000000000050e+00 -3.629999999999999893e-01
-3.012199999999999989e+01 3.900800000000000267e+01 8.967000000000000526e+00 -6.900000000000000577e-02
-1.158490000000000038e+02 4.530499999999999972e+01 1.636400000000000077e+01 5.999999999999999778e-02
-2.510970000000000084e+02 2.514900000000000091e+01 1.216300000000000026e+01 -2.500000000000000139e-02
-3.152780000000000200e+02 5.166000000000000369e+00 6.479000000000000092e+00 -1.079999999999999988e-01
-2.936290000000000191e+02 2.157999999999999918e+00 3.928999999999999826e+00 -1.019999999999999934e-01
-2.102330000000000041e+02 6.589999999999999858e+00 3.012999999999999901e+00 -9.099999999999999756e-02
-7.568899999999999295e+01 -1.850000000000000089e+00 5.618000000000000327e+00 -8.000000000000000167e-02
3.893099999999999739e+01 -3.628199999999999648e+01 1.092099999999999937e+01 -2.199999999999999872e-02
1.905999999999999872e+01 -9.217499999999999716e+01 9.282999999999999474e+00 2.000000000000000042e-02
-1.272750000000000057e+02 -1.414319999999999879e+02 -4.142999999999999794e+00 -1.600000000000000033e-02
-2.496109999999999900e+02 -1.546359999999999957e+02 -1.995499999999999829e+01 -5.399999999999999939e-02
-2.542580000000000098e+02 -1.363950000000000102e+02 -2.640899999999999892e+01 -8.000000000000000167e-03
-1.705879999999999939e+02 -1.115120000000000005e+02 -2.146900000000000119e+01 8.300000000000000433e-02
3.140000000000000124e+00 -7.982599999999999341e+01 -1.074799999999999933e+01 1.419999999999999873e-01
2.805289999999999964e+02 -2.318400000000000105e+01 -1.078999999999999959e+00 1.640000000000000069e-01
4.911109999999999900e+02 4.573700000000000188e+01 3.398000000000000131e+00 1.680000000000000104e-01
4.374900000000000091e+02 8.565399999999999636e+01 3.755999999999999783e+00 1.620000000000000051e-01
2.687579999999999814e+02 8.402100000000000080e+01 3.849000000000000199e+00 1.229999999999999982e-01
2.945710000000000264e+02 7.193399999999999750e+01 3.486000000000000210e+00 -2.500000000000000139e-02
4.434189999999999827e+02 7.365800000000000125e+01 -7.720000000000000195e-01 -2.790000000000000258e-01
3.684100000000000250e+02 7.935500000000000398e+01 -7.910000000000000142e+00 -4.709999999999999742e-01
4.820499999999999829e+01 7.656399999999999295e+01 -1.280300000000000082e+01 -4.610000000000000209e-01
-2.122669999999999959e+02 7.139700000000000557e+01 -1.308900000000000041e+01 -2.999999999999999889e-01
-3.387869999999999777e+02 6.298199999999999932e+01 -1.094400000000000084e+01 -1.239999999999999991e-01
-5.515380000000000109e+02 3.493500000000000227e+01 -8.694000000000000838e+00 -1.299999999999999940e-02
-8.828079999999999927e+02 -3.153000000000000025e+00 -3.701999999999999957e+00 7.399999999999999634e-02
-1.050153999999999996e+03 -1.137800000000000011e+01 7.230999999999999872e+00 2.280000000000000082e-01
-8.317519999999999527e+02 1.800799999999999912e+01 1.760099999999999909e+01 3.900000000000000133e-01
-3.200710000000000264e+02 5.124399999999999977e+01 1.940399999999999991e+01 4.319999999999999951e-01
2.130440000000000111e+02 7.775900000000000034e+01 2.047400000000000020e+01 5.080000000000000071e-01
5.808279999999999745e+02 1.147780000000000058e+02 3.207699999999999818e+01 8.519999999999999796e-01
7.401970000000000027e+02 1.465049999999999955e+02 4.300900000000000034e+01 1.225000000000000089e+00
6.661390000000000100e+02 1.304519999999999982e+02 3.206700000000000017e+01 1.120999999999999996e+00
3.813310000000000173e+02 6.847700000000000387e+01 3.400999999999999801e+00 5.290000000000000258e-01
8.851900000000000546e+01 1.211899999999999977e+01 -1.703500000000000014e+01 -2.800000000000000058e-02
8.705999999999999517e+00 -9.176000000000000156e+00 -1.867699999999999960e+01 -2.479999999999999982e-01
9.639700000000000557e+01 -1.631899999999999906e+01 -1.463199999999999967e+01 -3.200000000000000067e-01
1.284879999999999995e+02 -3.144600000000000151e+01 -1.515799999999999947e+01 -4.339999999999999969e-01
2.214499999999999957e+01 -4.733500000000000085e+01 -1.680199999999999960e+01 -5.090000000000000080e-01
-1.172650000000000006e+02 -5.808899999999999864e+01 -1.610000000000000142e+01 -4.699999999999999734e-01
-2.081020000000000039e+02 -7.767900000000000205e+01 -1.485200000000000031e+01 -4.229999999999999871e-01
-2.832660000000000196e+02 -1.088589999999999947e+02 -1.340199999999999925e+01 -4.540000000000000147e-01
-3.701940000000000168e+02 -1.288640000000000043e+02 -1.112199999999999989e+01 -5.100000000000000089e-01
-4.087119999999999891e+02 -1.227259999999999991e+02 -9.848000000000000753e+00 -5.140000000000000124e-01
-3.503629999999999995e+02 -1.032950000000000017e+02 -9.890000000000000568e+00 -4.689999999999999725e-01
-2.445749999999999886e+02 -9.009300000000000352e+01 -8.976000000000000867e+00 -4.119999999999999774e-01
-1.412450000000000045e+02 -8.584199999999999875e+01 -7.916000000000000369e+00 -3.800000000000000044e-01
-4.898400000000000176e+01 -7.728100000000000591e+01 -1.046400000000000041e+01 -4.410000000000000031e-01
-4.694800000000000040e+01 -5.343200000000000216e+01 -1.693499999999999872e+01 -6.029999999999999805e-01
-1.712940000000000111e+02 -1.623600000000000065e+01 -2.115099999999999980e+01 -6.780000000000000471e-01
-1.866920000000000073e+02 2.857799999999999940e+01 -1.532900000000000063e+01 -3.990000000000000213e-01
1.520020000000000095e+02 7.455400000000000205e+01 -1.990000000000000102e-01 1.859999999999999987e-01
6.650230000000000246e+02 1.049879999999999995e+02 1.430599999999999916e+01 6.879999999999999449e-01
9.667179999999999609e+02 1.060030000000000001e+02 2.299699999999999989e+01 9.040000000000000258e-01
1.004727999999999952e+03 9.435999999999999943e+01 3.168799999999999883e+01 1.014000000000000012e+00
9.955819999999999936e+02 1.006359999999999957e+02 4.286999999999999744e+01 1.120000000000000107e+00
9.424080000000000155e+02 1.154270000000000067e+02 4.436800000000000210e+01 9.649999999999999689e-01
6.653110000000000355e+02 9.435899999999999466e+01 2.465500000000000114e+01 3.619999999999999885e-01
2.544319999999999879e+02 3.085800000000000054e+01 -4.873999999999999666e+00 -3.579999999999999849e-01
-2.923000000000000043e+00 -2.869600000000000151e+01 -1.970599999999999952e+01 -6.580000000000000293e-01
-8.585800000000000409e+01 -5.608700000000000330e+01 -1.420100000000000051e+01 -4.969999999999999973e-01
-1.763089999999999975e+02 -7.126000000000000512e+01 -5.527999999999999581e+00 -3.260000000000000120e-01
-3.048840000000000146e+02 -9.339199999999999591e+01 -6.493999999999999773e+00 -4.099999999999999756e-01
-4.398340000000000032e+02 -1.141550000000000011e+02 -1.344500000000000028e+01 -5.540000000000000480e-01
-6.606449999999999818e+02 -1.201260000000000048e+02 -1.816400000000000148e+01 -5.260000000000000231e-01
-9.261440000000000055e+02 -9.893000000000000682e+01 -1.463599999999999923e+01 -2.989999999999999880e-01
-9.405389999999999873e+02 -3.527100000000000080e+01 7.259999999999999787e-01 8.599999999999999312e-02
-5.274829999999999472e+02 5.546500000000000341e+01 2.087900000000000134e+01 5.020000000000000018e-01
4.562500000000000000e+01 1.093059999999999974e+02 2.786599999999999966e+01 6.640000000000000346e-01
3.419080000000000155e+02 8.634600000000000364e+01 1.611299999999999955e+01 4.540000000000000147e-01
2.545730000000000075e+02 3.836299999999999955e+01 4.841000000000000192e+00 1.910000000000000031e-01
3.870600000000000307e+01 3.040599999999999881e+01 8.525999999999999801e+00 1.890000000000000013e-01
-1.078790000000000049e+02 3.027799999999999869e+01 1.070299999999999940e+01 2.230000000000000038e-01
-2.490939999999999941e+02 -3.200699999999999790e+01 -9.214000000000000412e+00 -9.099999999999999756e-02
-4.492559999999999718e+02 -1.362669999999999959e+02 -3.963900000000000290e+01 -6.330000000000000071e-01
-5.827459999999999809e+02 -1.980339999999999918e+02 -5.298299999999999699e+01 -9.599999999999999645e-01
-5.305560000000000400e+02 -1.869759999999999991e+02 -4.372699999999999676e+01 -9.619999999999999662e-01
-3.503159999999999741e+02 -1.389159999999999968e+02 -2.654799999999999827e+01 -8.159999999999999476e-01
-1.438429999999999893e+02 -7.763899999999999579e+01 -9.717999999999999972e+00 -5.330000000000000293e-01
8.044499999999999318e+01 -1.195000000000000062e+00 7.102999999999999758e+00 -4.299999999999999656e-02
3.248969999999999914e+02 6.774699999999999989e+01 1.982999999999999829e+01 4.440000000000000058e-01
4.671519999999999868e+02 8.976800000000000068e+01 2.423199999999999932e+01 6.450000000000000178e-01
3.209660000000000082e+02 6.263900000000000290e+01 2.267800000000000082e+01 5.540000000000000480e-01
-1.074650000000000034e+02 1.663700000000000045e+01 1.505100000000000016e+01 2.500000000000000000e-01
-5.516839999999999691e+02 -2.569500000000000028e+01 -3.629999999999999893e-01 -2.230000000000000038e-01
-7.657680000000000291e+02 -4.896200000000000330e+01 -1.217300000000000004e+01 -5.869999999999999662e-01
-6.788880000000000337e+02 -3.586999999999999744e+01 -5.947000000000000064e+00 -5.080000000000000071e-01
-2.964289999999999736e+02 1.301699999999999946e+01 1.083999999999999986e+01 -1.439999999999999891e-01
2.582090000000000032e+02 7.445799999999999841e+01 1.854100000000000037e+01 9.900000000000000466e-02
7.176910000000000309e+02 1.247039999999999935e+02 1.428700000000000081e+01 2.169999999999999984e-01
9.109690000000000509e+02 1.557980000000000018e+02 1.173900000000000077e+01 4.979999999999999982e-01
8.856620000000000346e+02 1.791040000000000134e+02 2.145899999999999963e+01 1.070999999999999952e+00
7.604089999999999918e+02 2.048729999999999905e+02 4.015500000000000114e+01 1.750000000000000000e+00
6.096829999999999927e+02 2.097230000000000132e+02 5.041899999999999693e+01 2.007000000000000117e+00
4.545529999999999973e+02 1.605250000000000057e+02 3.648599999999999710e+01 1.403999999999999915e+00
2.815869999999999891e+02 7.696999999999999886e+01 7.525999999999999801e+00 3.430000000000000271e-01
9.454300000000000637e+01 1.688800000000000168e+01 -9.865000000000000213e+00 -2.620000000000000107e-01
-4.595100000000000051e+01 -2.767999999999999794e+00 -6.451999999999999957e+00 -1.990000000000000102e-01
-7.529500000000000171e+01 -1.588899999999999935e+01 1.427999999999999936e+00 -6.900000000000000577e-02
-1.870599999999999952e+01 -4.235499999999999687e+01 -5.510000000000000453e-01 -2.169999999999999984e-01
3.246999999999999886e+01 -6.433400000000000318e+01 -8.426999999999999602e+00 -3.950000000000000178e-01
3.071799999999999997e+01 -6.980700000000000216e+01 -1.365799999999999947e+01 -4.139999999999999791e-01
-2.721499999999999986e+01 -7.745300000000000296e+01 -1.700400000000000134e+01 -4.400000000000000022e-01
-1.604170000000000016e+02 -1.033040000000000020e+02 -2.277599999999999980e+01 -5.989999999999999769e-01
-3.467339999999999804e+02 -1.323180000000000121e+02 -2.950600000000000023e+01 -7.439999999999999947e-01
-4.787669999999999959e+02 -1.424890000000000043e+02 -3.278099999999999881e+01 -7.239999999999999769e-01
-4.908639999999999759e+02 -1.356370000000000005e+02 -3.126300000000000168e+01 -5.979999999999999760e-01
-4.270430000000000064e+02 -1.244309999999999974e+02 -2.570100000000000051e+01 -4.809999999999999831e-01
-3.114130000000000109e+02 -1.042639999999999958e+02 -1.689600000000000080e+01 -3.679999999999999938e-01
-1.109479999999999933e+02 -6.071699999999999875e+01 -7.546000000000000263e+00 -1.940000000000000058e-01
1.196880000000000024e+02 -9.150000000000000355e-01 -2.767999999999999794e+00 1.499999999999999944e-02
2.291560000000000059e+02 4.325999999999999801e+01 -5.894999999999999574e+00 1.179999999999999938e-01
1.686740000000000066e+02 4.856099999999999994e+01 -1.339899999999999913e+01 2.299999999999999961e-02
7.521299999999999386e+01 2.434199999999999875e+01 -1.648300000000000054e+01 -1.590000000000000024e-01
9.522199999999999420e+01 -1.052999999999999936e+00 -1.083200000000000074e+01 -1.869999999999999996e-01
2.052239999999999895e+02 -7.876000000000000334e+00 -1.272000000000000020e+00 -1.299999999999999940e-02
2.595550000000000068e+02 4.181000000000000050e+00 6.600999999999999979e+00 1.439999999999999891e-01
1.692050000000000125e+02 2.398600000000000065e+01 1.250200000000000067e+01 1.380000000000000115e-01
-6.482000000000000206e+00 4.005400000000000205e+01 1.583999999999999986e+01 9.099999999999999756e-02
-1.281990000000000123e+02 4.453300000000000125e+01 1.327599999999999980e+01 1.079999999999999988e-01
-1.314449999999999932e+02 3.725000000000000000e+01 6.001999999999999780e+00 9.700000000000000289e-02
-1.069189999999999969e+02 2.894699999999999918e+01 9.300000000000000488e-01 2.699999999999999969e-02
-1.693060000000000116e+02 2.611299999999999955e+01 6.580000000000000293e-01 -7.000000000000000146e-03
-2.720110000000000241e+02 1.611599999999999966e+01 -1.559999999999999998e-01 4.000000000000000083e-03
-2.679759999999999991e+02 -1.060800000000000054e+01 -4.700000000000000178e+00 -2.500000000000000139e-02
-1.265580000000000069e+02 -3.347800000000000153e+01 -7.331999999999999851e+00 -5.600000000000000117e-02
2.943299999999999983e+01 -2.363299999999999912e+01 -9.729999999999999760e-01 4.000000000000000083e-02
8.706000000000000227e+01 1.697500000000000142e+01 1.309399999999999942e+01 2.580000000000000071e-01
6.629000000000000625e+01 6.020000000000000284e+01 2.555199999999999960e+01 4.329999999999999960e-01
6.251400000000000290e+01 8.113500000000000512e+01 2.779500000000000171e+01 4.510000000000000120e-01
8.925600000000000023e+01 6.604600000000000648e+01 1.875100000000000122e+01 3.340000000000000191e-01
6.260999999999999943e+01 1.711100000000000065e+01 4.299000000000000377e+00 1.439999999999999891e-01
-1.627599999999999980e+01 -3.271099999999999852e+01 -6.762999999999999901e+00 -3.099999999999999978e-02
1.651999999999999913e+00 -4.218599999999999994e+01 -8.284000000000000696e+00 -5.399999999999999939e-02
1.931289999999999907e+02 -1.199699999999999989e+01 -2.463000000000000078e+00 8.000000000000000167e-02
3.948059999999999832e+02 1.912300000000000111e+01 2.416999999999999815e+00 1.759999999999999898e-01
3.808229999999999791e+02 2.672200000000000131e+01 1.804999999999999938e+00 1.110000000000000014e-01
1.517100000000000080e+02 1.782199999999999918e+01 -6.879999999999999449e-01 5.000000000000000104e-03
-7.315800000000000125e+01 5.221000000000000085e+00 3.770000000000000018e-01 -1.000000000000000021e-02
-1.348069999999999879e+02 -5.233999999999999986e+00 4.456000000000000405e+00 -1.099999999999999936e-02
-8.924899999999999523e+01 -6.075000000000000178e+00 5.748999999999999666e+00 -9.800000000000000377e-02
-7.433400000000000318e+01 7.089000000000000412e+00 4.540000000000000147e-01 -1.859999999999999987e-01
-1.394799999999999898e+02 1.918299999999999983e+01 -8.832000000000000739e+00 -1.749999999999999889e-01
-2.463060000000000116e+02 7.267999999999999794e+00 -1.541200000000000081e+01 -1.170000000000000068e-01
-3.287149999999999750e+02 -2.450900000000000034e+01 -1.433399999999999963e+01 -7.699999999999999900e-02
-2.947289999999999850e+02 -4.386599999999999966e+01 -6.246999999999999886e+00 -3.799999999999999906e-02
-9.386299999999999955e+01 -3.292000000000000171e+01 4.285999999999999588e+00 1.000000000000000021e-03
1.524120000000000061e+02 -1.070700000000000074e+01 1.238000000000000078e+01 8.000000000000000167e-03
2.456020000000000039e+02 -1.387000000000000011e+00 1.496100000000000030e+01 5.000000000000000104e-03
1.790519999999999925e+02 -1.750999999999999890e+00 1.286299999999999955e+01 4.000000000000000083e-02
1.188340000000000032e+02 7.309999999999999831e-01 9.660000000000000142e+00 6.900000000000000577e-02
1.215030000000000001e+02 2.314999999999999947e+00 6.600999999999999979e+00 1.099999999999999936e-02
1.001530000000000058e+02 5.679999999999999494e-01 2.430000000000000160e+00 -1.059999999999999970e-01
4.303000000000000114e+01 1.132199999999999918e+01 -1.364999999999999991e+00 -1.630000000000000060e-01
3.665999999999999659e+01 4.100099999999999767e+01 -7.449999999999999956e-01 -1.140000000000000041e-01
8.539000000000000057e+01 6.254200000000000159e+01 4.120000000000000107e+00 -3.699999999999999817e-02
9.056399999999999295e+01 4.447999999999999687e+01 7.626999999999999780e+00 -2.800000000000000058e-02
1.330499999999999972e+01 -5.264999999999999680e+00 6.160000000000000142e+00 -1.100000000000000006e-01
-7.516599999999999682e+01 -4.778199999999999648e+01 2.121999999999999886e+00 -2.099999999999999922e-01
-1.210879999999999939e+02 -6.268200000000000216e+01 -1.516000000000000014e+00 -2.280000000000000082e-01
-1.592220000000000084e+02 -6.246800000000000352e+01 -5.766000000000000014e+00 -1.600000000000000033e-01
-2.156030000000000086e+02 -5.762599999999999767e+01 -1.147300000000000075e+01 -8.500000000000000611e-02
-2.253880000000000052e+02 -4.261500000000000199e+01 -1.583200000000000074e+01 -5.500000000000000028e-02
-1.280130000000000052e+02 -2.119200000000000017e+01 -1.625900000000000034e+01 -6.099999999999999867e-02
1.299499999999999922e+01 -8.337999999999999190e+00 -1.247600000000000087e+01 -3.200000000000000067e-02
8.594899999999999807e+01 -1.889999999999999902e+00 -4.804999999999999716e+00 8.699999999999999400e-02
7.929099999999999682e+01 1.358600000000000030e+01 4.391000000000000014e+00 2.260000000000000064e-01
5.422399999999999665e+01 3.392499999999999716e+01 1.000900000000000034e+01 2.359999999999999876e-01
3.173900000000000077e+01 3.511299999999999955e+01 8.083000000000000185e+00 1.000000000000000056e-01
2.589999999999999858e+00 5.522999999999999687e+00 -9.190000000000000391e-01 -3.799999999999999906e-02
-1.277100000000000080e+01 -3.735799999999999699e+01 -1.216900000000000048e+01 -8.599999999999999312e-02
9.025000000000000355e+00 -6.171699999999999875e+01 -1.921799999999999997e+01 -9.700000000000000289e-02
4.952400000000000091e+01 -4.992399999999999949e+01 -1.823600000000000065e+01 -1.380000000000000115e-01
7.196699999999999875e+01 -1.246299999999999919e+01 -1.083600000000000030e+01 -1.819999999999999951e-01
4.436699999999999733e+01 2.463899999999999935e+01 -3.103000000000000203e+00 -1.789999999999999925e-01
-8.363700000000000045e+01 3.788300000000000267e+01 -1.052999999999999936e+00 -1.570000000000000007e-01
-3.337980000000000018e+02 1.936499999999999844e+01 -5.774000000000000021e+00 -1.880000000000000004e-01
-5.931330000000000382e+02 -1.134999999999999964e+01 -1.239199999999999946e+01 -2.500000000000000000e-01
-6.631559999999999491e+02 -2.072700000000000031e+01 -1.377800000000000047e+01 -2.230000000000000038e-01
-4.372160000000000082e+02 3.656000000000000139e+00 -6.290000000000000036e+00 -7.799999999999999989e-02
1.374099999999999966e+01 4.845600000000000307e+01 7.397999999999999687e+00 1.150000000000000050e-01
4.883720000000000141e+02 9.682800000000000296e+01 2.168700000000000117e+01 3.330000000000000182e-01
7.709769999999999754e+02 1.300519999999999925e+02 3.289200000000000301e+01 5.929999999999999716e-01
7.260230000000000246e+02 1.223930000000000007e+02 3.818399999999999750e+01 7.720000000000000195e-01
3.549789999999999850e+02 6.685399999999999920e+01 3.298199999999999932e+01 6.570000000000000284e-01
-1.481519999999999868e+02 -2.972999999999999865e+00 1.635200000000000031e+01 2.389999999999999902e-01
-4.924649999999999750e+02 -4.545300000000000296e+01 -2.988999999999999879e+00 -2.079999999999999905e-01
-5.220480000000000018e+02 -5.521000000000000085e+01 -1.358900000000000041e+01 -4.229999999999999871e-01
-2.833120000000000118e+02 -5.323799999999999955e+01 -1.242800000000000082e+01 -3.800000000000000044e-01
8.682999999999999829e+01 -4.952300000000000324e+01 -4.016000000000000014e+00 -1.670000000000000095e-01
4.447819999999999823e+02 -3.847899999999999920e+01 7.376999999999999780e+00 1.549999999999999989e-01
6.528129999999999882e+02 -2.369300000000000139e+01 1.783200000000000074e+01 4.889999999999999902e-01
6.189249999999999545e+02 -1.835200000000000031e+01 2.169600000000000151e+01 7.019999999999999574e-01
4.208129999999999882e+02 -1.165600000000000058e+01 1.888500000000000156e+01 8.070000000000000506e-01
3.171070000000000277e+02 2.740599999999999881e+01 1.713100000000000023e+01 8.850000000000000089e-01
4.707970000000000255e+02 9.408100000000000307e+01 1.885699999999999932e+01 8.289999999999999591e-01
7.016050000000000182e+02 1.387520000000000095e+02 1.755000000000000071e+01 5.140000000000000124e-01
6.910560000000000400e+02 1.293940000000000055e+02 1.142600000000000016e+01 1.350000000000000089e-01
4.015350000000000250e+02 8.328199999999999648e+01 5.559000000000000163e+00 -5.299999999999999850e-02
7.969499999999999318e+01 3.152599999999999980e+01 3.380000000000000226e-01 -1.529999999999999971e-01
-1.110379999999999967e+02 -1.139899999999999913e+01 -7.790000000000000036e+00 -3.729999999999999982e-01
-2.182079999999999984e+02 -4.078600000000000136e+01 -1.691100000000000136e+01 -5.959999999999999742e-01
-2.995790000000000077e+02 -5.106000000000000227e+01 -2.054799999999999827e+01 -5.669999999999999485e-01
-3.026159999999999854e+02 -3.934799999999999898e+01 -1.512100000000000044e+01 -3.160000000000000031e-01
-1.836179999999999950e+02 -1.647800000000000153e+01 -4.650000000000000355e+00 -1.239999999999999991e-01
-5.508500000000000085e+01 -8.699999999999999289e+00 5.620000000000000551e-01 -1.769999999999999907e-01
-9.981000000000000227e+01 -3.451700000000000301e+01 -6.519999999999999574e+00 -4.099999999999999756e-01
-3.316000000000000227e+02 -7.983100000000000307e+01 -2.159600000000000009e+01 -6.270000000000000018e-01
-5.629919999999999618e+02 -1.102489999999999952e+02 -3.392099999999999937e+01 -7.149999999999999689e-01
-6.283650000000000091e+02 -1.094320000000000022e+02 -3.649900000000000233e+01 -7.079999999999999627e-01
-5.359640000000000555e+02 -9.337199999999999989e+01 -2.997800000000000153e+01 -6.400000000000000133e-01
-3.973580000000000041e+02 -8.070699999999999363e+01 -2.018100000000000094e+01 -4.670000000000000262e-01
-2.881109999999999900e+02 -6.386299999999999955e+01 -1.195599999999999952e+01 -1.849999999999999978e-01
-1.961479999999999961e+02 -2.969200000000000017e+01 -5.059000000000000163e+00 9.400000000000000022e-02
-9.536499999999999488e+01 5.883000000000000007e+00 1.270000000000000018e+00 2.250000000000000056e-01
-3.206199999999999761e+01 1.529899999999999949e+01 3.338999999999999968e+00 1.650000000000000078e-01
-5.623299999999999699e+01 1.147999999999999909e+00 -1.028000000000000025e+00 2.299999999999999961e-02
-1.161380000000000052e+02 -1.192399999999999949e+01 -6.690999999999999837e+00 -4.399999999999999745e-02
-1.421049999999999898e+02 -1.643799999999999883e+01 -8.923999999999999488e+00 -3.699999999999999817e-02
-1.560670000000000073e+02 -2.150499999999999901e+01 -1.080000000000000071e+01 -9.199999999999999845e-02
-2.022899999999999920e+02 -2.771499999999999986e+01 -1.610699999999999932e+01 -2.359999999999999876e-01
-2.751200000000000045e+02 -3.343399999999999750e+01 -2.246499999999999986e+01 -3.499999999999999778e-01
-3.502490000000000236e+02 -4.742000000000000171e+01 -2.648999999999999844e+01 -3.900000000000000133e-01
-3.826840000000000259e+02 -6.727500000000000568e+01 -2.732700000000000173e+01 -4.020000000000000240e-01
-3.001549999999999727e+02 -6.501000000000000512e+01 -2.189300000000000068e+01 -3.380000000000000226e-01
-7.940999999999999659e+01 -1.882900000000000063e+01 -5.964000000000000412e+00 -1.170000000000000068e-01
2.005039999999999907e+02 5.086599999999999966e+01 1.585999999999999943e+01 1.549999999999999989e-01
3.803849999999999909e+02 9.221099999999999852e+01 2.910399999999999920e+01 2.389999999999999902e-01
2.954049999999999727e+02 7.064600000000000080e+01 2.450799999999999912e+01 4.700000000000000011e-02
-5.217000000000000171e+01 9.518000000000000682e+00 1.060599999999999987e+01 -2.280000000000000082e-01
-3.824739999999999895e+02 -2.443499999999999872e+01 5.349000000000000199e+00 -2.790000000000000258e-01
-3.697420000000000186e+02 9.403000000000000469e+00 1.643499999999999872e+01 -1.400000000000000029e-02
2.064000000000000057e+00 8.450000000000000000e+01 3.561200000000000188e+01 3.459999999999999742e-01
4.455790000000000077e+02 1.489850000000000136e+02 5.105400000000000205e+01 5.969999999999999751e-01
6.680090000000000146e+02 1.742680000000000007e+02 5.775200000000000244e+01 8.090000000000000524e-01
5.824850000000000136e+02 1.553810000000000002e+02 5.591499999999999915e+01 1.088000000000000078e+00
3.560169999999999959e+02 1.087870000000000061e+02 4.626400000000000290e+01 1.290999999999999925e+00
2.502959999999999923e+02 6.456199999999999761e+01 2.822800000000000153e+01 1.157999999999999918e+00
3.007610000000000241e+02 3.089000000000000057e+01 2.024000000000000021e+00 6.610000000000000320e-01
2.937169999999999845e+02 -6.591000000000000192e+00 -2.479299999999999926e+01 9.800000000000000377e-02
1.204309999999999974e+02 -4.568200000000000216e+01 -3.815200000000000102e+01 -1.839999999999999969e-01
-9.965999999999999659e+01 -7.126800000000000068e+01 -3.377000000000000313e+01 -1.449999999999999900e-01
-2.522019999999999982e+02 -8.774399999999999977e+01 -2.503099999999999881e+01 -4.499999999999999833e-02
-3.115199999999999818e+02 -1.070240000000000009e+02 -2.372800000000000153e+01 -9.400000000000000022e-02
-2.463329999999999984e+02 -1.207999999999999972e+02 -2.363700000000000045e+01 -2.449999999999999956e-01
-1.030720000000000027e+02 -1.166869999999999976e+02 -1.572799999999999976e+01 -3.400000000000000244e-01
-9.569499999999999318e+01 -1.053319999999999936e+02 -7.826999999999999957e+00 -3.770000000000000018e-01
-3.632029999999999745e+02 -1.057660000000000053e+02 -1.396000000000000085e+01 -5.100000000000000089e-01
-7.376530000000000200e+02 -1.176599999999999966e+02 -3.122200000000000131e+01 -7.720000000000000195e-01
-9.486520000000000437e+02 -1.264749999999999943e+02 -4.177000000000000313e+01 -9.439999999999999503e-01
-8.904360000000000355e+02 -1.152560000000000002e+02 -3.442699999999999960e+01 -7.990000000000000435e-01
-5.652870000000000346e+02 -5.803799999999999670e+01 -1.085699999999999932e+01 -3.160000000000000031e-01
-2.865700000000000003e+01 5.746399999999999864e+01 2.336700000000000088e+01 3.790000000000000036e-01
5.347440000000000282e+02 1.830550000000000068e+02 5.653499999999999659e+01 1.032000000000000028e+00
9.346050000000000182e+02 2.393189999999999884e+02 6.969299999999999784e+01 1.310000000000000053e+00
1.161721999999999980e+03 2.067649999999999864e+02 5.607200000000000273e+01 1.096000000000000085e+00
1.276692999999999984e+03 1.382419999999999902e+02 3.096000000000000085e+01 6.310000000000000053e-01
1.270545000000000073e+03 8.765099999999999625e+01 1.299900000000000055e+01 2.520000000000000018e-01
1.178834000000000060e+03 7.171399999999999864e+01 8.067999999999999616e+00 1.469999999999999918e-01
1.065460000000000036e+03 7.885399999999999920e+01 1.153100000000000058e+01 2.479999999999999982e-01
8.382970000000000255e+02 8.112300000000000466e+01 1.434500000000000064e+01 2.810000000000000275e-01
4.370950000000000273e+02 5.998700000000000188e+01 9.673000000000000043e+00 8.999999999999999667e-02
9.147899999999999920e+01 2.833099999999999952e+01 -3.689999999999999947e-01 -1.590000000000000024e-01
1.776000000000000023e+00 6.769000000000000128e+00 -7.921000000000000263e+00 -2.580000000000000071e-01
1.098000000000000043e+01 -4.900999999999999801e+00 -9.817999999999999616e+00 -2.479999999999999982e-01
-7.831100000000000705e+01 -1.468999999999999950e+01 -9.537000000000000810e+00 -2.580000000000000071e-01
-1.824279999999999973e+02 -2.146399999999999864e+01 -9.592999999999999972e+00 -2.800000000000000266e-01
-1.949600000000000080e+02 -2.402400000000000091e+01 -9.006000000000000227e+00 -2.379999999999999893e-01
-2.337069999999999936e+02 -2.931299999999999883e+01 -8.265000000000000568e+00 -1.819999999999999951e-01
-3.981360000000000241e+02 -4.113400000000000034e+01 -9.314000000000000057e+00 -2.310000000000000109e-01
-5.644249999999999545e+02 -5.000900000000000034e+01 -1.087299999999999933e+01 -3.479999999999999760e-01
-5.959439999999999600e+02 -4.706099999999999994e+01 -1.091799999999999926e+01 -3.860000000000000098e-01
-5.325190000000000055e+02 -4.137599999999999767e+01 -1.165300000000000047e+01 -3.400000000000000244e-01
-4.658330000000000268e+02 -4.731400000000000006e+01 -1.531900000000000084e+01 -3.300000000000000155e-01
-3.967730000000000246e+02 -6.088700000000000045e+01 -1.868199999999999861e+01 -3.659999999999999920e-01
-2.841129999999999995e+02 -6.336599999999999966e+01 -1.749500000000000099e+01 -3.410000000000000253e-01
-1.431200000000000045e+02 -4.480799999999999983e+01 -1.317399999999999949e+01 -2.280000000000000082e-01
-4.555199999999999960e+01 -1.628399999999999892e+01 -9.609999999999999432e+00 -1.120000000000000023e-01
-3.281700000000000017e+01 2.056999999999999940e+00 -5.777999999999999581e+00 -3.300000000000000155e-02
-6.995300000000000296e+01 2.072000000000000064e+00 8.469999999999999751e-01 2.999999999999999889e-02
-1.043130000000000024e+02 -9.823999999999999844e+00 6.238999999999999879e+00 4.900000000000000189e-02
-1.113799999999999955e+02 -2.618499999999999872e+01 5.411999999999999922e+00 -8.000000000000000167e-03
-7.417799999999999727e+01 -4.054699999999999704e+01 1.949000000000000066e+00 -7.000000000000000666e-02
3.519999999999999796e-01 -4.404899999999999949e+01 1.385000000000000009e+00 -5.800000000000000294e-02
5.291100000000000136e+01 -3.595900000000000318e+01 1.326000000000000068e+00 -1.899999999999999953e-02
4.397899999999999920e+01 -2.713400000000000034e+01 -2.378000000000000114e+00 -4.299999999999999656e-02
1.478299999999999947e+01 -2.368199999999999861e+01 -6.947000000000000064e+00 -1.360000000000000098e-01
-6.665000000000000036e+00 -2.035099999999999909e+01 -8.035999999999999588e+00 -2.560000000000000053e-01
-7.211400000000000432e+01 -1.288400000000000034e+01 -6.923000000000000043e+00 -3.659999999999999920e-01
-1.938460000000000036e+02 -4.075999999999999623e+00 -6.753999999999999559e+00 -4.199999999999999845e-01
-2.785960000000000036e+02 4.107000000000000206e+00 -6.871000000000000441e+00 -3.619999999999999885e-01
-2.495569999999999879e+02 1.541499999999999915e+01 -4.560999999999999943e+00 -1.829999999999999960e-01
-1.136099999999999994e+02 2.971099999999999852e+01 -3.890000000000000124e-01 3.799999999999999906e-02
7.959300000000000352e+01 3.352199999999999847e+01 9.709999999999999742e-01 1.459999999999999909e-01
2.285159999999999911e+02 1.693799999999999883e+01 -2.379999999999999893e+00 8.400000000000000522e-02
2.132589999999999861e+02 -2.152000000000000135e+00 -4.277999999999999581e+00 3.500000000000000333e-02
1.471899999999999942e+01 2.077999999999999847e+00 1.741000000000000103e+00 2.059999999999999887e-01
-2.864159999999999968e+02 2.161100000000000065e+01 1.224399999999999977e+01 5.210000000000000187e-01
-5.997039999999999509e+02 2.744399999999999906e+01 1.967200000000000060e+01 7.550000000000000044e-01
-8.132910000000000537e+02 1.449399999999999977e+01 2.276399999999999935e+01 8.070000000000000506e-01
-7.954829999999999472e+02 -6.972000000000000419e+00 2.153099999999999881e+01 6.250000000000000000e-01
-5.737000000000000455e+02 -4.190500000000000114e+01 1.181400000000000006e+01 1.779999999999999916e-01
-4.040980000000000132e+02 -8.968999999999999773e+01 -4.580000000000000071e+00 -3.119999999999999996e-01
-4.281399999999999864e+02 -1.225420000000000016e+02 -1.607799999999999940e+01 -4.959999999999999964e-01
-4.020640000000000214e+02 -1.137999999999999972e+02 -1.420400000000000063e+01 -3.320000000000000173e-01
-5.434100000000000108e+01 -5.830799999999999983e+01 1.032999999999999918e+00 -3.000000000000000062e-03
4.855120000000000005e+02 3.520000000000000284e+01 2.445599999999999952e+01 4.129999999999999782e-01
8.859400000000000546e+02 1.355409999999999968e+02 4.134100000000000108e+01 7.500000000000000000e-01
9.945099999999999909e+02 1.913170000000000073e+02 3.416400000000000148e+01 6.850000000000000533e-01
8.158269999999999982e+02 1.805860000000000127e+02 8.624000000000000554e+00 3.069999999999999951e-01
3.991100000000000136e+02 1.364770000000000039e+02 -7.576999999999999957e+00 1.539999999999999980e-01
-7.452400000000000091e+01 9.876699999999999591e+01 -3.807999999999999829e+00 3.499999999999999778e-01
-3.224460000000000264e+02 7.289900000000000091e+01 2.213000000000000078e+00 4.400000000000000022e-01
-2.067589999999999861e+02 5.492199999999999704e+01 2.879999999999999782e-01 2.849999999999999756e-01
1.547849999999999966e+02 5.786299999999999955e+01 3.944999999999999840e+00 2.979999999999999871e-01
5.502259999999999991e+02 8.766299999999999670e+01 2.115299999999999869e+01 6.129999999999999893e-01
8.443920000000000528e+02 1.150060000000000002e+02 3.437299999999999756e+01 8.070000000000000506e-01
9.484790000000000418e+02 9.828600000000000136e+01 2.355099999999999838e+01 5.350000000000000311e-01
7.741900000000000546e+02 3.555100000000000193e+01 -4.299000000000000377e+00 -6.600000000000000311e-02
3.893890000000000100e+02 -2.632199999999999918e+01 -2.369000000000000128e+01 -6.490000000000000213e-01
8.242900000000000205e+01 -4.595799999999999841e+01 -2.328500000000000014e+01 -9.449999999999999512e-01
4.312899999999999778e+01 -3.480599999999999739e+01 -1.441300000000000026e+01 -8.639999999999999902e-01
1.116599999999999966e+02 -3.219200000000000017e+01 -1.020700000000000074e+01 -5.649999999999999467e-01
5.162500000000000000e+01 -4.798799999999999955e+01 -1.127100000000000080e+01 -3.499999999999999778e-01
-9.707500000000000284e+01 -5.861299999999999955e+01 -1.197600000000000087e+01 -3.479999999999999760e-01
-1.453319999999999936e+02 -5.361500000000000199e+01 -1.060899999999999999e+01 -4.229999999999999871e-01
-7.482699999999999818e+01 -5.123199999999999932e+01 -1.051200000000000045e+01 -4.410000000000000031e-01
-2.610200000000000031e+01 -6.332999999999999829e+01 -1.422400000000000020e+01 -4.719999999999999751e-01
-6.999599999999999511e+01 -7.810999999999999943e+01 -1.939499999999999957e+01 -6.239999999999999991e-01
-1.534519999999999982e+02 -8.446800000000000352e+01 -2.165099999999999980e+01 -8.239999999999999547e-01
-2.201020000000000039e+02 -8.400499999999999545e+01 -1.888100000000000023e+01 -8.429999999999999716e-01
-2.678039999999999736e+02 -7.761100000000000421e+01 -1.187599999999999945e+01 -5.689999999999999503e-01
-2.956309999999999718e+02 -6.504099999999999682e+01 -3.696000000000000174e+00 -1.680000000000000104e-01
-2.826440000000000055e+02 -5.414300000000000068e+01 1.705999999999999961e+00 8.999999999999999667e-02
-2.369610000000000127e+02 -5.525399999999999778e+01 1.792000000000000037e+00 1.400000000000000133e-01
-1.871490000000000009e+02 -6.819100000000000250e+01 -2.910000000000000142e+00 1.010000000000000064e-01
-1.236779999999999973e+02 -7.874500000000000455e+01 -8.467999999999999972e+00 5.099999999999999672e-02
-5.592000000000000171e+01 -7.470099999999999341e+01 -1.166699999999999982e+01 -1.400000000000000029e-02
-8.286299999999999955e+01 -6.398700000000000188e+01 -1.506099999999999994e+01 -1.039999999999999952e-01
-2.406550000000000011e+02 -5.961999999999999744e+01 -2.155699999999999861e+01 -1.950000000000000067e-01
-3.610079999999999814e+02 -5.615500000000000114e+01 -2.623600000000000065e+01 -2.169999999999999984e-01
-2.692850000000000250e+02 -4.465699999999999648e+01 -2.270899999999999963e+01 -1.189999999999999947e-01
-1.418699999999999939e+01 -2.986100000000000065e+01 -1.270899999999999963e+01 5.299999999999999850e-02
2.322740000000000009e+02 -1.096899999999999942e+01 -1.102999999999999980e+00 2.290000000000000091e-01
3.551200000000000045e+02 2.182300000000000040e+01 1.024300000000000033e+01 3.589999999999999858e-01
3.157590000000000146e+02 5.482699999999999818e+01 1.810000000000000142e+01 3.739999999999999991e-01
1.530459999999999923e+02 5.657999999999999829e+01 1.843100000000000094e+01 2.690000000000000169e-01
-1.344200000000000017e+01 3.130900000000000105e+01 1.373900000000000077e+01 1.849999999999999978e-01
-1.030580000000000069e+02 2.240500000000000114e+01 1.007099999999999973e+01 2.500000000000000000e-01
-1.743149999999999977e+02 4.588199999999999790e+01 8.164999999999999147e+00 3.860000000000000098e-01
-2.972789999999999964e+02 6.326899999999999835e+01 4.831999999999999851e+00 4.089999999999999747e-01
-3.964329999999999927e+02 4.297500000000000142e+01 3.099999999999999978e-02 2.899999999999999800e-01
-3.688190000000000168e+02 1.009200000000000053e+01 -2.194999999999999840e+00 1.799999999999999933e-01
-2.435699999999999932e+02 7.222999999999999865e+00 2.315999999999999837e+00 1.829999999999999960e-01
-5.731600000000000250e+01 3.328999999999999915e+01 1.414600000000000080e+01 2.479999999999999982e-01
2.302649999999999864e+02 4.760699999999999932e+01 2.737300000000000111e+01 2.780000000000000249e-01
5.379779999999999518e+02 2.615899999999999892e+01 3.097500000000000142e+01 2.179999999999999993e-01
6.382849999999999682e+02 -5.027000000000000135e+00 1.938800000000000168e+01 8.899999999999999578e-02
4.572509999999999764e+02 -3.761000000000000121e+00 1.862999999999999989e+00 -1.000000000000000021e-02
1.852529999999999859e+02 3.470799999999999841e+01 -5.682000000000000384e+00 4.200000000000000261e-02
2.664199999999999946e+01 7.850600000000000023e+01 1.979999999999999982e+00 2.879999999999999782e-01
-1.854799999999999827e+01 9.774299999999999500e+01 1.529700000000000060e+01 5.999999999999999778e-01
-6.056600000000000250e+01 8.331799999999999784e+01 2.135500000000000043e+01 7.099999999999999645e-01
-9.900799999999999557e+01 4.763100000000000023e+01 1.660399999999999920e+01 5.170000000000000151e-01
-4.587899999999999778e+01 1.729599999999999937e+01 8.855000000000000426e+00 2.819999999999999729e-01
6.928499999999999659e+01 3.672000000000000153e+00 5.801000000000000156e+00 2.640000000000000124e-01
1.177270000000000039e+02 -1.235399999999999920e+01 4.894000000000000128e+00 3.150000000000000022e-01
7.525199999999999534e+01 -4.207999999999999829e+01 2.109999999999999931e-01 1.710000000000000131e-01
2.391400000000000148e+01 -5.956799999999999784e+01 -5.807999999999999829e+00 -8.899999999999999578e-02
-7.487000000000000099e+00 -3.779099999999999682e+01 -5.932999999999999829e+00 -1.849999999999999978e-01
-4.842799999999999727e+01 8.887999999999999901e+00 -3.870000000000000107e-01 -6.400000000000000133e-02
-9.326300000000000523e+01 4.233100000000000307e+01 2.794999999999999929e+00 5.899999999999999689e-02
-1.184429999999999978e+02 4.896800000000000352e+01 2.400000000000000050e-02 5.099999999999999672e-02
-1.264819999999999993e+02 4.524699999999999989e+01 -3.107000000000000206e+00 2.299999999999999961e-02
-1.211129999999999995e+02 3.951700000000000301e+01 -2.395999999999999908e+00 5.500000000000000028e-02
-1.071350000000000051e+02 2.384700000000000131e+01 -2.091000000000000192e+00 3.599999999999999728e-02
-1.068469999999999942e+02 8.010000000000000453e-01 -6.983999999999999986e+00 -1.160000000000000059e-01
-1.195859999999999985e+02 -1.609700000000000131e+01 -1.435100000000000087e+01 -3.180000000000000049e-01
-1.072840000000000060e+02 -2.118499999999999872e+01 -1.762500000000000000e+01 -4.520000000000000129e-01
-5.459700000000000131e+01 -1.554199999999999982e+01 -1.440900000000000070e+01 -4.889999999999999902e-01
8.336999999999999744e+00 -3.009999999999999898e-01 -7.988000000000000433e+00 -4.540000000000000147e-01
5.574000000000000199e+01 1.881700000000000017e+01 -1.584000000000000075e+00 -3.890000000000000124e-01
7.747799999999999443e+01 2.957100000000000151e+01 4.600999999999999979e+00 -3.390000000000000235e-01
3.015299999999999869e+01 2.049899999999999878e+01 8.291999999999999815e+00 -3.340000000000000191e-01
-1.253990000000000009e+02 -9.547000000000000597e+00 3.946000000000000174e+00 -3.729999999999999982e-01
-3.013550000000000182e+02 -4.599099999999999966e+01 -7.557000000000000384e+00 -4.359999999999999987e-01
-3.345749999999999886e+02 -6.660200000000000387e+01 -1.581600000000000072e+01 -4.769999999999999796e-01
-2.037719999999999914e+02 -6.255499999999999972e+01 -1.385399999999999920e+01 -4.490000000000000102e-01
-4.210399999999999920e+01 -4.641700000000000159e+01 -5.445000000000000284e+00 -3.679999999999999938e-01
7.174399999999999977e+01 -3.410600000000000165e+01 3.891999999999999904e+00 -2.969999999999999862e-01
1.597350000000000136e+02 -3.044300000000000139e+01 1.175999999999999979e+01 -2.770000000000000240e-01
1.928050000000000068e+02 -3.617099999999999937e+01 1.428400000000000070e+01 -3.039999999999999925e-01
1.010250000000000057e+02 -5.105599999999999739e+01 7.988999999999999879e+00 -3.370000000000000218e-01
-5.184000000000000341e+01 -6.610200000000000387e+01 -4.123000000000000220e+00 -3.160000000000000031e-01
-1.102750000000000057e+02 -6.723099999999999454e+01 -1.336700000000000088e+01 -2.030000000000000138e-01
-5.237899999999999778e+01 -4.393800000000000239e+01 -1.126900000000000013e+01 4.499999999999999833e-02
-6.937999999999999723e+00 4.953000000000000291e+00 2.037999999999999812e+00 4.199999999999999845e-01
-5.022999999999999687e+01 5.982300000000000040e+01 1.481499999999999950e+01 6.939999999999999503e-01
-1.030240000000000009e+02 9.045999999999999375e+01 1.756200000000000117e+01 6.189999999999999947e-01
-7.110800000000000409e+01 9.035999999999999943e+01 1.504700000000000060e+01 3.360000000000000209e-01
1.197400000000000020e+01 7.708299999999999841e+01 1.376699999999999946e+01 1.710000000000000131e-01
1.176129999999999995e+02 6.451500000000000057e+01 1.097300000000000075e+01 1.419999999999999873e-01
3.361120000000000232e+02 5.767499999999999716e+01 6.009999999999999787e+00 9.700000000000000289e-02
6.296180000000000518e+02 5.317000000000000171e+01 4.153999999999999915e+00 6.700000000000000400e-02
7.240460000000000491e+02 3.786099999999999710e+01 4.762999999999999901e+00 1.380000000000000115e-01
5.175199999999999818e+02 1.155700000000000038e+01 1.945000000000000062e+00 2.540000000000000036e-01
2.885539999999999736e+02 -5.666000000000000369e+00 -4.852999999999999758e+00 3.109999999999999987e-01
2.495569999999999879e+02 -4.166000000000000369e+00 -1.116999999999999993e+01 2.710000000000000187e-01
2.488569999999999993e+02 9.323000000000000398e+00 -1.328800000000000026e+01 1.640000000000000069e-01
1.304629999999999939e+02 3.470300000000000296e+01 -9.632999999999999119e+00 5.399999999999999939e-02
-1.104999999999999982e+00 6.881900000000000261e+01 -3.178999999999999826e+00 -5.299999999999999850e-02
-3.790800000000000125e+01 8.629000000000000625e+01 -2.115000000000000213e+00 -2.129999999999999949e-01
-3.568500000000000227e+01 6.571399999999999864e+01 -9.833999999999999631e+00 -3.770000000000000018e-01
-5.616400000000000148e+01 1.894500000000000028e+01 -1.771300000000000097e+01 -4.010000000000000231e-01
-9.552100000000000080e+01 -2.605499999999999972e+01 -1.727499999999999858e+01 -2.790000000000000258e-01
-1.705989999999999895e+02 -5.414200000000000301e+01 -1.342300000000000004e+01 -1.630000000000000060e-01
-3.366949999999999932e+02 -7.037600000000000477e+01 -1.485399999999999920e+01 -1.160000000000000059e-01
-5.868809999999999718e+02 -9.204800000000000182e+01 -1.834100000000000108e+01 -6.500000000000000222e-02
-7.596539999999999964e+02 -1.280680000000000121e+02 -1.478800000000000026e+01 1.099999999999999936e-02
-6.398849999999999909e+02 -1.611589999999999918e+02 -4.716999999999999638e+00 4.800000000000000100e-02
-2.176140000000000043e+02 -1.615699999999999932e+02 4.057999999999999829e+00 2.800000000000000058e-02
2.454089999999999918e+02 -1.198610000000000042e+02 8.502000000000000668e+00 2.999999999999999889e-02
4.747799999999999727e+02 -5.545700000000000074e+01 1.137299999999999933e+01 1.039999999999999952e-01
4.164889999999999759e+02 3.420999999999999819e+00 1.429199999999999982e+01 1.610000000000000042e-01
1.888779999999999859e+02 3.639900000000000091e+01 1.472199999999999953e+01 6.500000000000000222e-02
-7.455899999999999750e+01 3.481700000000000017e+01 9.787000000000000810e+00 -1.719999999999999862e-01
-2.854300000000000068e+02 3.850000000000000089e+00 1.054000000000000048e+00 -3.750000000000000000e-01
-3.840459999999999923e+02 -3.752300000000000324e+01 -6.541999999999999815e+00 -4.380000000000000004e-01
-3.561240000000000236e+02 -6.524099999999999966e+01 -9.560999999999999943e+00 -4.279999999999999916e-01
-2.621050000000000182e+02 -6.662099999999999511e+01 -9.294999999999999929e+00 -4.010000000000000231e-01
-1.809819999999999993e+02 -5.020499999999999829e+01 -1.003899999999999970e+01 -3.320000000000000173e-01
-1.345080000000000098e+02 -3.318500000000000227e+01 -1.269500000000000028e+01 -2.540000000000000036e-01
-1.039809999999999945e+02 -1.932499999999999929e+01 -1.273600000000000065e+01 -2.439999999999999947e-01
-9.076000000000000512e+01 1.280999999999999917e+00 -6.948999999999999844e+00 -2.340000000000000135e-01
-1.112810000000000059e+02 3.297800000000000153e+01 2.349000000000000199e+00 -5.000000000000000278e-02
-1.118730000000000047e+02 6.862300000000000466e+01 1.203899999999999970e+01 3.119999999999999996e-01
2.561400000000000077e+01 9.706600000000000250e+01 2.082600000000000051e+01 6.520000000000000240e-01
3.047049999999999841e+02 1.066770000000000067e+02 2.535500000000000043e+01 8.529999999999999805e-01
5.766720000000000255e+02 1.023059999999999974e+02 2.396999999999999886e+01 1.032000000000000028e+00
7.469160000000000537e+02 1.161219999999999999e+02 2.534799999999999898e+01 1.372999999999999998e+00
7.960180000000000291e+02 1.558660000000000139e+02 3.672200000000000131e+01 1.776000000000000023e+00
6.438220000000000027e+02 1.659979999999999905e+02 4.495799999999999841e+01 1.788999999999999924e+00
3.041519999999999868e+02 1.077939999999999969e+02 3.259899999999999665e+01 1.129999999999999893e+00
8.769000000000000128e+00 2.974500000000000099e+01 7.421000000000000263e+00 1.849999999999999978e-01
-1.034090000000000060e+02 -1.168399999999999928e+01 -9.108999999999999986e+00 -4.179999999999999827e-01
-1.532450000000000045e+02 -3.041000000000000014e+01 -1.344200000000000017e+01 -5.749999999999999556e-01
-2.309329999999999927e+02 -5.377600000000000335e+01 -1.670599999999999952e+01 -6.039999999999999813e-01
-2.657389999999999759e+02 -6.757599999999999341e+01 -2.090399999999999991e+01 -6.310000000000000053e-01
-2.358079999999999927e+02 -5.973100000000000165e+01 -1.991000000000000014e+01 -5.689999999999999503e-01
-2.272179999999999893e+02 -5.173700000000000188e+01 -1.565300000000000047e+01 -4.650000000000000244e-01
-2.746750000000000114e+02 -5.973700000000000188e+01 -1.499399999999999977e+01 -4.490000000000000102e-01
-3.241410000000000196e+02 -7.082399999999999807e+01 -1.714600000000000080e+01 -4.779999999999999805e-01
-3.460500000000000114e+02 -7.131799999999999784e+01 -1.753800000000000026e+01 -4.440000000000000058e-01
-3.706619999999999777e+02 -6.523699999999999477e+01 -1.687199999999999989e+01 -3.770000000000000018e-01
-3.972549999999999955e+02 -5.601599999999999824e+01 -1.664999999999999858e+01 -3.390000000000000235e-01
-3.503090000000000259e+02 -3.703099999999999881e+01 -1.318500000000000050e+01 -2.839999999999999747e-01
-1.893880000000000052e+02 -1.210100000000000087e+01 -4.496999999999999886e+00 -1.650000000000000078e-01
6.613000000000000433e+00 -5.540000000000000480e-01 3.432999999999999829e+00 -5.899999999999999689e-02
1.638100000000000023e+02 -8.069000000000000838e+00 4.443999999999999950e+00 -5.500000000000000028e-02
3.019759999999999991e+02 -1.777700000000000102e+01 -1.640000000000000069e-01 -1.229999999999999982e-01
3.688929999999999723e+02 -1.938500000000000156e+01 -6.237000000000000099e+00 -1.739999999999999880e-01
2.136719999999999970e+02 -1.955300000000000082e+01 -1.239000000000000057e+01 -1.930000000000000049e-01
-9.484199999999999875e+01 -2.112099999999999866e+01 -1.921399999999999864e+01 -2.670000000000000151e-01
-2.189679999999999893e+02 -1.987999999999999901e+01 -2.702899999999999991e+01 -4.640000000000000235e-01
-2.231700000000000017e+01 -1.989799999999999969e+01 -3.366700000000000159e+01 -6.889999999999999458e-01
2.029079999999999870e+02 -2.826800000000000068e+01 -3.395600000000000307e+01 -7.530000000000000027e-01
1.607520000000000095e+02 -3.843900000000000006e+01 -2.416900000000000048e+01 -5.679999999999999494e-01
-4.249399999999999977e+01 -3.383400000000000318e+01 -5.823999999999999844e+00 -1.940000000000000058e-01
-1.225030000000000001e+02 -3.895999999999999908e+00 1.627400000000000091e+01 2.520000000000000018e-01
-8.297599999999999909e+01 4.452199999999999847e+01 3.631499999999999773e+01 6.520000000000000240e-01
-1.276239999999999952e+02 8.490200000000000102e+01 4.754299999999999926e+01 9.150000000000000355e-01
-1.883779999999999859e+02 8.802599999999999625e+01 4.522699999999999676e+01 1.016000000000000014e+00
-2.791700000000000159e+01 4.887100000000000222e+01 3.212299999999999756e+01 9.859999999999999876e-01
2.399730000000000132e+02 -4.841999999999999638e+00 1.928600000000000136e+01 8.449999999999999734e-01
2.514089999999999918e+02 -3.278099999999999881e+01 1.674200000000000088e+01 6.139999999999999902e-01
-4.949199999999999733e+01 -2.125100000000000122e+01 2.079400000000000048e+01 3.250000000000000111e-01
-3.230509999999999877e+02 2.560000000000000053e+00 1.893599999999999994e+01 -1.099999999999999936e-02
-2.420699999999999932e+02 1.716900000000000048e+01 1.076500000000000057e+01 -2.690000000000000169e-01
1.777419999999999902e+02 4.454399999999999693e+01 8.686999999999999389e+00 -2.300000000000000100e-01
6.100610000000000355e+02 1.022009999999999934e+02 1.418599999999999994e+01 5.299999999999999850e-02
7.155510000000000446e+02 1.502179999999999893e+02 1.303599999999999959e+01 2.089999999999999913e-01
4.395939999999999941e+02 1.414019999999999868e+02 -3.960000000000000187e-01 8.000000000000000167e-02
6.008100000000000307e+01 9.693500000000000227e+01 -1.221499999999999986e+01 -3.699999999999999817e-02
-1.202939999999999969e+02 7.280100000000000193e+01 -9.419999999999999929e+00 1.340000000000000080e-01
-1.024830000000000041e+02 7.595499999999999829e+01 2.564000000000000057e+00 4.099999999999999756e-01
-6.827100000000000080e+01 7.144100000000000250e+01 9.791999999999999815e+00 4.299999999999999933e-01
-6.695099999999999341e+01 4.878300000000000125e+01 7.400000000000000355e+00 1.620000000000000051e-01
-4.402600000000000335e+01 2.833200000000000074e+01 6.840000000000000524e-01 -1.219999999999999973e-01
-1.838800000000000168e+01 1.765500000000000114e+01 -4.955000000000000071e+00 -2.320000000000000118e-01
-3.264999999999999858e+01 4.293000000000000149e+00 -8.294999999999999929e+00 -2.190000000000000002e-01
-5.163199999999999790e+01 -1.468599999999999994e+01 -9.308999999999999275e+00 -2.340000000000000135e-01
-3.345000000000000284e+01 -2.817299999999999827e+01 -7.951999999999999957e+00 -3.290000000000000147e-01
-2.421699999999999875e+01 -3.621600000000000108e+01 -5.998000000000000220e+00 -4.430000000000000049e-01
-1.206569999999999965e+02 -5.487899999999999778e+01 -6.807999999999999829e+00 -5.440000000000000391e-01
-3.620020000000000095e+02 -9.190300000000000580e+01 -1.240600000000000058e+01 -6.909999999999999476e-01
-6.614220000000000255e+02 -1.346129999999999995e+02 -2.121199999999999974e+01 -9.110000000000000320e-01
-8.296459999999999582e+02 -1.630900000000000034e+02 -2.886700000000000088e+01 -1.088000000000000078e+00
-6.850629999999999882e+02 -1.622280000000000086e+02 -3.055099999999999838e+01 -1.060999999999999943e+00
-2.143720000000000141e+02 -1.233730000000000047e+02 -2.180600000000000094e+01 -7.750000000000000222e-01
3.584789999999999850e+02 -4.981199999999999761e+01 -6.270000000000000018e-01 -2.829999999999999738e-01
7.752269999999999754e+02 3.412800000000000011e+01 2.686400000000000077e+01 2.949999999999999845e-01
9.809669999999999845e+02 9.019100000000000250e+01 4.606000000000000227e+01 7.770000000000000240e-01
9.999360000000000355e+02 9.311199999999999477e+01 4.470499999999999829e+01 9.310000000000000497e-01
7.576200000000000045e+02 4.902700000000000102e+01 2.407700000000000173e+01 6.219999999999999973e-01
2.959060000000000059e+02 -1.415300000000000047e+01 -2.196000000000000174e+00 -2.000000000000000042e-03
-6.350099999999999767e+01 -6.199900000000000233e+01 -2.006299999999999883e+01 -5.120000000000000107e-01
-5.138400000000000034e+01 -5.844800000000000040e+01 -2.416600000000000037e+01 -5.220000000000000195e-01
2.250649999999999977e+02 1.067200000000000060e+01 -1.685900000000000176e+01 -6.600000000000000311e-02
4.531220000000000141e+02 1.011730000000000018e+02 -4.921999999999999709e+00 4.309999999999999942e-01
4.627269999999999754e+02 1.360939999999999941e+02 2.888999999999999790e+00 6.029999999999999805e-01
3.002110000000000127e+02 9.366100000000000136e+01 2.471999999999999975e+00 4.889999999999999902e-01
8.582599999999999341e+01 3.250999999999999801e+01 -1.850999999999999979e+00 3.489999999999999769e-01
-7.755100000000000193e+01 8.730999999999999872e+00 -4.144999999999999574e+00 2.700000000000000178e-01
-1.322959999999999923e+02 1.150500000000000078e+01 -4.182999999999999829e+00 1.570000000000000007e-01
-1.089189999999999969e+02 2.539000000000000146e+00 -5.759999999999999787e+00 6.000000000000000125e-03
-1.036940000000000026e+02 -2.240800000000000125e+01 -1.057099999999999973e+01 -7.199999999999999456e-02
-1.650550000000000068e+02 -3.774600000000000222e+01 -1.469200000000000017e+01 -2.500000000000000139e-02
-2.453259999999999934e+02 -3.013899999999999935e+01 -1.190199999999999925e+01 7.900000000000000078e-02
-2.879680000000000177e+02 -1.452200000000000024e+01 -2.088000000000000078e+00 1.479999999999999927e-01
-2.997359999999999900e+02 -1.265399999999999991e+01 7.238000000000000433e+00 1.390000000000000124e-01
-3.047269999999999754e+02 -2.736599999999999966e+01 1.022700000000000031e+01 8.100000000000000255e-02
-2.926979999999999791e+02 -4.388700000000000045e+01 8.554000000000000270e+00 3.400000000000000244e-02
-2.567699999999999818e+02 -5.198599999999999710e+01 6.405999999999999694e+00 2.299999999999999961e-02
-2.309199999999999875e+02 -5.694800000000000040e+01 4.538000000000000256e+00 2.900000000000000147e-02
-2.439840000000000089e+02 -6.833199999999999363e+01 8.409999999999999698e-01 1.799999999999999864e-02
-2.737860000000000014e+02 -8.548000000000000398e+01 -5.913999999999999702e+00 -2.299999999999999961e-02
-2.876179999999999950e+02 -9.811899999999999977e+01 -1.346299999999999919e+01 -7.900000000000000078e-02
-2.870729999999999791e+02 -9.965099999999999625e+01 -1.688200000000000145e+01 -1.160000000000000059e-01
-2.722799999999999727e+02 -9.420600000000000307e+01 -1.390600000000000058e+01 -1.069999999999999979e-01
-2.225399999999999920e+02 -8.879999999999999716e+01 -8.497999999999999332e+00 -6.600000000000000311e-02
-1.518300000000000125e+02 -8.670300000000000296e+01 -6.442000000000000171e+00 -5.700000000000000205e-02
-1.083649999999999949e+02 -8.809000000000000341e+01 -9.598000000000000753e+00 -1.549999999999999989e-01
-1.267159999999999940e+02 -8.677500000000000568e+01 -1.578299999999999947e+01 -3.370000000000000218e-01
-2.316500000000000057e+02 -7.213500000000000512e+01 -2.051000000000000156e+01 -4.480000000000000093e-01
-3.686129999999999995e+02 -4.227300000000000324e+01 -1.866400000000000148e+01 -3.569999999999999840e-01
-3.458319999999999936e+02 -4.956999999999999851e+00 -8.022000000000000242e+00 -1.100000000000000006e-01
-6.159100000000000108e+01 4.032600000000000051e+01 1.037100000000000044e+01 2.129999999999999949e-01
3.188500000000000227e+02 1.092150000000000034e+02 3.580199999999999960e+01 6.810000000000000497e-01
6.113890000000000100e+02 2.008509999999999991e+02 6.267300000000000182e+01 1.274000000000000021e+00
8.091000000000000227e+02 2.661299999999999955e+02 7.309999999999999432e+01 1.578999999999999959e+00
8.922400000000000091e+02 2.524919999999999902e+02 5.473499999999999943e+01 1.241999999999999993e+00
7.433990000000000009e+02 1.771790000000000020e+02 2.414300000000000068e+01 5.989999999999999769e-01
3.836800000000000068e+02 1.024809999999999945e+02 7.814000000000000057e+00 2.399999999999999911e-01
6.006700000000000017e+01 5.670000000000000284e+01 6.714000000000000412e+00 1.940000000000000058e-01
-3.371500000000000341e+01 3.052400000000000091e+01 3.952999999999999847e+00 1.250000000000000000e-01
7.113999999999999879e+00 1.787600000000000122e+01 -4.586000000000000298e+00 -1.400000000000000029e-02
-2.843900000000000006e+01 1.517900000000000027e+01 -9.896000000000000796e+00 -6.800000000000000488e-02
-1.611320000000000050e+02 8.073999999999999844e+00 -9.708000000000000185e+00 -7.000000000000000666e-02
-2.540229999999999961e+02 -1.135800000000000054e+01 -1.064000000000000057e+01 -1.409999999999999865e-01
-2.457239999999999895e+02 -3.080699999999999861e+01 -1.487800000000000011e+01 -2.439999999999999947e-01
-1.745300000000000011e+02 -3.588400000000000034e+01 -1.683599999999999852e+01 -2.750000000000000222e-01
-7.993899999999999295e+01 -2.984600000000000009e+01 -1.257399999999999984e+01 -2.469999999999999973e-01
-1.561299999999999955e+01 -2.567599999999999838e+01 -5.363999999999999879e+00 -2.520000000000000018e-01
-4.062100000000000222e+01 -2.806500000000000128e+01 -1.340999999999999970e+00 -3.160000000000000031e-01
-1.210229999999999961e+02 -3.158699999999999974e+01 -3.040999999999999925e+00 -3.729999999999999982e-01
-1.559230000000000018e+02 -3.128999999999999915e+01 -7.804999999999999716e+00 -3.689999999999999947e-01
-1.206910000000000025e+02 -2.750199999999999889e+01 -1.164100000000000001e+01 -3.280000000000000138e-01
-8.496299999999999386e+01 -2.273600000000000065e+01 -1.367200000000000060e+01 -3.280000000000000138e-01
-1.091260000000000048e+02 -2.290899999999999892e+01 -1.608099999999999952e+01 -4.189999999999999836e-01
-1.957450000000000045e+02 -3.820000000000000284e+01 -2.046600000000000108e+01 -5.819999999999999618e-01
-3.044289999999999736e+02 -7.195300000000000296e+01 -2.620299999999999940e+01 -7.570000000000000062e-01
-3.775219999999999914e+02 -1.125049999999999955e+02 -3.268599999999999994e+01 -9.210000000000000409e-01
-3.801730000000000018e+02 -1.396289999999999907e+02 -3.941599999999999682e+01 -1.060000000000000053e+00
-3.016560000000000059e+02 -1.330260000000000105e+02 -4.130599999999999739e+01 -1.040999999999999925e+00
-1.269159999999999968e+02 -8.718500000000000227e+01 -3.103300000000000125e+01 -7.329999999999999849e-01
9.020099999999999341e+01 -3.332500000000000284e+01 -1.264400000000000013e+01 -2.899999999999999800e-01
1.498549999999999898e+02 -1.770400000000000063e+01 -1.348000000000000087e+00 -2.800000000000000058e-02
-1.015510000000000019e+02 -3.694500000000000028e+01 -8.619999999999999885e-01 4.100000000000000172e-02
-4.836659999999999968e+02 -3.613600000000000279e+01 2.353000000000000203e+00 1.539999999999999980e-01
-5.799859999999999900e+02 1.857100000000000151e+01 1.671499999999999986e+01 3.880000000000000115e-01
-1.938429999999999893e+02 1.127450000000000045e+02 3.776899999999999835e+01 7.229999999999999760e-01
4.127850000000000250e+02 2.124979999999999905e+02 5.907999999999999829e+01 1.171999999999999931e+00
8.390410000000000537e+02 2.723070000000000164e+02 7.085899999999999466e+01 1.487000000000000099e+00
9.657169999999999845e+02 2.505360000000000014e+02 6.139300000000000068e+01 1.314000000000000057e+00
8.968360000000000127e+02 1.604089999999999918e+02 3.613100000000000023e+01 8.139999999999999458e-01
7.028500000000000227e+02 7.026500000000000057e+01 1.763700000000000045e+01 5.210000000000000187e-01
4.310470000000000255e+02 2.750900000000000034e+01 1.705000000000000071e+01 5.550000000000000488e-01
1.889490000000000123e+02 1.728699999999999903e+01 2.299800000000000111e+01 5.560000000000000497e-01
7.296299999999999386e+01 8.923999999999999488e+00 2.195799999999999841e+01 3.180000000000000049e-01
7.579800000000000182e+01 -8.589999999999999858e-01 1.400300000000000011e+01 1.099999999999999936e-02
9.779500000000000171e+01 -9.442000000000000171e+00 6.668000000000000149e+00 -1.729999999999999871e-01
5.377700000000000102e+01 -3.064099999999999824e+01 3.523000000000000131e+00 -2.710000000000000187e-01
-4.512199999999999989e+01 -7.005100000000000193e+01 2.157000000000000028e+00 -4.139999999999999791e-01
-1.376670000000000016e+02 -1.056910000000000025e+02 3.729999999999999982e-01 -6.109999999999999876e-01
-1.847870000000000061e+02 -1.128790000000000049e+02 -1.314000000000000057e+00 -7.349999999999999867e-01
-1.725660000000000025e+02 -9.322899999999999920e+01 -5.099999999999999645e+00 -7.089999999999999636e-01
-1.169759999999999991e+02 -6.940000000000000568e+01 -1.515900000000000070e+01 -6.400000000000000133e-01
-7.051999999999999602e+01 -5.940599999999999881e+01 -2.802599999999999980e+01 -6.740000000000000435e-01
-6.833799999999999386e+01 -6.056400000000000006e+01 -3.398700000000000188e+01 -7.870000000000000329e-01
-8.806000000000000227e+01 -5.621800000000000352e+01 -3.051300000000000168e+01 -8.509999999999999787e-01
-9.041299999999999670e+01 -3.625000000000000000e+01 -2.435099999999999909e+01 -8.399999999999999689e-01
-6.593099999999999739e+01 -9.356999999999999318e+00 -1.946999999999999886e+01 -7.740000000000000213e-01
-3.418800000000000239e+01 5.575999999999999623e+00 -1.361800000000000033e+01 -5.989999999999999769e-01
-2.964799999999999969e+01 -2.383000000000000007e+00 -9.009000000000000341e+00 -3.380000000000000226e-01
-7.869799999999999329e+01 -2.679100000000000037e+01 -1.413299999999999912e+01 -1.980000000000000093e-01
-1.517700000000000102e+02 -4.558800000000000097e+01 -2.826899999999999835e+01 -2.469999999999999973e-01
-1.619019999999999868e+02 -3.393200000000000216e+01 -3.655700000000000216e+01 -2.379999999999999893e-01
-6.979500000000000171e+01 9.368000000000000327e+00 -2.957799999999999940e+01 2.500000000000000139e-02
4.703499999999999659e+01 5.224199999999999733e+01 -1.539199999999999946e+01 3.810000000000000053e-01
1.083310000000000031e+02 6.695999999999999375e+01 -5.291000000000000369e+00 5.600000000000000533e-01
1.307230000000000132e+02 6.381400000000000006e+01 -1.758000000000000007e+00 5.130000000000000115e-01
1.055190000000000055e+02 6.137100000000000222e+01 -3.958000000000000185e+00 3.469999999999999751e-01
-7.518300000000000693e+01 4.673599999999999710e+01 -1.104299999999999926e+01 1.229999999999999982e-01
-4.290799999999999841e+02 -1.574999999999999956e+00 -1.955999999999999872e+01 -1.280000000000000027e-01
-7.762569999999999482e+02 -7.000499999999999545e+01 -2.692200000000000060e+01 -3.499999999999999778e-01
-9.185009999999999764e+02 -1.166520000000000010e+02 -3.231000000000000227e+01 -4.949999999999999956e-01
-7.830979999999999563e+02 -1.106620000000000061e+02 -2.954899999999999949e+01 -4.819999999999999840e-01
-3.953809999999999718e+02 -5.487700000000000244e+01 -1.108600000000000030e+01 -1.960000000000000075e-01
1.258409999999999940e+02 1.677400000000000091e+01 1.671600000000000108e+01 3.180000000000000049e-01
5.741230000000000473e+02 6.291299999999999670e+01 3.657999999999999829e+01 8.040000000000000480e-01
7.773759999999999764e+02 6.726999999999999602e+01 4.164699999999999847e+01 1.078000000000000069e+00
7.515280000000000200e+02 4.939999999999999858e+01 4.057699999999999818e+01 1.215000000000000080e+00
7.108709999999999809e+02 4.254299999999999926e+01 4.164300000000000068e+01 1.318999999999999950e+00
7.922980000000000018e+02 5.781700000000000017e+01 4.254800000000000182e+01 1.274999999999999911e+00
8.028469999999999800e+02 7.483400000000000318e+01 3.682399999999999807e+01 9.340000000000000524e-01
5.319120000000000346e+02 8.126999999999999602e+01 2.653699999999999903e+01 4.839999999999999858e-01
2.045039999999999907e+02 9.703000000000000114e+01 2.291000000000000014e+01 3.350000000000000200e-01
1.858990000000000009e+02 1.290889999999999986e+02 2.982499999999999929e+01 5.689999999999999503e-01
3.741999999999999886e+02 1.417990000000000066e+02 3.538100000000000023e+01 8.379999999999999671e-01
3.624049999999999727e+02 1.066869999999999976e+02 2.753600000000000136e+01 8.169999999999999485e-01
7.385099999999999909e+01 4.331799999999999784e+01 1.051699999999999946e+01 5.270000000000000240e-01
-1.862040000000000077e+02 -8.904999999999999361e+00 -1.554999999999999938e+00 2.099999999999999922e-01
-2.210000000000000000e+02 -2.932499999999999929e+01 -2.552999999999999936e+00 3.300000000000000155e-02
-1.602549999999999955e+02 -2.575900000000000034e+01 1.366000000000000103e+00 -3.699999999999999817e-02
-2.036140000000000043e+02 -2.475799999999999912e+01 2.605999999999999872e+00 -1.039999999999999952e-01
-3.589379999999999882e+02 -4.570600000000000307e+01 -1.675000000000000044e+00 -2.109999999999999931e-01
-4.948539999999999850e+02 -8.015300000000000580e+01 -1.237299999999999933e+01 -3.569999999999999840e-01
-5.362229999999999563e+02 -1.042500000000000000e+02 -2.677899999999999991e+01 -5.040000000000000036e-01
-5.004429999999999836e+02 -1.057630000000000052e+02 -3.552600000000000335e+01 -5.380000000000000338e-01
-3.811469999999999914e+02 -8.901900000000000546e+01 -3.143299999999999983e+01 -3.940000000000000169e-01
-1.517500000000000000e+02 -6.400900000000000034e+01 -1.952100000000000080e+01 -2.039999999999999869e-01
7.619599999999999795e+01 -4.635000000000000142e+01 -1.086899999999999977e+01 -1.660000000000000087e-01
9.513400000000000034e+01 -5.361200000000000188e+01 -9.605999999999999872e+00 -3.029999999999999916e-01
-1.094819999999999993e+02 -8.264300000000000068e+01 -1.148600000000000065e+01 -4.979999999999999982e-01
-3.333450000000000273e+02 -1.091650000000000063e+02 -1.395500000000000007e+01 -7.119999999999999662e-01
-4.843039999999999736e+02 -1.249890000000000043e+02 -2.225700000000000145e+01 -1.000000000000000000e+00
-6.699339999999999691e+02 -1.461750000000000114e+02 -3.904800000000000182e+01 -1.288000000000000034e+00
-8.763830000000000382e+02 -1.628559999999999945e+02 -4.999300000000000210e+01 -1.274999999999999911e+00
-8.386240000000000236e+02 -1.177600000000000051e+02 -3.328399999999999892e+01 -6.889999999999999458e-01
-3.953629999999999995e+02 2.255199999999999960e+01 1.270199999999999996e+01 3.549999999999999822e-01
2.209449999999999932e+02 1.973050000000000068e+02 6.223700000000000188e+01 1.332999999999999963e+00
6.465389999999999873e+02 2.983720000000000141e+02 8.547899999999999920e+01 1.721999999999999975e+00
7.605199999999999818e+02 2.804110000000000014e+02 7.389900000000000091e+01 1.435999999999999943e+00
6.247279999999999518e+02 1.916390000000000100e+02 4.384100000000000108e+01 8.429999999999999716e-01
3.205830000000000268e+02 1.042030000000000030e+02 1.767800000000000082e+01 3.109999999999999987e-01
5.698000000000000398e+00 4.928499999999999659e+01 4.246999999999999886e+00 -8.300000000000000433e-02
-1.314180000000000064e+02 2.007199999999999918e+01 -8.950000000000000178e-01 -3.569999999999999840e-01
-6.492000000000000171e+01 2.044000000000000039e+00 -3.584000000000000075e+00 -4.580000000000000182e-01
6.464000000000000057e+01 -1.609900000000000020e+01 -6.299000000000000377e+00 -4.069999999999999729e-01
1.175799999999999983e+02 -4.010199999999999676e+01 -1.041300000000000026e+01 -3.599999999999999867e-01
5.704800000000000182e+01 -6.173599999999999710e+01 -1.598199999999999932e+01 -4.010000000000000231e-01
-6.456000000000000227e+01 -6.515600000000000591e+01 -2.027599999999999980e+01 -4.430000000000000049e-01
-1.484859999999999900e+02 -4.861200000000000188e+01 -2.028800000000000026e+01 -3.940000000000000169e-01
-7.200799999999999557e+01 -2.373900000000000077e+01 -1.566499999999999915e+01 -2.869999999999999774e-01
2.186730000000000018e+02 5.916999999999999815e+00 -8.480000000000000426e+00 -1.930000000000000049e-01
5.527440000000000282e+02 3.909000000000000341e+01 -2.607000000000000206e+00 -1.449999999999999900e-01
6.065810000000000173e+02 5.127799999999999869e+01 -2.750999999999999890e+00 -1.660000000000000087e-01
2.923360000000000127e+02 1.648199999999999932e+01 -1.021299999999999919e+01 -2.680000000000000160e-01
-3.876400000000000290e+01 -3.953300000000000125e+01 -1.826300000000000168e+01 -3.659999999999999920e-01
-2.540899999999999892e+01 -5.731300000000000239e+01 -1.665500000000000114e+01 -3.140000000000000013e-01
1.891639999999999873e+02 -2.405000000000000071e+01 -4.044999999999999929e+00 -8.000000000000000167e-02
2.278559999999999945e+02 1.444500000000000028e+01 1.076099999999999923e+01 1.789999999999999925e-01
9.572700000000000387e+01 2.362800000000000011e+01 2.091499999999999915e+01 2.810000000000000275e-01
5.586299999999999955e+01 1.147300000000000075e+01 2.457700000000000173e+01 2.139999999999999958e-01
9.040699999999999648e+01 -6.416000000000000369e+00 1.923999999999999844e+01 1.069999999999999979e-01
-4.285999999999999588e+00 -2.732499999999999929e+01 5.727999999999999758e+00 6.300000000000000044e-02
-1.734350000000000023e+02 -4.892300000000000182e+01 -7.211000000000000298e+00 6.500000000000000222e-02
-2.117259999999999991e+02 -6.572799999999999443e+01 -1.193599999999999994e+01 4.900000000000000189e-02
-1.399579999999999984e+02 -7.604900000000000659e+01 -1.030400000000000027e+01 3.000000000000000062e-03
-1.190270000000000010e+02 -8.164700000000000557e+01 -9.705999999999999517e+00 -6.300000000000000044e-02
-1.612669999999999959e+02 -8.553400000000000603e+01 -1.589799999999999969e+01 -1.819999999999999951e-01
-1.835000000000000000e+02 -8.845399999999999352e+01 -2.755699999999999861e+01 -3.770000000000000018e-01
-1.863199999999999932e+02 -8.449099999999999966e+01 -3.442699999999999960e+01 -5.629999999999999449e-01
-2.025680000000000121e+02 -6.906000000000000227e+01 -2.730499999999999972e+01 -5.999999999999999778e-01
-1.994770000000000039e+02 -4.785600000000000165e+01 -1.018900000000000006e+01 -4.239999999999999880e-01
-1.417520000000000095e+02 -2.741199999999999903e+01 4.924000000000000377e+00 -1.360000000000000098e-01
-5.296500000000000341e+01 -6.650999999999999801e+00 1.108000000000000007e+01 7.900000000000000078e-02
2.613200000000000145e+01 1.409999999999999964e+01 9.096000000000000085e+00 1.229999999999999982e-01
7.390300000000000580e+01 2.735200000000000031e+01 3.962000000000000188e+00 6.400000000000000133e-02
9.402299999999999613e+01 2.696699999999999875e+01 1.004000000000000004e+00 5.000000000000000104e-03
1.044650000000000034e+02 1.601300000000000168e+01 1.518000000000000016e+00 -4.399999999999999745e-02
8.585099999999999909e+01 4.339999999999999858e+00 2.205000000000000071e+00 -1.089999999999999997e-01
-1.545899999999999963e+01 2.999999999999999889e-02 2.129999999999999949e-01 -1.390000000000000124e-01
-1.708249999999999886e+02 6.081000000000000405e+00 -2.517999999999999794e+00 -4.499999999999999833e-02
-2.307379999999999995e+02 2.380099999999999838e+01 -2.188000000000000167e+00 1.529999999999999971e-01
-9.952599999999999625e+01 4.911099999999999710e+01 3.950000000000000178e-01 2.949999999999999845e-01
1.059219999999999970e+02 6.674500000000000455e+01 1.479999999999999982e+00 2.919999999999999818e-01
1.807690000000000055e+02 6.192600000000000193e+01 1.391999999999999904e+00 2.469999999999999973e-01
8.724099999999999966e+01 3.694299999999999784e+01 2.084000000000000075e+00 2.419999999999999929e-01
-2.965500000000000114e+01 8.137999999999999901e+00 7.009999999999999565e-01 1.990000000000000102e-01
-6.311399999999999721e+01 -9.146000000000000796e+00 -4.873999999999999666e+00 7.699999999999999900e-02
-4.522500000000000142e+01 -8.647000000000000242e+00 -8.567999999999999616e+00 5.000000000000000104e-03
-2.916700000000000159e+01 8.195999999999999730e+00 -3.626999999999999780e+00 8.599999999999999312e-02
-1.211999999999999966e+00 3.482699999999999818e+01 6.899000000000000021e+00 2.349999999999999867e-01
7.737900000000000489e+01 5.919899999999999807e+01 1.453599999999999959e+01 3.089999999999999969e-01
2.062729999999999961e+02 6.842900000000000205e+01 1.620299999999999940e+01 2.770000000000000240e-01
3.088129999999999882e+02 6.096000000000000085e+01 1.484399999999999942e+01 1.980000000000000093e-01
2.705579999999999927e+02 4.854899999999999949e+01 1.271199999999999974e+01 1.089999999999999997e-01
8.508400000000000318e+01 4.087899999999999778e+01 9.390000000000000568e+00 1.700000000000000122e-02
-9.585999999999999943e+01 3.613600000000000279e+01 5.096000000000000085e+00 -5.099999999999999672e-02
-1.451759999999999877e+02 3.133999999999999986e+01 1.945999999999999952e+00 -3.599999999999999728e-02
-9.458299999999999841e+01 2.968700000000000117e+01 1.314999999999999947e+00 8.899999999999999578e-02
-1.282099999999999973e+01 3.157799999999999940e+01 3.040000000000000036e+00 2.489999999999999991e-01
1.050360000000000014e+02 3.197299999999999898e+01 7.687000000000000277e+00 3.499999999999999778e-01
2.397729999999999961e+02 2.925000000000000000e+01 1.481799999999999962e+01 3.649999999999999911e-01
2.803029999999999973e+02 2.411299999999999955e+01 1.965700000000000003e+01 2.979999999999999871e-01
1.667560000000000002e+02 1.557099999999999973e+01 1.794399999999999906e+01 1.729999999999999871e-01
1.108200000000000074e+01 8.159000000000000696e+00 1.214100000000000001e+01 6.199999999999999956e-02
-4.045900000000000318e+01 9.332000000000000739e+00 7.081999999999999851e+00 8.999999999999999320e-03
-2.653000000000000025e+00 1.369999999999999929e+01 3.537999999999999812e+00 -2.400000000000000050e-02
6.350999999999999979e+00 8.471999999999999531e+00 3.840000000000000080e-01 -5.299999999999999850e-02
-4.161200000000000188e+01 -4.421999999999999709e+00 -2.105999999999999872e+00 -2.000000000000000042e-02
-7.191100000000000136e+01 -1.198900000000000077e+01 -3.821000000000000174e+00 7.299999999999999545e-02
-4.643299999999999983e+01 -1.320199999999999996e+01 -5.376999999999999780e+00 1.350000000000000089e-01
-5.625000000000000000e+00 -1.782700000000000173e+01 -6.201999999999999957e+00 1.170000000000000068e-01
1.125099999999999945e+01 -2.552700000000000102e+01 -4.820000000000000284e+00 5.700000000000000205e-02
5.072000000000000064e+00 -2.535800000000000054e+01 -1.764000000000000012e+00 -8.999999999999999320e-03
-1.743499999999999872e+01 -1.408200000000000074e+01 -4.959999999999999964e-01 -6.800000000000000488e-02
-5.539699999999999847e+01 -9.800000000000000377e-02 -3.319999999999999840e+00 -1.130000000000000032e-01
-9.091299999999999670e+01 8.967000000000000526e+00 -7.405000000000000249e+00 -1.360000000000000098e-01
-9.648600000000000421e+01 1.226299999999999990e+01 -8.481999999999999318e+00 -1.300000000000000044e-01
-7.052400000000000091e+01 1.097799999999999976e+01 -7.642999999999999794e+00 -9.199999999999999845e-02
-4.434199999999999875e+01 5.982000000000000206e+00 -9.304999999999999716e+00 -5.600000000000000117e-02
-4.736599999999999966e+01 1.387000000000000011e+00 -1.292699999999999960e+01 -3.599999999999999728e-02
-7.442199999999999704e+01 2.556999999999999940e+00 -1.311899999999999977e+01 8.000000000000000167e-03
-9.547400000000000375e+01 6.091000000000000192e+00 -8.430999999999999162e+00 7.399999999999999634e-02
-8.971599999999999397e+01 5.979999999999999760e-01 -3.883000000000000007e+00 8.599999999999999312e-02
-6.208899999999999864e+01 -1.654299999999999926e+01 -3.705000000000000071e+00 2.400000000000000050e-02
-3.306499999999999773e+01 -3.446999999999999886e+01 -6.650999999999999801e+00 -3.400000000000000244e-02
-1.676300000000000168e+01 -4.553300000000000125e+01 -9.163999999999999702e+00 -6.800000000000000488e-02
-1.038199999999999967e+01 -5.223299999999999699e+01 -8.531000000000000583e+00 -1.570000000000000007e-01
-3.315999999999999837e+00 -5.484199999999999875e+01 -3.198999999999999844e+00 -2.800000000000000266e-01
1.453200000000000003e+01 -4.838000000000000256e+01 4.918999999999999595e+00 -2.939999999999999836e-01
4.656799999999999784e+01 -3.390400000000000347e+01 9.817000000000000171e+00 -1.509999999999999953e-01
7.184699999999999420e+01 -1.876699999999999946e+01 8.721000000000000085e+00 1.200000000000000025e-02
5.137199999999999989e+01 -7.238999999999999879e+00 6.722000000000000419e+00 8.000000000000000167e-02
-2.579400000000000048e+01 -2.615000000000000213e+00 8.195999999999999730e+00 8.799999999999999489e-02
-1.212349999999999994e+02 -1.059600000000000009e+01 9.464000000000000412e+00 8.999999999999999667e-02
-1.778509999999999991e+02 -2.945700000000000074e+01 5.937000000000000277e+00 3.099999999999999978e-02
-1.664960000000000093e+02 -4.853699999999999903e+01 -8.599999999999999312e-02 -1.340000000000000080e-01
-1.150960000000000036e+02 -6.268399999999999750e+01 -3.701999999999999957e+00 -2.919999999999999818e-01
-7.942100000000000648e+01 -7.255299999999999727e+01 -3.500000000000000000e+00 -2.730000000000000204e-01
-7.839600000000000080e+01 -7.176399999999999579e+01 -5.819999999999999618e-01 -8.599999999999999312e-02
-7.644100000000000250e+01 -5.442099999999999937e+01 3.124000000000000110e+00 7.299999999999999545e-02
-1.860900000000000176e+01 -2.858599999999999852e+01 5.943999999999999950e+00 7.599999999999999811e-02
1.103329999999999984e+02 -2.895999999999999908e+00 9.394999999999999574e+00 3.099999999999999978e-02
2.421279999999999859e+02 2.545899999999999963e+01 1.492200000000000060e+01 8.400000000000000522e-02
2.832620000000000005e+02 5.451100000000000279e+01 1.744000000000000128e+01 1.590000000000000024e-01
2.276829999999999927e+02 6.914400000000000546e+01 1.143500000000000050e+01 8.300000000000000433e-02
1.561169999999999902e+02 5.984199999999999875e+01 8.269999999999999574e-01 -9.600000000000000200e-02
1.365500000000000114e+02 3.434599999999999653e+01 -6.671000000000000263e+00 -1.590000000000000024e-01
1.641090000000000089e+02 5.432999999999999829e+00 -1.054700000000000060e+01 -4.800000000000000100e-02
1.696670000000000016e+02 -2.121600000000000108e+01 -1.559200000000000053e+01 5.500000000000000028e-02
7.369299999999999784e+01 -4.271900000000000119e+01 -2.292899999999999849e+01 -2.100000000000000130e-02
-1.500910000000000082e+02 -5.653999999999999915e+01 -2.869200000000000017e+01 -2.389999999999999902e-01
-4.569900000000000091e+02 -7.100799999999999557e+01 -3.034299999999999997e+01 -4.620000000000000218e-01
-7.610599999999999454e+02 -9.656300000000000239e+01 -2.904599999999999937e+01 -6.139999999999999902e-01
-9.826219999999999573e+02 -1.147729999999999961e+02 -2.511599999999999966e+01 -6.350000000000000089e-01
-1.056497000000000071e+03 -8.862199999999999989e+01 -1.637199999999999989e+01 -4.380000000000000004e-01
-8.847690000000000055e+02 -1.183799999999999919e+01 -2.411000000000000032e+00 -1.799999999999999864e-02
-4.081039999999999850e+02 8.799200000000000443e+01 1.352899999999999991e+01 5.070000000000000062e-01
2.145920000000000130e+02 1.824130000000000109e+02 2.620299999999999940e+01 9.569999999999999618e-01
7.026019999999999754e+02 2.423799999999999955e+02 2.939999999999999858e+01 1.122000000000000108e+00
9.682380000000000564e+02 2.419199999999999875e+02 2.111599999999999966e+01 9.080000000000000293e-01
1.088020999999999958e+03 1.877220000000000084e+02 8.787000000000000810e+00 4.799999999999999822e-01
1.008094000000000051e+03 1.090840000000000032e+02 9.499999999999999556e-01 5.500000000000000028e-02
6.122949999999999591e+02 2.840399999999999991e+01 -2.576000000000000068e+00 -3.079999999999999960e-01
6.130899999999999750e+01 -2.931700000000000017e+01 -4.881999999999999673e+00 -5.570000000000000506e-01
-2.547259999999999991e+02 -3.984799999999999898e+01 -5.774000000000000021e+00 -5.759999999999999565e-01
-1.245450000000000017e+02 -1.648199999999999932e+01 -4.793000000000000149e+00 -3.609999999999999876e-01
3.004180000000000064e+02 1.199999999999999956e-01 -5.580000000000000515e-01 -4.900000000000000189e-02
7.095099999999999909e+02 -4.038999999999999702e+00 9.974999999999999645e+00 2.220000000000000029e-01
9.157509999999999764e+02 -8.477000000000000313e+00 2.448900000000000077e+01 3.750000000000000000e-01
9.211150000000000091e+02 3.674999999999999822e+00 3.534499999999999886e+01 4.060000000000000275e-01
7.806119999999999663e+02 2.750600000000000023e+01 3.929500000000000171e+01 4.099999999999999756e-01
5.277540000000000191e+02 4.518500000000000227e+01 3.802400000000000091e+01 4.670000000000000262e-01
2.208700000000000045e+02 4.032699999999999818e+01 3.151800000000000068e+01 5.210000000000000187e-01
-6.781000000000000227e+01 1.372000000000000064e+01 1.926899999999999835e+01 4.450000000000000067e-01
-2.984239999999999782e+02 -1.332499999999999929e+01 4.277999999999999581e+00 2.059999999999999887e-01
-4.266650000000000205e+02 -2.138599999999999923e+01 -9.448000000000000398e+00 -9.700000000000000289e-02
-4.104920000000000186e+02 -1.848199999999999932e+01 -2.102499999999999858e+01 -3.760000000000000009e-01
-3.144359999999999786e+02 -2.873600000000000065e+01 -3.100700000000000145e+01 -6.009999999999999787e-01
-2.768629999999999995e+02 -5.240699999999999648e+01 -3.689300000000000068e+01 -6.870000000000000551e-01
-3.281089999999999804e+02 -5.944200000000000017e+01 -3.472699999999999676e+01 -5.669999999999999485e-01
-3.673700000000000045e+02 -3.297500000000000142e+01 -2.475600000000000023e+01 -3.190000000000000058e-01
-3.267189999999999941e+02 3.908999999999999808e+00 -1.145899999999999963e+01 -8.100000000000000255e-02
-2.634479999999999791e+02 1.661199999999999832e+01 4.299999999999999656e-02 8.599999999999999312e-02
-2.851499999999999773e+02 -4.753999999999999559e+00 5.086000000000000298e+00 1.380000000000000115e-01
-3.997810000000000059e+02 -4.291400000000000148e+01 1.963999999999999968e+00 7.000000000000000146e-03
-4.842819999999999823e+02 -7.104500000000000171e+01 -4.325999999999999623e+00 -2.540000000000000036e-01
-4.549909999999999854e+02 -7.288299999999999557e+01 -6.168000000000000149e+00 -4.209999999999999853e-01
-3.794549999999999841e+02 -5.683899999999999864e+01 -2.664000000000000146e+00 -3.709999999999999964e-01
-3.482590000000000146e+02 -4.750099999999999767e+01 -4.020000000000000240e-01 -2.700000000000000178e-01
-3.433650000000000091e+02 -5.880599999999999739e+01 -4.384999999999999787e+00 -3.200000000000000067e-01
-3.036250000000000000e+02 -8.168300000000000693e+01 -1.197300000000000075e+01 -4.660000000000000253e-01
-2.406860000000000070e+02 -9.740699999999999648e+01 -1.678900000000000148e+01 -5.230000000000000204e-01
-2.221959999999999980e+02 -9.617300000000000182e+01 -1.695100000000000051e+01 -4.719999999999999751e-01
-2.707219999999999800e+02 -8.419299999999999784e+01 -1.700799999999999912e+01 -4.779999999999999805e-01
-3.341170000000000186e+02 -7.150700000000000500e+01 -1.962300000000000111e+01 -6.199999999999999956e-01
-3.559909999999999854e+02 -5.319500000000000028e+01 -1.972400000000000020e+01 -7.409999999999999920e-01
-3.114139999999999873e+02 -1.675000000000000000e+01 -1.128999999999999915e+01 -6.129999999999999893e-01
-1.581239999999999952e+02 3.465699999999999648e+01 6.224999999999999645e+00 -2.000000000000000111e-01
1.242890000000000015e+02 8.190999999999999659e+01 2.821499999999999986e+01 3.280000000000000138e-01
4.060430000000000064e+02 1.046880000000000024e+02 4.311500000000000199e+01 7.349999999999999867e-01
4.826399999999999864e+02 9.421800000000000352e+01 3.836599999999999966e+01 8.910000000000000142e-01
3.078349999999999795e+02 6.516700000000000159e+01 1.798600000000000065e+01 8.579999999999999849e-01
2.255199999999999960e+01 4.375200000000000244e+01 2.291999999999999815e+00 7.770000000000000240e-01
-1.882429999999999950e+02 3.335600000000000165e+01 3.039000000000000146e+00 6.610000000000000320e-01
-2.035229999999999961e+02 1.189300000000000068e+01 9.885999999999999233e+00 4.410000000000000031e-01
-6.064999999999999858e+01 -2.934700000000000131e+01 6.256000000000000227e+00 1.559999999999999998e-01
6.201899999999999835e+01 -6.837399999999999523e+01 -9.849000000000000199e+00 -7.799999999999999989e-02
7.097799999999999443e+01 -8.203799999999999670e+01 -2.543199999999999861e+01 -2.250000000000000056e-01
7.581600000000000250e+01 -6.786499999999999488e+01 -2.736499999999999844e+01 -2.369999999999999885e-01
1.907150000000000034e+02 -3.197700000000000031e+01 -1.389799999999999969e+01 1.799999999999999864e-02
3.561600000000000250e+02 1.729400000000000048e+01 5.584999999999999964e+00 4.839999999999999858e-01
4.274150000000000205e+02 6.083700000000000330e+01 1.905699999999999861e+01 7.770000000000000240e-01
3.186080000000000041e+02 7.674500000000000455e+01 1.973799999999999955e+01 6.129999999999999893e-01
5.701400000000000290e+01 6.364999999999999858e+01 8.958000000000000185e+00 1.749999999999999889e-01
-2.020709999999999980e+02 4.722099999999999653e+01 -5.227000000000000313e+00 -1.429999999999999882e-01
-2.735199999999999818e+02 5.514099999999999824e+01 -1.339600000000000080e+01 -1.849999999999999978e-01
-1.451450000000000102e+02 8.490300000000000580e+01 -1.138899999999999935e+01 -7.399999999999999634e-02
1.589799999999999969e+01 1.083840000000000003e+02 -1.875000000000000000e+00 3.799999999999999906e-02
1.124330000000000069e+02 1.099200000000000017e+02 1.024399999999999977e+01 1.039999999999999952e-01
2.050900000000000034e+02 9.839799999999999613e+01 2.114300000000000068e+01 1.539999999999999980e-01
3.198740000000000236e+02 8.116299999999999670e+01 2.661299999999999955e+01 2.369999999999999885e-01
3.864809999999999945e+02 5.597399999999999665e+01 2.351899999999999835e+01 3.629999999999999893e-01
4.004590000000000032e+02 3.119600000000000151e+01 1.519999999999999929e+01 4.819999999999999840e-01
4.443100000000000023e+02 2.265399999999999991e+01 8.426999999999999602e+00 5.130000000000000115e-01
5.033709999999999809e+02 2.323400000000000176e+01 3.104000000000000092e+00 3.830000000000000071e-01
4.249449999999999932e+02 2.625000000000000000e+00 -6.427999999999999936e+00 8.200000000000000344e-02
1.468340000000000032e+02 -4.736099999999999710e+01 -1.868700000000000117e+01 -2.700000000000000178e-01
-1.608120000000000118e+02 -8.967499999999999716e+01 -2.394800000000000040e+01 -4.729999999999999760e-01
-3.099039999999999964e+02 -9.041800000000000637e+01 -1.786700000000000088e+01 -4.420000000000000040e-01
-3.235090000000000146e+02 -6.880400000000000205e+01 -7.391000000000000014e+00 -2.909999999999999809e-01
-3.017119999999999891e+02 -6.313499999999999801e+01 -1.520000000000000018e+00 -1.799999999999999933e-01
-2.206109999999999900e+02 -6.948799999999999955e+01 -2.125000000000000000e+00 -1.400000000000000133e-01
-1.852400000000000091e+01 -5.369400000000000261e+01 -4.206000000000000405e+00 -8.899999999999999578e-02
2.472920000000000016e+02 -1.047400000000000020e+01 -3.192000000000000171e+00 1.000000000000000021e-03
4.102389999999999759e+02 2.087900000000000134e+01 -1.542000000000000037e+00 2.199999999999999872e-02
3.236469999999999914e+02 3.898000000000000131e+00 -4.192999999999999616e+00 -1.059999999999999970e-01
1.497600000000000087e+01 -4.907000000000000028e+01 -9.186999999999999389e+00 -2.660000000000000142e-01
-3.149529999999999745e+02 -9.676800000000000068e+01 -1.201299999999999990e+01 -3.220000000000000084e-01
-4.874019999999999868e+02 -1.225139999999999958e+02 -1.517999999999999972e+01 -3.669999999999999929e-01
-4.481200000000000045e+02 -1.352769999999999868e+02 -2.176699999999999946e+01 -5.230000000000000204e-01
-2.084070000000000107e+02 -1.284319999999999879e+02 -2.482700000000000173e+01 -6.510000000000000231e-01
1.443180000000000121e+02 -8.234499999999999886e+01 -1.532300000000000040e+01 -5.170000000000000151e-01
4.443659999999999854e+02 -5.442999999999999616e+00 3.334000000000000075e+00 -1.179999999999999938e-01
5.965919999999999845e+02 6.821299999999999386e+01 1.982999999999999829e+01 3.810000000000000053e-01
6.134379999999999882e+02 1.164770000000000039e+02 2.990800000000000125e+01 8.399999999999999689e-01
5.045380000000000109e+02 1.333489999999999895e+02 3.467099999999999937e+01 1.066999999999999948e+00
3.262330000000000041e+02 1.185070000000000050e+02 3.117999999999999972e+01 8.569999999999999840e-01
2.159410000000000025e+02 8.839400000000000546e+01 1.947899999999999920e+01 3.689999999999999947e-01
1.815749999999999886e+02 6.669499999999999318e+01 8.708999999999999631e+00 7.599999999999999811e-02
5.567600000000000193e+01 5.290699999999999648e+01 4.019999999999999574e+00 1.509999999999999953e-01
-2.263089999999999975e+02 3.139000000000000057e+01 1.397000000000000020e+00 3.400000000000000244e-01
-5.203540000000000418e+02 3.085999999999999854e+00 1.140000000000000041e-01 4.079999999999999738e-01
-6.771689999999999827e+02 -1.838599999999999923e+01 3.467000000000000082e+00 2.740000000000000213e-01
-6.532569999999999482e+02 -2.609900000000000020e+01 7.908999999999999808e+00 -6.900000000000000577e-02
-4.425670000000000073e+02 -1.984199999999999875e+01 6.556000000000000050e+00 -4.809999999999999831e-01
-9.822199999999999420e+01 -2.346999999999999975e+00 1.612999999999999989e+00 -7.009999999999999565e-01
1.841059999999999945e+02 1.691600000000000037e+01 1.469999999999999973e+00 -5.989999999999999769e-01
2.064180000000000064e+02 2.443400000000000105e+01 5.506000000000000227e+00 -3.350000000000000200e-01
2.852499999999999858e+01 1.791000000000000014e+01 3.963000000000000078e+00 -1.739999999999999880e-01
-9.851500000000000057e+01 1.499300000000000033e+01 -4.600999999999999979e+00 -1.749999999999999889e-01
-8.602299999999999613e+01 3.108099999999999952e+01 -9.976000000000000867e+00 -2.290000000000000091e-01
-6.619100000000000250e+01 5.411699999999999733e+01 -7.105999999999999872e+00 -3.459999999999999742e-01
-8.795499999999999829e+01 6.436299999999999955e+01 -1.568999999999999950e+00 -5.530000000000000471e-01
-5.413300000000000267e+01 6.311099999999999710e+01 1.979000000000000092e+00 -6.400000000000000133e-01
2.342299999999999827e+01 5.641100000000000136e+01 3.876999999999999780e+00 -4.010000000000000231e-01
1.554599999999999937e+01 3.528199999999999648e+01 3.629999999999999893e+00 -3.200000000000000067e-02
-7.382599999999999341e+01 -3.996999999999999886e+00 -2.500000000000000139e-02 1.100000000000000006e-01
-1.119569999999999936e+02 -4.408200000000000074e+01 -4.714999999999999858e+00 7.000000000000000146e-03
-7.236100000000000421e+01 -6.879200000000000159e+01 -6.474999999999999645e+00 -8.300000000000000433e-02
-5.437299999999999756e+01 -7.939199999999999591e+01 -4.881999999999999673e+00 -4.399999999999999745e-02
-9.075100000000000477e+01 -7.890800000000000125e+01 -3.081999999999999851e+00 1.899999999999999953e-02
-1.060460000000000065e+02 -6.489400000000000546e+01 -4.043999999999999595e+00 3.099999999999999978e-02
-6.416400000000000148e+01 -4.503000000000000114e+01 -7.325000000000000178e+00 4.000000000000000083e-02
-2.565500000000000114e+01 -3.629999999999999716e+01 -9.583999999999999631e+00 8.999999999999999667e-02
-4.212400000000000233e+01 -4.249099999999999966e+01 -9.281000000000000583e+00 1.209999999999999964e-01
-8.600600000000000023e+01 -4.893900000000000006e+01 -8.858000000000000540e+00 7.000000000000000666e-02
-1.030300000000000011e+02 -4.271500000000000341e+01 -1.076299999999999990e+01 -1.499999999999999944e-02
-7.604999999999999716e+01 -2.695700000000000074e+01 -1.384699999999999953e+01 -3.300000000000000155e-02
-2.944099999999999895e+01 -1.328599999999999959e+01 -1.495299999999999940e+01 6.000000000000000125e-03
-9.090999999999999304e+00 -9.756000000000000227e+00 -1.246700000000000053e+01 1.400000000000000029e-02
-4.686999999999999744e+01 -1.866600000000000037e+01 -7.980999999999999872e+00 -1.200000000000000025e-02
-1.172750000000000057e+02 -3.537899999999999778e+01 -5.384999999999999787e+00 4.000000000000000083e-03
-1.722529999999999859e+02 -4.571399999999999864e+01 -6.578000000000000291e+00 5.099999999999999672e-02
-2.197270000000000039e+02 -3.613300000000000267e+01 -6.983999999999999986e+00 5.600000000000000117e-02
-2.730269999999999868e+02 -1.207600000000000051e+01 -2.300000000000000100e-01 5.999999999999999778e-02
-2.592620000000000005e+02 3.926000000000000156e+00 1.106400000000000006e+01 1.509999999999999953e-01
-1.180900000000000034e+02 -7.980000000000000426e-01 1.654899999999999949e+01 2.530000000000000027e-01
7.822799999999999443e+01 -1.256199999999999939e+01 1.222600000000000087e+01 2.349999999999999867e-01
2.347969999999999970e+02 -9.394000000000000128e+00 5.269000000000000128e+00 1.509999999999999953e-01
3.391050000000000182e+02 1.000300000000000011e+01 2.202999999999999847e+00 1.360000000000000098e-01
3.783609999999999900e+02 2.572500000000000142e+01 8.020000000000000462e-01 1.630000000000000060e-01
3.411329999999999814e+02 2.746900000000000119e+01 -1.647999999999999909e+00 1.320000000000000062e-01
3.072509999999999764e+02 2.914199999999999946e+01 -1.536000000000000032e+00 8.000000000000000167e-02
3.293779999999999859e+02 4.028199999999999648e+01 3.111000000000000210e+00 1.019999999999999934e-01
3.075969999999999800e+02 4.733700000000000330e+01 7.528999999999999915e+00 1.990000000000000102e-01
1.643940000000000055e+02 3.944800000000000040e+01 8.356999999999999318e+00 3.420000000000000262e-01
3.021999999999999797e+00 2.536299999999999955e+01 7.543000000000000149e+00 4.699999999999999734e-01
-4.730400000000000205e+01 1.555400000000000027e+01 6.051999999999999602e+00 4.299999999999999933e-01
3.334999999999999964e+00 1.282399999999999984e+01 2.616999999999999993e+00 1.789999999999999925e-01
7.663299999999999557e+01 1.892500000000000071e+01 -9.689999999999999725e-01 -2.500000000000000139e-02
1.215600000000000023e+02 2.943900000000000006e+01 -1.046000000000000041e+00 3.500000000000000333e-02
1.031730000000000018e+02 3.158699999999999974e+01 1.639999999999999902e+00 1.739999999999999880e-01
2.169800000000000040e+01 2.337900000000000134e+01 3.144000000000000128e+00 1.089999999999999997e-01
-4.791899999999999693e+01 2.059100000000000108e+01 3.286999999999999922e+00 -7.599999999999999811e-02
-2.732999999999999829e+01 3.282500000000000284e+01 5.554000000000000270e+00 -1.110000000000000014e-01
5.368800000000000239e+01 4.902700000000000102e+01 1.014400000000000013e+01 1.400000000000000029e-02
8.084900000000000375e+01 5.402799999999999869e+01 1.225600000000000023e+01 1.110000000000000014e-01
3.221000000000000085e+00 4.417900000000000205e+01 8.512999999999999901e+00 1.049999999999999961e-01
-9.937199999999999989e+01 2.618199999999999861e+01 2.108999999999999986e+00 5.999999999999999778e-02
-1.296930000000000121e+02 1.129199999999999982e+01 -1.435000000000000053e+00 3.000000000000000062e-03
-9.914700000000000557e+01 4.527999999999999581e+00 -2.545999999999999819e+00 -8.799999999999999489e-02
-9.055100000000000193e+01 -1.131999999999999895e+00 -5.626999999999999780e+00 -1.910000000000000031e-01
-1.350149999999999864e+02 -8.858999999999999986e+00 -8.893000000000000682e+00 -2.449999999999999956e-01
-1.812889999999999873e+02 -8.055999999999999162e+00 -5.716000000000000192e+00 -2.399999999999999911e-01
-1.622189999999999941e+02 5.637999999999999901e+00 3.311999999999999833e+00 -2.129999999999999949e-01
-5.695199999999999818e+01 1.947200000000000131e+01 1.019200000000000017e+01 -1.489999999999999936e-01
7.559099999999999397e+01 2.406299999999999883e+01 1.117200000000000060e+01 -5.000000000000000104e-03
1.161949999999999932e+02 2.141000000000000014e+01 9.593999999999999417e+00 1.409999999999999865e-01
-1.727000000000000091e+00 9.474999999999999645e+00 8.852000000000000313e+00 1.340000000000000080e-01
-1.975089999999999861e+02 -1.514100000000000001e+01 8.510999999999999233e+00 -1.799999999999999864e-02
-3.275090000000000146e+02 -4.614800000000000324e+01 4.533999999999999808e+00 -1.620000000000000051e-01
-3.367269999999999754e+02 -7.812900000000000489e+01 -7.317999999999999616e+00 -2.829999999999999738e-01
-2.393199999999999932e+02 -1.069759999999999991e+02 -2.307400000000000162e+01 -4.410000000000000031e-01
-5.034599999999999653e+01 -1.156749999999999972e+02 -3.052100000000000080e+01 -5.210000000000000187e-01
1.214650000000000034e+02 -9.388100000000000023e+01 -2.543599999999999994e+01 -4.159999999999999809e-01
1.031359999999999957e+02 -6.244400000000000261e+01 -1.865700000000000003e+01 -3.069999999999999951e-01
-8.029000000000000625e+01 -4.584499999999999886e+01 -1.895299999999999940e+01 -3.880000000000000115e-01
-2.514019999999999868e+02 -4.206900000000000261e+01 -2.171999999999999886e+01 -5.440000000000000391e-01
-3.982649999999999864e+02 -3.868399999999999750e+01 -2.071099999999999852e+01 -5.879999999999999671e-01
-5.604320000000000164e+02 -2.797800000000000153e+01 -1.619999999999999929e+01 -5.220000000000000195e-01
-5.304070000000000391e+02 2.479000000000000092e+00 -7.198999999999999844e+00 -3.750000000000000000e-01
-1.166299999999999955e+02 6.345799999999999841e+01 9.484999999999999432e+00 -5.299999999999999850e-02
4.677450000000000045e+02 1.344639999999999986e+02 2.716499999999999915e+01 3.840000000000000080e-01
8.476130000000000564e+02 1.639579999999999984e+02 3.086199999999999832e+01 5.849999999999999645e-01
9.073949999999999818e+02 1.279719999999999942e+02 1.924699999999999989e+01 3.900000000000000133e-01
7.383630000000000564e+02 7.039400000000000546e+01 1.003200000000000003e+01 1.739999999999999880e-01
4.442090000000000032e+02 4.363400000000000034e+01 1.307799999999999940e+01 2.580000000000000071e-01
1.678890000000000100e+02 3.261699999999999733e+01 1.574099999999999966e+01 3.679999999999999938e-01
7.445900000000000318e+01 -8.310000000000000497e+00 6.833000000000000185e+00 1.640000000000000069e-01
1.711719999999999970e+02 -6.835099999999999909e+01 -4.572000000000000064e+00 -1.270000000000000018e-01
2.748079999999999927e+02 -9.290699999999999648e+01 -6.112000000000000099e+00 -1.079999999999999988e-01
2.419929999999999950e+02 -6.798199999999999932e+01 -4.289999999999999925e-01 1.559999999999999998e-01
1.316080000000000041e+02 -3.232699999999999818e+01 2.907999999999999918e+00 3.170000000000000040e-01
7.354800000000000182e+01 -1.163799999999999990e+01 1.881999999999999895e+00 2.590000000000000080e-01
6.884099999999999397e+01 5.405999999999999694e+00 1.125000000000000000e+00 1.360000000000000098e-01
-7.099999999999999645e-01 2.685999999999999943e+01 2.061999999999999833e+00 8.999999999999999667e-02
-1.942959999999999923e+02 3.824099999999999966e+01 4.520000000000000129e-01 1.219999999999999973e-01
-4.230240000000000009e+02 2.578399999999999892e+01 -6.591999999999999638e+00 1.239999999999999991e-01
-5.630689999999999600e+02 -6.665000000000000036e+00 -1.587299999999999933e+01 -1.499999999999999944e-02
-5.868590000000000373e+02 -4.388600000000000279e+01 -2.193499999999999872e+01 -2.510000000000000009e-01
-5.401789999999999736e+02 -7.274599999999999511e+01 -2.257199999999999918e+01 -4.060000000000000275e-01
-4.441720000000000255e+02 -8.781799999999999784e+01 -1.888500000000000156e+01 -3.739999999999999991e-01
-2.641600000000000250e+02 -8.114000000000000057e+01 -1.106099999999999994e+01 -2.010000000000000120e-01
3.306099999999999994e+01 -3.745799999999999841e+01 2.959000000000000075e+00 5.600000000000000117e-02
3.856639999999999873e+02 3.761899999999999977e+01 2.116700000000000159e+01 3.689999999999999947e-01
6.206180000000000518e+02 9.776200000000000045e+01 3.361399999999999721e+01 6.139999999999999902e-01
6.104479999999999791e+02 1.006659999999999968e+02 3.142599999999999838e+01 6.059999999999999831e-01
4.233589999999999804e+02 5.857000000000000028e+01 1.697500000000000142e+01 3.170000000000000040e-01
2.062299999999999898e+02 1.364799999999999969e+01 1.524000000000000021e+00 -3.599999999999999728e-02
-1.029700000000000060e+01 -1.041499999999999915e+01 -5.264999999999999680e+00 -1.789999999999999925e-01
-2.345879999999999939e+02 -1.436400000000000077e+01 -3.591000000000000192e+00 -6.900000000000000577e-02
-3.605830000000000268e+02 -1.271499999999999986e+01 -1.461000000000000076e+00 6.800000000000000488e-02
-3.140790000000000077e+02 -2.181400000000000006e+01 -4.818999999999999950e+00 5.700000000000000205e-02
-2.268629999999999995e+02 -3.945499999999999829e+01 -1.302200000000000024e+01 -3.699999999999999817e-02
-2.186920000000000073e+02 -4.653300000000000125e+01 -2.095499999999999829e+01 -9.299999999999999933e-02
-1.862239999999999895e+02 -3.432900000000000063e+01 -2.056400000000000006e+01 -6.900000000000000577e-02
-4.672200000000000131e+01 -1.201600000000000001e+01 -6.357999999999999652e+00 6.700000000000000400e-02
6.876800000000000068e+01 8.906000000000000583e+00 1.516300000000000026e+01 3.270000000000000129e-01
6.331300000000000239e+01 1.744000000000000128e+01 2.825900000000000034e+01 5.550000000000000488e-01
3.708100000000000307e+01 4.075000000000000178e+00 2.513500000000000156e+01 5.260000000000000231e-01
7.640000000000000568e+01 -2.264499999999999957e+01 1.409299999999999997e+01 2.520000000000000018e-01
1.242150000000000034e+02 -4.105799999999999983e+01 6.501000000000000334e+00 -3.599999999999999728e-02
1.312659999999999911e+02 -4.514000000000000057e+01 3.515000000000000124e+00 -2.109999999999999931e-01
1.223359999999999985e+02 -4.510499999999999687e+01 9.160000000000000364e-01 -3.170000000000000040e-01
6.594599999999999795e+01 -4.373599999999999710e+01 -1.272999999999999909e+00 -3.250000000000000111e-01
-1.023319999999999936e+02 -3.311399999999999721e+01 -8.599999999999999312e-02 -1.600000000000000033e-01
-2.700500000000000114e+02 -9.077999999999999403e+00 5.160999999999999588e+00 6.400000000000000133e-02
-2.069499999999999886e+02 2.204100000000000037e+01 1.160100000000000087e+01 1.250000000000000000e-01
8.321999999999999886e+01 4.702400000000000091e+01 1.442300000000000004e+01 1.600000000000000033e-02
3.293260000000000218e+02 5.567799999999999727e+01 1.119400000000000084e+01 -7.399999999999999634e-02
3.680769999999999982e+02 4.748599999999999710e+01 3.892999999999999794e+00 -8.300000000000000433e-02
2.703740000000000236e+02 2.185500000000000043e+01 -5.709999999999999964e+00 -1.680000000000000104e-01
8.788899999999999579e+01 -2.837099999999999866e+01 -1.858999999999999986e+01 -4.480000000000000093e-01
-2.186479999999999961e+02 -9.556199999999999761e+01 -3.314399999999999835e+01 -7.880000000000000338e-01
-5.762549999999999955e+02 -1.422779999999999916e+02 -4.179399999999999693e+01 -8.920000000000000151e-01
-7.916230000000000473e+02 -1.329979999999999905e+02 -3.698700000000000188e+01 -6.159999999999999920e-01
-7.957240000000000464e+02 -7.517100000000000648e+01 -1.915800000000000125e+01 -1.000000000000000056e-01
-6.742169999999999845e+02 -8.516999999999999460e+00 3.150999999999999801e+00 4.069999999999999729e-01
-4.342459999999999809e+02 4.171099999999999852e+01 1.952400000000000091e+01 7.159999999999999698e-01
-3.250000000000000000e+01 7.737500000000000000e+01 2.241700000000000159e+01 6.999999999999999556e-01
3.390289999999999964e+02 9.539799999999999613e+01 1.064499999999999957e+01 3.350000000000000200e-01
3.613940000000000055e+02 8.045300000000000296e+01 -7.107000000000000206e+00 -1.869999999999999996e-01
6.348199999999999932e+01 4.099099999999999966e+01 -1.751300000000000168e+01 -5.160000000000000142e-01
-1.286920000000000073e+02 1.560899999999999999e+01 -1.447499999999999964e+01 -3.930000000000000160e-01
8.904699999999999704e+01 3.035399999999999920e+01 -1.290000000000000036e+00 1.300000000000000044e-01
5.382480000000000473e+02 7.543399999999999750e+01 1.558999999999999986e+01 7.029999999999999583e-01
7.807509999999999764e+02 1.217780000000000058e+02 2.820400000000000063e+01 9.350000000000000533e-01
6.070940000000000509e+02 1.412630000000000052e+02 2.881500000000000128e+01 7.139999999999999680e-01
2.624159999999999968e+02 1.273919999999999959e+02 1.894300000000000139e+01 3.340000000000000191e-01
1.539929999999999950e+02 1.081400000000000006e+02 1.101900000000000013e+01 1.920000000000000040e-01
3.632219999999999800e+02 1.129140000000000015e+02 1.254899999999999949e+01 3.330000000000000182e-01
5.924400000000000546e+02 1.251269999999999953e+02 1.625900000000000034e+01 4.500000000000000111e-01
5.759170000000000300e+02 1.016959999999999980e+02 1.381300000000000061e+01 3.240000000000000102e-01
3.541329999999999814e+02 3.791499999999999915e+01 7.472000000000000419e+00 4.800000000000000100e-02
1.204099999999999966e+02 -2.578900000000000148e+01 7.600000000000000089e-01 -1.799999999999999933e-01
-4.103199999999999648e+01 -5.981000000000000227e+01 -7.854000000000000092e+00 -3.109999999999999987e-01
-1.671299999999999955e+02 -6.904300000000000637e+01 -1.668700000000000117e+01 -4.159999999999999809e-01
-2.648770000000000095e+02 -6.556900000000000261e+01 -2.070599999999999952e+01 -5.080000000000000071e-01
-2.943340000000000032e+02 -5.502300000000000324e+01 -2.133500000000000085e+01 -5.310000000000000275e-01
-2.647470000000000141e+02 -4.543599999999999994e+01 -2.414099999999999824e+01 -5.020000000000000018e-01
-2.213350000000000080e+02 -4.114699999999999847e+01 -2.771099999999999852e+01 -5.150000000000000133e-01
-1.671819999999999879e+02 -3.280700000000000216e+01 -2.507799999999999940e+01 -5.809999999999999609e-01
-1.072009999999999934e+02 -1.449099999999999966e+01 -1.640700000000000003e+01 -6.029999999999999805e-01
-1.239000000000000057e+02 -4.668000000000000149e+00 -1.165700000000000003e+01 -5.480000000000000426e-01
-2.756510000000000105e+02 -2.609900000000000020e+01 -1.612199999999999989e+01 -5.310000000000000275e-01
-4.499689999999999941e+02 -6.489100000000000534e+01 -2.058899999999999864e+01 -5.949999999999999734e-01
-4.542620000000000005e+02 -7.755899999999999750e+01 -1.329599999999999937e+01 -5.510000000000000453e-01
-2.358009999999999877e+02 -4.794500000000000028e+01 4.251000000000000334e+00 -2.310000000000000109e-01
7.822700000000000387e+01 -8.733000000000000540e+00 2.015099999999999980e+01 2.159999999999999976e-01
3.259440000000000168e+02 8.888999999999999346e+00 2.761899999999999977e+01 5.060000000000000053e-01
4.308120000000000118e+02 1.555700000000000038e+01 3.121000000000000085e+01 6.079999999999999849e-01
3.812230000000000132e+02 2.773300000000000054e+01 3.358400000000000318e+01 6.380000000000000115e-01
1.728569999999999993e+02 2.527100000000000080e+01 2.451300000000000168e+01 4.869999999999999885e-01
-1.239609999999999985e+02 -1.145100000000000051e+01 -1.812999999999999945e+00 2.000000000000000042e-02
-3.134309999999999832e+02 -4.977499999999999858e+01 -2.656500000000000128e+01 -4.390000000000000013e-01
-2.700860000000000127e+02 -4.378999999999999915e+01 -2.601999999999999957e+01 -4.050000000000000266e-01
-1.207510000000000048e+02 -5.868000000000000327e+00 -6.270999999999999908e+00 2.400000000000000050e-02
-5.293599999999999994e+01 1.153500000000000014e+01 5.341000000000000192e+00 2.640000000000000124e-01
-4.971399999999999864e+01 -9.019999999999999574e+00 -9.919999999999999929e-01 6.400000000000000133e-02
8.269999999999999574e+00 -3.599900000000000233e+01 -1.031400000000000006e+01 -2.409999999999999920e-01
9.804099999999999682e+01 -4.181300000000000239e+01 -1.100399999999999956e+01 -3.150000000000000022e-01
7.350400000000000489e+01 -3.750900000000000034e+01 -8.432000000000000384e+00 -2.449999999999999956e-01
-1.160630000000000024e+02 -4.753999999999999915e+01 -9.535999999999999588e+00 -2.310000000000000109e-01
-3.208659999999999854e+02 -6.359700000000000131e+01 -9.342999999999999972e+00 -1.789999999999999925e-01
-3.382900000000000205e+02 -5.090699999999999648e+01 8.709999999999999964e-01 1.059999999999999970e-01
-1.226320000000000050e+02 -7.995000000000000107e+00 1.835600000000000165e+01 5.180000000000000160e-01
2.068770000000000095e+02 2.178800000000000026e+01 3.006400000000000006e+01 7.610000000000000098e-01
4.861610000000000014e+02 1.473600000000000065e+01 2.795200000000000173e+01 7.489999999999999991e-01
5.610650000000000546e+02 -3.431000000000000050e+00 1.602199999999999847e+01 6.109999999999999876e-01
3.577769999999999868e+02 -4.403999999999999915e+00 4.035000000000000142e+00 4.689999999999999725e-01
1.694600000000000151e+01 9.080999999999999517e+00 -8.179999999999999494e-01 3.529999999999999805e-01
-1.728549999999999898e+02 2.365399999999999991e+01 7.880000000000000338e-01 2.399999999999999911e-01
-1.089819999999999993e+02 3.137699999999999889e+01 1.802000000000000046e+00 1.019999999999999934e-01
-4.829999999999999849e-01 2.220599999999999952e+01 -2.471999999999999975e+00 -3.300000000000000155e-02
-2.809400000000000119e+01 -5.758000000000000007e+00 -9.419999999999999929e+00 -1.479999999999999927e-01
-8.201800000000000068e+01 -3.256199999999999761e+01 -1.405599999999999916e+01 -2.770000000000000240e-01
-1.265799999999999947e+01 -4.143399999999999750e+01 -1.557499999999999929e+01 -4.259999999999999898e-01
6.489600000000000080e+01 -4.551899999999999835e+01 -1.661100000000000065e+01 -5.390000000000000346e-01
-6.914600000000000080e+01 -6.472299999999999898e+01 -1.769300000000000139e+01 -5.639999999999999458e-01
-4.098870000000000005e+02 -8.902800000000000580e+01 -1.507499999999999929e+01 -4.600000000000000200e-01
-7.396680000000000064e+02 -8.833899999999999864e+01 -3.551000000000000156e+00 -1.799999999999999933e-01
-8.558669999999999618e+02 -5.038700000000000045e+01 1.797599999999999909e+01 2.429999999999999938e-01
-6.614710000000000036e+02 8.249000000000000554e+00 4.086699999999999733e+01 6.239999999999999991e-01
-1.932870000000000061e+02 6.218399999999999750e+01 5.082399999999999807e+01 7.950000000000000400e-01
3.393000000000000114e+02 9.873099999999999454e+01 4.349499999999999744e+01 8.030000000000000471e-01
6.881159999999999854e+02 1.188659999999999997e+02 2.937399999999999878e+01 7.710000000000000187e-01
7.501989999999999554e+02 1.184699999999999989e+02 1.768100000000000094e+01 6.239999999999999991e-01
5.653079999999999927e+02 8.575600000000000023e+01 5.689000000000000057e+00 2.389999999999999902e-01
2.538979999999999961e+02 2.639999999999999858e+01 -1.089100000000000001e+01 -2.670000000000000151e-01
-2.608999999999999986e+01 -2.971699999999999875e+01 -2.734199999999999875e+01 -6.290000000000000036e-01
-1.722669999999999959e+02 -5.456199999999999761e+01 -3.508700000000000330e+01 -7.229999999999999760e-01
-1.868660000000000139e+02 -4.134100000000000108e+01 -3.123199999999999932e+01 -5.949999999999999734e-01
-1.266269999999999953e+02 -2.833000000000000185e+00 -1.911400000000000077e+01 -3.539999999999999813e-01
-2.568900000000000006e+01 3.748299999999999699e+01 -3.890000000000000124e+00 -1.140000000000000041e-01
1.300300000000000011e+02 6.091499999999999915e+01 8.989000000000000767e+00 4.200000000000000261e-02
3.225009999999999764e+02 6.850900000000000034e+01 1.516499999999999915e+01 1.100000000000000006e-01
4.456820000000000164e+02 7.198199999999999932e+01 1.494200000000000017e+01 1.360000000000000098e-01
4.126109999999999900e+02 7.028300000000000125e+01 1.279599999999999937e+01 1.529999999999999971e-01
2.534350000000000023e+02 5.253900000000000148e+01 1.121499999999999986e+01 1.849999999999999978e-01
5.613300000000000267e+01 2.278699999999999903e+01 8.153000000000000469e+00 2.340000000000000135e-01
-1.117890000000000015e+02 -4.159999999999999809e-01 2.262999999999999901e+00 2.500000000000000000e-01
-2.047330000000000041e+02 -8.803000000000000824e+00 -3.560999999999999943e+00 2.020000000000000129e-01
-1.984629999999999939e+02 -1.085999999999999943e+01 -6.602000000000000313e+00 1.170000000000000068e-01
-1.226710000000000065e+02 -1.653999999999999915e+01 -8.294999999999999929e+00 -0.000000000000000000e+00
-5.547299999999999898e+01 -2.760200000000000031e+01 -1.088199999999999967e+01 -1.529999999999999971e-01
-4.921200000000000330e+01 -3.877199999999999847e+01 -1.343599999999999994e+01 -2.700000000000000178e-01
-9.022299999999999898e+01 -4.259400000000000119e+01 -1.370100000000000051e+01 -2.869999999999999774e-01
-1.558160000000000025e+02 -3.926700000000000301e+01 -1.190199999999999925e+01 -2.510000000000000009e-01
-2.615049999999999955e+02 -4.265500000000000114e+01 -1.092399999999999949e+01 -2.670000000000000151e-01
-4.083419999999999845e+02 -6.515399999999999636e+01 -1.259699999999999953e+01 -3.639999999999999902e-01
-5.162740000000000009e+02 -9.592799999999999727e+01 -1.541399999999999970e+01 -4.610000000000000209e-01
-4.686390000000000100e+02 -1.093919999999999959e+02 -1.722200000000000131e+01 -4.749999999999999778e-01
-2.235790000000000077e+02 -9.587000000000000455e+01 -1.730499999999999972e+01 -4.239999999999999880e-01
1.417030000000000030e+02 -6.747199999999999420e+01 -1.416799999999999926e+01 -3.790000000000000036e-01
4.610149999999999864e+02 -3.603199999999999648e+01 -5.910999999999999588e+00 -3.360000000000000209e-01
5.679719999999999800e+02 -8.269999999999999574e-01 5.224000000000000199e+00 -2.349999999999999867e-01
4.538020000000000209e+02 4.449600000000000222e+01 1.408500000000000085e+01 -4.800000000000000100e-02
2.890629999999999882e+02 9.739199999999999591e+01 1.959799999999999898e+01 1.839999999999999969e-01
1.991289999999999907e+02 1.363969999999999914e+02 2.433999999999999986e+01 3.950000000000000178e-01
1.504290000000000020e+02 1.399269999999999925e+02 2.739600000000000080e+01 5.590000000000000524e-01
1.030390000000000015e+02 1.170139999999999958e+02 2.487099999999999866e+01 6.520000000000000240e-01
8.009199999999999875e+01 9.079600000000000648e+01 1.666000000000000014e+01 5.909999999999999698e-01
7.645600000000000307e+01 6.192000000000000171e+01 7.849999999999999645e+00 3.950000000000000178e-01
6.612999999999999545e+01 2.610000000000000142e+01 3.950000000000000178e+00 3.019999999999999907e-01
9.184499999999999886e+01 2.720000000000000195e-01 4.309999999999999609e+00 4.530000000000000138e-01
2.281810000000000116e+02 -2.680000000000000160e+00 2.439000000000000057e+00 6.239999999999999991e-01
4.317280000000000086e+02 8.362000000000000099e+00 -3.088999999999999968e+00 5.560000000000000497e-01
5.165700000000000500e+02 1.999800000000000111e+01 -5.777999999999999581e+00 2.790000000000000258e-01
3.584950000000000045e+02 2.126399999999999935e+01 -3.838000000000000078e+00 -3.200000000000000067e-02
6.465099999999999625e+01 5.746000000000000441e+00 -3.738999999999999879e+00 -2.300000000000000100e-01
-1.525089999999999861e+02 -1.812800000000000011e+01 -7.801999999999999602e+00 -2.510000000000000009e-01
-2.144379999999999882e+02 -3.407699999999999818e+01 -1.025000000000000000e+01 -1.900000000000000022e-01
-1.974300000000000068e+02 -3.608200000000000074e+01 -7.871999999999999886e+00 -2.039999999999999869e-01
-1.797719999999999914e+02 -3.028999999999999915e+01 -4.810999999999999943e+00 -2.849999999999999756e-01
-1.779420000000000073e+02 -2.493499999999999872e+01 -5.067999999999999616e+00 -3.200000000000000067e-01
-1.964730000000000132e+02 -2.418199999999999861e+01 -7.225999999999999979e+00 -2.849999999999999756e-01
-2.404960000000000093e+02 -2.706200000000000117e+01 -7.753999999999999559e+00 -2.260000000000000064e-01
-2.777019999999999982e+02 -2.836299999999999955e+01 -5.746000000000000441e+00 -1.690000000000000113e-01
-2.601490000000000009e+02 -2.345299999999999940e+01 -3.329000000000000181e+00 -1.419999999999999873e-01
-2.038369999999999891e+02 -1.415000000000000036e+01 -2.012999999999999901e+00 -1.640000000000000069e-01
-1.785320000000000107e+02 -6.865999999999999659e+00 -5.180000000000000160e-01 -1.839999999999999969e-01
-2.004110000000000014e+02 -6.049000000000000377e+00 1.350999999999999979e+00 -1.489999999999999936e-01
-2.219650000000000034e+02 -1.325200000000000067e+01 -6.870000000000000551e-01 -1.300000000000000044e-01
-2.335420000000000016e+02 -2.734400000000000119e+01 -9.692000000000000171e+00 -2.280000000000000082e-01
-2.664220000000000255e+02 -4.088600000000000279e+01 -2.030099999999999838e+01 -3.950000000000000178e-01
-2.930210000000000150e+02 -4.533700000000000330e+01 -2.406599999999999895e+01 -4.829999999999999849e-01
-2.361169999999999902e+02 -4.419100000000000250e+01 -2.065899999999999892e+01 -4.520000000000000129e-01
-9.294299999999999784e+01 -4.837599999999999767e+01 -1.624599999999999866e+01 -4.040000000000000258e-01
5.023599999999999710e+01 -5.607699999999999818e+01 -1.298300000000000054e+01 -3.980000000000000204e-01
1.336899999999999977e+02 -5.503000000000000114e+01 -8.477000000000000313e+00 -3.880000000000000115e-01
1.397419999999999902e+02 -4.738499999999999801e+01 -3.222999999999999865e+00 -3.270000000000000129e-01
3.942000000000000171e+01 -4.725300000000000011e+01 -1.400000000000000133e-01 -1.849999999999999978e-01
-1.318460000000000036e+02 -4.972200000000000131e+01 7.449999999999999956e-01 1.000000000000000056e-01
-2.484110000000000014e+02 -3.315400000000000347e+01 1.620000000000000051e-01 4.869999999999999885e-01
-2.500649999999999977e+02 5.780000000000000249e+00 -1.633000000000000007e+00 7.359999999999999876e-01
-1.774989999999999952e+02 5.070300000000000296e+01 1.427999999999999936e+00 7.399999999999999911e-01
-4.717300000000000182e+01 9.081399999999999295e+01 1.558999999999999986e+01 7.369999999999999885e-01
1.234800000000000040e+02 1.155220000000000056e+02 2.985699999999999932e+01 8.359999999999999654e-01
2.240569999999999879e+02 1.062219999999999942e+02 2.419900000000000162e+01 6.969999999999999529e-01
1.728160000000000025e+02 6.962699999999999534e+01 1.830000000000000071e+00 1.380000000000000115e-01
6.143900000000000006e+01 4.860999999999999943e+01 -1.064799999999999969e+01 -3.579999999999999849e-01
3.785000000000000142e+01 6.618099999999999739e+01 -9.449999999999999512e-01 -3.109999999999999987e-01
1.093569999999999993e+02 9.179500000000000171e+01 1.546199999999999974e+01 5.800000000000000294e-02
1.549230000000000018e+02 8.645099999999999341e+01 2.137800000000000011e+01 2.359999999999999876e-01
9.550700000000000500e+01 4.931000000000000227e+01 1.602599999999999980e+01 1.449999999999999900e-01
-4.410000000000000031e-01 6.706999999999999851e+00 8.253000000000000114e+00 6.300000000000000044e-02
2.791400000000000148e+01 -1.723300000000000054e+01 6.562999999999999723e+00 1.499999999999999944e-01
2.502880000000000109e+02 -1.377200000000000024e+01 1.324300000000000033e+01 3.039999999999999925e-01
4.811469999999999914e+02 4.237000000000000099e+00 2.101399999999999935e+01 3.529999999999999805e-01
4.408820000000000050e+02 1.081199999999999939e+01 2.036100000000000065e+01 2.449999999999999956e-01
1.788410000000000082e+02 -1.955999999999999961e+00 1.280799999999999983e+01 7.000000000000000666e-02
6.163700000000000045e+01 -1.183500000000000085e+01 9.364000000000000767e+00 -2.500000000000000139e-02
2.040519999999999925e+02 -2.125999999999999890e+00 1.374200000000000088e+01 8.000000000000000167e-03
2.910590000000000259e+02 9.980999999999999872e+00 1.674500000000000099e+01 5.000000000000000278e-02
1.153479999999999990e+02 1.683000000000000052e+00 1.128100000000000058e+01 -1.700000000000000122e-02
-1.197399999999999949e+02 -2.175400000000000134e+01 2.943000000000000060e+00 -1.580000000000000016e-01
-1.821790000000000020e+02 -4.219100000000000250e+01 8.100000000000000255e-02 -2.829999999999999738e-01
-1.281819999999999879e+02 -5.405799999999999983e+01 1.866000000000000103e+00 -3.739999999999999991e-01
-1.017420000000000044e+02 -5.815899999999999892e+01 2.189000000000000057e+00 -4.229999999999999871e-01
-9.828300000000000125e+01 -5.144899999999999807e+01 -7.710000000000000187e-01 -4.060000000000000275e-01
-5.247099999999999653e+01 -3.790699999999999648e+01 -4.871000000000000441e+00 -3.539999999999999813e-01
1.338199999999999967e+01 -3.530499999999999972e+01 -9.034000000000000696e+00 -3.190000000000000058e-01
3.572800000000000153e+01 -5.671000000000000085e+01 -1.249699999999999989e+01 -2.999999999999999889e-01
2.338000000000000078e+00 -9.007200000000000273e+01 -1.380199999999999960e+01 -2.849999999999999756e-01
-9.548399999999999466e+01 -1.091659999999999968e+02 -1.385999999999999943e+01 -2.810000000000000275e-01
-3.043260000000000218e+02 -1.066299999999999955e+02 -1.505499999999999972e+01 -2.349999999999999867e-01
-5.862799999999999727e+02 -1.013889999999999958e+02 -1.736299999999999955e+01 -8.300000000000000433e-02
-7.604249999999999545e+02 -1.067980000000000018e+02 -1.925199999999999889e+01 1.130000000000000032e-01
-6.891309999999999718e+02 -1.075070000000000050e+02 -1.783999999999999986e+01 2.750000000000000222e-01
-4.211209999999999809e+02 -7.725600000000000023e+01 -7.310999999999999943e+00 4.819999999999999840e-01
-6.845699999999999363e+01 -8.528999999999999915e+00 1.317699999999999960e+01 8.060000000000000497e-01
3.211779999999999973e+02 7.983299999999999841e+01 3.158399999999999963e+01 1.084000000000000075e+00
7.002329999999999472e+02 1.547110000000000127e+02 3.340400000000000347e+01 1.064999999999999947e+00
9.571190000000000282e+02 1.881610000000000014e+02 1.857400000000000162e+01 6.899999999999999467e-01
9.626019999999999754e+02 1.736649999999999920e+02 1.385999999999999899e+00 1.549999999999999989e-01
6.618210000000000264e+02 1.280000000000000000e+02 -6.528999999999999915e+00 -2.640000000000000124e-01
1.978029999999999973e+02 8.102800000000000580e+01 -7.339999999999999858e+00 -4.620000000000000218e-01
-1.096089999999999947e+02 5.646800000000000352e+01 -7.942000000000000171e+00 -5.380000000000000338e-01
-7.440500000000000114e+01 5.456199999999999761e+01 -7.645999999999999908e+00 -5.450000000000000400e-01
1.411210000000000093e+02 6.164800000000000324e+01 -2.130999999999999783e+00 -3.870000000000000107e-01
2.538429999999999893e+02 6.812399999999999523e+01 6.163000000000000256e+00 -9.600000000000000200e-02
1.747150000000000034e+02 6.504000000000000625e+01 9.268000000000000682e+00 6.600000000000000311e-02
1.785999999999999943e+01 4.769100000000000250e+01 4.437999999999999723e+00 -3.500000000000000333e-02
-6.965200000000000102e+01 2.932300000000000040e+01 -2.274000000000000021e+00 -2.109999999999999931e-01
-5.698199999999999932e+01 2.075199999999999889e+01 -6.243999999999999773e+00 -3.210000000000000075e-01
-6.656100000000000705e+01 5.666000000000000369e+00 -1.157900000000000063e+01 -5.100000000000000089e-01
-2.108849999999999909e+02 -2.998699999999999832e+01 -2.163800000000000168e+01 -8.239999999999999547e-01
-4.073039999999999736e+02 -6.474899999999999523e+01 -2.991499999999999915e+01 -9.499999999999999556e-01
-4.767649999999999864e+02 -7.152899999999999636e+01 -2.909100000000000108e+01 -6.800000000000000488e-01
-3.892169999999999845e+02 -5.843800000000000239e+01 -2.224699999999999989e+01 -2.810000000000000275e-01
-2.601870000000000118e+02 -5.060199999999999676e+01 -1.691199999999999903e+01 -7.599999999999999811e-02
-1.409830000000000041e+02 -5.019100000000000250e+01 -1.406000000000000050e+01 -1.700000000000000122e-02
1.550000000000000044e+00 -4.202900000000000347e+01 -1.077899999999999991e+01 5.700000000000000205e-02
1.110750000000000028e+02 -2.791000000000000014e+01 -8.246999999999999886e+00 1.039999999999999952e-01
7.133899999999999864e+01 -2.620899999999999963e+01 -9.256999999999999673e+00 4.299999999999999656e-02
-8.888800000000000523e+01 -4.017799999999999727e+01 -1.192300000000000004e+01 -6.400000000000000133e-02
-2.298060000000000116e+02 -5.578799999999999670e+01 -1.172400000000000020e+01 -1.390000000000000124e-01
-2.837970000000000255e+02 -6.617700000000000671e+01 -7.274000000000000021e+00 -1.779999999999999916e-01
-2.320109999999999957e+02 -6.784699999999999420e+01 -3.350000000000000200e-01 -1.290000000000000036e-01
-5.854099999999999682e+01 -4.811200000000000188e+01 7.746999999999999886e+00 9.500000000000000111e-02
1.103179999999999978e+02 -1.009699999999999953e+01 1.530199999999999960e+01 4.139999999999999791e-01
7.411199999999999477e+01 1.313499999999999979e+01 1.745200000000000173e+01 5.929999999999999716e-01
-8.364900000000000091e+01 4.820999999999999730e+00 1.053200000000000003e+01 5.400000000000000355e-01
-5.592399999999999949e+01 9.299999999999999933e-02 6.340000000000000080e-01 4.329999999999999960e-01
1.585089999999999861e+02 3.671300000000000097e+01 -3.589999999999999858e-01 4.849999999999999867e-01
2.609039999999999964e+02 9.075000000000000000e+01 9.307000000000000384e+00 6.959999999999999520e-01
2.346390000000000100e+02 1.071250000000000000e+02 1.870200000000000173e+01 8.840000000000000080e-01
3.203369999999999891e+02 8.035200000000000387e+01 2.036199999999999832e+01 9.200000000000000400e-01
4.266569999999999823e+02 5.276400000000000290e+01 1.703500000000000014e+01 8.419999999999999707e-01
2.461390000000000100e+02 4.186899999999999977e+01 1.170299999999999940e+01 7.069999999999999618e-01
-1.019549999999999983e+02 2.435399999999999920e+01 4.543999999999999595e+00 4.879999999999999893e-01
-2.108789999999999907e+02 -8.848000000000000753e+00 -1.391000000000000014e+00 1.970000000000000084e-01
-6.324499999999999744e+01 -3.055099999999999838e+01 -3.011000000000000121e+00 -3.300000000000000155e-02
1.521100000000000030e+01 -2.210999999999999943e+01 -2.557999999999999829e+00 -1.029999999999999943e-01
-6.700199999999999534e+01 -3.500999999999999890e+00 -3.186999999999999833e+00 -7.900000000000000078e-02
-1.240739999999999981e+02 -2.429999999999999938e-01 -4.312000000000000277e+00 -7.799999999999999989e-02
-8.854500000000000171e+01 -1.141699999999999982e+01 -4.900999999999999801e+00 -1.179999999999999938e-01
-6.691100000000000136e+01 -2.505000000000000071e+01 -5.306000000000000050e+00 -1.809999999999999942e-01
-9.451900000000000546e+01 -3.570900000000000318e+01 -3.904999999999999805e+00 -2.630000000000000115e-01
-1.033310000000000031e+02 -4.081700000000000017e+01 1.383000000000000007e+00 -3.230000000000000093e-01
-6.930400000000000205e+01 -3.923799999999999955e+01 7.253000000000000114e+00 -3.009999999999999898e-01
-2.349399999999999977e+01 -3.303999999999999915e+01 8.256000000000000227e+00 -2.359999999999999876e-01
2.157700000000000173e+01 -2.698699999999999832e+01 5.403999999999999915e+00 -2.129999999999999949e-01
5.286500000000000199e+01 -2.849200000000000088e+01 3.608000000000000096e+00 -2.260000000000000064e-01
3.054400000000000048e+01 -4.025900000000000034e+01 3.454000000000000181e+00 -2.169999999999999984e-01
-4.650800000000000267e+01 -5.227100000000000080e+01 3.180000000000000160e+00 -1.869999999999999996e-01
-1.071550000000000011e+02 -5.127000000000000313e+01 3.612000000000000099e+00 -1.630000000000000060e-01
-9.182999999999999829e+01 -3.644700000000000273e+01 4.519999999999999574e+00 -1.549999999999999989e-01
-2.858999999999999986e+01 -1.957400000000000162e+01 2.059000000000000163e+00 -1.759999999999999898e-01
5.886999999999999567e+00 -1.312199999999999989e+01 -5.373000000000000220e+00 -2.439999999999999947e-01
-3.189900000000000091e+01 -1.957499999999999929e+01 -1.392800000000000082e+01 -3.410000000000000253e-01
-1.367079999999999984e+02 -2.882199999999999918e+01 -1.924299999999999855e+01 -4.119999999999999774e-01
-2.790369999999999777e+02 -2.674399999999999977e+01 -1.945700000000000074e+01 -4.169999999999999818e-01
-3.958109999999999786e+02 -1.089799999999999969e+01 -1.351600000000000001e+01 -3.860000000000000098e-01
-3.976469999999999914e+02 4.557999999999999829e+00 -2.886000000000000121e+00 -3.860000000000000098e-01
-2.339039999999999964e+02 9.096000000000000085e+00 6.684999999999999609e+00 -4.040000000000000258e-01
7.357899999999999352e+01 1.573600000000000065e+01 1.157900000000000063e+01 -3.059999999999999942e-01
4.413849999999999909e+02 4.322999999999999687e+01 1.443800000000000061e+01 -2.800000000000000058e-02
7.142530000000000427e+02 8.157699999999999818e+01 1.652100000000000080e+01 2.359999999999999876e-01
7.137970000000000255e+02 9.697199999999999420e+01 1.399699999999999989e+01 2.620000000000000107e-01
4.223399999999999750e+02 7.614000000000000057e+01 7.472999999999999865e+00 1.570000000000000007e-01
6.159499999999999886e+01 4.346699999999999875e+01 4.886000000000000121e+00 1.650000000000000078e-01
-1.499149999999999920e+02 2.346300000000000097e+01 9.625000000000000000e+00 2.369999999999999885e-01
-2.115529999999999973e+02 1.318900000000000006e+01 1.601599999999999824e+01 1.650000000000000078e-01
-2.053269999999999982e+02 3.174999999999999822e+00 1.897100000000000009e+01 -1.099999999999999936e-02
-1.476100000000000136e+02 -3.528000000000000025e+00 1.787300000000000111e+01 -9.600000000000000200e-02
-5.144200000000000017e+01 -4.239999999999999880e-01 1.249099999999999966e+01 -3.599999999999999728e-02
5.033700000000000330e+01 1.409299999999999997e+01 5.065999999999999837e+00 1.360000000000000098e-01
1.517839999999999918e+02 3.533599999999999852e+01 1.502999999999999892e+00 4.060000000000000275e-01
2.352100000000000080e+02 5.167499999999999716e+01 2.790999999999999925e+00 6.620000000000000329e-01
2.386620000000000061e+02 5.374000000000000199e+01 2.004000000000000004e+00 6.790000000000000480e-01
1.405469999999999970e+02 4.472399999999999665e+01 -5.961000000000000298e+00 3.950000000000000178e-01
3.070799999999999841e+01 3.475500000000000256e+01 -1.709299999999999997e+01 3.500000000000000333e-02
1.801099999999999923e+01 2.834400000000000119e+01 -2.231800000000000139e+01 -1.539999999999999980e-01
8.184699999999999420e+01 2.194399999999999906e+01 -1.774500000000000099e+01 -1.769999999999999907e-01
9.010599999999999454e+01 1.091799999999999926e+01 -1.039199999999999946e+01 -2.020000000000000129e-01
-2.865299999999999869e+01 -5.246000000000000441e+00 -1.002999999999999936e+01 -2.979999999999999871e-01
-1.986119999999999948e+02 -2.264999999999999858e+01 -1.548199999999999932e+01 -3.689999999999999947e-01
-3.112110000000000127e+02 -3.372599999999999909e+01 -1.589499999999999957e+01 -2.810000000000000275e-01
-3.594069999999999823e+02 -3.241899999999999693e+01 -6.376999999999999780e+00 -4.299999999999999656e-02
-3.693879999999999768e+02 -2.137900000000000134e+01 5.368999999999999773e+00 1.519999999999999962e-01
-2.527309999999999945e+02 -5.641000000000000014e+00 1.047899999999999920e+01 1.479999999999999927e-01
8.311100000000000421e+01 1.603300000000000125e+01 9.653999999999999915e+00 3.899999999999999994e-02
4.738849999999999909e+02 3.857000000000000028e+01 7.983999999999999986e+00 1.499999999999999944e-02
5.881699999999999591e+02 4.369500000000000028e+01 6.253000000000000114e+00 8.400000000000000522e-02
3.387029999999999745e+02 2.460600000000000165e+01 3.520000000000000018e+00 1.079999999999999988e-01
-1.072199999999999953e+01 -1.185999999999999943e+00 1.326000000000000068e+00 3.099999999999999978e-02
-2.206100000000000136e+02 -1.859700000000000131e+01 -6.490000000000000213e-01 -9.199999999999999845e-02
-3.284889999999999759e+02 -3.387400000000000233e+01 -6.100999999999999979e+00 -2.210000000000000020e-01
-4.305310000000000059e+02 -5.583599999999999852e+01 -1.469599999999999973e+01 -3.579999999999999849e-01
-4.554139999999999873e+02 -7.541299999999999670e+01 -1.916300000000000026e+01 -4.600000000000000200e-01
-2.805319999999999823e+02 -7.285200000000000387e+01 -1.248900000000000077e+01 -4.299999999999999933e-01
7.547499999999999432e+01 -4.046000000000000085e+01 4.844999999999999751e+00 -2.369999999999999885e-01
4.400240000000000009e+02 4.371999999999999886e+00 2.394600000000000151e+01 3.799999999999999906e-02
6.207630000000000337e+02 3.379399999999999693e+01 3.286999999999999744e+01 2.660000000000000142e-01
5.504299999999999500e+02 3.564699999999999847e+01 2.592999999999999972e+01 3.529999999999999805e-01
3.120600000000000023e+02 1.681200000000000117e+01 9.287000000000000810e+00 2.800000000000000266e-01
6.200000000000000000e+01 -9.234999999999999432e+00 -4.604000000000000092e+00 1.320000000000000062e-01
-6.560500000000000398e+01 -2.964000000000000057e+01 -9.375000000000000000e+00 2.000000000000000042e-02
-6.067399999999999949e+01 -4.140599999999999881e+01 -9.430999999999999162e+00 -5.600000000000000117e-02
-4.990299999999999869e+01 -5.410999999999999943e+01 -1.194500000000000028e+01 -1.710000000000000131e-01
-1.446479999999999961e+02 -7.186400000000000432e+01 -1.788700000000000045e+01 -3.210000000000000075e-01
-2.959239999999999782e+02 -8.354600000000000648e+01 -2.192099999999999937e+01 -4.089999999999999747e-01
-3.479270000000000209e+02 -7.941800000000000637e+01 -1.910300000000000153e+01 -3.800000000000000044e-01
-2.224720000000000084e+02 -5.966199999999999903e+01 -1.032799999999999940e+01 -2.469999999999999973e-01
7.019000000000000128e+00 -2.202499999999999858e+01 3.459999999999999742e-01 -6.000000000000000125e-03
2.056160000000000139e+02 3.122100000000000009e+01 1.136400000000000077e+01 3.380000000000000226e-01
2.479670000000000130e+02 6.843999999999999773e+01 1.997500000000000142e+01 6.290000000000000036e-01
7.508299999999999841e+01 5.158200000000000074e+01 1.675799999999999912e+01 6.029999999999999805e-01
-1.885089999999999861e+02 -3.005999999999999783e+00 -2.331999999999999851e+00 2.300000000000000100e-01
-2.996999999999999886e+02 -3.116700000000000159e+01 -2.234600000000000009e+01 -1.260000000000000009e-01
-1.985699999999999932e+02 -8.209999999999999520e-01 -2.522100000000000009e+01 -1.260000000000000009e-01
-7.372199999999999420e+01 5.704599999999999937e+01 -1.344200000000000017e+01 1.370000000000000107e-01
-4.532600000000000051e+01 9.905800000000000693e+01 -1.633000000000000007e+00 3.310000000000000164e-01
-1.713599999999999923e+01 1.084849999999999994e+02 5.179999999999999716e+00 3.370000000000000218e-01
9.128700000000000614e+01 8.902500000000000568e+01 1.037800000000000011e+01 3.160000000000000031e-01
2.214550000000000125e+02 5.822200000000000131e+01 1.394400000000000084e+01 3.699999999999999956e-01
3.158419999999999845e+02 3.956300000000000239e+01 1.347600000000000087e+01 3.499999999999999778e-01
3.475539999999999736e+02 3.457800000000000296e+01 9.426999999999999602e+00 1.219999999999999973e-01
2.506160000000000139e+02 1.760800000000000054e+01 4.080000000000000071e+00 -1.630000000000000060e-01
3.688100000000000023e+01 -2.246900000000000119e+01 1.360000000000000098e-01 -2.610000000000000098e-01
-1.222480000000000047e+02 -5.967600000000000193e+01 -9.070000000000000284e-01 -1.920000000000000040e-01
-1.319819999999999993e+02 -6.908700000000000330e+01 -1.981000000000000094e+00 -1.680000000000000104e-01
-1.278349999999999937e+02 -5.900999999999999801e+01 -6.650999999999999801e+00 -2.520000000000000018e-01
-2.117719999999999914e+02 -4.714500000000000313e+01 -1.206099999999999994e+01 -2.959999999999999853e-01
-2.725210000000000150e+02 -3.504699999999999704e+01 -1.374600000000000044e+01 -2.240000000000000047e-01
-2.303319999999999936e+02 -2.093599999999999994e+01 -1.372499999999999964e+01 -1.529999999999999971e-01
-1.718079999999999927e+02 -7.094999999999999751e+00 -1.430499999999999972e+01 -1.739999999999999880e-01
-1.509679999999999893e+02 1.044899999999999984e+01 -1.094800000000000040e+01 -1.920000000000000040e-01
-1.306440000000000055e+02 3.135300000000000153e+01 -6.109999999999999876e-01 -1.000000000000000056e-01
-7.210800000000000409e+01 4.073799999999999955e+01 1.083699999999999974e+01 7.299999999999999545e-02
7.669499999999999318e+01 3.035999999999999943e+01 1.585800000000000054e+01 2.260000000000000064e-01
2.953349999999999795e+02 1.068299999999999983e+01 1.387599999999999945e+01 2.889999999999999791e-01
4.131150000000000091e+02 -3.218999999999999861e+00 1.118699999999999939e+01 3.049999999999999933e-01
3.335190000000000055e+02 -1.868000000000000105e+00 1.466300000000000026e+01 3.940000000000000169e-01
1.670370000000000061e+02 8.608000000000000540e+00 2.298300000000000054e+01 5.749999999999999556e-01
1.471799999999999997e+01 2.954000000000000181e+00 2.603500000000000014e+01 6.800000000000000488e-01
-1.269170000000000016e+02 -2.690599999999999881e+01 1.873000000000000043e+01 5.749999999999999556e-01
-2.096440000000000055e+02 -4.364900000000000091e+01 1.042900000000000027e+01 3.760000000000000009e-01
-1.422769999999999868e+02 -1.450799999999999912e+01 1.178700000000000081e+01 2.740000000000000213e-01
2.608699999999999974e+01 3.014399999999999835e+01 1.711899999999999977e+01 2.330000000000000127e-01
1.063289999999999935e+02 3.199800000000000111e+01 1.094999999999999929e+01 4.900000000000000189e-02
-2.035000000000000142e+01 -1.808299999999999841e+01 -9.426000000000000156e+00 -3.220000000000000084e-01
-2.548040000000000020e+02 -7.087800000000000011e+01 -2.820499999999999829e+01 -6.660000000000000364e-01
-3.811820000000000164e+02 -7.845399999999999352e+01 -2.996699999999999875e+01 -7.329999999999999849e-01
-3.217379999999999995e+02 -4.527400000000000091e+01 -1.766400000000000148e+01 -5.050000000000000044e-01
-2.146310000000000002e+02 -1.657100000000000151e+01 -7.942000000000000171e+00 -2.300000000000000100e-01
-1.952949999999999875e+02 -2.042299999999999827e+01 -1.099699999999999989e+01 -1.769999999999999907e-01
-2.157669999999999959e+02 -3.674300000000000210e+01 -1.940700000000000003e+01 -3.459999999999999742e-01
-1.581049999999999898e+02 -3.392499999999999716e+01 -1.923000000000000043e+01 -4.719999999999999751e-01
-2.115500000000000114e+01 -1.698499999999999943e+01 -8.862999999999999545e+00 -3.890000000000000124e-01
9.924699999999999989e+01 -1.639799999999999969e+01 -2.389999999999999902e-01 -2.540000000000000036e-01
1.533549999999999898e+02 -4.040999999999999659e+01 -1.828999999999999959e+00 -2.730000000000000204e-01
1.607350000000000136e+02 -6.282999999999999829e+01 -8.249000000000000554e+00 -3.920000000000000151e-01
1.157459999999999951e+02 -5.799699999999999989e+01 -9.031000000000000583e+00 -4.169999999999999818e-01
-8.362000000000000099e+00 -3.026699999999999946e+01 -2.000999999999999890e+00 -2.770000000000000240e-01
-1.469439999999999884e+02 -6.600000000000000311e-01 6.527000000000000135e+00 -5.600000000000000117e-02
-1.635120000000000005e+02 2.542500000000000071e+01 1.185399999999999920e+01 1.519999999999999962e-01
-2.129899999999999949e+01 6.154500000000000171e+01 1.393500000000000050e+01 2.720000000000000195e-01
1.708700000000000045e+02 1.127560000000000002e+02 1.180400000000000027e+01 2.270000000000000073e-01
2.907989999999999782e+02 1.571730000000000018e+02 4.753999999999999559e+00 5.600000000000000117e-02
2.786879999999999882e+02 1.583340000000000032e+02 -3.016000000000000014e+00 -4.800000000000000100e-02
1.366200000000000045e+02 1.015370000000000061e+02 -7.405000000000000249e+00 -0.000000000000000000e+00
-3.694700000000000273e+01 2.061400000000000077e+01 -8.954000000000000625e+00 6.600000000000000311e-02
-8.481000000000000227e+01 -2.885999999999999943e+01 -7.918000000000000149e+00 6.600000000000000311e-02
4.555100000000000193e+01 -2.835200000000000031e+01 -2.005999999999999783e+00 8.699999999999999400e-02
2.305010000000000048e+02 -8.275999999999999801e+00 8.429999999999999716e+00 1.950000000000000067e-01
3.339159999999999968e+02 1.520999999999999908e+00 1.719000000000000128e+01 3.119999999999999996e-01
3.543199999999999932e+02 3.802000000000000046e+00 1.675900000000000034e+01 3.009999999999999898e-01
3.034089999999999918e+02 6.823999999999999844e+00 6.732000000000000206e+00 1.140000000000000041e-01
1.202789999999999964e+02 4.062999999999999723e+00 -4.038999999999999702e+00 -1.370000000000000107e-01
-1.294290000000000020e+02 -1.643000000000000016e+00 -6.107999999999999652e+00 -2.590000000000000080e-01
-2.100720000000000027e+02 6.626000000000000334e+00 5.120000000000000107e-01 -1.869999999999999996e-01
-3.395499999999999829e+01 2.640899999999999892e+01 7.341000000000000192e+00 -3.400000000000000244e-02
2.029679999999999893e+02 3.306400000000000006e+01 8.678000000000000824e+00 8.400000000000000522e-02
2.923290000000000077e+02 1.870799999999999841e+01 7.756999999999999673e+00 1.509999999999999953e-01
2.114670000000000130e+02 3.713000000000000078e+00 8.664999999999999147e+00 1.630000000000000060e-01
1.312700000000000067e+01 8.589999999999999858e-01 7.834999999999999964e+00 8.699999999999999400e-02
-2.638519999999999754e+02 -3.821000000000000174e+00 8.249999999999999556e-01 -4.100000000000000172e-02
-5.024150000000000205e+02 -1.902899999999999991e+01 -6.301999999999999602e+00 -7.199999999999999456e-02
-5.005760000000000218e+02 -2.399399999999999977e+01 -2.858999999999999986e+00 8.999999999999999667e-02
-1.815469999999999970e+02 2.870999999999999996e+00 9.724000000000000199e+00 3.340000000000000191e-01
2.563940000000000055e+02 5.226899999999999835e+01 1.848000000000000043e+01 4.919999999999999929e-01
5.287240000000000464e+02 9.381300000000000239e+01 1.739900000000000091e+01 5.470000000000000417e-01
5.757369999999999663e+02 1.003870000000000005e+02 1.308600000000000030e+01 5.330000000000000293e-01
5.321509999999999536e+02 6.528300000000000125e+01 1.013799999999999990e+01 4.030000000000000249e-01
4.440059999999999718e+02 1.128599999999999959e+01 5.057999999999999829e+00 1.620000000000000051e-01
2.434770000000000039e+02 -2.696499999999999986e+01 -2.178999999999999826e+00 -3.799999999999999906e-02
-2.708699999999999974e+01 -3.710399999999999920e+01 -5.349000000000000199e+00 -9.299999999999999933e-02
-2.080769999999999982e+02 -3.310099999999999909e+01 -3.919000000000000039e+00 -7.699999999999999900e-02
-2.447160000000000082e+02 -2.926500000000000057e+01 -4.865000000000000213e+00 -9.900000000000000466e-02
-2.285920000000000130e+02 -2.731099999999999994e+01 -1.098900000000000077e+01 -1.610000000000000042e-01
-2.282849999999999966e+02 -2.480600000000000094e+01 -1.753699999999999903e+01 -2.089999999999999913e-01
-2.261759999999999877e+02 -2.058399999999999963e+01 -2.046399999999999864e+01 -2.210000000000000020e-01
-2.059780000000000086e+02 -1.446700000000000053e+01 -2.008599999999999852e+01 -2.020000000000000129e-01
-1.924209999999999923e+02 -1.223000000000000043e+01 -1.784400000000000119e+01 -1.610000000000000042e-01
-2.031699999999999875e+02 -2.386400000000000077e+01 -1.558500000000000085e+01 -1.350000000000000089e-01
-2.218429999999999893e+02 -4.959700000000000131e+01 -1.530599999999999916e+01 -1.650000000000000078e-01
-2.294159999999999968e+02 -7.899399999999999977e+01 -1.666799999999999926e+01 -2.469999999999999973e-01
-2.364279999999999973e+02 -1.046159999999999997e+02 -1.779799999999999827e+01 -3.340000000000000191e-01
-2.610369999999999777e+02 -1.227729999999999961e+02 -1.730999999999999872e+01 -3.840000000000000080e-01
-2.772309999999999945e+02 -1.281200000000000045e+02 -1.410599999999999987e+01 -3.810000000000000053e-01
-2.245240000000000009e+02 -1.167309999999999945e+02 -8.877000000000000668e+00 -3.340000000000000191e-01
-8.183599999999999852e+01 -8.256600000000000250e+01 -4.581000000000000405e+00 -2.179999999999999993e-01
1.142750000000000057e+02 -1.835300000000000153e+01 -1.816999999999999948e+00 1.700000000000000122e-02
3.096909999999999741e+02 6.004899999999999949e+01 2.471999999999999975e+00 2.790000000000000258e-01
4.211070000000000277e+02 1.097360000000000042e+02 8.647999999999999687e+00 3.729999999999999982e-01
3.392830000000000155e+02 1.063280000000000030e+02 1.228700000000000081e+01 2.869999999999999774e-01
5.547399999999999665e+01 7.252800000000000580e+01 1.098099999999999987e+01 2.039999999999999869e-01
-2.572869999999999777e+02 4.340200000000000102e+01 7.360000000000000320e+00 1.890000000000000013e-01
-3.964479999999999791e+02 2.845299999999999940e+01 4.437999999999999723e+00 1.509999999999999953e-01
-3.310419999999999732e+02 2.091799999999999926e+01 3.323999999999999844e+00 7.000000000000000666e-02
-1.633290000000000077e+02 1.964000000000000057e+01 4.801000000000000156e+00 2.500000000000000139e-02
3.734199999999999875e+01 2.726800000000000068e+01 8.255000000000000782e+00 5.399999999999999939e-02
2.346829999999999927e+02 3.833500000000000085e+01 1.018800000000000061e+01 1.000000000000000056e-01
3.370629999999999882e+02 4.031600000000000250e+01 8.141999999999999460e+00 9.900000000000000466e-02
2.633969999999999914e+02 2.551000000000000156e+01 3.948999999999999844e+00 2.599999999999999881e-02
6.204200000000000159e+01 -1.215000000000000080e+00 1.239999999999999991e-01 -9.700000000000000289e-02
-1.427150000000000034e+02 -2.461299999999999955e+01 -2.786999999999999922e+00 -1.960000000000000075e-01
-2.794610000000000127e+02 -3.265999999999999659e+01 -4.256000000000000227e+00 -1.920000000000000040e-01
-3.158319999999999936e+02 -2.889600000000000080e+01 -3.216000000000000192e+00 -1.000000000000000056e-01
-1.974900000000000091e+02 -1.889199999999999946e+01 1.435999999999999943e+00 -1.700000000000000122e-02
5.705199999999999960e+01 2.879000000000000004e+00 9.176000000000000156e+00 1.000000000000000021e-03
2.640070000000000050e+02 2.668700000000000117e+01 1.426399999999999935e+01 -4.900000000000000189e-02
2.365889999999999986e+02 1.873799999999999955e+01 1.013299999999999912e+01 -1.580000000000000016e-01
1.783599999999999852e+01 -2.719000000000000128e+01 2.010000000000000120e-01 -2.630000000000000115e-01
-1.618520000000000039e+02 -6.743999999999999773e+01 -4.740000000000000213e+00 -2.750000000000000222e-01
-1.285600000000000023e+02 -6.249199999999999733e+01 -5.799999999999999600e-01 -1.890000000000000013e-01
1.036719999999999970e+02 -1.904400000000000048e+01 7.458999999999999631e+00 -7.199999999999999456e-02
3.672610000000000241e+02 2.743100000000000094e+01 1.327200000000000024e+01 1.299999999999999940e-02
4.489010000000000105e+02 4.600699999999999790e+01 1.455199999999999960e+01 3.500000000000000333e-02
2.603509999999999991e+02 3.342699999999999960e+01 1.406199999999999939e+01 6.600000000000000311e-02
-5.382699999999999818e+01 1.481900000000000084e+01 1.645499999999999829e+01 2.230000000000000038e-01
-2.696929999999999836e+02 6.881999999999999673e+00 1.817299999999999827e+01 4.199999999999999845e-01
-3.435559999999999832e+02 -7.748000000000000220e+00 9.058999999999999275e+00 3.940000000000000169e-01
-3.968419999999999845e+02 -4.375900000000000034e+01 -9.627000000000000668e+00 1.059999999999999970e-01
-4.834429999999999836e+02 -7.668800000000000239e+01 -2.247500000000000142e+01 -1.160000000000000059e-01
-5.156670000000000300e+02 -7.226600000000000534e+01 -1.938599999999999923e+01 2.500000000000000139e-02
-3.681879999999999882e+02 -2.556800000000000139e+01 -3.785000000000000142e+00 4.829999999999999849e-01
4.219999999999999751e+00 4.120600000000000307e+01 1.569800000000000040e+01 9.589999999999999636e-01
4.713910000000000196e+02 9.165200000000000102e+01 2.816499999999999915e+01 1.131999999999999895e+00
7.854070000000000391e+02 9.439700000000000557e+01 2.438800000000000168e+01 8.940000000000000169e-01
7.946319999999999482e+02 5.592499999999999716e+01 8.657999999999999474e+00 4.420000000000000040e-01
5.471169999999999618e+02 1.628999999999999915e+01 -4.498000000000000220e+00 3.699999999999999817e-02
2.191510000000000105e+02 4.499999999999999833e-02 -8.704000000000000625e+00 -2.290000000000000091e-01
-3.174999999999999822e+00 -2.549999999999999822e+00 -8.409000000000000696e+00 -3.380000000000000226e-01
-4.595799999999999841e+01 -2.749000000000000110e+00 -5.974999999999999645e+00 -2.859999999999999765e-01
1.613800000000000168e+01 5.078999999999999737e+00 -5.020000000000000018e-01 -2.020000000000000129e-01
7.732399999999999807e+01 2.323100000000000165e+01 3.317000000000000171e+00 -2.710000000000000187e-01
1.132309999999999945e+02 3.914000000000000057e+01 -1.084000000000000075e+00 -4.450000000000000067e-01
1.377640000000000100e+02 3.948299999999999699e+01 -1.112599999999999945e+01 -4.729999999999999760e-01
1.204959999999999951e+02 2.227799999999999869e+01 -1.834799999999999898e+01 -2.720000000000000195e-01
2.931800000000000139e+01 -4.161999999999999922e+00 -2.028600000000000136e+01 -5.600000000000000117e-02
-8.458799999999999386e+01 -2.784199999999999875e+01 -2.022700000000000031e+01 -1.799999999999999864e-02
-1.320010000000000048e+02 -3.779099999999999682e+01 -1.799699999999999989e+01 -1.179999999999999938e-01
-1.037780000000000058e+02 -2.889900000000000091e+01 -1.045700000000000074e+01 -2.429999999999999938e-01
-8.322700000000000387e+01 -1.376600000000000001e+01 -1.610000000000000098e+00 -4.199999999999999845e-01
-1.449710000000000036e+02 -2.063500000000000156e+01 -2.814999999999999947e+00 -7.459999999999999964e-01
-2.657590000000000146e+02 -5.771000000000000085e+01 -1.673000000000000043e+01 -1.100999999999999979e+00
-3.406960000000000264e+02 -9.325700000000000500e+01 -2.924800000000000111e+01 -1.163000000000000034e+00
-3.023310000000000173e+02 -9.690699999999999648e+01 -2.751899999999999835e+01 -8.659999999999999920e-01
-2.007959999999999923e+02 -7.953400000000000603e+01 -1.726800000000000068e+01 -5.580000000000000515e-01
-1.195619999999999976e+02 -6.772400000000000375e+01 -1.052200000000000024e+01 -4.869999999999999885e-01
-6.397200000000000131e+01 -6.439199999999999591e+01 -6.711999999999999744e+00 -4.909999999999999920e-01
-8.458999999999999631e+00 -5.538900000000000290e+01 1.421999999999999931e+00 -3.589999999999999858e-01
2.514000000000000057e+01 -3.488199999999999790e+01 1.286400000000000077e+01 -1.469999999999999918e-01
2.445400000000000063e+01 -1.078899999999999970e+01 1.999699999999999989e+01 -1.000000000000000021e-03
1.288100000000000023e+01 4.171999999999999709e+00 1.883699999999999974e+01 2.699999999999999969e-02
-4.425999999999999801e+01 4.078999999999999737e+00 1.220500000000000007e+01 -2.699999999999999969e-02
-1.969639999999999986e+02 1.049999999999999961e-01 6.581000000000000405e+00 -7.399999999999999634e-02
-3.545059999999999718e+02 1.146100000000000030e+01 6.509999999999999787e+00 -1.799999999999999864e-02
-3.641669999999999732e+02 3.753699999999999903e+01 1.000999999999999979e+01 1.509999999999999953e-01
-2.110660000000000025e+02 5.733899999999999864e+01 1.166300000000000026e+01 3.539999999999999813e-01
1.701300000000000168e+01 6.506199999999999761e+01 1.068200000000000038e+01 5.220000000000000195e-01
2.740769999999999982e+02 7.747299999999999898e+01 1.078500000000000014e+01 6.660000000000000364e-01
5.323469999999999800e+02 9.792300000000000182e+01 1.211100000000000065e+01 8.090000000000000524e-01
6.795389999999999873e+02 1.070439999999999969e+02 1.079299999999999926e+01 8.830000000000000071e-01
5.750520000000000209e+02 9.389300000000000068e+01 6.392000000000000348e+00 7.900000000000000355e-01
2.504209999999999923e+02 6.587900000000000489e+01 1.941999999999999948e+00 5.739999999999999547e-01
-4.835099999999999909e+01 3.518599999999999994e+01 -1.129999999999999893e+00 4.069999999999999729e-01
-1.198509999999999991e+02 1.712300000000000111e+01 -1.596000000000000085e+00 4.040000000000000258e-01
-3.213400000000000034e+01 2.034600000000000009e+01 3.116000000000000103e+00 5.120000000000000107e-01
1.349499999999999922e+01 2.800000000000000000e+01 1.171499999999999986e+01 5.859999999999999654e-01
-3.204599999999999937e+01 1.866199999999999903e+01 1.719300000000000139e+01 5.400000000000000355e-01
-4.192699999999999960e+01 4.261000000000000121e+00 1.433799999999999919e+01 4.020000000000000240e-01
3.480799999999999983e+01 9.132999999999999119e+00 5.400000000000000355e+00 2.389999999999999902e-01
4.261399999999999721e+01 1.979599999999999937e+01 -4.541000000000000369e+00 5.999999999999999778e-02
-1.430250000000000057e+02 1.552000000000000046e+00 -1.331900000000000084e+01 -1.250000000000000000e-01
-3.679440000000000168e+02 -4.154800000000000182e+01 -1.991700000000000159e+01 -2.250000000000000056e-01
-3.776490000000000009e+02 -6.969599999999999795e+01 -2.187500000000000000e+01 -1.809999999999999942e-01
-1.293739999999999952e+02 -6.193500000000000227e+01 -1.741700000000000159e+01 -4.499999999999999833e-02
2.363269999999999982e+02 -2.617500000000000071e+01 -7.472000000000000419e+00 1.300000000000000044e-01
5.557480000000000473e+02 2.532600000000000051e+01 4.471000000000000085e+00 3.350000000000000200e-01
6.371839999999999691e+02 6.926699999999999591e+01 1.175900000000000034e+01 4.729999999999999760e-01
3.389239999999999782e+02 6.685599999999999454e+01 5.740999999999999659e+00 3.499999999999999778e-01
-2.014530000000000030e+02 5.732999999999999652e+00 -1.543299999999999983e+01 -5.199999999999999761e-02
-6.328849999999999909e+02 -7.070399999999999352e+01 -3.726500000000000057e+01 -4.460000000000000075e-01
-7.353139999999999645e+02 -1.000220000000000056e+02 -3.781000000000000227e+01 -5.190000000000000169e-01
-5.147309999999999945e+02 -6.022299999999999898e+01 -1.245100000000000051e+01 -2.540000000000000036e-01
-8.069799999999999329e+01 1.468800000000000061e+01 1.945200000000000173e+01 1.419999999999999873e-01
3.790649999999999977e+02 7.341899999999999693e+01 3.791799999999999926e+01 5.200000000000000178e-01
6.498579999999999472e+02 9.453700000000000614e+01 4.059599999999999653e+01 8.080000000000000515e-01
6.370099999999999909e+02 9.208299999999999841e+01 3.386699999999999733e+01 8.830000000000000071e-01
4.272139999999999986e+02 8.340600000000000591e+01 2.126200000000000045e+01 6.530000000000000249e-01
2.104209999999999923e+02 6.798600000000000421e+01 7.038000000000000256e+00 2.280000000000000082e-01
1.193940000000000055e+02 4.108700000000000330e+01 -2.326999999999999957e+00 -1.769999999999999907e-01
1.227609999999999957e+02 1.205100000000000016e+01 -5.804000000000000270e+00 -4.580000000000000182e-01
9.596899999999999409e+01 -5.437000000000000277e+00 -7.540000000000000036e+00 -6.019999999999999796e-01
-4.663900000000000290e+01 -1.507300000000000040e+01 -8.573000000000000398e+00 -5.769999999999999574e-01
-3.012320000000000277e+02 -3.340299999999999869e+01 -6.886999999999999567e+00 -3.910000000000000142e-01
-5.670389999999999873e+02 -6.253099999999999881e+01 -3.053999999999999826e+00 -1.769999999999999907e-01
-6.876580000000000155e+02 -8.344299999999999784e+01 2.780000000000000249e-01 -7.499999999999999722e-02
-5.812649999999999864e+02 -8.215399999999999636e+01 1.752999999999999892e+00 -9.500000000000000111e-02
-3.316410000000000196e+02 -6.790399999999999636e+01 1.495000000000000107e+00 -1.729999999999999871e-01
-1.123220000000000027e+02 -5.794400000000000261e+01 -3.729999999999999982e-01 -2.680000000000000160e-01
-2.922400000000000020e+01 -5.661599999999999966e+01 -4.431000000000000050e+00 -3.589999999999999858e-01
-5.197999999999999687e+01 -5.391599999999999682e+01 -9.622999999999999332e+00 -4.380000000000000004e-01
-8.100900000000000034e+01 -3.384199999999999875e+01 -1.085899999999999999e+01 -4.919999999999999929e-01
-5.962700000000000244e+01 1.101999999999999957e+01 -3.994000000000000217e+00 -4.630000000000000226e-01
-1.843400000000000105e+01 6.067799999999999727e+01 7.105999999999999872e+00 -3.099999999999999978e-01
-1.079299999999999926e+01 7.662500000000000000e+01 1.363899999999999935e+01 -1.350000000000000089e-01
-3.006200000000000117e+01 4.303799999999999670e+01 1.111999999999999922e+01 -1.029999999999999943e-01
-3.720900000000000318e+01 -1.292500000000000071e+01 1.836000000000000076e+00 -2.210000000000000020e-01
-3.798599999999999710e+01 -4.876500000000000057e+01 -9.557000000000000384e+00 -3.250000000000000111e-01
-5.144899999999999807e+01 -4.427600000000000335e+01 -1.867399999999999949e+01 -3.150000000000000022e-01
-4.121200000000000330e+01 -9.467000000000000526e+00 -2.116499999999999915e+01 -2.349999999999999867e-01
1.534200000000000053e+01 3.122100000000000009e+01 -1.551299999999999990e+01 -1.539999999999999980e-01
4.314099999999999824e+01 5.241599999999999682e+01 -7.480000000000000426e+00 -1.039999999999999952e-01
-2.028099999999999881e+01 3.705400000000000205e+01 -5.921000000000000263e+00 -1.239999999999999991e-01
-1.193469999999999942e+02 -1.203700000000000081e+01 -1.222799999999999976e+01 -2.379999999999999893e-01
-1.968230000000000075e+02 -7.264499999999999602e+01 -1.984499999999999886e+01 -4.050000000000000266e-01
-2.462139999999999986e+02 -1.192439999999999998e+02 -2.379500000000000171e+01 -5.210000000000000187e-01
-1.779250000000000114e+02 -1.338540000000000134e+02 -2.337999999999999901e+01 -4.859999999999999876e-01
1.012849999999999966e+02 -1.079030000000000058e+02 -1.634100000000000108e+01 -2.770000000000000240e-01
4.378580000000000041e+02 -4.876899999999999835e+01 8.329999999999999627e-01 8.400000000000000522e-02
5.542590000000000146e+02 1.264499999999999957e+01 2.387399999999999878e+01 5.250000000000000222e-01
4.427300000000000182e+02 3.978699999999999903e+01 3.999900000000000233e+01 8.239999999999999547e-01
3.714499999999999886e+02 3.353600000000000136e+01 4.217799999999999727e+01 7.740000000000000213e-01
4.614929999999999950e+02 3.380899999999999750e+01 3.706900000000000261e+01 5.050000000000000044e-01
5.130869999999999891e+02 5.706400000000000006e+01 3.244400000000000261e+01 3.310000000000000164e-01
3.474060000000000059e+02 6.937000000000000455e+01 2.557900000000000063e+01 3.059999999999999942e-01
7.179600000000000648e+01 4.082200000000000273e+01 1.149099999999999966e+01 2.399999999999999911e-01
-1.124759999999999991e+02 -1.369800000000000040e+01 -6.597000000000000419e+00 2.199999999999999872e-02
-1.416299999999999955e+02 -6.066400000000000148e+01 -2.155799999999999983e+01 -2.690000000000000169e-01
-5.241299999999999670e+01 -8.348699999999999477e+01 -2.919099999999999895e+01 -4.640000000000000235e-01
8.632899999999999352e+01 -8.585200000000000387e+01 -2.830999999999999872e+01 -4.520000000000000129e-01
1.681990000000000123e+02 -7.826699999999999591e+01 -2.072800000000000153e+01 -3.019999999999999907e-01
1.234489999999999981e+02 -6.623499999999999943e+01 -1.126699999999999946e+01 -1.729999999999999871e-01
-2.415000000000000036e+00 -4.832900000000000063e+01 -3.967000000000000082e+00 -9.199999999999999845e-02
-1.190610000000000070e+02 -2.505999999999999872e+01 9.529999999999999583e-01 3.599999999999999728e-02
-1.837249999999999943e+02 -3.470000000000000195e+00 5.190000000000000391e+00 1.819999999999999951e-01
-2.014410000000000025e+02 1.093299999999999983e+01 8.768000000000000682e+00 1.859999999999999987e-01
-2.311229999999999905e+02 1.794099999999999895e+01 9.109999999999999432e+00 -8.000000000000000167e-03
-3.698949999999999818e+02 1.468299999999999983e+01 3.270000000000000018e+00 -2.959999999999999853e-01
-6.084619999999999891e+02 -3.087000000000000188e+00 -8.000000000000000000e+00 -5.270000000000000240e-01
-7.590170000000000528e+02 -2.735200000000000031e+01 -1.829899999999999949e+01 -5.759999999999999565e-01
-6.425499999999999545e+02 -3.645700000000000074e+01 -1.935000000000000142e+01 -4.060000000000000275e-01
-2.745520000000000209e+02 -1.094299999999999962e+01 -7.166000000000000369e+00 -9.800000000000000377e-02
1.888060000000000116e+02 4.647699999999999676e+01 1.348799999999999955e+01 2.500000000000000000e-01
5.740470000000000255e+02 1.022030000000000030e+02 2.947899999999999920e+01 5.210000000000000187e-01
7.147920000000000300e+02 1.138850000000000051e+02 2.934299999999999997e+01 5.380000000000000338e-01
5.196870000000000118e+02 7.047199999999999420e+01 1.461500000000000021e+01 2.500000000000000000e-01
1.511990000000000123e+02 5.788000000000000256e+00 -2.785000000000000142e+00 -1.189999999999999947e-01
-5.653699999999999903e+01 -3.111700000000000088e+01 -1.208600000000000030e+01 -2.640000000000000124e-01
-2.240700000000000003e+01 -1.944000000000000128e+01 -1.020500000000000007e+01 -8.999999999999999667e-02
2.602899999999999991e+01 2.749500000000000099e+01 -8.509999999999999787e-01 2.839999999999999747e-01
3.400900000000000034e+01 9.625700000000000500e+01 1.100399999999999956e+01 6.870000000000000551e-01
2.000109999999999957e+02 1.759389999999999930e+02 2.233599999999999852e+01 9.909999999999999920e-01
4.776829999999999927e+02 2.254939999999999998e+02 2.856400000000000006e+01 1.074999999999999956e+00
5.620230000000000246e+02 2.015960000000000036e+02 2.471499999999999986e+01 8.910000000000000142e-01
4.367259999999999991e+02 1.272920000000000016e+02 1.402100000000000080e+01 5.719999999999999529e-01
3.620600000000000023e+02 6.700700000000000500e+01 5.935999999999999943e+00 2.949999999999999845e-01
3.583269999999999982e+02 3.664699999999999847e+01 3.665999999999999925e+00 9.299999999999999933e-02
2.215920000000000130e+02 4.777000000000000135e+00 2.440999999999999837e+00 -7.599999999999999811e-02
-5.203699999999999903e+01 -3.080499999999999972e+01 -4.600000000000000200e-01 -1.940000000000000058e-01
-2.498899999999999864e+02 -3.693399999999999750e+01 -2.339999999999999858e+00 -2.320000000000000118e-01
-2.581449999999999818e+02 -9.644999999999999574e+00 -2.206999999999999851e+00 -2.419999999999999929e-01
-1.665949999999999989e+02 1.379899999999999949e+01 -4.014999999999999680e+00 -2.869999999999999774e-01
-1.172939999999999969e+02 9.346000000000000085e+00 -1.007300000000000040e+01 -3.380000000000000226e-01
-1.566949999999999932e+02 -9.323999999999999844e+00 -1.630900000000000105e+01 -3.380000000000000226e-01
-2.235279999999999916e+02 -2.308899999999999864e+01 -1.771499999999999986e+01 -2.720000000000000195e-01
-2.496459999999999866e+02 -3.320300000000000296e+01 -1.553700000000000081e+01 -1.630000000000000060e-01
-2.414670000000000130e+02 -4.770700000000000074e+01 -1.424600000000000044e+01 -7.000000000000000666e-02
-2.409689999999999941e+02 -6.263700000000000045e+01 -1.330700000000000038e+01 -8.000000000000000167e-02
-2.503470000000000084e+02 -6.888100000000000023e+01 -9.477999999999999758e+00 -1.749999999999999889e-01
-2.381179999999999950e+02 -6.713899999999999579e+01 -5.357999999999999652e+00 -2.330000000000000127e-01
-1.964190000000000111e+02 -6.460500000000000398e+01 -6.568999999999999950e+00 -1.910000000000000031e-01
-1.589230000000000018e+02 -6.236200000000000188e+01 -1.205400000000000027e+01 -1.280000000000000027e-01
-1.553340000000000032e+02 -5.593999999999999773e+01 -1.451099999999999923e+01 -1.039999999999999952e-01
-1.737019999999999982e+02 -4.509199999999999875e+01 -1.021199999999999974e+01 -8.200000000000000344e-02
-1.940730000000000075e+02 -3.451500000000000057e+01 -4.463000000000000078e+00 -4.000000000000000083e-02
-2.070269999999999868e+02 -2.731299999999999883e+01 -4.480999999999999872e+00 -1.200000000000000025e-02
-1.737199999999999989e+02 -2.500600000000000023e+01 -8.855000000000000426e+00 0.000000000000000000e+00
-7.684900000000000375e+01 -3.129899999999999949e+01 -1.090499999999999936e+01 1.899999999999999953e-02
-7.857000000000000206e+00 -4.611200000000000188e+01 -9.538999999999999702e+00 2.299999999999999961e-02
-4.702000000000000313e+01 -5.725300000000000011e+01 -7.041000000000000369e+00 -2.000000000000000042e-03
-1.107540000000000049e+02 -5.155400000000000205e+01 -1.711999999999999966e+00 -1.000000000000000021e-03
-7.958899999999999864e+01 -3.333100000000000307e+01 6.983999999999999986e+00 5.700000000000000205e-02
1.600199999999999889e+01 -1.573499999999999943e+01 1.318099999999999916e+01 1.199999999999999956e-01
6.859000000000000341e+01 2.713000000000000078e+00 1.333300000000000018e+01 1.419999999999999873e-01
5.365500000000000114e+01 3.245799999999999841e+01 1.253100000000000058e+01 1.650000000000000078e-01
1.669099999999999895e+01 6.487500000000000000e+01 1.496499999999999986e+01 2.399999999999999911e-01
-2.382999999999999829e+01 7.333299999999999841e+01 1.564300000000000068e+01 3.140000000000000013e-01
-7.511899999999999977e+01 4.949600000000000222e+01 9.067999999999999616e+00 2.800000000000000266e-01
-1.145400000000000063e+02 1.678000000000000114e+01 -4.259999999999999898e-01 1.360000000000000098e-01
-1.080739999999999981e+02 -3.283999999999999808e+00 -5.358999999999999986e+00 7.000000000000000146e-03
-6.448600000000000421e+01 -1.469400000000000084e+01 -6.038999999999999702e+00 -3.400000000000000244e-02
-2.189499999999999957e+01 -2.580399999999999849e+01 -6.328999999999999737e+00 -2.199999999999999872e-02
-4.503999999999999559e+00 -3.149699999999999989e+01 -5.261999999999999567e+00 2.299999999999999961e-02
-2.052799999999999869e+01 -2.901300000000000168e+01 -1.368999999999999995e+00 1.019999999999999934e-01
-5.560900000000000176e+01 -2.659299999999999997e+01 1.725999999999999979e+00 1.199999999999999956e-01
-5.300699999999999790e+01 -2.604299999999999926e+01 1.122000000000000108e+00 -0.000000000000000000e+00
3.100400000000000134e+01 -1.791499999999999915e+01 -8.249999999999999556e-01 -1.390000000000000124e-01
1.511939999999999884e+02 -3.890000000000000124e-01 -1.223000000000000087e+00 -1.290000000000000036e-01
2.309459999999999980e+02 1.500600000000000023e+01 3.210000000000000075e-01 -1.899999999999999953e-02
2.593589999999999804e+02 2.035800000000000054e+01 3.403999999999999915e+00 4.299999999999999656e-02
2.429370000000000118e+02 1.924299999999999855e+01 6.602999999999999758e+00 3.899999999999999994e-02
1.628640000000000043e+02 1.671399999999999864e+01 7.097000000000000419e+00 3.699999999999999817e-02
8.686299999999999955e+01 1.615399999999999991e+01 4.633000000000000007e+00 2.299999999999999961e-02
1.512659999999999911e+02 2.301699999999999946e+01 3.991000000000000103e+00 -4.100000000000000172e-02
3.153410000000000082e+02 3.482099999999999795e+01 8.487999999999999545e+00 -1.079999999999999988e-01
3.515099999999999909e+02 3.514200000000000301e+01 1.316999999999999993e+01 -9.400000000000000022e-02
1.845130000000000052e+02 1.524099999999999966e+01 1.081700000000000017e+01 5.000000000000000104e-03
8.945999999999999730e+00 -9.435000000000000497e+00 2.560000000000000053e+00 1.039999999999999952e-01
-1.152599999999999980e+01 -2.012300000000000111e+01 -3.596000000000000085e+00 1.079999999999999988e-01
5.799799999999999756e+01 -1.893900000000000006e+01 -3.414000000000000146e+00 1.000000000000000021e-03
9.117100000000000648e+01 -1.816400000000000148e+01 -3.140000000000000013e-01 -1.390000000000000124e-01
7.653700000000000614e+01 -1.829100000000000037e+01 1.483999999999999986e+00 -2.020000000000000129e-01
5.665200000000000102e+01 -1.260999999999999943e+01 2.581999999999999851e+00 -1.570000000000000007e-01
2.289799999999999969e+01 -5.573000000000000398e+00 5.238999999999999879e+00 -8.300000000000000433e-02
-5.086500000000000199e+01 -9.162000000000000810e+00 8.321999999999999176e+00 -5.899999999999999689e-02
-1.329689999999999941e+02 -2.322500000000000142e+01 7.501999999999999780e+00 -9.900000000000000466e-02
-1.711229999999999905e+02 -3.487199999999999989e+01 -1.400000000000000029e-02 -2.020000000000000129e-01
-1.890540000000000020e+02 -3.591700000000000159e+01 -1.075600000000000023e+01 -3.290000000000000147e-01
-2.591689999999999827e+02 -2.817999999999999972e+01 -1.647899999999999920e+01 -3.699999999999999956e-01
-3.575310000000000059e+02 -1.491499999999999915e+01 -1.244699999999999918e+01 -2.680000000000000160e-01
-3.329540000000000077e+02 3.007000000000000117e+00 -2.899999999999999911e+00 -9.400000000000000022e-02
-9.425400000000000489e+01 2.484900000000000020e+01 3.975999999999999979e+00 6.500000000000000222e-02
2.272160000000000082e+02 4.575300000000000011e+01 5.190000000000000391e+00 1.660000000000000087e-01
4.232719999999999914e+02 5.460300000000000153e+01 4.187999999999999723e+00 1.859999999999999987e-01
4.605710000000000264e+02 4.507800000000000296e+01 4.240999999999999659e+00 1.340000000000000080e-01
4.237280000000000086e+02 2.763100000000000023e+01 4.259999999999999787e+00 7.199999999999999456e-02
3.251429999999999723e+02 1.845400000000000063e+01 1.868000000000000105e+00 5.399999999999999939e-02
1.713149999999999977e+02 2.186400000000000077e+01 -1.171000000000000041e+00 8.899999999999999578e-02
6.759499999999999886e+01 3.286200000000000188e+01 6.059999999999999831e-01 1.449999999999999900e-01
7.723600000000000421e+01 4.582999999999999829e+01 8.814999999999999503e+00 1.849999999999999978e-01
1.088910000000000053e+02 5.177700000000000102e+01 1.699899999999999878e+01 1.749999999999999889e-01
5.881000000000000227e+01 4.066400000000000148e+01 1.714900000000000091e+01 9.400000000000000022e-02
-4.696200000000000330e+01 1.635699999999999932e+01 8.547000000000000597e+00 -4.100000000000000172e-02
-1.270130000000000052e+02 -3.809000000000000163e+00 -2.438000000000000167e+00 -1.719999999999999862e-01
-1.685500000000000114e+02 -1.198799999999999955e+01 -1.016600000000000037e+01 -2.169999999999999984e-01
-2.051560000000000059e+02 -1.837800000000000011e+01 -1.485299999999999976e+01 -1.539999999999999980e-01
-2.318930000000000007e+02 -3.123699999999999832e+01 -1.834600000000000009e+01 -7.199999999999999456e-02
-2.149989999999999952e+02 -4.272099999999999653e+01 -1.828200000000000003e+01 -7.799999999999999989e-02
-1.593930000000000007e+02 -4.194200000000000017e+01 -1.247100000000000009e+01 -1.390000000000000124e-01
-1.101329999999999956e+02 -3.172899999999999920e+01 -5.548000000000000043e+00 -1.449999999999999900e-01
-9.522299999999999898e+01 -2.268499999999999872e+01 -3.708000000000000185e+00 -1.010000000000000064e-01
-1.029800000000000040e+02 -1.710500000000000043e+01 -6.213000000000000078e+00 -1.029999999999999943e-01
-1.117390000000000043e+02 -1.117699999999999960e+01 -8.348000000000000753e+00 -1.499999999999999944e-01
-1.210090000000000003e+02 -8.919999999999999929e+00 -9.449999999999999289e+00 -1.549999999999999989e-01
-1.455819999999999936e+02 -1.895100000000000051e+01 -1.219500000000000028e+01 -1.069999999999999979e-01
-1.704250000000000114e+02 -3.638900000000000290e+01 -1.522300000000000075e+01 -8.100000000000000255e-02
-1.368729999999999905e+02 -4.083700000000000330e+01 -1.278800000000000026e+01 -7.000000000000000666e-02
-2.385399999999999920e+01 -1.919800000000000040e+01 -3.551000000000000156e+00 2.299999999999999961e-02
9.116899999999999693e+01 1.664399999999999835e+01 5.875000000000000000e+00 1.890000000000000013e-01
1.214200000000000017e+02 4.269599999999999795e+01 8.740000000000000213e+00 2.800000000000000266e-01
8.683599999999999852e+01 4.992699999999999960e+01 5.671999999999999709e+00 2.330000000000000127e-01
8.897899999999999920e+01 5.130700000000000216e+01 2.798999999999999932e+00 1.509999999999999953e-01
1.935790000000000077e+02 6.265500000000000114e+01 4.711000000000000298e+00 1.380000000000000115e-01
3.433290000000000077e+02 8.128000000000000114e+01 9.906000000000000583e+00 1.719999999999999862e-01
3.773750000000000000e+02 8.519599999999999795e+01 1.192600000000000016e+01 1.559999999999999998e-01
1.973369999999999891e+02 5.692900000000000205e+01 6.136000000000000121e+00 5.099999999999999672e-02
-7.368999999999999773e+01 8.967000000000000526e+00 -4.048000000000000043e+00 -6.400000000000000133e-02
-2.105409999999999968e+02 -2.644399999999999906e+01 -1.049600000000000044e+01 -1.029999999999999943e-01
-1.640749999999999886e+02 -3.693299999999999983e+01 -9.239000000000000767e+00 -8.599999999999999312e-02
-6.857299999999999329e+01 -4.010999999999999943e+01 -3.112000000000000099e+00 -4.700000000000000011e-02
-1.272600000000000087e+01 -4.937899999999999778e+01 2.915000000000000036e+00 3.899999999999999994e-02
1.327100000000000080e+01 -5.640599999999999881e+01 6.527999999999999581e+00 1.509999999999999953e-01
-4.463000000000000078e+00 -5.453499999999999659e+01 7.791999999999999815e+00 1.950000000000000067e-01
-1.030739999999999981e+02 -5.216199999999999903e+01 6.253999999999999559e+00 1.340000000000000080e-01
-2.385190000000000055e+02 -5.423899999999999721e+01 1.971000000000000085e+00 2.199999999999999872e-02
-2.989409999999999741e+02 -5.204500000000000171e+01 -1.854999999999999982e+00 -7.099999999999999367e-02
-2.265910000000000082e+02 -3.729999999999999716e+01 -1.504000000000000004e+00 -9.199999999999999845e-02
-6.212199999999999989e+01 -8.445999999999999730e+00 3.983000000000000096e+00 -2.000000000000000042e-03
1.184650000000000034e+02 3.708299999999999841e+01 1.417900000000000027e+01 1.890000000000000013e-01
2.479569999999999936e+02 9.187900000000000489e+01 2.620100000000000051e+01 3.840000000000000080e-01
2.672549999999999955e+02 1.210349999999999966e+02 3.119399999999999906e+01 4.199999999999999845e-01
1.648940000000000055e+02 9.229800000000000182e+01 2.159700000000000131e+01 2.230000000000000038e-01
2.649899999999999878e+01 2.780499999999999972e+01 4.240000000000000213e+00 -3.300000000000000155e-02
-4.290800000000000125e+01 -1.593599999999999994e+01 -5.112000000000000099e+00 -1.039999999999999952e-01
-5.211299999999999955e+01 -2.151800000000000068e+01 -2.814999999999999947e+00 -1.700000000000000122e-02
-8.238899999999999579e+01 -1.978099999999999881e+01 -1.059999999999999970e-01 2.299999999999999961e-02
-1.323729999999999905e+02 -3.091300000000000026e+01 -3.180000000000000160e+00 -7.000000000000000146e-03
-1.095600000000000023e+02 -4.121600000000000108e+01 -5.722000000000000419e+00 8.000000000000000167e-03
2.273100000000000165e+01 -3.564999999999999858e+01 -3.263999999999999790e+00 4.700000000000000011e-02
1.563019999999999925e+02 -2.104599999999999937e+01 2.280000000000000082e-01 5.000000000000000104e-03
1.459250000000000114e+02 -1.253500000000000014e+01 1.816999999999999948e+00 -1.010000000000000064e-01
-9.669000000000000483e+00 -1.313000000000000078e+01 2.290999999999999925e+00 -1.719999999999999862e-01
-1.720250000000000057e+02 -1.585399999999999920e+01 -9.600000000000000200e-02 -1.859999999999999987e-01
-2.328069999999999879e+02 -1.623699999999999832e+01 -6.477000000000000313e+00 -1.789999999999999925e-01
-2.007570000000000050e+02 -1.275900000000000034e+01 -1.097700000000000031e+01 -1.310000000000000053e-01
-1.630349999999999966e+02 -6.078999999999999737e+00 -8.461000000000000298e+00 -3.799999999999999906e-02
-2.106479999999999961e+02 -4.208000000000000185e+00 -4.431000000000000050e+00 -5.000000000000000104e-03
-3.401630000000000109e+02 -1.538899999999999935e+01 -7.679000000000000270e+00 -1.140000000000000041e-01
-4.329409999999999741e+02 -3.186899999999999977e+01 -1.641000000000000014e+01 -2.859999999999999765e-01
-3.798999999999999773e+02 -3.248100000000000165e+01 -1.941700000000000159e+01 -3.330000000000000182e-01
-1.659900000000000091e+02 -8.073000000000000398e+00 -1.017600000000000016e+01 -1.539999999999999980e-01
1.694569999999999936e+02 2.429599999999999937e+01 5.945000000000000284e+00 1.280000000000000027e-01
5.330240000000000009e+02 4.221000000000000085e+01 1.839099999999999824e+01 2.859999999999999765e-01
7.480249999999999773e+02 4.226400000000000290e+01 2.043400000000000105e+01 2.300000000000000100e-01
6.821029999999999518e+02 3.183999999999999986e+01 1.266799999999999926e+01 4.299999999999999656e-02
4.062649999999999864e+02 1.064499999999999957e+01 1.778000000000000025e+00 -1.559999999999999998e-01
8.818300000000000693e+01 -2.437399999999999878e+01 -6.073000000000000398e+00 -2.800000000000000266e-01
-1.947870000000000061e+02 -6.579200000000000159e+01 -1.208099999999999952e+01 -3.350000000000000200e-01
-4.118349999999999795e+02 -1.033190000000000026e+02 -2.172700000000000031e+01 -4.299999999999999933e-01
-5.269400000000000546e+02 -1.363820000000000050e+02 -3.467300000000000182e+01 -6.199999999999999956e-01
-5.506140000000000327e+02 -1.584490000000000123e+02 -4.165599999999999881e+01 -7.540000000000000036e-01
-4.507330000000000041e+02 -1.378369999999999891e+02 -3.289099999999999824e+01 -5.699999999999999512e-01
-1.232930000000000064e+02 -4.535000000000000142e+01 -7.942999999999999616e+00 -8.999999999999999320e-03
3.737010000000000218e+02 9.617499999999999716e+01 2.255799999999999983e+01 6.570000000000000284e-01
7.806739999999999782e+02 2.148569999999999993e+02 4.470499999999999829e+01 1.072999999999999954e+00
9.155510000000000446e+02 2.514149999999999920e+02 5.132999999999999829e+01 1.135999999999999899e+00
7.710639999999999645e+02 2.030039999999999907e+02 4.167199999999999704e+01 9.180000000000000382e-01
4.018870000000000005e+02 1.055889999999999986e+02 1.518500000000000050e+01 4.119999999999999774e-01
-7.609699999999999420e+01 3.293000000000000149e+00 -2.188899999999999935e+01 -3.350000000000000200e-01
-4.819420000000000073e+02 -6.188400000000000034e+01 -4.922899999999999920e+01 -9.499999999999999556e-01
-6.748920000000000528e+02 -7.053000000000000114e+01 -4.954899999999999949e+01 -1.044999999999999929e+00
-5.805670000000000073e+02 -3.828699999999999903e+01 -2.740200000000000102e+01 -6.400000000000000133e-01
-1.946920000000000073e+02 1.600000000000000000e+01 2.113999999999999879e+00 -8.999999999999999320e-03
3.195749999999999886e+02 8.365800000000000125e+01 3.050600000000000023e+01 6.630000000000000338e-01
6.968210000000000264e+02 1.330999999999999943e+02 5.109899999999999665e+01 1.201999999999999957e+00
8.064429999999999836e+02 1.265960000000000036e+02 5.491799999999999926e+01 1.350000000000000089e+00
7.070760000000000218e+02 8.383400000000000318e+01 4.220700000000000074e+01 1.028999999999999915e+00
5.086259999999999764e+02 5.681300000000000239e+01 2.425300000000000011e+01 5.040000000000000036e-01
2.706680000000000064e+02 4.193099999999999739e+01 9.439000000000000057e+00 8.799999999999999489e-02
2.734700000000000131e+01 -3.420999999999999819e+00 -1.502999999999999892e+00 -1.489999999999999936e-01
-1.440910000000000082e+02 -7.023799999999999955e+01 -8.176999999999999602e+00 -2.710000000000000187e-01
-1.908220000000000027e+02 -1.063670000000000044e+02 -9.101000000000000867e+00 -2.819999999999999729e-01
-1.858139999999999930e+02 -9.727700000000000102e+01 -6.410000000000000142e+00 -1.950000000000000067e-01
-2.202079999999999984e+02 -7.027400000000000091e+01 -5.623999999999999666e+00 -1.120000000000000023e-01
-2.673340000000000032e+02 -4.344400000000000261e+01 -1.051200000000000045e+01 -9.600000000000000200e-02
-2.649540000000000077e+02 -2.083699999999999974e+01 -1.949500000000000099e+01 -1.260000000000000009e-01
-2.273309999999999889e+02 -1.121400000000000041e+01 -2.607499999999999929e+01 -1.900000000000000022e-01
-1.971599999999999966e+02 -1.721900000000000119e+01 -2.356700000000000017e+01 -2.690000000000000169e-01
-1.800339999999999918e+02 -2.694800000000000040e+01 -1.261800000000000033e+01 -2.839999999999999747e-01
-1.778590000000000089e+02 -3.486699999999999733e+01 -4.150000000000000355e+00 -2.429999999999999938e-01
-2.203350000000000080e+02 -5.286999999999999744e+01 -9.901999999999999247e+00 -3.099999999999999978e-01
-3.145160000000000196e+02 -8.466599999999999682e+01 -2.684199999999999875e+01 -5.699999999999999512e-01
-3.967699999999999818e+02 -1.058400000000000034e+02 -3.692399999999999949e+01 -8.110000000000000542e-01
-3.913430000000000177e+02 -9.155299999999999727e+01 -2.874299999999999855e+01 -7.520000000000000018e-01
-2.954759999999999991e+02 -5.192999999999999972e+01 -1.183500000000000085e+01 -4.400000000000000022e-01
-1.592040000000000077e+02 -1.925499999999999901e+01 -1.969999999999999973e+00 -1.930000000000000049e-01
-3.778999999999999915e+01 -1.110999999999999943e+01 -1.820000000000000062e+00 -1.620000000000000051e-01
1.344400000000000084e+01 -1.959199999999999875e+01 -4.131999999999999673e+00 -1.829999999999999960e-01
-6.581000000000000405e+00 -2.545299999999999940e+01 -4.395999999999999908e+00 -7.399999999999999634e-02
-2.289199999999999946e+01 -1.532000000000000028e+01 -1.741999999999999993e+00 1.239999999999999991e-01
-4.751999999999999780e+00 7.464999999999999858e+00 5.918999999999999595e+00 2.869999999999999774e-01
-4.365999999999999659e+00 2.941499999999999915e+01 1.853999999999999915e+01 3.820000000000000062e-01
-3.510099999999999909e+01 4.556600000000000250e+01 2.792399999999999949e+01 4.179999999999999827e-01
-6.907399999999999807e+01 5.717900000000000205e+01 2.351200000000000045e+01 3.479999999999999760e-01
-1.301009999999999991e+02 5.269100000000000250e+01 5.934000000000000163e+00 1.390000000000000124e-01
-2.283060000000000116e+02 1.987999999999999901e+01 -1.180300000000000082e+01 -1.239999999999999991e-01
-2.878570000000000277e+02 -2.388500000000000156e+01 -1.864600000000000080e+01 -2.810000000000000275e-01
-2.622679999999999723e+02 -4.621500000000000341e+01 -1.512100000000000044e+01 -2.550000000000000044e-01
-2.025449999999999875e+02 -3.964699999999999847e+01 -7.701999999999999957e+00 -1.189999999999999947e-01
-1.234489999999999981e+02 -1.446000000000000085e+01 1.403999999999999915e+00 3.500000000000000333e-02
7.110299999999999443e+01 3.242000000000000171e+01 1.513199999999999967e+01 2.580000000000000071e-01
4.131759999999999877e+02 9.629099999999999682e+01 3.115500000000000114e+01 5.769999999999999574e-01
7.036979999999999791e+02 1.328309999999999889e+02 3.780100000000000193e+01 7.650000000000000133e-01
6.989510000000000218e+02 1.063460000000000036e+02 2.835800000000000054e+01 5.749999999999999556e-01
4.529259999999999877e+02 5.137599999999999767e+01 1.153200000000000003e+01 1.549999999999999989e-01
2.500200000000000102e+02 2.624599999999999866e+01 -4.480000000000000093e-01 -1.350000000000000089e-01
1.878499999999999943e+02 2.862099999999999866e+01 -5.567999999999999616e+00 -1.880000000000000004e-01
1.099710000000000036e+02 1.709700000000000131e+01 -8.060000000000000497e+00 -1.590000000000000024e-01
-3.561500000000000199e+01 -8.718999999999999417e+00 -8.271000000000000796e+00 -1.310000000000000053e-01
-9.780700000000000216e+01 -1.048099999999999987e+01 -2.968999999999999861e+00 -2.599999999999999881e-02
-1.774200000000000088e+01 2.182000000000000028e+01 6.610000000000000320e+00 1.839999999999999969e-01
6.613200000000000500e+01 5.472800000000000153e+01 1.301299999999999990e+01 3.569999999999999840e-01
4.940200000000000102e+01 5.681499999999999773e+01 1.094599999999999973e+01 3.150000000000000022e-01
-1.358200000000000074e+01 2.709400000000000119e+01 4.415000000000000036e+00 7.699999999999999900e-02
-4.743800000000000239e+01 -1.590799999999999947e+01 1.901999999999999913e+00 -1.529999999999999971e-01
-6.905800000000000693e+01 -5.300600000000000023e+01 4.735000000000000320e+00 -2.429999999999999938e-01
-1.150250000000000057e+02 -7.473399999999999466e+01 5.613999999999999879e+00 -2.270000000000000073e-01
-1.548770000000000095e+02 -8.209199999999999875e+01 3.140000000000000013e-01 -1.779999999999999916e-01
-1.483180000000000121e+02 -7.768600000000000705e+01 -5.503000000000000114e+00 -1.089999999999999997e-01
-1.131539999999999964e+02 -5.812100000000000222e+01 -3.251999999999999780e+00 -6.000000000000000125e-03
-4.840200000000000102e+01 -2.029200000000000159e+01 9.067000000000000171e+00 1.439999999999999891e-01
1.135580000000000069e+02 2.601800000000000068e+01 2.488599999999999923e+01 3.009999999999999898e-01
3.356940000000000168e+02 5.538900000000000290e+01 3.462800000000000011e+01 3.439999999999999725e-01
3.874879999999999995e+02 4.328699999999999903e+01 3.277499999999999858e+01 1.829999999999999960e-01
1.532620000000000005e+02 -3.012000000000000011e+00 2.083899999999999864e+01 -8.500000000000000611e-02
-1.229260000000000019e+02 -4.167799999999999727e+01 5.834999999999999964e+00 -2.550000000000000044e-01
-1.610920000000000130e+02 -4.434599999999999653e+01 -5.256000000000000227e+00 -2.650000000000000133e-01
-2.918199999999999861e+01 -2.835099999999999909e+01 -1.141600000000000037e+01 -2.320000000000000118e-01
3.818500000000000227e+01 -2.342599999999999838e+01 -1.615800000000000125e+01 -2.439999999999999947e-01
-2.370999999999999996e+00 -3.067599999999999838e+01 -2.100100000000000122e+01 -2.610000000000000098e-01
-3.912400000000000233e+01 -3.239000000000000057e+01 -2.393499999999999872e+01 -2.419999999999999929e-01
-2.813599999999999923e+01 -2.313400000000000034e+01 -2.325499999999999901e+01 -1.849999999999999978e-01
-1.231199999999999939e+01 -1.290000000000000036e+01 -2.000199999999999889e+01 -8.400000000000000522e-02
-1.606500000000000128e+01 -8.794000000000000483e+00 -1.698199999999999932e+01 4.000000000000000083e-02
-2.538800000000000168e+01 -8.230999999999999872e+00 -1.560999999999999943e+01 1.189999999999999947e-01
-2.699099999999999966e+01 -6.296000000000000263e+00 -1.331799999999999962e+01 1.459999999999999909e-01
-9.555999999999999162e+00 9.260000000000000453e-01 -6.839000000000000412e+00 1.890000000000000013e-01
3.309499999999999886e+01 1.757700000000000173e+01 1.159000000000000030e+00 2.479999999999999982e-01
6.205799999999999983e+01 4.288400000000000034e+01 3.607000000000000206e+00 2.439999999999999947e-01
2.344300000000000139e+01 6.493899999999999295e+01 -1.223999999999999977e+00 1.559999999999999998e-01
-6.223299999999999699e+01 6.822400000000000375e+01 -6.977999999999999758e+00 4.700000000000000011e-02
-1.219740000000000038e+02 5.220199999999999818e+01 -8.230999999999999872e+00 -4.100000000000000172e-02
-1.313899999999999864e+02 3.556900000000000261e+01 -6.716999999999999638e+00 -1.019999999999999934e-01
-1.352410000000000139e+02 3.097200000000000131e+01 -6.549999999999999822e+00 -1.110000000000000014e-01
-1.783530000000000086e+02 2.532799999999999940e+01 -8.134000000000000341e+00 -6.500000000000000222e-02
-2.024790000000000134e+02 7.567999999999999616e+00 -7.972000000000000419e+00 -2.500000000000000139e-02
-6.487500000000000000e+01 -3.645000000000000018e+00 -2.520000000000000018e+00 -4.100000000000000172e-02
2.000109999999999957e+02 3.275999999999999801e+00 6.769000000000000128e+00 -7.599999999999999811e-02
2.854379999999999882e+02 7.399999999999999634e-02 1.394400000000000084e+01 -6.700000000000000400e-02
4.179899999999999949e+01 -3.392699999999999960e+01 1.635999999999999943e+01 6.000000000000000125e-03
-2.350860000000000127e+02 -7.114900000000000091e+01 1.691799999999999926e+01 1.360000000000000098e-01
-2.361440000000000055e+02 -7.902800000000000580e+01 1.647299999999999898e+01 2.620000000000000107e-01
-3.934000000000000341e+01 -6.129699999999999704e+01 1.191200000000000081e+01 2.949999999999999845e-01
1.517410000000000139e+02 -2.985300000000000153e+01 4.583999999999999631e+00 2.479999999999999982e-01
3.153879999999999768e+02 2.033800000000000097e+01 1.784999999999999920e+00 2.660000000000000142e-01
4.882789999999999964e+02 8.289300000000000068e+01 5.328000000000000291e+00 4.159999999999999809e-01
6.030890000000000555e+02 1.247049999999999983e+02 6.568999999999999950e+00 5.510000000000000453e-01
5.669329999999999927e+02 1.222399999999999949e+02 -1.187999999999999945e+00 4.739999999999999769e-01
3.750950000000000273e+02 8.761199999999999477e+01 -1.170199999999999996e+01 2.049999999999999878e-01
1.209260000000000019e+02 4.886399999999999721e+01 -1.409900000000000020e+01 -3.400000000000000244e-02
-5.860799999999999699e+01 2.311299999999999955e+01 -7.442999999999999616e+00 -1.089999999999999997e-01
-1.014350000000000023e+02 9.759000000000000341e+00 -1.250000000000000000e-01 -1.280000000000000027e-01
-9.437300000000000466e+01 -1.635000000000000009e+00 2.040000000000000036e+00 -2.560000000000000053e-01
-1.517419999999999902e+02 -1.907799999999999940e+01 4.899999999999999911e-01 -4.809999999999999831e-01
-2.772540000000000191e+02 -4.356600000000000250e+01 -2.028999999999999915e+00 -6.470000000000000195e-01
-4.226940000000000168e+02 -7.174800000000000466e+01 -5.980999999999999872e+00 -6.650000000000000355e-01
-5.626509999999999536e+02 -9.574500000000000455e+01 -1.184999999999999964e+01 -5.989999999999999769e-01
-6.457480000000000473e+02 -1.041560000000000059e+02 -1.623300000000000054e+01 -5.060000000000000053e-01
-5.905570000000000164e+02 -8.922499999999999432e+01 -1.446799999999999997e+01 -3.310000000000000164e-01
-3.553799999999999955e+02 -5.142600000000000193e+01 -6.371000000000000441e+00 -4.900000000000000189e-02
2.758299999999999841e+01 -6.580000000000000293e-01 2.521999999999999797e+00 2.119999999999999940e-01
4.131320000000000050e+02 4.162899999999999778e+01 5.395999999999999908e+00 2.919999999999999818e-01
5.381359999999999673e+02 5.424499999999999744e+01 -5.399999999999999939e-02 1.789999999999999925e-01
2.422959999999999923e+02 4.075999999999999801e+01 -8.728999999999999204e+00 2.100000000000000130e-02
-2.484840000000000089e+02 2.735900000000000176e+01 -1.193299999999999983e+01 -1.799999999999999864e-02
-4.881469999999999914e+02 2.913299999999999912e+01 -7.411999999999999922e+00 8.000000000000000167e-02
-3.255299999999999727e+02 3.663600000000000279e+01 -2.407999999999999918e+00 1.859999999999999987e-01
2.279999999999999805e+00 4.124000000000000199e+01 -1.052999999999999936e+00 2.079999999999999905e-01
2.647970000000000255e+02 4.806199999999999761e+01 2.677000000000000046e+00 2.000000000000000111e-01
3.910930000000000177e+02 5.363000000000000256e+01 1.142399999999999949e+01 2.169999999999999984e-01
3.209309999999999832e+02 4.302799999999999869e+01 1.758899999999999864e+01 2.049999999999999878e-01
8.409199999999999875e+01 1.985900000000000176e+01 1.724599999999999866e+01 1.360000000000000098e-01
-8.988800000000000523e+01 4.854000000000000092e+00 1.623799999999999955e+01 7.599999999999999811e-02
-6.147899999999999920e+01 1.489999999999999991e+00 1.825600000000000023e+01 2.500000000000000139e-02
-1.806999999999999940e+00 -5.774000000000000021e+00 1.846300000000000097e+01 -8.500000000000000611e-02
-9.700000000000000000e+01 -2.376099999999999923e+01 1.227399999999999913e+01 -2.300000000000000100e-01
-2.636209999999999809e+02 -4.549600000000000222e+01 3.496999999999999886e+00 -2.959999999999999853e-01
-3.229680000000000177e+02 -6.419799999999999329e+01 -1.004000000000000004e+00 -2.469999999999999973e-01
-2.415320000000000107e+02 -7.562999999999999545e+01 -5.959999999999999742e-01 -1.509999999999999953e-01
-8.176800000000000068e+01 -7.439000000000000057e+01 3.739999999999999991e-01 -7.099999999999999367e-02
1.153910000000000053e+02 -5.900300000000000011e+01 -6.870000000000000551e-01 -2.800000000000000058e-02
3.050559999999999832e+02 -3.869500000000000028e+01 -2.887000000000000011e+00 -5.099999999999999672e-02
3.932629999999999768e+02 -2.916700000000000159e+01 -4.402999999999999581e+00 -1.340000000000000080e-01
3.005190000000000055e+02 -3.834400000000000119e+01 -5.849999999999999645e+00 -2.059999999999999887e-01
4.993900000000000006e+01 -5.842900000000000205e+01 -1.011299999999999955e+01 -2.389999999999999902e-01
-2.554170000000000016e+02 -7.507599999999999341e+01 -1.682999999999999829e+01 -2.680000000000000160e-01
-5.064510000000000218e+02 -8.010399999999999920e+01 -2.089399999999999835e+01 -3.039999999999999925e-01
-5.989389999999999645e+02 -7.228900000000000148e+01 -1.967099999999999937e+01 -3.220000000000000084e-01
-4.617710000000000150e+02 -5.229500000000000171e+01 -1.609700000000000131e+01 -2.969999999999999862e-01
-1.284190000000000111e+02 -2.137399999999999878e+01 -1.176500000000000057e+01 -1.920000000000000040e-01
2.787669999999999959e+02 1.602400000000000091e+01 -5.211999999999999744e+00 -2.000000000000000042e-02
6.102699999999999818e+02 4.848400000000000176e+01 9.979999999999999982e-01 6.900000000000000577e-02
7.079109999999999445e+02 6.080700000000000216e+01 2.000000000000000000e+00 -3.699999999999999817e-02
5.062590000000000146e+02 4.790299999999999869e+01 -4.149999999999999800e-01 -1.779999999999999916e-01
1.772100000000000080e+02 2.148400000000000176e+01 -1.252999999999999892e+00 -1.189999999999999947e-01
-2.958000000000000185e+00 -2.043000000000000149e+00 -1.905999999999999917e+00 8.899999999999999578e-02
3.738400000000000034e+01 -1.049200000000000088e+01 -5.395999999999999908e+00 2.119999999999999940e-01
1.549900000000000091e+02 2.452999999999999847e+00 -7.094000000000000306e+00 2.149999999999999967e-01
2.156469999999999914e+02 2.321999999999999886e+01 -2.068000000000000060e+00 2.300000000000000100e-01
1.725440000000000111e+02 2.192200000000000060e+01 4.251000000000000334e+00 2.520000000000000018e-01
5.425699999999999790e+01 -7.405999999999999694e+00 4.461000000000000298e+00 2.020000000000000129e-01
-3.322299999999999898e+01 -3.619100000000000250e+01 1.588000000000000078e+00 1.459999999999999909e-01
-1.609400000000000119e+01 -4.348400000000000176e+01 3.778999999999999915e+00 1.789999999999999925e-01
4.675699999999999790e+01 -3.651299999999999812e+01 1.242200000000000060e+01 2.540000000000000036e-01
6.448499999999999943e+01 -2.456700000000000017e+01 2.152100000000000080e+01 3.200000000000000067e-01
2.899800000000000111e+01 -4.879999999999999893e+00 2.638100000000000023e+01 4.590000000000000191e-01
-3.001000000000000156e+01 2.034199999999999875e+01 2.839799999999999969e+01 6.730000000000000426e-01
-9.440300000000000580e+01 3.935000000000000142e+01 2.926899999999999835e+01 7.299999999999999822e-01
-1.294290000000000020e+02 4.833599999999999852e+01 2.586700000000000088e+01 4.829999999999999849e-01
-1.106179999999999950e+02 5.531600000000000250e+01 1.704899999999999949e+01 1.489999999999999936e-01
-8.688599999999999568e+01 6.675600000000000023e+01 9.452999999999999403e+00 1.000000000000000021e-02
-1.230450000000000017e+02 7.805500000000000682e+01 7.850999999999999979e+00 4.100000000000000172e-02
-1.968460000000000036e+02 7.382800000000000296e+01 6.355000000000000426e+00 4.499999999999999833e-02
-2.314650000000000034e+02 4.457200000000000273e+01 -1.471000000000000085e+00 -4.200000000000000261e-02
-1.898930000000000007e+02 6.147000000000000242e+00 -1.115199999999999925e+01 -1.439999999999999891e-01
-8.089199999999999591e+01 -1.390499999999999936e+01 -1.453100000000000058e+01 -2.049999999999999878e-01
6.107999999999999829e+01 -9.821999999999999176e+00 -1.162700000000000067e+01 -2.330000000000000127e-01
1.539679999999999893e+02 -6.700000000000000400e-01 -8.760999999999999233e+00 -2.330000000000000127e-01
1.205840000000000032e+02 -2.366000000000000103e+00 -9.576000000000000512e+00 -1.859999999999999987e-01
2.402000000000000135e+00 -1.334999999999999964e+01 -1.241300000000000026e+01 -8.200000000000000344e-02
-8.629500000000000171e+01 -2.624099999999999966e+01 -1.460399999999999920e+01 5.000000000000000104e-03
-1.212409999999999997e+02 -3.537199999999999989e+01 -1.518599999999999994e+01 -5.199999999999999761e-02
-1.635850000000000080e+02 -3.313199999999999790e+01 -1.338199999999999967e+01 -2.449999999999999956e-01
-2.110709999999999980e+02 -1.553700000000000081e+01 -9.294000000000000483e+00 -3.770000000000000018e-01
-2.002899999999999920e+02 9.500000000000000000e+00 -5.850999999999999979e+00 -3.140000000000000013e-01
-1.489650000000000034e+02 2.968100000000000094e+01 -5.296000000000000263e+00 -1.409999999999999865e-01
-1.202570000000000050e+02 4.146000000000000085e+01 -4.799999999999999822e+00 0.000000000000000000e+00
-7.384399999999999409e+01 4.930400000000000205e+01 8.000000000000000167e-02 9.600000000000000200e-02
4.418399999999999750e+01 5.311599999999999966e+01 7.399000000000000021e+00 1.809999999999999942e-01
1.471709999999999923e+02 4.539699999999999847e+01 8.760999999999999233e+00 2.020000000000000129e-01
1.402429999999999950e+02 2.553900000000000148e+01 6.680000000000000382e-01 9.900000000000000466e-02
7.922199999999999420e+01 5.479000000000000092e+00 -8.624000000000000554e+00 -5.999999999999999778e-02
5.040800000000000125e+01 -7.967999999999999972e+00 -1.018599999999999994e+01 -1.779999999999999916e-01
3.162300000000000111e+01 -2.389399999999999835e+01 -7.676000000000000156e+00 -2.849999999999999756e-01
-2.319300000000000139e+01 -4.748400000000000176e+01 -9.314999999999999503e+00 -4.099999999999999756e-01
-7.281900000000000261e+01 -6.264000000000000057e+01 -1.169800000000000040e+01 -4.329999999999999960e-01
-6.198599999999999710e+01 -5.203900000000000148e+01 -6.208999999999999631e+00 -2.210000000000000020e-01
-5.495400000000000063e+01 -2.447100000000000009e+01 3.229000000000000092e+00 1.499999999999999944e-01
-1.488079999999999927e+02 -3.539000000000000146e+00 6.006999999999999673e+00 4.550000000000000155e-01
-2.386630000000000109e+02 6.073000000000000398e+00 3.607000000000000206e+00 5.560000000000000497e-01
-1.118409999999999940e+02 1.989199999999999946e+01 5.291999999999999815e+00 5.070000000000000062e-01
1.775699999999999932e+02 4.239300000000000068e+01 1.067699999999999960e+01 4.309999999999999942e-01
3.506449999999999818e+02 6.129099999999999682e+01 1.290099999999999980e+01 3.890000000000000124e-01
3.106600000000000250e+02 6.643999999999999773e+01 1.157399999999999984e+01 3.330000000000000182e-01
1.758100000000000023e+02 4.800600000000000023e+01 8.243000000000000327e+00 1.350000000000000089e-01
3.513199999999999790e+01 1.925999999999999934e+00 7.299999999999999822e-01 -2.310000000000000109e-01
-4.695600000000000307e+01 -4.104099999999999682e+01 -7.033000000000000362e+00 -5.190000000000000169e-01
4.793000000000000149e+00 -3.507999999999999829e+01 -5.214000000000000412e+00 -4.789999999999999813e-01
1.301970000000000027e+02 1.594200000000000017e+01 5.408999999999999808e+00 -2.210000000000000020e-01
1.818530000000000086e+02 6.047200000000000131e+01 1.297000000000000064e+01 -2.199999999999999872e-02
1.591510000000000105e+02 6.994400000000000261e+01 1.191600000000000037e+01 3.699999999999999817e-02
1.701870000000000118e+02 5.768099999999999739e+01 7.009000000000000341e+00 -8.999999999999999320e-03
2.230000000000000000e+02 3.403499999999999659e+01 1.907000000000000028e+00 -1.960000000000000075e-01
2.358269999999999982e+02 -2.242999999999999883e+00 -3.765000000000000124e+00 -5.030000000000000027e-01
1.576189999999999998e+02 -3.594200000000000017e+01 -7.703000000000000291e+00 -7.690000000000000169e-01
-7.487000000000000099e+00 -4.882900000000000063e+01 -6.240999999999999659e+00 -8.750000000000000000e-01
-2.005620000000000118e+02 -4.918900000000000006e+01 -1.806000000000000050e+00 -8.409999999999999698e-01
-3.462160000000000082e+02 -4.956099999999999994e+01 -2.520000000000000018e-01 -6.690000000000000391e-01
-4.421800000000000068e+02 -3.716899999999999693e+01 -5.350000000000000311e-01 -3.019999999999999907e-01
-4.935740000000000123e+02 3.560000000000000053e+00 4.666999999999999815e+00 1.869999999999999996e-01
-3.779719999999999800e+02 5.947399999999999665e+01 1.471599999999999930e+01 5.520000000000000462e-01
-1.823100000000000165e+01 9.679399999999999693e+01 1.736299999999999955e+01 6.320000000000000062e-01
3.438170000000000073e+02 9.158599999999999852e+01 7.419999999999999929e+00 5.280000000000000249e-01
3.617730000000000246e+02 5.010900000000000176e+01 -3.189000000000000057e+00 4.610000000000000209e-01
8.950199999999999534e+01 3.111000000000000210e+00 -3.657999999999999918e+00 4.909999999999999920e-01
-4.302900000000000347e+01 -2.185900000000000176e+01 1.493999999999999995e+00 4.799999999999999822e-01
1.851359999999999957e+02 -2.249299999999999855e+01 3.613999999999999879e+00 3.420000000000000262e-01
5.243210000000000264e+02 -1.491499999999999915e+01 1.864999999999999991e+00 1.910000000000000031e-01
6.322859999999999445e+02 -1.339799999999999969e+01 -3.210000000000000075e-01 1.499999999999999944e-01
4.405670000000000073e+02 -2.283099999999999952e+01 -1.364999999999999991e+00 1.809999999999999942e-01
1.080040000000000049e+02 -4.002900000000000347e+01 -1.921000000000000041e+00 1.759999999999999898e-01
-1.732059999999999889e+02 -5.494500000000000028e+01 -3.504000000000000004e+00 1.089999999999999997e-01
-2.856089999999999804e+02 -5.782800000000000296e+01 -7.091999999999999638e+00 2.000000000000000042e-02
-2.444679999999999893e+02 -4.967799999999999727e+01 -1.173600000000000065e+01 -6.700000000000000400e-02
-2.029770000000000039e+02 -4.590400000000000347e+01 -1.545800000000000018e+01 -1.390000000000000124e-01
-3.088600000000000136e+02 -6.402899999999999636e+01 -1.778200000000000003e+01 -1.940000000000000058e-01
-5.104920000000000186e+02 -9.604200000000000159e+01 -1.923100000000000165e+01 -2.489999999999999991e-01
-5.949320000000000164e+02 -1.043900000000000006e+02 -1.835900000000000176e+01 -2.999999999999999889e-01
-4.409390000000000214e+02 -6.749399999999999977e+01 -1.319800000000000040e+01 -2.979999999999999871e-01
-1.266140000000000043e+02 -1.375099999999999945e+01 -5.557000000000000384e+00 -1.970000000000000084e-01
2.030759999999999934e+02 1.447400000000000020e+01 1.030000000000000027e+00 -2.199999999999999872e-02
4.313070000000000164e+02 1.381499999999999950e+01 6.711000000000000298e+00 1.620000000000000051e-01
4.609730000000000132e+02 1.213899999999999935e+01 1.297400000000000020e+01 3.150000000000000022e-01
2.886309999999999718e+02 2.156599999999999895e+01 1.661700000000000088e+01 3.760000000000000009e-01
7.561299999999999955e+01 2.721399999999999864e+01 1.289100000000000001e+01 2.720000000000000195e-01
-3.863999999999999879e+00 1.907400000000000162e+01 3.581999999999999851e+00 4.800000000000000100e-02
3.429099999999999682e+01 5.565000000000000391e+00 -4.641000000000000014e+00 -1.330000000000000071e-01
4.387700000000000244e+01 -8.522999999999999687e+00 -9.218999999999999417e+00 -1.839999999999999969e-01
-4.827400000000000091e+01 -2.761499999999999844e+01 -1.263100000000000023e+01 -1.439999999999999891e-01
-1.935089999999999861e+02 -4.278099999999999881e+01 -1.485299999999999976e+01 -1.400000000000000029e-02
-2.779030000000000200e+02 -3.296000000000000085e+01 -1.202800000000000047e+01 2.489999999999999991e-01
-1.726870000000000118e+02 2.818999999999999950e+00 -3.410000000000000142e+00 5.440000000000000391e-01
1.272939999999999969e+02 3.506099999999999994e+01 5.926999999999999602e+00 6.500000000000000222e-01
4.031229999999999905e+02 3.678399999999999892e+01 1.073000000000000043e+01 5.130000000000000115e-01
4.076279999999999859e+02 1.893100000000000094e+01 1.177699999999999925e+01 3.529999999999999805e-01
1.556579999999999870e+02 1.425600000000000023e+01 1.342999999999999972e+01 3.589999999999999858e-01
-1.000250000000000057e+02 2.533599999999999852e+01 1.470800000000000018e+01 4.020000000000000240e-01
-1.747390000000000043e+02 2.020899999999999963e+01 9.926999999999999602e+00 2.399999999999999911e-01
-1.382379999999999995e+02 -1.546499999999999986e+01 -1.149999999999999911e+00 -1.079999999999999988e-01
-1.641959999999999980e+02 -5.740699999999999648e+01 -1.288700000000000045e+01 -4.329999999999999960e-01
-2.823419999999999845e+02 -7.727100000000000080e+01 -2.143199999999999861e+01 -6.219999999999999973e-01
-3.637339999999999804e+02 -6.822599999999999909e+01 -2.410000000000000142e+01 -6.620000000000000329e-01
-3.058399999999999750e+02 -3.521800000000000352e+01 -1.669500000000000028e+01 -5.140000000000000124e-01
-1.595519999999999925e+02 1.300699999999999967e+01 -6.129999999999999893e-01 -2.059999999999999887e-01
-6.267799999999999727e+01 5.651700000000000301e+01 1.335399999999999920e+01 4.299999999999999656e-02
-6.880400000000000205e+01 7.467700000000000671e+01 1.668199999999999861e+01 1.899999999999999953e-02
-9.051900000000000546e+01 7.514900000000000091e+01 1.333500000000000085e+01 -1.620000000000000051e-01
-2.444500000000000028e+01 8.767700000000000671e+01 1.212899999999999956e+01 -1.799999999999999933e-01
1.227840000000000060e+02 1.163130000000000024e+02 1.450099999999999945e+01 3.400000000000000244e-02
2.476200000000000045e+02 1.246929999999999978e+02 1.551099999999999923e+01 1.920000000000000040e-01
2.504130000000000109e+02 8.612000000000000455e+01 1.284600000000000009e+01 8.000000000000000167e-02
1.290740000000000123e+02 2.415800000000000125e+01 9.513999999999999346e+00 -1.199999999999999956e-01
-4.580000000000000071e+00 -1.867099999999999937e+01 8.086000000000000298e+00 -1.250000000000000000e-01
-5.272699999999999676e+01 -3.667000000000000171e+01 5.051000000000000156e+00 -6.000000000000000125e-03
-8.075799999999999557e+01 -5.872599999999999909e+01 -5.535000000000000142e+00 -8.500000000000000611e-02
-2.061870000000000118e+02 -9.569799999999999329e+01 -2.123699999999999832e+01 -4.460000000000000075e-01
-3.610389999999999873e+02 -1.222219999999999942e+02 -3.017399999999999949e+01 -7.940000000000000391e-01
-3.766940000000000168e+02 -1.164770000000000039e+02 -2.534600000000000009e+01 -8.569999999999999840e-01
-2.565459999999999923e+02 -8.624099999999999966e+01 -1.323700000000000010e+01 -6.800000000000000488e-01
-1.392810000000000059e+02 -4.642600000000000193e+01 -3.371999999999999886e+00 -4.319999999999999951e-01
-7.312600000000000477e+01 -9.419999999999999485e-01 3.407999999999999918e+00 -1.449999999999999900e-01
-8.615000000000000213e+00 4.078000000000000114e+01 1.094800000000000040e+01 1.940000000000000058e-01
8.754900000000000659e+01 5.560099999999999909e+01 1.787000000000000099e+01 4.520000000000000129e-01
2.235670000000000073e+02 3.585699999999999932e+01 1.904899999999999949e+01 4.909999999999999920e-01
3.864379999999999882e+02 1.045599999999999952e+01 1.541000000000000014e+01 4.299999999999999933e-01
5.106539999999999964e+02 1.305300000000000082e+01 1.303500000000000014e+01 4.739999999999999769e-01
5.326480000000000246e+02 3.992399999999999949e+01 1.148900000000000077e+01 5.200000000000000178e-01
4.712880000000000109e+02 6.122500000000000142e+01 5.030000000000000249e+00 3.180000000000000049e-01
3.715020000000000095e+02 6.182000000000000028e+01 -4.104000000000000092e+00 -1.600000000000000033e-02
2.214780000000000086e+02 5.016799999999999926e+01 -8.406000000000000583e+00 -1.140000000000000041e-01
1.762800000000000011e+01 3.809499999999999886e+01 -8.801000000000000156e+00 2.699999999999999969e-02
-1.646390000000000100e+02 2.946099999999999852e+01 -1.033500000000000085e+01 7.000000000000000666e-02
-2.351129999999999995e+02 2.568199999999999861e+01 -9.207000000000000739e+00 -5.000000000000000278e-02
-1.466030000000000086e+02 3.311299999999999955e+01 1.784999999999999920e+00 -6.199999999999999956e-02
8.827100000000000080e+01 5.439200000000000301e+01 1.873999999999999844e+01 1.059999999999999970e-01
3.319440000000000168e+02 7.085099999999999909e+01 2.836899999999999977e+01 1.739999999999999880e-01
3.968279999999999745e+02 5.899699999999999989e+01 2.402700000000000102e+01 2.999999999999999889e-02
2.829669999999999845e+02 2.878399999999999892e+01 1.235599999999999987e+01 -8.000000000000000167e-02
1.296160000000000139e+02 2.266000000000000014e+00 -2.810000000000000275e-01 -9.800000000000000377e-02
-7.144700000000000273e+01 -3.848199999999999932e+01 -1.799099999999999966e+01 -3.260000000000000120e-01
-4.069950000000000045e+02 -1.151029999999999944e+02 -3.962199999999999989e+01 -7.289999999999999813e-01
-7.548899999999999864e+02 -1.832800000000000011e+02 -4.687100000000000222e+01 -7.670000000000000151e-01
-8.654299999999999500e+02 -1.792460000000000093e+02 -2.852599999999999980e+01 -2.849999999999999756e-01
-6.504890000000000327e+02 -1.138979999999999961e+02 -2.455000000000000071e+00 1.749999999999999889e-01
-2.297090000000000032e+02 -4.851500000000000057e+01 7.639999999999999680e+00 2.540000000000000036e-01
1.935070000000000050e+02 -6.929999999999999716e+00 3.516000000000000014e+00 2.260000000000000064e-01
4.460980000000000132e+02 2.345200000000000173e+01 1.437000000000000055e+00 3.310000000000000164e-01
5.235610000000000355e+02 4.217000000000000171e+01 4.599999999999999645e+00 3.790000000000000036e-01
6.094619999999999891e+02 4.699199999999999733e+01 5.628000000000000114e+00 2.250000000000000056e-01
7.909690000000000509e+02 5.371500000000000341e+01 3.802000000000000046e+00 5.600000000000000117e-02
8.355710000000000264e+02 6.273599999999999710e+01 3.439999999999999947e+00 2.500000000000000139e-02
4.949279999999999973e+02 4.744500000000000028e+01 4.012999999999999901e+00 4.000000000000000083e-02
-6.421099999999999852e+01 -1.826000000000000068e+00 1.421999999999999931e+00 -5.000000000000000104e-03
-4.230620000000000118e+02 -5.456799999999999784e+01 -4.716999999999999638e+00 -6.300000000000000044e-02
-4.191399999999999864e+02 -7.167400000000000659e+01 -7.841000000000000192e+00 -4.700000000000000011e-02
-2.524110000000000014e+02 -4.742600000000000193e+01 -4.119999999999999774e-01 7.399999999999999634e-02
-1.895529999999999973e+02 -1.165499999999999936e+01 1.543699999999999939e+01 2.989999999999999880e-01
-2.932529999999999859e+02 1.076900000000000013e+01 2.880600000000000094e+01 6.009999999999999787e-01
-3.718949999999999818e+02 2.504500000000000171e+01 3.343599999999999994e+01 8.890000000000000124e-01
-2.265900000000000034e+02 3.912599999999999767e+01 3.115599999999999881e+01 9.849999999999999867e-01
4.992000000000000171e+01 4.124699999999999989e+01 2.240700000000000003e+01 7.409999999999999920e-01
1.849900000000000091e+02 2.805799999999999983e+01 7.708000000000000185e+00 2.819999999999999729e-01
9.108899999999999864e+01 1.877599999999999980e+01 -4.355000000000000426e+00 -4.000000000000000083e-02
-7.770399999999999352e+01 2.153200000000000003e+01 -6.905999999999999694e+00 -9.500000000000000111e-02
-1.740159999999999911e+02 2.441300000000000026e+01 -6.116999999999999993e+00 -1.039999999999999952e-01
-1.927259999999999991e+02 2.465099999999999980e+01 -9.329000000000000625e+00 -2.250000000000000056e-01
-1.855639999999999930e+02 3.155499999999999972e+01 -1.270899999999999963e+01 -3.469999999999999751e-01
-1.674250000000000114e+02 4.434899999999999665e+01 -1.130000000000000071e+01 -3.669999999999999929e-01
-1.405639999999999930e+02 5.096099999999999852e+01 -8.951999999999999957e+00 -3.449999999999999734e-01
-1.364410000000000025e+02 4.472599999999999909e+01 -1.064000000000000057e+01 -3.509999999999999787e-01
-1.730790000000000077e+02 3.015800000000000125e+01 -1.509399999999999942e+01 -3.569999999999999840e-01
-2.150579999999999927e+02 1.472899999999999920e+01 -1.853999999999999915e+01 -3.499999999999999778e-01
-2.313700000000000045e+02 1.239999999999999991e-01 -1.990299999999999869e+01 -3.729999999999999982e-01
-2.422630000000000052e+02 -1.689300000000000068e+01 -2.114699999999999847e+01 -4.239999999999999880e-01
-2.521719999999999970e+02 -3.414500000000000313e+01 -2.307100000000000151e+01 -4.410000000000000031e-01
-2.127729999999999961e+02 -4.256799999999999784e+01 -2.219300000000000139e+01 -4.179999999999999827e-01
-1.278919999999999959e+02 -4.118800000000000239e+01 -1.525200000000000067e+01 -4.109999999999999765e-01
-9.251000000000000512e+01 -4.009100000000000108e+01 -5.136999999999999567e+00 -4.020000000000000240e-01
-1.351519999999999868e+02 -4.315699999999999648e+01 1.574999999999999956e+00 -3.220000000000000084e-01
-1.470869999999999891e+02 -4.491899999999999693e+01 1.669000000000000039e+00 -2.069999999999999896e-01
-6.265699999999999648e+01 -4.392000000000000171e+01 -2.225999999999999979e+00 -1.759999999999999898e-01
3.993399999999999750e+01 -4.339000000000000057e+01 -5.283999999999999808e+00 -2.220000000000000029e-01
1.005229999999999961e+02 -4.418699999999999761e+01 -6.064000000000000057e+00 -2.089999999999999913e-01
1.500140000000000100e+02 -4.652000000000000313e+01 -7.982999999999999652e+00 -1.039999999999999952e-01
1.712800000000000011e+02 -5.143699999999999761e+01 -1.362100000000000044e+01 -2.500000000000000139e-02
1.314110000000000014e+02 -5.288100000000000023e+01 -1.802599999999999980e+01 -1.700000000000000122e-02
1.389979999999999905e+02 -3.244299999999999784e+01 -1.155700000000000038e+01 4.399999999999999745e-02
2.995070000000000050e+02 2.373600000000000065e+01 8.865000000000000213e+00 2.680000000000000160e-01
5.085710000000000264e+02 9.815500000000000114e+01 3.483700000000000330e+01 5.610000000000000542e-01
5.925720000000000027e+02 1.454360000000000070e+02 5.444899999999999807e+01 7.299999999999999822e-01
4.955760000000000218e+02 1.324830000000000041e+02 6.071000000000000085e+01 7.249999999999999778e-01
2.734719999999999800e+02 7.628600000000000136e+01 5.235300000000000153e+01 6.380000000000000115e-01
7.408100000000000307e+01 3.365200000000000102e+01 3.459000000000000341e+01 5.370000000000000329e-01
4.425900000000000034e+01 3.846699999999999875e+01 1.823900000000000077e+01 4.259999999999999898e-01
1.491150000000000091e+02 6.221300000000000097e+01 9.414999999999999147e+00 2.800000000000000266e-01
2.058069999999999879e+02 5.820799999999999841e+01 3.923000000000000043e+00 8.100000000000000255e-02
1.123130000000000024e+02 2.033399999999999963e+01 -2.608000000000000096e+00 -1.219999999999999973e-01
-5.643699999999999761e+01 -2.427100000000000080e+01 -7.918000000000000149e+00 -2.139999999999999958e-01
-1.536510000000000105e+02 -5.116299999999999670e+01 -9.507999999999999119e+00 -1.370000000000000107e-01
-1.076610000000000014e+02 -5.143699999999999761e+01 -8.519999999999999574e+00 4.200000000000000261e-02
2.241300000000000026e+01 -3.488100000000000023e+01 -7.144000000000000128e+00 1.869999999999999996e-01
1.131700000000000017e+02 -2.706599999999999895e+01 -8.320000000000000284e+00 1.880000000000000004e-01
9.084900000000000375e+01 -4.299799999999999756e+01 -1.360800000000000054e+01 2.500000000000000139e-02
2.911000000000000032e+00 -6.318800000000000239e+01 -1.751599999999999824e+01 -1.809999999999999942e-01
-2.535999999999999943e+01 -5.578900000000000148e+01 -1.216900000000000048e+01 -2.610000000000000098e-01
5.294800000000000040e+01 -2.289499999999999957e+01 -3.629999999999999893e-01 -1.849999999999999978e-01
1.288280000000000030e+02 -5.689999999999999503e-01 5.625000000000000000e+00 -9.900000000000000466e-02
6.692199999999999704e+01 -8.602000000000000313e+00 2.419999999999999929e-01 -1.160000000000000059e-01
-1.382439999999999998e+02 -2.954400000000000048e+01 -9.153000000000000469e+00 -1.700000000000000122e-01
-3.563059999999999832e+02 -4.441499999999999915e+01 -1.413599999999999923e+01 -1.710000000000000131e-01
-4.287660000000000196e+02 -5.555299999999999727e+01 -1.536400000000000077e+01 -1.640000000000000069e-01
-3.212950000000000159e+02 -6.649899999999999523e+01 -1.755900000000000105e+01 -2.099999999999999922e-01
-1.900360000000000014e+02 -6.929999999999999716e+01 -1.985399999999999920e+01 -2.399999999999999911e-01
-1.954819999999999993e+02 -5.688199999999999790e+01 -1.596700000000000053e+01 -1.449999999999999900e-01
-2.844920000000000186e+02 -3.286099999999999710e+01 -4.208999999999999631e+00 7.399999999999999634e-02
-3.392379999999999995e+02 -1.018900000000000006e+01 6.479000000000000092e+00 2.919999999999999818e-01
-3.954039999999999964e+02 1.709999999999999964e+00 6.836000000000000298e+00 3.920000000000000151e-01
-4.265179999999999723e+02 1.300200000000000067e+01 1.322000000000000064e+00 3.649999999999999911e-01
-2.003569999999999993e+02 4.220199999999999818e+01 1.848000000000000087e+00 3.119999999999999996e-01
3.171320000000000050e+02 8.279699999999999704e+01 9.509000000000000341e+00 3.059999999999999942e-01
7.715910000000000082e+02 1.014129999999999967e+02 1.411299999999999955e+01 2.770000000000000240e-01
8.437060000000000173e+02 7.867799999999999727e+01 1.031400000000000006e+01 1.350000000000000089e-01
5.560660000000000309e+02 3.412800000000000011e+01 3.467999999999999972e+00 -5.600000000000000117e-02
1.637789999999999964e+02 1.040999999999999925e+00 1.179999999999999938e-01 -1.419999999999999873e-01
-6.046900000000000119e+01 -8.920999999999999375e+00 2.550000000000000044e-01 -9.700000000000000289e-02
-2.932000000000000028e+01 -5.831000000000000405e+00 7.099999999999999367e-02 -2.299999999999999961e-02
9.843000000000000682e+01 1.809999999999999942e-01 -1.500000000000000000e+00 1.299999999999999940e-02
1.282630000000000052e+02 5.440000000000000391e+00 -2.926000000000000156e+00 1.200000000000000025e-02
6.195000000000000284e+01 8.990999999999999659e+00 -4.623999999999999666e+00 -3.799999999999999906e-02
2.875400000000000134e+01 1.441600000000000037e+01 -7.886000000000000121e+00 -1.219999999999999973e-01
5.084899999999999665e+01 2.091000000000000014e+01 -1.173600000000000065e+01 -1.769999999999999907e-01
3.663499999999999801e+01 1.400399999999999956e+01 -1.430499999999999972e+01 -1.819999999999999951e-01
-2.541100000000000136e+01 -1.346499999999999986e+01 -1.468599999999999994e+01 -1.509999999999999953e-01
-5.972299999999999898e+01 -4.344800000000000040e+01 -1.273199999999999932e+01 -8.699999999999999400e-02
-8.789400000000000546e+01 -5.531799999999999784e+01 -7.927999999999999936e+00 -4.100000000000000172e-02
-2.195860000000000127e+02 -4.851100000000000279e+01 3.210000000000000075e-01 -1.029999999999999943e-01
-4.372989999999999782e+02 -3.748599999999999710e+01 8.057999999999999829e+00 -2.929999999999999827e-01
-5.745199999999999818e+02 -4.370199999999999818e+01 6.448999999999999844e+00 -5.420000000000000373e-01
-5.115310000000000059e+02 -7.369400000000000261e+01 -4.509999999999999787e+00 -7.229999999999999760e-01
-2.467470000000000141e+02 -9.024699999999999989e+01 -8.388999999999999346e+00 -6.520000000000000240e-01
1.535339999999999918e+02 -4.945799999999999841e+01 6.674999999999999822e+00 -2.670000000000000151e-01
5.509339999999999691e+02 2.985200000000000031e+01 2.722599999999999909e+01 1.970000000000000084e-01
7.556989999999999554e+02 8.611799999999999500e+01 3.164199999999999946e+01 4.719999999999999751e-01
6.345380000000000109e+02 9.032599999999999341e+01 1.938500000000000156e+01 5.540000000000000480e-01
2.474890000000000043e+02 5.995700000000000074e+01 7.166000000000000369e+00 5.300000000000000266e-01
-1.136200000000000045e+02 2.721999999999999886e+01 4.524000000000000021e+00 4.030000000000000249e-01
-1.823319999999999936e+02 1.992299999999999827e+01 8.096000000000000085e+00 2.640000000000000124e-01
-4.227100000000000080e+01 4.415800000000000125e+01 1.359299999999999997e+01 2.690000000000000169e-01
2.586899999999999977e+01 7.410599999999999454e+01 2.009299999999999997e+01 3.790000000000000036e-01
-2.509900000000000020e+01 8.031999999999999318e+01 2.441300000000000026e+01 3.860000000000000098e-01
-3.999300000000000210e+01 6.290899999999999892e+01 2.019999999999999929e+01 1.960000000000000075e-01
-3.091199999999999903e+01 3.933100000000000307e+01 5.389999999999999680e+00 -7.599999999999999811e-02
-1.329379999999999882e+02 1.917899999999999849e+01 -1.243500000000000050e+01 -2.479999999999999982e-01
-2.741399999999999864e+02 8.170999999999999375e+00 -2.218700000000000117e+01 -2.560000000000000053e-01
-2.677690000000000055e+02 1.091600000000000037e+01 -2.077799999999999869e+01 -1.849999999999999978e-01
-1.466970000000000027e+02 1.725499999999999901e+01 -1.509699999999999953e+01 -1.370000000000000107e-01
-9.108799999999999386e+01 9.451999999999999957e+00 -1.274300000000000033e+01 -1.350000000000000089e-01
-1.325800000000000125e+02 -1.479899999999999949e+01 -1.492200000000000060e+01 -1.859999999999999987e-01
-1.700300000000000011e+02 -4.234799999999999898e+01 -1.853600000000000136e+01 -3.270000000000000129e-01
-1.630099999999999909e+02 -6.181400000000000006e+01 -2.116900000000000048e+01 -5.390000000000000346e-01
-1.485310000000000059e+02 -7.504000000000000625e+01 -2.371600000000000108e+01 -7.369999999999999885e-01
-1.775980000000000132e+02 -9.548900000000000432e+01 -2.941400000000000148e+01 -9.020000000000000240e-01
-2.999970000000000141e+02 -1.243409999999999940e+02 -3.722299999999999898e+01 -1.056000000000000050e+00
-4.625799999999999841e+02 -1.272210000000000036e+02 -3.581000000000000227e+01 -1.056999999999999940e+00
-4.567860000000000014e+02 -6.864000000000000057e+01 -1.354899999999999949e+01 -6.870000000000000551e-01
-1.990649999999999977e+02 2.388700000000000045e+01 2.169999999999999929e+01 -4.399999999999999745e-02
4.716299999999999670e+01 7.741500000000000625e+01 4.611599999999999966e+01 5.350000000000000311e-01
2.507799999999999940e+01 6.221600000000000108e+01 4.790299999999999869e+01 9.370000000000000551e-01
-9.647700000000000387e+01 1.818700000000000117e+01 3.755199999999999960e+01 1.256000000000000005e+00
2.307600000000000051e+01 -1.927999999999999936e+00 2.884499999999999886e+01 1.435999999999999943e+00
3.636530000000000200e+02 1.642899999999999849e+01 2.333500000000000085e+01 1.314000000000000057e+00
5.821530000000000200e+02 4.704299999999999926e+01 1.589100000000000001e+01 9.200000000000000400e-01
5.232749999999999773e+02 6.705100000000000193e+01 8.349999999999999645e+00 5.570000000000000506e-01
4.110570000000000164e+02 9.871899999999999409e+01 1.050999999999999979e+01 5.240000000000000213e-01
4.878020000000000209e+02 1.676930000000000121e+02 2.316600000000000037e+01 7.189999999999999725e-01
6.661860000000000355e+02 2.294269999999999925e+02 3.028000000000000114e+01 7.079999999999999627e-01
6.648010000000000446e+02 2.102810000000000059e+02 2.066499999999999915e+01 3.479999999999999760e-01
4.044180000000000064e+02 1.183310000000000031e+02 5.615999999999999659e+00 -7.000000000000000146e-03
1.133840000000000003e+02 3.596600000000000108e+01 5.280000000000000249e-01 -7.499999999999999722e-02
1.123300000000000054e+01 6.769000000000000128e+00 2.911999999999999922e+00 -1.400000000000000029e-02
3.780899999999999750e+01 -1.856999999999999984e+00 1.872999999999999998e+00 -5.700000000000000205e-02
3.721999999999999975e+00 -2.710000000000000142e+01 -4.141000000000000014e+00 -1.940000000000000058e-01
-1.120789999999999935e+02 -5.942199999999999704e+01 -9.992000000000000881e+00 -3.079999999999999960e-01
-1.755720000000000027e+02 -7.359300000000000352e+01 -1.407900000000000063e+01 -3.609999999999999876e-01
-1.390169999999999959e+02 -7.151600000000000534e+01 -1.794999999999999929e+01 -3.970000000000000195e-01
-9.363500000000000512e+01 -7.140800000000000125e+01 -2.110800000000000054e+01 -4.570000000000000173e-01
-1.087510000000000048e+02 -7.813800000000000523e+01 -2.115099999999999980e+01 -5.350000000000000311e-01
-1.730120000000000005e+02 -8.690600000000000591e+01 -1.791400000000000148e+01 -5.759999999999999565e-01
-2.744979999999999905e+02 -9.800799999999999557e+01 -1.477800000000000047e+01 -5.420000000000000373e-01
-4.054610000000000127e+02 -1.106449999999999960e+02 -1.481000000000000050e+01 -4.709999999999999742e-01
-4.924069999999999823e+02 -1.175750000000000028e+02 -1.719900000000000162e+01 -4.339999999999999969e-01
-4.254929999999999950e+02 -1.148229999999999933e+02 -1.880099999999999838e+01 -4.420000000000000040e-01
-1.983340000000000032e+02 -1.035349999999999966e+02 -1.800000000000000000e+01 -4.309999999999999942e-01
2.678600000000000136e+01 -8.300300000000000011e+01 -1.573099999999999987e+01 -3.439999999999999725e-01
7.098399999999999466e+01 -5.629200000000000159e+01 -1.344299999999999962e+01 -2.179999999999999993e-01
-4.323299999999999699e+01 -3.514900000000000091e+01 -1.134699999999999953e+01 -1.290000000000000036e-01
-1.229950000000000045e+02 -2.368499999999999872e+01 -7.924999999999999822e+00 -5.299999999999999850e-02
-4.349799999999999756e+01 -9.526999999999999247e+00 -1.127000000000000002e+00 1.120000000000000023e-01
1.605190000000000055e+02 1.631099999999999994e+01 8.502000000000000668e+00 3.940000000000000169e-01
3.664619999999999891e+02 4.513400000000000034e+01 1.712800000000000011e+01 6.899999999999999467e-01
4.063149999999999977e+02 5.887400000000000233e+01 2.048199999999999932e+01 8.309999999999999609e-01
1.944339999999999975e+02 4.115599999999999881e+01 1.623499999999999943e+01 6.939999999999999503e-01
-1.039699999999999989e+02 -8.503000000000000114e+00 5.886000000000000121e+00 3.130000000000000004e-01
-2.331409999999999911e+02 -6.540099999999999625e+01 -5.126999999999999780e+00 -9.700000000000000289e-02
-1.781380000000000052e+02 -1.028179999999999978e+02 -1.214600000000000080e+01 -3.430000000000000271e-01
-1.287959999999999923e+02 -1.176269999999999953e+02 -1.491699999999999982e+01 -4.450000000000000067e-01
-1.697599999999999909e+02 -1.145630000000000024e+02 -1.535200000000000031e+01 -5.470000000000000417e-01
-2.267359999999999900e+02 -9.370999999999999375e+01 -1.631800000000000139e+01 -7.059999999999999609e-01
-2.715609999999999786e+02 -7.002200000000000557e+01 -2.131700000000000017e+01 -9.060000000000000275e-01
-3.366549999999999727e+02 -5.481900000000000261e+01 -2.598400000000000176e+01 -1.024000000000000021e+00
-3.404119999999999777e+02 -1.146799999999999997e+01 -1.456199999999999939e+01 -7.560000000000000053e-01
-1.350060000000000002e+02 1.005229999999999961e+02 1.988400000000000034e+01 5.899999999999999689e-02
2.543300000000000125e+02 2.358480000000000132e+02 5.683500000000000085e+01 9.899999999999999911e-01
5.814089999999999918e+02 2.896929999999999836e+02 6.599099999999999966e+01 1.322000000000000064e+00
5.878500000000000227e+02 2.218990000000000009e+02 4.053399999999999892e+01 8.699999999999999956e-01
2.435980000000000132e+02 1.023280000000000030e+02 2.423999999999999932e+00 1.390000000000000124e-01
-2.036649999999999920e+02 1.843599999999999994e+01 -2.383399999999999963e+01 -3.850000000000000089e-01
-4.544189999999999827e+02 -1.778500000000000014e+01 -3.474600000000000222e+01 -7.259999999999999787e-01
-4.220179999999999723e+02 -4.024499999999999744e+01 -3.913000000000000256e+01 -9.879999999999999893e-01
-2.013849999999999909e+02 -4.864000000000000057e+01 -3.423799999999999955e+01 -8.980000000000000204e-01
1.293209999999999980e+02 -1.385999999999999943e+01 -1.003899999999999970e+01 -2.570000000000000062e-01
5.100919999999999845e+02 5.271000000000000085e+01 2.457700000000000173e+01 5.200000000000000178e-01
7.806689999999999827e+02 9.338400000000000034e+01 4.343900000000000006e+01 8.449999999999999734e-01
7.338260000000000218e+02 7.736199999999999477e+01 3.621900000000000119e+01 6.830000000000000515e-01
3.420470000000000255e+02 3.473700000000000188e+01 2.094200000000000017e+01 4.759999999999999787e-01
-9.609099999999999397e+01 6.645999999999999908e+00 1.701099999999999923e+01 4.929999999999999938e-01
-1.926990000000000123e+02 2.097999999999999865e+00 2.185699999999999932e+01 5.789999999999999591e-01
5.907699999999999818e+01 6.589999999999999858e+00 2.053999999999999915e+01 4.869999999999999885e-01
2.600339999999999918e+02 -1.459999999999999909e-01 6.642999999999999794e+00 2.190000000000000002e-01
1.466200000000000045e+02 -2.663400000000000034e+01 -1.062100000000000044e+01 -1.600000000000000033e-02
-1.003439999999999941e+02 -5.180799999999999983e+01 -1.687300000000000111e+01 -5.800000000000000294e-02
-1.942139999999999986e+02 -4.521900000000000119e+01 -1.019999999999999929e+01 2.000000000000000042e-02
-1.194320000000000022e+02 -1.091799999999999926e+01 -3.258999999999999897e+00 3.500000000000000333e-02
-3.648799999999999955e+01 1.495100000000000051e+01 -5.283999999999999808e+00 -4.000000000000000083e-02
-3.855700000000000216e+01 9.948999999999999844e+00 -1.184900000000000020e+01 -8.500000000000000611e-02
-1.293069999999999879e+02 -1.602899999999999991e+01 -1.556900000000000084e+01 -7.399999999999999634e-02
-2.777760000000000105e+02 -4.444500000000000028e+01 -1.695400000000000063e+01 -1.100000000000000006e-01
-4.123740000000000236e+02 -6.905400000000000205e+01 -2.060900000000000176e+01 -2.389999999999999902e-01
-4.465269999999999868e+02 -9.158899999999999864e+01 -2.561700000000000088e+01 -3.739999999999999991e-01
-3.301539999999999964e+02 -1.055220000000000056e+02 -2.331299999999999883e+01 -4.020000000000000240e-01
-6.859499999999999886e+01 -9.058299999999999841e+01 -6.790000000000000036e+00 -2.710000000000000187e-01
2.554190000000000111e+02 -3.454399999999999693e+01 1.685300000000000153e+01 -2.000000000000000042e-03
4.795230000000000246e+02 3.668399999999999750e+01 2.942800000000000082e+01 3.300000000000000155e-01
4.727629999999999768e+02 7.019299999999999784e+01 2.093900000000000006e+01 5.889999999999999680e-01
2.838190000000000168e+02 4.275800000000000267e+01 5.749999999999999556e-01 6.139999999999999902e-01
8.229000000000000625e+01 -9.140000000000000568e+00 -1.527100000000000080e+01 3.639999999999999902e-01
-6.089300000000000068e+01 -3.448799999999999955e+01 -1.950799999999999912e+01 8.999999999999999320e-03
-1.920689999999999884e+02 -2.705000000000000071e+01 -1.544299999999999962e+01 -2.489999999999999991e-01
-3.114490000000000123e+02 -1.707199999999999918e+01 -8.592000000000000526e+00 -3.790000000000000036e-01
-3.714429999999999836e+02 -1.791199999999999903e+01 -1.453999999999999959e+00 -4.079999999999999738e-01
-3.652699999999999818e+02 -8.128000000000000114e+00 7.310999999999999943e+00 -2.439999999999999947e-01
-2.817819999999999823e+02 3.198699999999999832e+01 1.819200000000000017e+01 1.710000000000000131e-01
-9.854099999999999682e+01 8.518600000000000705e+01 2.477899999999999991e+01 6.410000000000000142e-01
1.044699999999999989e+02 1.160979999999999990e+02 2.026800000000000068e+01 8.920000000000000151e-01
1.902330000000000041e+02 1.183020000000000067e+02 1.017900000000000027e+01 8.719999999999999973e-01
1.823669999999999902e+02 1.147969999999999970e+02 5.711999999999999744e+00 6.889999999999999458e-01
2.655009999999999764e+02 1.121820000000000022e+02 5.144000000000000128e+00 3.459999999999999742e-01
4.732830000000000155e+02 8.728100000000000591e+01 -3.176000000000000156e+00 -1.890000000000000013e-01
5.572459999999999809e+02 2.795899999999999963e+01 -1.954899999999999949e+01 -7.179999999999999716e-01
3.376320000000000050e+02 -3.767300000000000182e+01 -2.899399999999999977e+01 -9.300000000000000488e-01
-1.431199999999999939e+01 -6.968600000000000705e+01 -2.190800000000000125e+01 -7.780000000000000249e-01
-2.500149999999999864e+02 -6.097899999999999920e+01 -6.902000000000000135e+00 -5.090000000000000080e-01
-3.420280000000000200e+02 -3.388300000000000267e+01 4.033000000000000362e+00 -2.959999999999999853e-01
-3.273709999999999809e+02 -3.920000000000000151e-01 1.321599999999999930e+01 -1.200000000000000025e-02
-1.808309999999999889e+02 4.552000000000000313e+01 2.806599999999999895e+01 5.180000000000000160e-01
3.324699999999999989e+01 9.261199999999999477e+01 4.129999999999999716e+01 1.086999999999999966e+00
1.999540000000000077e+02 1.091910000000000025e+02 3.885699999999999932e+01 1.219000000000000083e+00
3.570219999999999914e+02 9.227299999999999613e+01 2.425799999999999912e+01 8.379999999999999671e-01
5.769829999999999472e+02 7.396500000000000341e+01 1.361400000000000077e+01 3.930000000000000160e-01
7.016330000000000382e+02 6.427500000000000568e+01 1.031900000000000084e+01 2.049999999999999878e-01
4.946370000000000005e+02 4.011999999999999744e+01 5.858999999999999986e+00 1.290000000000000036e-01
4.422899999999999920e+01 -3.814999999999999947e+00 -5.919999999999999707e-01 -5.500000000000000028e-02
-2.970269999999999868e+02 -4.489600000000000080e+01 -2.837000000000000188e+00 -3.089999999999999969e-01
-3.807880000000000109e+02 -7.134300000000000352e+01 -1.812000000000000055e+00 -4.709999999999999742e-01
-3.673519999999999754e+02 -9.140800000000000125e+01 -3.466000000000000192e+00 -5.090000000000000080e-01
-3.878430000000000177e+02 -1.088409999999999940e+02 -7.540000000000000036e+00 -5.180000000000000160e-01
-3.951730000000000018e+02 -1.176500000000000057e+02 -9.507999999999999119e+00 -5.320000000000000284e-01
-3.435880000000000223e+02 -1.192740000000000009e+02 -9.910999999999999588e+00 -4.869999999999999885e-01
-2.979710000000000036e+02 -1.248430000000000035e+02 -1.448099999999999987e+01 -3.930000000000000160e-01
-3.146730000000000018e+02 -1.357290000000000134e+02 -2.531599999999999895e+01 -4.030000000000000249e-01
-3.137359999999999900e+02 -1.347589999999999861e+02 -3.487599999999999767e+01 -5.550000000000000488e-01
-1.801980000000000075e+02 -1.074699999999999989e+02 -3.288000000000000256e+01 -6.550000000000000266e-01
1.663500000000000156e+01 -6.526600000000000534e+01 -2.008599999999999852e+01 -5.570000000000000506e-01
8.323199999999999932e+01 -3.233500000000000085e+01 -7.769000000000000128e+00 -3.629999999999999893e-01
8.750000000000000000e-01 -1.274099999999999966e+01 -1.989000000000000101e+00 -2.069999999999999896e-01
-6.956399999999999295e+01 9.922000000000000597e+00 9.260000000000000453e-01 -7.399999999999999634e-02
-8.637900000000000489e+01 3.979899999999999949e+01 2.548999999999999932e+00 3.500000000000000333e-02
-1.815900000000000034e+02 5.620000000000000284e+01 -1.114999999999999991e+00 2.199999999999999872e-02
-4.202719999999999914e+02 3.409599999999999653e+01 -1.116099999999999959e+01 -1.390000000000000124e-01
-7.022870000000000346e+02 -3.570700000000000074e+01 -2.521000000000000085e+01 -4.050000000000000266e-01
-8.734619999999999891e+02 -1.310409999999999968e+02 -4.084100000000000108e+01 -7.730000000000000204e-01
-7.956009999999999991e+02 -1.932589999999999861e+02 -4.945199999999999818e+01 -1.133000000000000007e+00
-4.039719999999999800e+02 -1.687350000000000136e+02 -3.770300000000000296e+01 -1.155999999999999917e+00
1.696260000000000048e+02 -6.693300000000000693e+01 -6.317000000000000171e+00 -6.470000000000000195e-01
6.621860000000000355e+02 4.828900000000000148e+01 2.497599999999999909e+01 1.120000000000000023e-01
9.588479999999999563e+02 1.273910000000000053e+02 4.066499999999999915e+01 6.860000000000000542e-01
1.131913999999999987e+03 1.708859999999999957e+02 4.504999999999999716e+01 9.799999999999999822e-01
1.159993999999999915e+03 1.956579999999999870e+02 4.855400000000000205e+01 1.155000000000000027e+00
8.914539999999999509e+02 1.966140000000000043e+02 5.178000000000000114e+01 1.264999999999999902e+00
4.080910000000000082e+02 1.586800000000000068e+02 4.811899999999999977e+01 1.229999999999999982e+00
9.114100000000000534e+01 9.171299999999999386e+01 3.374699999999999989e+01 9.629999999999999671e-01
1.266400000000000006e+02 3.640699999999999648e+01 1.421199999999999974e+01 4.809999999999999831e-01
2.588469999999999800e+02 2.663100000000000023e+01 2.281000000000000139e+00 4.100000000000000172e-02
2.079170000000000016e+02 5.019200000000000017e+01 4.415000000000000036e+00 -6.900000000000000577e-02
3.561999999999999744e+01 6.618300000000000693e+01 1.232000000000000028e+01 7.699999999999999900e-02
-5.873700000000000188e+01 5.754500000000000171e+01 1.392399999999999949e+01 1.539999999999999980e-01
-5.329099999999999682e+01 4.088199999999999790e+01 7.150999999999999801e+00 3.400000000000000244e-02
-4.912700000000000244e+01 2.928699999999999903e+01 -2.302000000000000046e+00 -1.409999999999999865e-01
-7.646200000000000330e+01 1.416200000000000081e+01 -1.083200000000000074e+01 -2.349999999999999867e-01
-1.019320000000000022e+02 -1.359600000000000009e+01 -1.878699999999999903e+01 -2.680000000000000160e-01
-1.210439999999999969e+02 -4.603099999999999881e+01 -2.510699999999999932e+01 -3.099999999999999978e-01
-1.458650000000000091e+02 -6.874899999999999523e+01 -2.663700000000000045e+01 -3.469999999999999751e-01
-1.740459999999999923e+02 -7.664100000000000534e+01 -2.349099999999999966e+01 -3.190000000000000058e-01
-2.181260000000000048e+02 -7.554200000000000159e+01 -1.980199999999999960e+01 -2.449999999999999956e-01
-2.972950000000000159e+02 -7.494799999999999329e+01 -1.846600000000000108e+01 -2.220000000000000029e-01
-3.817139999999999986e+02 -7.665099999999999625e+01 -1.835699999999999932e+01 -2.879999999999999782e-01
-4.106689999999999827e+02 -7.126900000000000546e+01 -1.624500000000000099e+01 -3.559999999999999831e-01
-3.498530000000000086e+02 -5.243900000000000006e+01 -9.869999999999999218e+00 -3.280000000000000138e-01
-1.759799999999999898e+02 -2.398600000000000065e+01 1.670000000000000095e-01 -1.809999999999999942e-01
1.007650000000000006e+02 1.095899999999999963e+01 1.101399999999999935e+01 6.300000000000000044e-02
3.427359999999999900e+02 4.603399999999999892e+01 1.887099999999999866e+01 3.320000000000000173e-01
3.918120000000000118e+02 5.968699999999999761e+01 1.879599999999999937e+01 4.590000000000000191e-01
2.935570000000000164e+02 3.770799999999999841e+01 8.275000000000000355e+00 3.099999999999999978e-01
1.846730000000000018e+02 -2.694999999999999840e+00 -6.562000000000000277e+00 0.000000000000000000e+00
3.768599999999999994e+01 -3.900999999999999801e+01 -1.576399999999999935e+01 -2.220000000000000029e-01
-2.190900000000000034e+02 -7.006600000000000250e+01 -1.749200000000000088e+01 -2.610000000000000098e-01
-4.817450000000000045e+02 -9.438100000000000023e+01 -1.677799999999999869e+01 -1.829999999999999960e-01
-5.962029999999999745e+02 -9.244599999999999795e+01 -1.437199999999999989e+01 -1.000000000000000021e-03
-5.456799999999999500e+02 -5.298799999999999955e+01 -6.373000000000000220e+00 3.170000000000000040e-01
-3.816270000000000095e+02 3.392999999999999794e+00 5.939000000000000057e+00 6.730000000000000426e-01
-1.230859999999999985e+02 4.551899999999999835e+01 1.424399999999999977e+01 8.729999999999999982e-01
1.708069999999999879e+02 6.215400000000000347e+01 1.249099999999999966e+01 8.649999999999999911e-01
3.588530000000000086e+02 5.600300000000000011e+01 3.665000000000000036e+00 7.349999999999999867e-01
3.531460000000000150e+02 2.840200000000000102e+01 -3.539000000000000146e+00 5.440000000000000391e-01
2.245370000000000061e+02 -1.134999999999999964e+01 -3.758999999999999897e+00 3.109999999999999987e-01
1.325540000000000020e+02 -3.883100000000000307e+01 4.400000000000000022e-01 6.500000000000000222e-02
1.784790000000000134e+02 -3.152199999999999847e+01 4.899000000000000021e+00 -1.700000000000000122e-01
3.072529999999999859e+02 9.300000000000000711e+00 1.037700000000000067e+01 -3.400000000000000244e-01
3.583410000000000082e+02 5.548199999999999932e+01 1.745200000000000173e+01 -3.719999999999999973e-01
2.339240000000000066e+02 7.563500000000000512e+01 2.115599999999999881e+01 -2.879999999999999782e-01
-1.278899999999999970e+01 6.405599999999999739e+01 1.684499999999999886e+01 -2.129999999999999949e-01
-2.394199999999999875e+02 4.007000000000000028e+01 6.456999999999999851e+00 -2.270000000000000073e-01
-3.166370000000000005e+02 2.194600000000000151e+01 -4.304000000000000270e+00 -3.019999999999999907e-01
-2.002909999999999968e+02 1.145599999999999952e+01 -1.095899999999999963e+01 -3.549999999999999822e-01
5.224000000000000199e+01 5.999999999999999778e-01 -1.154100000000000037e+01 -3.150000000000000022e-01
3.165790000000000077e+02 -1.431700000000000017e+01 -6.657000000000000028e+00 -1.890000000000000013e-01
4.343330000000000268e+02 -2.543299999999999983e+01 1.205999999999999961e+00 -1.899999999999999953e-02
3.050810000000000173e+02 -2.354299999999999926e+01 9.826999999999999957e+00 1.789999999999999925e-01
3.597699999999999676e+01 -1.450799999999999912e+01 1.640200000000000102e+01 3.250000000000000111e-01
-1.374480000000000075e+02 -1.222400000000000020e+01 1.628900000000000148e+01 2.939999999999999836e-01
-1.366299999999999955e+02 -1.790700000000000003e+01 8.903999999999999915e+00 1.270000000000000018e-01
-6.132000000000000028e+01 -2.271999999999999886e+01 1.106000000000000094e+00 -1.499999999999999944e-02
2.483699999999999974e+01 -2.229299999999999926e+01 -1.094000000000000083e+00 -8.699999999999999400e-02
9.948699999999999477e+01 -1.217600000000000016e+01 7.690000000000000169e-01 -1.260000000000000009e-01
8.103799999999999670e+01 1.394800000000000040e+01 1.352999999999999980e+00 -1.310000000000000053e-01
-6.967600000000000193e+01 4.590599999999999881e+01 -1.784999999999999920e+00 -1.320000000000000062e-01
-2.512630000000000052e+02 6.019899999999999807e+01 -6.472000000000000419e+00 -1.910000000000000031e-01
-3.373500000000000227e+02 5.198599999999999710e+01 -1.091300000000000026e+01 -2.690000000000000169e-01
-2.971379999999999768e+02 3.833800000000000097e+01 -1.631400000000000006e+01 -2.730000000000000204e-01
-1.744809999999999945e+02 3.069099999999999895e+01 -2.117099999999999937e+01 -2.240000000000000047e-01
-2.286700000000000088e+01 3.314999999999999858e+01 -1.876500000000000057e+01 -1.670000000000000095e-01
1.345709999999999980e+02 5.322999999999999687e+01 -5.679999999999999716e+00 -2.100000000000000130e-02
2.749159999999999968e+02 7.695399999999999352e+01 9.753000000000000114e+00 2.230000000000000038e-01
3.044510000000000218e+02 6.106499999999999773e+01 1.454199999999999982e+01 3.410000000000000253e-01
1.428149999999999977e+02 -5.022999999999999687e+00 8.521000000000000796e+00 2.030000000000000138e-01
-9.695300000000000296e+01 -6.703100000000000591e+01 4.248999999999999666e+00 1.899999999999999953e-02
-1.990300000000000011e+02 -7.500799999999999557e+01 6.269999999999999574e+00 4.100000000000000172e-02
-1.433220000000000027e+02 -4.147999999999999687e+01 5.693999999999999950e+00 2.340000000000000135e-01
-1.297870000000000061e+02 -8.897000000000000242e+00 -2.232000000000000206e+00 3.549999999999999822e-01
-2.779479999999999791e+02 2.479999999999999982e-01 -1.069500000000000028e+01 2.550000000000000044e-01
-4.504150000000000205e+02 -3.673999999999999932e+00 -1.181000000000000050e+01 2.599999999999999881e-02
-4.252409999999999854e+02 9.096000000000000085e+00 -4.280999999999999694e+00 -1.089999999999999997e-01
-1.439569999999999936e+02 5.050399999999999778e+01 6.945000000000000284e+00 -3.099999999999999978e-02
2.546229999999999905e+02 8.774800000000000466e+01 1.335200000000000031e+01 1.380000000000000115e-01
5.535599999999999454e+02 7.839799999999999613e+01 9.510999999999999233e+00 1.700000000000000122e-01
6.003579999999999472e+02 2.830199999999999960e+01 -1.290000000000000036e-01 1.000000000000000021e-03
4.191519999999999868e+02 -1.687900000000000134e+01 -6.437000000000000277e+00 -1.839999999999999969e-01
1.559540000000000077e+02 -3.329399999999999693e+01 -7.541999999999999815e+00 -2.240000000000000047e-01
-9.627899999999999636e+01 -3.640500000000000114e+01 -7.740000000000000213e+00 -1.789999999999999925e-01
-3.168149999999999977e+02 -3.886399999999999721e+01 -6.227999999999999758e+00 -1.120000000000000023e-01
-4.453620000000000232e+02 -3.085999999999999943e+01 3.462000000000000188e+00 5.999999999999999778e-02
-4.007730000000000246e+02 -1.132499999999999929e+01 2.158899999999999864e+01 3.220000000000000084e-01
-2.013050000000000068e+02 -4.097999999999999865e+00 3.633299999999999841e+01 4.299999999999999933e-01
3.357300000000000040e+01 -2.445599999999999952e+01 3.428199999999999648e+01 1.990000000000000102e-01
2.011210000000000093e+02 -5.455799999999999983e+01 1.403299999999999947e+01 -2.510000000000000009e-01
2.740369999999999777e+02 -7.093899999999999295e+01 -1.363599999999999923e+01 -6.360000000000000098e-01
2.436189999999999998e+02 -7.586199999999999477e+01 -3.529599999999999937e+01 -7.610000000000000098e-01
8.539900000000000091e+01 -8.618600000000000705e+01 -4.346000000000000085e+01 -6.490000000000000213e-01
-1.584720000000000084e+02 -1.028619999999999948e+02 -3.924000000000000199e+01 -4.729999999999999760e-01
-3.437970000000000255e+02 -1.030400000000000063e+02 -2.728600000000000136e+01 -3.350000000000000200e-01
-3.606630000000000109e+02 -6.679900000000000659e+01 -1.034900000000000020e+01 -1.439999999999999891e-01
-2.121330000000000098e+02 -1.965000000000000080e+00 9.858999999999999986e+00 1.990000000000000102e-01
7.118500000000000227e+01 6.883499999999999375e+01 2.973000000000000043e+01 5.749999999999999556e-01
4.331039999999999850e+02 1.283830000000000098e+02 4.236899999999999977e+01 7.389999999999999902e-01
7.259349999999999454e+02 1.646579999999999870e+02 4.180400000000000205e+01 6.770000000000000462e-01
8.312000000000000455e+02 1.724389999999999930e+02 3.192599999999999838e+01 6.560000000000000275e-01
7.788730000000000473e+02 1.540120000000000005e+02 2.294699999999999918e+01 7.680000000000000160e-01
6.064600000000000364e+02 1.106230000000000047e+02 1.574699999999999989e+01 7.249999999999999778e-01
3.046170000000000186e+02 5.026299999999999812e+01 2.883000000000000007e+00 3.400000000000000244e-01
-2.685999999999999943e+00 -3.931000000000000050e+00 -1.446000000000000085e+01 -1.280000000000000027e-01
-1.304170000000000016e+02 -3.720300000000000296e+01 -2.572899999999999920e+01 -3.559999999999999831e-01
-1.153640000000000043e+02 -5.976899999999999835e+01 -2.679899999999999949e+01 -3.750000000000000000e-01
-1.421939999999999884e+02 -8.316599999999999682e+01 -2.456200000000000117e+01 -3.950000000000000178e-01
-2.399970000000000141e+02 -1.000919999999999987e+02 -2.516900000000000048e+01 -4.689999999999999725e-01
-2.816730000000000018e+02 -9.802899999999999636e+01 -2.490299999999999869e+01 -4.989999999999999991e-01
-2.198919999999999959e+02 -7.703900000000000148e+01 -1.704899999999999949e+01 -4.269999999999999907e-01
-1.510140000000000100e+02 -5.040800000000000125e+01 -4.937999999999999723e+00 -3.059999999999999942e-01
-1.621699999999999875e+02 -3.545499999999999829e+01 6.680000000000000382e-01 -2.320000000000000118e-01
-2.237510000000000048e+02 -3.839500000000000313e+01 -2.681999999999999940e+00 -2.379999999999999893e-01
-2.594549999999999841e+02 -4.507099999999999795e+01 -6.458000000000000185e+00 -2.680000000000000160e-01
-2.580419999999999732e+02 -3.847800000000000153e+01 -4.689000000000000057e+00 -2.620000000000000107e-01
-2.536529999999999916e+02 -2.430999999999999872e+01 -8.030000000000000471e-01 -2.220000000000000029e-01
-2.417100000000000080e+02 -2.295200000000000173e+01 -3.300000000000000155e-01 -1.819999999999999951e-01
-2.110399999999999920e+02 -4.032000000000000028e+01 -3.120999999999999996e+00 -1.650000000000000078e-01
-2.138700000000000045e+02 -6.252199999999999847e+01 -4.562000000000000277e+00 -1.819999999999999951e-01
-2.869719999999999800e+02 -7.428400000000000603e+01 -2.549999999999999822e+00 -2.190000000000000002e-01
-3.600960000000000036e+02 -7.049099999999999966e+01 -3.029999999999999916e-01 -2.149999999999999967e-01
-3.517500000000000000e+02 -5.398700000000000188e+01 -9.669999999999999707e-01 -1.250000000000000000e-01
-2.782479999999999905e+02 -3.176099999999999923e+01 -3.620000000000000107e+00 0.000000000000000000e+00
-1.864639999999999986e+02 -1.166499999999999915e+01 -6.243999999999999773e+00 6.300000000000000044e-02
-7.289900000000000091e+01 3.197999999999999954e+00 -7.937999999999999723e+00 5.299999999999999850e-02
6.544299999999999784e+01 1.435399999999999920e+01 -8.067000000000000171e+00 3.099999999999999978e-02
1.661899999999999977e+02 1.938200000000000145e+01 -6.618999999999999773e+00 5.000000000000000104e-03
1.444850000000000136e+02 1.161299999999999955e+01 -4.607999999999999652e+00 -4.800000000000000100e-02
-4.833999999999999631e+00 -6.397999999999999687e+00 -3.492999999999999883e+00 -9.099999999999999756e-02
-1.867620000000000005e+02 -1.809799999999999898e+01 -4.503999999999999559e+00 -7.900000000000000078e-02
-2.953750000000000000e+02 -8.637999999999999901e+00 -6.847999999999999865e+00 -2.000000000000000042e-02
-2.822139999999999986e+02 1.880699999999999861e+01 -7.115000000000000213e+00 5.500000000000000028e-02
-1.561129999999999995e+02 4.716700000000000159e+01 -3.097999999999999865e+00 1.260000000000000009e-01
4.471099999999999852e+01 6.719299999999999784e+01 3.136000000000000121e+00 1.710000000000000131e-01
3.047559999999999718e+02 8.961899999999999977e+01 8.304999999999999716e+00 1.819999999999999951e-01
6.096259999999999764e+02 1.222039999999999935e+02 1.169299999999999962e+01 1.789999999999999925e-01
8.293279999999999745e+02 1.411910000000000025e+02 1.455100000000000016e+01 1.769999999999999907e-01
7.801630000000000109e+02 1.187219999999999942e+02 1.866000000000000014e+01 2.039999999999999869e-01
4.972370000000000232e+02 7.737999999999999545e+01 2.570599999999999952e+01 3.250000000000000111e-01
2.528810000000000002e+02 7.184499999999999886e+01 3.556799999999999784e+01 5.769999999999999574e-01
2.156169999999999902e+02 1.109090000000000060e+02 4.535799999999999699e+01 8.689999999999999947e-01
2.908509999999999991e+02 1.393899999999999864e+02 4.956700000000000017e+01 1.010999999999999899e+00
3.071000000000000227e+02 1.047609999999999957e+02 4.022899999999999920e+01 8.329999999999999627e-01
1.535850000000000080e+02 1.329800000000000004e+01 1.356300000000000061e+01 3.350000000000000200e-01
-1.699329999999999927e+02 -8.386700000000000443e+01 -1.839799999999999969e+01 -2.190000000000000002e-01
-4.713609999999999900e+02 -1.362709999999999866e+02 -3.296099999999999852e+01 -4.670000000000000262e-01
-5.076630000000000109e+02 -1.221670000000000016e+02 -2.192399999999999949e+01 -3.130000000000000004e-01
-2.995260000000000105e+02 -6.103399999999999892e+01 -2.019000000000000128e+00 -2.199999999999999872e-02
-1.127860000000000014e+02 -6.695000000000000284e+00 6.155999999999999694e+00 7.900000000000000078e-02
-1.082540000000000049e+02 -2.780000000000000249e-01 6.320000000000000062e-01 -6.199999999999999956e-02
-1.994629999999999939e+02 -2.799599999999999866e+01 -5.932000000000000384e+00 -2.479999999999999982e-01
-2.500169999999999959e+02 -4.668200000000000216e+01 -5.724000000000000199e+00 -3.280000000000000138e-01
-2.213679999999999950e+02 -3.759599999999999653e+01 -2.850000000000000089e+00 -3.310000000000000164e-01
-1.017150000000000034e+02 -1.325699999999999967e+01 -2.661999999999999922e+00 -2.869999999999999774e-01
1.276029999999999944e+02 1.104100000000000037e+01 -3.415000000000000036e+00 -1.390000000000000124e-01
3.618790000000000191e+02 2.826099999999999923e+01 -1.518000000000000016e+00 1.199999999999999956e-01
3.901150000000000091e+02 3.341799999999999926e+01 1.647000000000000020e+00 3.800000000000000044e-01
1.928029999999999973e+02 2.717800000000000082e+01 1.953999999999999959e+00 5.050000000000000044e-01
2.678999999999999826e+00 1.870599999999999952e+01 -2.520999999999999908e+00 4.099999999999999756e-01
-6.239099999999999824e+01 1.331499999999999950e+01 -1.014400000000000013e+01 1.130000000000000032e-01
-1.037360000000000042e+02 9.320000000000000284e+00 -1.558799999999999919e+01 -1.950000000000000067e-01
-1.114969999999999999e+02 1.092099999999999937e+01 -1.288499999999999979e+01 -2.630000000000000115e-01
4.934799999999999898e+01 2.333500000000000085e+01 -3.095000000000000195e+00 -7.499999999999999722e-02
2.815930000000000177e+02 3.453699999999999903e+01 4.463000000000000078e+00 1.019999999999999934e-01
3.114870000000000232e+02 2.790500000000000114e+01 3.004000000000000004e+00 6.800000000000000488e-02
1.292179999999999893e+02 1.041600000000000037e+01 -3.555000000000000160e+00 -9.099999999999999756e-02
-4.604000000000000092e+00 2.409999999999999920e-01 -7.623999999999999666e+00 -2.000000000000000111e-01
1.180300000000000082e+01 -5.743999999999999773e+00 -8.191000000000000725e+00 -2.479999999999999982e-01
2.278500000000000014e+01 -2.324399999999999977e+01 -8.192999999999999616e+00 -3.180000000000000049e-01
-7.359499999999999886e+01 -5.012899999999999778e+01 -7.219999999999999751e+00 -3.810000000000000053e-01
-1.967290000000000134e+02 -6.911700000000000443e+01 -3.783999999999999808e+00 -3.449999999999999734e-01
-2.551839999999999975e+02 -7.005200000000000671e+01 -1.479999999999999927e-01 -2.260000000000000064e-01
-2.541129999999999995e+02 -5.545799999999999841e+01 9.000000000000000222e-01 -1.140000000000000041e-01
-2.308870000000000005e+02 -3.531700000000000017e+01 8.760000000000000009e-01 -4.100000000000000172e-02
-1.870250000000000057e+02 -2.097200000000000131e+01 3.608000000000000096e+00 1.000000000000000021e-02
-1.004479999999999933e+02 -1.408000000000000007e+01 9.736000000000000654e+00 5.600000000000000117e-02
2.741900000000000048e+01 -4.336000000000000298e+00 1.501999999999999957e+01 1.069999999999999979e-01
1.500639999999999930e+02 1.384800000000000075e+01 1.516000000000000014e+01 1.400000000000000133e-01
1.830819999999999936e+02 2.959499999999999886e+01 1.087199999999999989e+01 1.209999999999999964e-01
5.725500000000000256e+01 2.700300000000000011e+01 4.530999999999999694e+00 5.800000000000000294e-02
-1.717949999999999875e+02 2.125000000000000000e+00 -5.197000000000000064e+00 -5.500000000000000028e-02
-3.335169999999999959e+02 -3.629599999999999937e+01 -1.916499999999999915e+01 -2.590000000000000080e-01
-3.434900000000000091e+02 -7.797100000000000364e+01 -3.245600000000000307e+01 -5.270000000000000240e-01
-2.661089999999999804e+02 -1.123599999999999994e+02 -3.872399999999999665e+01 -7.189999999999999725e-01
-1.261020000000000039e+02 -1.198100000000000023e+02 -3.502000000000000313e+01 -6.969999999999999529e-01
1.234399999999999977e+02 -8.015099999999999625e+01 -2.024699999999999989e+01 -3.980000000000000204e-01
3.886870000000000118e+02 2.185000000000000053e+00 5.205000000000000071e+00 2.280000000000000082e-01
4.564340000000000259e+02 9.292700000000000671e+01 3.440400000000000347e+01 1.072000000000000064e+00
3.250600000000000023e+02 1.512160000000000082e+02 5.096000000000000085e+01 1.612000000000000099e+00
2.305740000000000123e+02 1.548209999999999980e+02 4.095499999999999829e+01 1.336000000000000076e+00
2.366560000000000059e+02 1.090460000000000065e+02 1.280799999999999983e+01 5.410000000000000364e-01
1.624159999999999968e+02 4.285999999999999943e+01 -7.623999999999999666e+00 2.400000000000000050e-02
-1.135599999999999987e+01 -6.641000000000000014e+00 -7.871999999999999886e+00 1.000000000000000021e-03
-1.050550000000000068e+02 -2.446999999999999886e+01 1.044999999999999929e+00 3.799999999999999906e-02
-9.297499999999999432e+01 -2.930099999999999838e+01 7.320000000000000284e+00 -7.900000000000000078e-02
-8.290900000000000603e+01 -3.858299999999999841e+01 1.202899999999999991e+01 -1.499999999999999944e-01
-6.423000000000000398e+01 -4.042099999999999937e+01 1.785500000000000043e+01 -7.099999999999999367e-02
2.594999999999999929e+01 -1.807600000000000051e+01 2.015599999999999881e+01 2.599999999999999881e-02
1.464790000000000134e+02 2.085099999999999909e+01 1.476600000000000001e+01 6.099999999999999867e-02
2.158060000000000116e+02 5.187700000000000244e+01 5.913999999999999702e+00 6.700000000000000400e-02
1.981740000000000066e+02 5.433700000000000330e+01 2.979999999999999871e-01 1.600000000000000033e-02
1.015949999999999989e+02 2.810600000000000165e+01 -1.510999999999999899e+00 -1.549999999999999989e-01
-1.744600000000000151e+01 -2.696000000000000174e+00 -3.439999999999999947e+00 -3.719999999999999973e-01
-8.047299999999999898e+01 -1.551999999999999957e+01 -7.887999999999999901e+00 -4.600000000000000200e-01
-6.809699999999999420e+01 -1.508799999999999919e+01 -1.336599999999999966e+01 -3.609999999999999876e-01
-3.754500000000000171e+01 -1.792599999999999838e+01 -1.670700000000000074e+01 -2.129999999999999949e-01
-4.560699999999999932e+01 -2.407999999999999829e+01 -1.738899999999999935e+01 -1.670000000000000095e-01
-9.053900000000000148e+01 -2.122800000000000153e+01 -1.727700000000000102e+01 -2.340000000000000135e-01
-1.376150000000000091e+02 -7.033999999999999808e+00 -1.608699999999999974e+01 -3.009999999999999898e-01
-1.670550000000000068e+02 6.804999999999999716e+00 -1.239300000000000068e+01 -2.770000000000000240e-01
-1.769199999999999875e+02 9.753000000000000114e+00 -8.965999999999999304e+00 -1.739999999999999880e-01
-1.664939999999999998e+02 2.406000000000000139e+00 -1.068800000000000061e+01 -6.900000000000000577e-02
-1.470629999999999882e+02 -7.788000000000000256e+00 -1.627700000000000102e+01 -2.999999999999999889e-02
-1.484559999999999889e+02 -1.397600000000000087e+01 -1.816300000000000026e+01 -6.600000000000000311e-02
-1.839139999999999873e+02 -1.518500000000000050e+01 -1.321700000000000053e+01 -1.110000000000000014e-01
-2.260089999999999861e+02 -1.711799999999999855e+01 -7.993999999999999773e+00 -9.800000000000000377e-02
-2.346450000000000102e+02 -2.135099999999999909e+01 -8.977999999999999758e+00 -7.599999999999999811e-02
-1.882520000000000095e+02 -1.714300000000000068e+01 -1.289000000000000057e+01 -1.229999999999999982e-01
-9.757399999999999807e+01 3.887000000000000011e+00 -1.203400000000000070e+01 -1.950000000000000067e-01
-1.853399999999999892e+01 3.105000000000000071e+01 -4.985999999999999766e+00 -1.990000000000000102e-01
-5.549999999999999822e+00 4.595199999999999818e+01 3.076999999999999957e+00 -1.469999999999999918e-01
-1.482300000000000040e+01 4.534400000000000119e+01 7.520999999999999908e+00 -9.800000000000000377e-02
5.700699999999999790e+01 3.799000000000000199e+01 7.214000000000000412e+00 -4.800000000000000100e-02
2.074759999999999991e+02 2.270899999999999963e+01 3.083000000000000185e+00 2.400000000000000050e-02
3.364950000000000045e+02 -6.256999999999999673e+00 -9.919999999999999929e-01 1.130000000000000032e-01
4.159979999999999905e+02 -3.387199999999999989e+01 8.060000000000000497e-01 2.429999999999999938e-01
4.690319999999999823e+02 -4.068599999999999994e+01 7.618999999999999773e+00 3.840000000000000080e-01
4.290559999999999832e+02 -3.996200000000000330e+01 1.024099999999999966e+01 3.850000000000000089e-01
2.332249999999999943e+02 -5.555100000000000193e+01 5.536999999999999922e+00 1.690000000000000113e-01
-2.350100000000000122e+01 -7.849500000000000455e+01 2.619000000000000217e+00 -9.600000000000000200e-02
-2.229250000000000114e+02 -8.851099999999999568e+01 6.838000000000000078e+00 -1.960000000000000075e-01
-4.074279999999999973e+02 -9.130800000000000693e+01 1.036200000000000010e+01 -1.320000000000000062e-01
-6.530470000000000255e+02 -9.634099999999999397e+01 6.285000000000000142e+00 -4.900000000000000189e-02
-8.475739999999999554e+02 -8.751099999999999568e+01 -9.400000000000000022e-02 -2.100000000000000130e-02
-7.742859999999999445e+02 -4.860799999999999699e+01 -5.360000000000000320e-01 -1.700000000000000122e-02
-4.021309999999999718e+02 2.705000000000000071e+00 5.060999999999999943e+00 -1.400000000000000029e-02
6.318999999999999773e+01 3.274099999999999966e+01 1.227699999999999925e+01 -6.000000000000000125e-03
4.389060000000000059e+02 3.712899999999999778e+01 1.951099999999999923e+01 5.199999999999999761e-02
7.261269999999999527e+02 4.569400000000000261e+01 2.610800000000000054e+01 1.980000000000000093e-01
9.631380000000000337e+02 7.744599999999999795e+01 2.917699999999999960e+01 3.970000000000000195e-01
1.053217000000000098e+03 1.130580000000000069e+02 2.714600000000000080e+01 5.679999999999999494e-01
8.650109999999999673e+02 1.241039999999999992e+02 2.197800000000000153e+01 6.330000000000000071e-01
4.793319999999999936e+02 1.120019999999999953e+02 1.685800000000000054e+01 5.470000000000000417e-01
1.728269999999999982e+02 1.000259999999999962e+02 1.486800000000000033e+01 3.619999999999999885e-01
8.279099999999999682e+01 9.183100000000000307e+01 1.535599999999999987e+01 1.640000000000000069e-01
5.357099999999999795e+01 6.369500000000000028e+01 1.008600000000000030e+01 -6.600000000000000311e-02
-8.578000000000000114e+01 9.762999999999999901e+00 -6.448999999999999844e+00 -3.529999999999999805e-01
-2.805600000000000023e+02 -3.481700000000000017e+01 -2.404200000000000159e+01 -5.410000000000000364e-01
-4.106549999999999727e+02 -4.150699999999999790e+01 -2.885399999999999920e+01 -4.689999999999999725e-01
-5.021920000000000073e+02 -3.217999999999999972e+01 -2.378399999999999892e+01 -2.730000000000000204e-01
-6.302559999999999718e+02 -4.334799999999999898e+01 -2.142299999999999827e+01 -2.179999999999999993e-01
-7.580359999999999445e+02 -6.950799999999999557e+01 -2.359600000000000009e+01 -2.790000000000000258e-01
-7.944779999999999518e+02 -7.560099999999999909e+01 -2.114799999999999969e+01 -1.839999999999999969e-01
-6.861390000000000100e+02 -4.503099999999999881e+01 -8.516000000000000014e+00 1.779999999999999916e-01
-3.968220000000000027e+02 1.263799999999999990e+01 1.104199999999999982e+01 6.480000000000000204e-01
5.054200000000000159e+01 7.564000000000000057e+01 2.994900000000000162e+01 1.006000000000000005e+00
4.859700000000000273e+02 1.116340000000000003e+02 3.823400000000000176e+01 1.102000000000000091e+00
6.802949999999999591e+02 9.730400000000000205e+01 2.770599999999999952e+01 8.669999999999999929e-01
5.627789999999999964e+02 4.927300000000000324e+01 3.388999999999999790e+00 3.940000000000000169e-01
3.037740000000000009e+02 1.034699999999999953e+01 -1.590799999999999947e+01 -4.700000000000000011e-02
1.284079999999999870e+02 5.301000000000000156e+00 -1.586999999999999922e+01 -1.900000000000000022e-01
9.218899999999999295e+01 2.573100000000000165e+01 -5.809999999999999609e-01 -1.400000000000000029e-02
1.126039999999999992e+02 4.498400000000000176e+01 1.331700000000000017e+01 2.260000000000000064e-01
1.069929999999999950e+02 3.974699999999999989e+01 1.207600000000000051e+01 2.109999999999999931e-01
3.553199999999999648e+01 1.445599999999999952e+01 -2.787999999999999812e+00 -1.089999999999999997e-01
-5.467699999999999960e+01 -2.610000000000000098e-01 -1.559999999999999964e+01 -4.189999999999999836e-01
-4.979299999999999926e+01 9.987000000000000099e+00 -1.410399999999999920e+01 -4.149999999999999800e-01
5.371800000000000352e+01 2.143100000000000094e+01 -3.942000000000000171e+00 -2.210000000000000020e-01
1.045580000000000069e+02 7.942999999999999616e+00 -4.620000000000000218e-01 -2.099999999999999922e-01
3.204000000000000181e+00 -2.570799999999999841e+01 -9.608999999999999986e+00 -5.130000000000000115e-01
-1.884079999999999870e+02 -5.877400000000000091e+01 -2.256800000000000139e+01 -9.310000000000000497e-01
-3.595230000000000246e+02 -7.856499999999999773e+01 -2.727599999999999980e+01 -1.215999999999999970e+00
-4.403809999999999718e+02 -8.113400000000000034e+01 -2.063899999999999935e+01 -1.268000000000000016e+00
-4.016080000000000041e+02 -6.980299999999999727e+01 -9.907999999999999474e+00 -1.118999999999999995e+00
-2.574030000000000200e+02 -5.629399999999999693e+01 -4.192000000000000171e+00 -8.289999999999999591e-01
-5.547099999999999653e+01 -4.786299999999999955e+01 -4.774000000000000021e+00 -4.620000000000000218e-01
1.457340000000000089e+02 -3.980299999999999727e+01 -5.586999999999999744e+00 -1.320000000000000062e-01
2.685210000000000150e+02 -3.008899999999999864e+01 -3.341000000000000192e+00 4.599999999999999922e-02
2.485049999999999955e+02 -2.412600000000000122e+01 -1.118999999999999995e+00 9.600000000000000200e-02
1.275259999999999962e+02 -1.906200000000000117e+01 -1.504999999999999893e+00 1.459999999999999909e-01
2.397200000000000131e+01 -9.410999999999999588e+00 -4.761000000000000121e+00 2.200000000000000011e-01
-2.505799999999999983e+01 -1.048099999999999987e+01 -1.187199999999999989e+01 1.759999999999999898e-01
-5.968999999999999773e+01 -4.035699999999999932e+01 -2.003600000000000136e+01 -4.399999999999999745e-02
-5.302700000000000102e+01 -7.820000000000000284e+01 -2.076500000000000057e+01 -2.530000000000000027e-01
2.758999999999999986e+01 -8.335599999999999454e+01 -1.123099999999999987e+01 -2.409999999999999920e-01
8.157500000000000284e+01 -5.328199999999999648e+01 4.189999999999999836e-01 -2.000000000000000042e-02
3.590699999999999648e+01 -1.831599999999999895e+01 7.807999999999999829e+00 2.969999999999999862e-01
1.263499999999999979e+01 6.559999999999999609e+00 1.360299999999999976e+01 6.350000000000000089e-01
9.478400000000000603e+01 1.936599999999999966e+01 1.878600000000000136e+01 8.419999999999999707e-01
1.350680000000000121e+02 1.067300000000000004e+01 1.917200000000000060e+01 7.500000000000000000e-01
3.505799999999999983e+01 -1.124000000000000021e+01 1.678900000000000148e+01 4.829999999999999849e-01
-3.947299999999999898e+01 -1.419800000000000040e+01 1.865700000000000003e+01 3.609999999999999876e-01
5.332600000000000051e+01 8.397999999999999687e+00 2.295899999999999963e+01 4.450000000000000067e-01
1.824559999999999889e+02 2.502499999999999858e+01 2.104899999999999949e+01 4.979999999999999982e-01
1.765840000000000032e+02 1.722400000000000020e+01 1.204100000000000037e+01 3.810000000000000053e-01
7.431799999999999784e+01 2.024000000000000021e+00 3.580000000000000071e+00 1.980000000000000093e-01
3.780000000000000027e-01 -5.200000000000000178e-01 1.089999999999999997e-01 8.000000000000000167e-02
-1.349300000000000033e+01 1.062100000000000044e+01 -1.960000000000000075e-01 3.899999999999999994e-02
-3.081999999999999851e+00 2.617399999999999949e+01 5.769999999999999574e-01 4.000000000000000083e-02
-1.199000000000000066e+00 3.781700000000000017e+01 1.409000000000000030e+00 5.600000000000000117e-02
-1.743400000000000105e+01 4.522099999999999653e+01 9.469999999999999529e-01 5.899999999999999689e-02
-2.834600000000000009e+01 5.632800000000000296e+01 -6.700000000000000400e-02 6.600000000000000311e-02
-9.275000000000000355e+00 7.181000000000000227e+01 9.290000000000000480e-01 1.170000000000000068e-01
1.247000000000000064e+01 7.449599999999999511e+01 3.241999999999999993e+00 1.990000000000000102e-01
-1.012199999999999989e+01 4.938000000000000256e+01 2.713999999999999968e+00 2.419999999999999929e-01
-6.424599999999999511e+01 9.621999999999999886e+00 -2.774999999999999911e+00 2.149999999999999967e-01
-1.000049999999999955e+02 -1.530100000000000016e+01 -1.071799999999999997e+01 1.429999999999999882e-01
-1.130570000000000022e+02 -1.603600000000000136e+01 -1.648699999999999832e+01 5.099999999999999672e-02
-1.270979999999999990e+02 -9.281000000000000583e+00 -1.693299999999999983e+01 -4.900000000000000189e-02
-1.332369999999999948e+02 -7.520999999999999908e+00 -1.218500000000000050e+01 -1.100000000000000006e-01
-1.110199999999999960e+02 -4.091999999999999638e+00 -5.520999999999999908e+00 -8.899999999999999578e-02
-3.937299999999999756e+01 8.166000000000000369e+00 -1.741000000000000103e+00 -3.799999999999999906e-02
9.756900000000000261e+01 1.963800000000000168e+01 -3.753000000000000114e+00 -5.500000000000000028e-02
1.797690000000000055e+02 8.304999999999999716e+00 -1.066499999999999915e+01 -1.819999999999999951e-01
-1.591999999999999993e+01 -3.994700000000000273e+01 -1.963899999999999935e+01 -3.990000000000000213e-01
-4.636039999999999850e+02 -1.091640000000000015e+02 -2.735200000000000031e+01 -6.410000000000000142e-01
-8.451209999999999809e+02 -1.597649999999999864e+02 -3.033999999999999986e+01 -7.890000000000000346e-01
-9.600710000000000264e+02 -1.638969999999999914e+02 -2.673699999999999832e+01 -7.079999999999999627e-01
-8.193110000000000355e+02 -1.188190000000000026e+02 -1.567800000000000082e+01 -3.499999999999999778e-01
-4.196829999999999927e+02 -2.873400000000000176e+01 5.455000000000000071e+00 2.069999999999999896e-01
1.670020000000000095e+02 8.933899999999999864e+01 3.488600000000000279e+01 7.780000000000000249e-01
6.829410000000000309e+02 1.778160000000000025e+02 5.585399999999999920e+01 1.084999999999999964e+00
9.542129999999999654e+02 1.776560000000000059e+02 5.031099999999999994e+01 9.120000000000000329e-01
1.021998000000000047e+03 1.177890000000000015e+02 2.867999999999999972e+01 4.199999999999999845e-01
9.371440000000000055e+02 8.960699999999999932e+01 1.886700000000000088e+01 6.700000000000000400e-02
7.225969999999999800e+02 1.120949999999999989e+02 2.239600000000000080e+01 3.300000000000000155e-02
4.914200000000000159e+02 1.185090000000000003e+02 1.764600000000000080e+01 9.400000000000000022e-02
3.392379999999999995e+02 8.173900000000000432e+01 3.701999999999999957e+00 1.310000000000000053e-01
2.183789999999999907e+02 4.422999999999999687e+01 -3.639999999999999902e-01 2.200000000000000011e-01
1.006770000000000067e+02 3.050400000000000134e+01 7.583000000000000185e+00 2.839999999999999747e-01
8.606999999999999318e+01 2.302199999999999847e+01 1.270400000000000063e+01 1.719999999999999862e-01
1.963830000000000098e+02 1.080599999999999916e+01 9.737999999999999545e+00 -3.500000000000000333e-02
2.774390000000000214e+02 1.500000000000000000e+00 5.133000000000000007e+00 -1.330000000000000071e-01
2.238940000000000055e+02 -2.180000000000000160e+00 2.801000000000000156e+00 -9.400000000000000022e-02
1.056219999999999999e+02 -7.934999999999999609e+00 1.334000000000000075e+00 -7.900000000000000078e-02
1.171700000000000053e+01 -2.109299999999999997e+01 -1.108999999999999986e+00 -2.030000000000000138e-01
-6.400900000000000034e+01 -3.629099999999999682e+01 -5.182000000000000384e+00 -3.970000000000000195e-01
-1.462500000000000000e+02 -4.311399999999999721e+01 -1.016499999999999915e+01 -5.270000000000000240e-01
-2.131349999999999909e+02 -4.082999999999999829e+01 -1.379199999999999982e+01 -5.540000000000000480e-01
-2.477920000000000016e+02 -4.246699999999999875e+01 -1.497600000000000087e+01 -5.390000000000000346e-01
-2.829289999999999736e+02 -5.710999999999999943e+01 -1.540099999999999980e+01 -5.300000000000000266e-01
-3.491050000000000182e+02 -7.536199999999999477e+01 -1.567399999999999949e+01 -5.100000000000000089e-01
-4.064669999999999845e+02 -8.150700000000000500e+01 -1.341799999999999926e+01 -4.590000000000000191e-01
-3.861770000000000209e+02 -7.218099999999999739e+01 -7.777999999999999581e+00 -3.990000000000000213e-01
-3.029809999999999945e+02 -5.697800000000000153e+01 -2.289000000000000146e+00 -3.499999999999999778e-01
-2.530740000000000123e+02 -4.844800000000000040e+01 -1.796999999999999931e+00 -3.270000000000000129e-01
-2.773480000000000132e+02 -5.159799999999999898e+01 -7.706000000000000405e+00 -3.609999999999999876e-01
-3.091100000000000136e+02 -5.566599999999999682e+01 -1.525399999999999956e+01 -4.239999999999999880e-01
-2.864990000000000236e+02 -4.313499999999999801e+01 -1.654700000000000060e+01 -3.920000000000000151e-01
-2.264679999999999893e+02 -1.491699999999999982e+01 -9.602000000000000313e+00 -2.359999999999999876e-01
-1.597969999999999970e+02 5.532000000000000028e+00 -2.100999999999999979e+00 -1.120000000000000023e-01
-7.453900000000000148e+01 2.476999999999999869e+00 -1.870000000000000107e+00 -1.160000000000000059e-01
5.194400000000000261e+01 -1.092200000000000060e+01 -7.208000000000000185e+00 -1.660000000000000087e-01
1.951229999999999905e+02 -1.416499999999999915e+01 -1.139400000000000013e+01 -1.469999999999999918e-01
2.646240000000000236e+02 -1.014400000000000013e+01 -1.155300000000000082e+01 -3.000000000000000062e-03
1.776100000000000136e+02 -1.592200000000000060e+01 -8.728999999999999204e+00 2.650000000000000133e-01
-2.775100000000000122e+01 -3.228999999999999915e+01 -5.575999999999999623e+00 5.150000000000000133e-01
-2.099759999999999991e+02 -4.318299999999999983e+01 -5.634999999999999787e+00 5.050000000000000044e-01
-2.757180000000000177e+02 -3.983200000000000074e+01 -8.766000000000000014e+00 2.369999999999999885e-01
-2.492640000000000100e+02 -2.922299999999999898e+01 -9.464000000000000412e+00 8.000000000000000167e-03
-1.868319999999999936e+02 -1.955399999999999849e+01 -3.850000000000000089e+00 -1.899999999999999953e-02
-9.767000000000000171e+01 -7.482000000000000206e+00 6.692999999999999616e+00 4.900000000000000189e-02
3.205700000000000216e+01 1.643900000000000006e+01 1.952899999999999991e+01 1.620000000000000051e-01
1.842379999999999995e+02 5.151200000000000045e+01 3.087199999999999989e+01 3.719999999999999973e-01
2.984940000000000282e+02 8.189600000000000080e+01 3.413799999999999812e+01 5.669999999999999485e-01
3.228249999999999886e+02 9.645900000000000318e+01 2.727599999999999980e+01 5.490000000000000435e-01
2.723319999999999936e+02 1.029069999999999965e+02 1.761299999999999955e+01 3.519999999999999796e-01
1.969530000000000030e+02 1.023100000000000023e+02 1.116000000000000014e+01 1.749999999999999889e-01
9.393399999999999750e+01 7.156100000000000705e+01 3.928999999999999826e+00 7.799999999999999989e-02
-8.194700000000000273e+01 3.375000000000000000e+00 -7.706999999999999851e+00 -2.100000000000000130e-02
-3.253679999999999950e+02 -6.133299999999999841e+01 -1.654799999999999827e+01 -1.250000000000000000e-01
-5.552369999999999663e+02 -7.414900000000000091e+01 -1.409600000000000009e+01 -1.229999999999999982e-01
-6.573959999999999582e+02 -3.068700000000000117e+01 -2.936999999999999833e+00 6.400000000000000133e-02
-5.187039999999999509e+02 4.106300000000000239e+01 8.497999999999999332e+00 3.729999999999999982e-01
-1.140799999999999983e+02 1.153040000000000020e+02 1.677799999999999869e+01 6.229999999999999982e-01
3.818509999999999991e+02 1.666299999999999955e+02 2.284900000000000020e+01 6.420000000000000151e-01
6.876870000000000118e+02 1.671899999999999977e+02 2.537800000000000011e+01 4.119999999999999774e-01
6.742380000000000564e+02 1.182090000000000032e+02 2.108699999999999974e+01 1.089999999999999997e-01
4.577189999999999941e+02 5.861699999999999733e+01 1.099399999999999977e+01 -5.600000000000000117e-02
2.402949999999999875e+02 2.041600000000000037e+01 5.480000000000000426e-01 -6.500000000000000222e-02
1.147069999999999936e+02 2.700000000000000178e-01 -7.078999999999999737e+00 -7.799999999999999989e-02
3.965400000000000347e+01 -1.598799999999999955e+01 -1.232000000000000028e+01 -1.700000000000000122e-01
-2.709400000000000119e+01 -2.946099999999999852e+01 -1.478500000000000014e+01 -2.550000000000000044e-01
-5.320100000000000051e+01 -3.633400000000000318e+01 -1.339700000000000024e+01 -2.610000000000000098e-01
-5.663000000000000256e+00 -3.830400000000000205e+01 -9.712999999999999190e+00 -2.310000000000000109e-01
8.353300000000000125e+01 -3.972299999999999898e+01 -6.812000000000000277e+00 -2.000000000000000111e-01
1.499960000000000093e+02 -4.492799999999999727e+01 -6.451999999999999957e+00 -1.640000000000000069e-01
1.371740000000000066e+02 -5.728399999999999892e+01 -9.835000000000000853e+00 -1.600000000000000033e-01
1.317800000000000082e+01 -7.394199999999999307e+01 -1.733800000000000097e+01 -2.260000000000000064e-01
-1.878549999999999898e+02 -8.392900000000000205e+01 -2.406299999999999883e+01 -2.909999999999999809e-01
-3.528349999999999795e+02 -8.054300000000000637e+01 -2.185099999999999909e+01 -2.439999999999999947e-01
-3.735459999999999923e+02 -7.482699999999999818e+01 -1.156499999999999950e+01 -1.350000000000000089e-01
-2.362740000000000009e+02 -8.153900000000000148e+01 -5.833999999999999631e+00 -1.570000000000000007e-01
-1.680000000000000071e+01 -9.327800000000000580e+01 -1.138299999999999912e+01 -3.370000000000000218e-01
1.550980000000000132e+02 -9.269199999999999307e+01 -1.789300000000000068e+01 -4.430000000000000049e-01
1.444670000000000130e+02 -8.611700000000000443e+01 -1.465600000000000058e+01 -3.410000000000000253e-01
-5.295100000000000051e+01 -9.271800000000000352e+01 -6.608999999999999986e+00 -1.819999999999999951e-01
-2.607169999999999845e+02 -1.054330000000000069e+02 -2.507000000000000117e+00 -1.029999999999999943e-01
-3.126229999999999905e+02 -9.485800000000000409e+01 -2.320000000000000118e-01 0.000000000000000000e+00
-1.879019999999999868e+02 -4.846800000000000352e+01 6.483999999999999986e+00 2.570000000000000062e-01
6.649699999999999989e+01 1.468299999999999983e+01 1.735500000000000043e+01 6.079999999999999849e-01
3.420120000000000005e+02 6.617600000000000193e+01 2.659600000000000009e+01 8.739999999999999991e-01
4.391250000000000000e+02 9.451999999999999602e+01 2.928500000000000014e+01 9.399999999999999467e-01
2.713829999999999814e+02 1.065510000000000019e+02 2.586599999999999966e+01 8.589999999999999858e-01
2.460500000000000043e+01 1.097360000000000042e+02 2.064399999999999835e+01 7.540000000000000036e-01
-5.698700000000000188e+01 1.041470000000000056e+02 1.623199999999999932e+01 6.300000000000000044e-01
5.773899999999999721e+01 9.125600000000000023e+01 1.249699999999999989e+01 4.119999999999999774e-01
2.098750000000000000e+02 7.829399999999999693e+01 9.173000000000000043e+00 1.400000000000000133e-01
2.451490000000000009e+02 6.741400000000000148e+01 6.217999999999999972e+00 -5.600000000000000117e-02
1.329989999999999952e+02 4.868800000000000239e+01 3.210999999999999854e+00 -1.620000000000000051e-01
-6.188400000000000034e+01 1.386800000000000033e+01 -8.709999999999999964e-01 -2.790000000000000258e-01
-2.494470000000000027e+02 -2.665899999999999892e+01 -6.990999999999999659e+00 -4.299999999999999933e-01
-3.320960000000000036e+02 -4.981799999999999784e+01 -1.303999999999999915e+01 -5.130000000000000115e-01
-2.400620000000000118e+02 -4.356400000000000006e+01 -1.393500000000000050e+01 -4.570000000000000173e-01
7.647999999999999687e+00 -1.933500000000000085e+01 -7.530000000000000249e+00 -3.220000000000000084e-01
3.167679999999999723e+02 3.841000000000000192e+00 2.567000000000000171e+00 -2.059999999999999887e-01
5.472409999999999854e+02 2.257000000000000028e+01 1.072199999999999953e+01 -1.199999999999999956e-01
5.298129999999999882e+02 4.537700000000000244e+01 1.364700000000000024e+01 -1.899999999999999953e-02
2.312079999999999984e+02 6.954600000000000648e+01 1.256199999999999939e+01 8.599999999999999312e-02
-9.554800000000000182e+01 7.793600000000000705e+01 1.125099999999999945e+01 1.559999999999999998e-01
-1.702930000000000064e+02 6.083800000000000097e+01 1.006199999999999939e+01 1.950000000000000067e-01
-6.568600000000000705e+01 2.658299999999999841e+01 4.616999999999999993e+00 1.849999999999999978e-01
-7.270900000000000318e+01 -1.273499999999999943e+01 -6.862000000000000099e+00 7.499999999999999722e-02
-2.620559999999999832e+02 -5.209499999999999886e+01 -1.861400000000000077e+01 -1.039999999999999952e-01
-4.334019999999999868e+02 -8.641299999999999670e+01 -2.297299999999999898e+01 -2.399999999999999911e-01
-4.446970000000000027e+02 -1.070300000000000011e+02 -1.869800000000000040e+01 -2.889999999999999791e-01
-3.465459999999999923e+02 -1.094330000000000069e+02 -1.134500000000000064e+01 -3.009999999999999898e-01
-1.824209999999999923e+02 -9.423999999999999488e+01 -6.709999999999999964e+00 -3.059999999999999942e-01
8.608199999999999363e+01 -6.331199999999999761e+01 -5.804999999999999716e+00 -2.839999999999999747e-01
3.798170000000000073e+02 -2.181599999999999895e+01 -6.137999999999999901e+00 -2.399999999999999911e-01
5.022250000000000227e+02 2.222599999999999909e+01 -6.208000000000000185e+00 -2.059999999999999887e-01
4.226970000000000027e+02 5.914600000000000080e+01 -6.868000000000000327e+00 -1.880000000000000004e-01
2.870629999999999882e+02 7.598999999999999488e+01 -8.477999999999999758e+00 -1.779999999999999916e-01
1.381279999999999859e+02 6.535399999999999920e+01 -9.653999999999999915e+00 -1.580000000000000016e-01
-9.031999999999999318e+01 3.577199999999999847e+01 -9.592000000000000526e+00 -1.019999999999999934e-01
-3.280459999999999923e+02 7.224999999999999645e+00 -8.329000000000000625e+00 -1.099999999999999936e-02
-3.712280000000000086e+02 -1.130000000000000032e-01 -4.842999999999999972e+00 1.069999999999999979e-01
-1.592129999999999939e+02 1.681800000000000139e+01 1.122000000000000108e+00 2.379999999999999893e-01
1.109770000000000039e+02 3.221099999999999852e+01 7.224999999999999645e+00 3.039999999999999925e-01
2.058530000000000086e+02 2.033699999999999974e+01 1.186200000000000010e+01 2.479999999999999982e-01
8.357599999999999341e+01 -5.658999999999999808e+00 1.525399999999999956e+01 1.650000000000000078e-01
-1.369350000000000023e+02 -1.592399999999999949e+01 1.611299999999999955e+01 1.729999999999999871e-01
-3.131070000000000277e+02 -1.071799999999999997e+01 1.330799999999999983e+01 2.210000000000000020e-01
-3.540040000000000191e+02 -1.013100000000000023e+01 9.964999999999999858e+00 2.059999999999999887e-01
-2.602970000000000255e+02 -1.804100000000000037e+01 9.451000000000000512e+00 1.310000000000000053e-01
-1.134060000000000059e+02 -2.494000000000000128e+01 9.971999999999999531e+00 5.999999999999999778e-02
1.797500000000000142e+01 -2.501599999999999824e+01 8.958000000000000185e+00 1.499999999999999944e-02
1.383739999999999952e+02 -1.268800000000000061e+01 8.326999999999999957e+00 -2.400000000000000050e-02
2.487700000000000102e+02 1.571100000000000030e+01 9.792999999999999261e+00 -6.099999999999999867e-02
2.694080000000000155e+02 4.412800000000000011e+01 9.564999999999999503e+00 -9.500000000000000111e-02
1.388530000000000086e+02 4.289600000000000080e+01 2.673999999999999932e+00 -1.630000000000000060e-01
-6.381400000000000006e+01 4.778999999999999915e+00 -1.033000000000000007e+01 -3.019999999999999907e-01
-2.121709999999999923e+02 -4.420199999999999818e+01 -2.430099999999999838e+01 -4.739999999999999769e-01
-2.897379999999999995e+02 -7.807800000000000296e+01 -3.569200000000000017e+01 -6.149999999999999911e-01
-3.460489999999999782e+02 -9.566800000000000637e+01 -4.435000000000000142e+01 -7.379999999999999893e-01
-3.608389999999999986e+02 -1.027379999999999995e+02 -4.875999999999999801e+01 -8.549999999999999822e-01
-2.693860000000000241e+02 -8.805800000000000693e+01 -4.402900000000000347e+01 -8.459999999999999742e-01
-8.043500000000000227e+01 -3.551100000000000279e+01 -2.720499999999999829e+01 -5.240000000000000213e-01
1.520749999999999886e+02 4.686899999999999977e+01 -2.099000000000000199e+00 1.290000000000000036e-01
4.109350000000000023e+02 1.248520000000000039e+02 2.227499999999999858e+01 8.479999999999999760e-01
6.165750000000000455e+02 1.643410000000000082e+02 3.698599999999999710e+01 1.288999999999999924e+00
5.850460000000000491e+02 1.536409999999999911e+02 3.798199999999999932e+01 1.318999999999999950e+00
2.961179999999999950e+02 1.054549999999999983e+02 2.728600000000000136e+01 1.030999999999999917e+00
4.809999999999999831e-01 4.681199999999999761e+01 1.137599999999999945e+01 5.829999999999999627e-01
-1.431740000000000066e+02 1.830000000000000071e+00 -8.659999999999999920e-01 1.590000000000000024e-01
-2.611970000000000027e+02 -2.604299999999999926e+01 -3.661000000000000032e+00 -9.099999999999999756e-02
-4.355760000000000218e+02 -4.958100000000000307e+01 -4.119999999999999774e-01 -1.900000000000000022e-01
-5.029220000000000255e+02 -7.075400000000000489e+01 1.247999999999999998e+00 -2.710000000000000187e-01
-3.220849999999999795e+02 -7.036499999999999488e+01 4.680000000000000271e-01 -3.210000000000000075e-01
2.223499999999999943e+01 -3.328000000000000114e+01 3.005999999999999783e+00 -1.829999999999999960e-01
3.446560000000000059e+02 2.571999999999999886e+01 1.124300000000000033e+01 1.680000000000000104e-01
4.773570000000000277e+02 7.001000000000000512e+01 1.915700000000000003e+01 5.040000000000000036e-01
3.286229999999999905e+02 7.382699999999999818e+01 1.867800000000000082e+01 5.919999999999999707e-01
3.130900000000000105e+01 4.626299999999999812e+01 1.045899999999999963e+01 4.630000000000000226e-01
-1.201089999999999947e+02 2.015700000000000003e+01 3.884999999999999787e+00 3.250000000000000111e-01
-4.162400000000000233e+01 1.594500000000000028e+01 4.291999999999999815e+00 2.750000000000000222e-01
5.140699999999999648e+01 2.405699999999999861e+01 6.706999999999999851e+00 2.340000000000000135e-01
1.117600000000000016e+01 2.398300000000000054e+01 4.777000000000000135e+00 1.509999999999999953e-01
-6.970900000000000318e+01 9.528999999999999915e+00 -8.840000000000000080e-01 7.199999999999999456e-02
-1.003539999999999992e+02 -8.393000000000000682e+00 -5.543999999999999595e+00 2.000000000000000042e-03
-1.017920000000000016e+02 -1.591099999999999959e+01 -6.224000000000000199e+00 -1.400000000000000133e-01
-4.082900000000000063e+01 -9.853999999999999204e+00 -3.055000000000000160e+00 -3.619999999999999885e-01
1.488909999999999911e+02 -1.614999999999999991e+00 1.449000000000000066e+00 -5.210000000000000187e-01
3.404780000000000086e+02 -8.134000000000000341e+00 2.915000000000000036e+00 -5.210000000000000187e-01
2.890400000000000205e+02 -3.483800000000000097e+01 -1.887999999999999901e+00 -4.650000000000000244e-01
-7.329999999999999849e-01 -6.711100000000000421e+01 -1.078299999999999947e+01 -5.000000000000000000e-01
-2.474480000000000075e+02 -8.497700000000000387e+01 -1.797200000000000131e+01 -6.069999999999999840e-01
-3.064879999999999995e+02 -8.557299999999999329e+01 -2.069000000000000128e+01 -6.580000000000000293e-01
-3.259440000000000168e+02 -8.125799999999999557e+01 -2.051099999999999923e+01 -6.139999999999999902e-01
-4.126250000000000000e+02 -7.884699999999999420e+01 -1.907900000000000063e+01 -5.749999999999999556e-01
-4.604580000000000268e+02 -7.575900000000000034e+01 -1.666700000000000159e+01 -6.660000000000000364e-01
-4.160049999999999955e+02 -7.508100000000000307e+01 -1.433000000000000007e+01 -8.850000000000000089e-01
-3.812699999999999818e+02 -8.404699999999999704e+01 -1.347899999999999920e+01 -1.038000000000000034e+00
-3.234549999999999841e+02 -9.150300000000000011e+01 -1.217600000000000016e+01 -8.890000000000000124e-01
-3.914699999999999847e+01 -7.032999999999999829e+01 -6.104000000000000092e+00 -4.510000000000000120e-01
4.552570000000000050e+02 -1.870499999999999829e+01 3.656000000000000139e+00 -2.800000000000000058e-02
8.297859999999999445e+02 2.205399999999999849e+01 9.300000000000000711e+00 1.400000000000000133e-01
8.095209999999999582e+02 1.515399999999999991e+01 7.514000000000000234e+00 1.700000000000000122e-01
4.419710000000000036e+02 -2.037999999999999901e+01 4.908999999999999808e+00 2.819999999999999729e-01
5.622299999999999898e+01 -2.840500000000000114e+01 8.150000000000000355e+00 4.299999999999999933e-01
-3.497500000000000142e+01 2.410099999999999909e+01 1.763100000000000023e+01 5.140000000000000124e-01
1.130460000000000065e+02 1.109500000000000028e+02 3.037900000000000134e+01 6.610000000000000320e-01
1.957090000000000032e+02 1.664110000000000014e+02 3.935999999999999943e+01 9.180000000000000382e-01
1.475600000000000023e+02 1.604970000000000141e+02 3.799499999999999744e+01 1.088999999999999968e+00
1.821519999999999868e+02 1.391620000000000061e+02 3.205799999999999983e+01 1.147000000000000020e+00
3.516120000000000232e+02 1.481229999999999905e+02 3.255100000000000193e+01 1.250999999999999890e+00
4.493410000000000082e+02 1.611239999999999952e+02 3.725000000000000000e+01 1.290000000000000036e+00
3.662509999999999764e+02 1.361440000000000055e+02 3.503300000000000125e+01 1.008999999999999897e+00
2.088470000000000084e+02 8.650799999999999557e+01 2.278900000000000148e+01 5.220000000000000195e-01
6.559999999999999432e+01 4.811200000000000188e+01 7.604000000000000092e+00 1.950000000000000067e-01
-7.376900000000000546e+01 2.355499999999999972e+01 -2.232000000000000206e+00 1.400000000000000133e-01
-1.898710000000000093e+02 -4.309999999999999609e+00 -4.815999999999999837e+00 1.620000000000000051e-01
-2.304660000000000082e+02 -3.663100000000000023e+01 -5.285000000000000142e+00 1.079999999999999988e-01
-2.207570000000000050e+02 -6.324900000000000233e+01 -9.016999999999999460e+00 4.000000000000000083e-03
-2.432839999999999918e+02 -8.184600000000000364e+01 -1.573099999999999987e+01 -1.079999999999999988e-01
-3.134499999999999886e+02 -9.568999999999999773e+01 -2.146099999999999852e+01 -2.459999999999999964e-01
-3.630600000000000023e+02 -1.042999999999999972e+02 -2.404100000000000037e+01 -3.659999999999999920e-01
-3.441030000000000086e+02 -1.040390000000000015e+02 -2.450199999999999889e+01 -3.709999999999999964e-01
-2.674189999999999827e+02 -9.197199999999999420e+01 -2.343199999999999861e+01 -2.780000000000000249e-01
-1.442909999999999968e+02 -6.694899999999999807e+01 -1.851099999999999923e+01 -2.079999999999999905e-01
7.676999999999999602e+00 -3.378300000000000125e+01 -8.839000000000000412e+00 -2.159999999999999976e-01
1.031970000000000027e+02 -8.122999999999999332e+00 -2.049999999999999878e-01 -2.580000000000000071e-01
4.890899999999999892e+01 -5.214999999999999858e+00 -2.839999999999999747e-01 -2.969999999999999862e-01
-1.265690000000000026e+02 -2.006899999999999906e+01 -8.744999999999999218e+00 -3.340000000000000191e-01
-2.861120000000000232e+02 -3.225099999999999767e+01 -1.725499999999999901e+01 -3.509999999999999787e-01
-3.280649999999999977e+02 -3.201599999999999824e+01 -1.933699999999999974e+01 -3.260000000000000120e-01
-2.587330000000000041e+02 -2.603699999999999903e+01 -1.622299999999999898e+01 -2.580000000000000071e-01
-1.188990000000000009e+02 -1.557900000000000063e+01 -1.153899999999999970e+01 -1.499999999999999944e-01
8.491800000000000637e+01 7.780000000000000249e+00 -5.363999999999999879e+00 -2.400000000000000050e-02
2.911789999999999736e+02 3.121600000000000108e+01 1.610000000000000042e-01 2.400000000000000050e-02
3.036960000000000264e+02 1.639499999999999957e+01 -3.097999999999999865e+00 -1.069999999999999979e-01
1.455199999999999960e+01 -4.192099999999999937e+01 -1.642299999999999827e+01 -3.330000000000000182e-01
-3.348629999999999995e+02 -8.696599999999999397e+01 -2.661199999999999832e+01 -4.400000000000000022e-01
-4.040849999999999795e+02 -7.136499999999999488e+01 -2.257600000000000051e+01 -3.380000000000000226e-01
-2.102510000000000048e+02 -2.172700000000000031e+01 -9.539999999999999147e+00 -1.170000000000000068e-01
-2.581700000000000017e+01 6.631999999999999673e+00 1.348999999999999977e+00 7.599999999999999811e-02
5.425999999999999801e+01 1.411999999999999922e+00 6.575000000000000178e+00 1.350000000000000089e-01
1.217999999999999972e+02 -1.286800000000000033e+01 7.472000000000000419e+00 5.800000000000000294e-02
1.802779999999999916e+02 -1.882799999999999940e+01 4.269999999999999574e+00 -4.100000000000000172e-02
1.439780000000000086e+02 -1.631500000000000128e+01 -2.112999999999999989e+00 -7.499999999999999722e-02
1.345800000000000018e+01 -9.718999999999999417e+00 -8.832000000000000739e+00 -8.899999999999999578e-02
-1.138649999999999949e+02 -1.866999999999999993e+00 -1.334500000000000064e+01 -1.449999999999999900e-01
-1.557419999999999902e+02 9.259000000000000341e+00 -1.342900000000000027e+01 -1.600000000000000033e-01
-1.048940000000000055e+02 2.821399999999999864e+01 -6.852999999999999758e+00 -3.699999999999999817e-02
8.576999999999999957e+00 5.153000000000000114e+01 5.447000000000000064e+00 1.330000000000000071e-01
1.708309999999999889e+02 6.964000000000000057e+01 1.748199999999999932e+01 1.990000000000000102e-01
3.366899999999999977e+02 7.853300000000000125e+01 2.241600000000000037e+01 1.600000000000000033e-01
3.778919999999999959e+02 7.762399999999999523e+01 1.830300000000000082e+01 1.170000000000000068e-01
2.313789999999999907e+02 6.566800000000000637e+01 9.560999999999999943e+00 1.079999999999999988e-01
5.671200000000000330e+01 4.965599999999999881e+01 4.304999999999999716e+00 1.179999999999999938e-01
5.138499999999999801e+01 4.420300000000000296e+01 8.240999999999999659e+00 1.650000000000000078e-01
1.612259999999999991e+02 5.039900000000000091e+01 1.767500000000000071e+01 2.530000000000000027e-01
1.609279999999999973e+02 4.576200000000000045e+01 2.022200000000000131e+01 2.640000000000000124e-01
-3.712199999999999989e+01 1.170400000000000063e+01 7.913000000000000256e+00 4.700000000000000011e-02
-2.938639999999999759e+02 -3.492600000000000193e+01 -1.024600000000000044e+01 -3.250000000000000111e-01
-4.322719999999999914e+02 -6.104999999999999716e+01 -1.774099999999999966e+01 -5.620000000000000551e-01
-4.370280000000000200e+02 -6.451300000000000523e+01 -1.384999999999999964e+01 -5.600000000000000533e-01
-4.228539999999999850e+02 -7.192799999999999727e+01 -1.329700000000000060e+01 -5.520000000000000462e-01
-4.162069999999999936e+02 -8.987199999999999989e+01 -2.051399999999999935e+01 -7.039999999999999591e-01
-2.964660000000000082e+02 -9.368899999999999295e+01 -2.283800000000000097e+01 -8.299999999999999600e-01
-2.328800000000000026e+01 -6.807800000000000296e+01 -1.336500000000000021e+01 -6.860000000000000542e-01
2.491030000000000086e+02 -2.121799999999999997e+01 -4.249999999999999889e-01 -2.800000000000000266e-01
4.036809999999999832e+02 4.005299999999999727e+01 1.053500000000000014e+01 2.790000000000000258e-01
4.974839999999999804e+02 1.086910000000000025e+02 2.511299999999999955e+01 9.150000000000000355e-01
5.427609999999999673e+02 1.574530000000000030e+02 4.468999999999999773e+01 1.435999999999999943e+00
4.258240000000000123e+02 1.595850000000000080e+02 5.807300000000000040e+01 1.552000000000000046e+00
1.891810000000000116e+02 1.274789999999999992e+02 5.477600000000000335e+01 1.217000000000000082e+00
1.016200000000000045e+02 1.008250000000000028e+02 3.846300000000000097e+01 7.389999999999999902e-01
2.759959999999999809e+02 9.569499999999999318e+01 2.106099999999999994e+01 4.119999999999999774e-01
4.774010000000000105e+02 9.293600000000000705e+01 9.132999999999999119e+00 2.349999999999999867e-01
4.821320000000000050e+02 7.744499999999999318e+01 2.673999999999999932e+00 1.000000000000000056e-01
3.674959999999999809e+02 5.572899999999999920e+01 6.770000000000000462e-01 2.699999999999999969e-02
2.730840000000000032e+02 3.443500000000000227e+01 5.699999999999999512e-01 5.800000000000000294e-02
1.555660000000000025e+02 1.582699999999999996e+01 -1.052999999999999936e+00 1.380000000000000115e-01
-3.853499999999999659e+01 7.301999999999999602e+00 -3.896999999999999797e+00 1.839999999999999969e-01
-2.082429999999999950e+02 5.326999999999999957e+00 -6.309000000000000163e+00 1.150000000000000050e-01
-2.633460000000000036e+02 -1.110599999999999987e+01 -9.016999999999999460e+00 -1.059999999999999970e-01
-2.682490000000000236e+02 -4.574099999999999966e+01 -1.163799999999999990e+01 -3.479999999999999760e-01
-3.109340000000000259e+02 -7.105800000000000693e+01 -1.172400000000000020e+01 -4.109999999999999765e-01
-3.560400000000000205e+02 -7.115099999999999625e+01 -1.017399999999999949e+01 -3.180000000000000049e-01
-3.000629999999999882e+02 -6.489199999999999591e+01 -1.028999999999999915e+01 -2.750000000000000222e-01
-9.790699999999999648e+01 -6.571399999999999864e+01 -9.980999999999999872e+00 -3.200000000000000067e-01
1.829559999999999889e+02 -5.855700000000000216e+01 -4.616999999999999993e+00 -2.879999999999999782e-01
3.725520000000000209e+02 -3.722099999999999653e+01 1.959999999999999964e+00 -1.340000000000000080e-01
3.075240000000000009e+02 -2.550499999999999901e+01 1.129000000000000004e+00 -2.199999999999999872e-02
2.645400000000000063e+01 -4.135399999999999920e+01 -6.969000000000000306e+00 -5.700000000000000205e-02
-2.190250000000000057e+02 -6.600799999999999557e+01 -1.381600000000000072e+01 -1.519999999999999962e-01
-2.480099999999999909e+02 -6.615800000000000125e+01 -1.350699999999999967e+01 -1.729999999999999871e-01
-1.408899999999999864e+02 -3.812700000000000244e+01 -7.342999999999999972e+00 -9.700000000000000289e-02
-7.125900000000000034e+01 -1.477599999999999980e+01 -1.377000000000000002e+00 -2.500000000000000139e-02
-8.641899999999999693e+01 -2.468499999999999872e+01 -2.128000000000000114e+00 -8.699999999999999400e-02
-1.383590000000000089e+02 -5.929699999999999704e+01 -1.120599999999999952e+01 -2.969999999999999862e-01
-2.054259999999999877e+02 -8.890300000000000580e+01 -2.264900000000000091e+01 -5.060000000000000053e-01
-2.782629999999999768e+02 -9.602500000000000568e+01 -2.765800000000000125e+01 -5.450000000000000400e-01
-3.085649999999999977e+02 -8.488800000000000523e+01 -2.414699999999999847e+01 -4.249999999999999889e-01
-2.805849999999999795e+02 -7.242700000000000671e+01 -2.088899999999999935e+01 -3.360000000000000209e-01
-2.682679999999999723e+02 -7.486400000000000432e+01 -2.701200000000000045e+01 -4.309999999999999942e-01
-3.133639999999999759e+02 -8.912699999999999534e+01 -3.714200000000000301e+01 -6.280000000000000027e-01
-3.329839999999999804e+02 -8.792700000000000671e+01 -3.623799999999999955e+01 -6.710000000000000409e-01
-2.613530000000000086e+02 -5.102300000000000324e+01 -2.086400000000000077e+01 -4.289999999999999925e-01
-1.683859999999999957e+02 1.002999999999999892e+00 -4.328999999999999737e+00 -5.299999999999999850e-02
-1.243280000000000030e+02 2.796600000000000108e+01 2.491999999999999993e+00 2.359999999999999876e-01
-6.480299999999999727e+01 2.460500000000000043e+01 4.147999999999999687e+00 3.970000000000000195e-01
1.166640000000000015e+02 2.833699999999999974e+01 9.922000000000000597e+00 5.020000000000000018e-01
4.094440000000000168e+02 6.958899999999999864e+01 1.998400000000000176e+01 5.739999999999999547e-01
6.481230000000000473e+02 1.315229999999999961e+02 2.803399999999999892e+01 5.959999999999999742e-01
6.541059999999999945e+02 1.674780000000000086e+02 3.154400000000000048e+01 6.169999999999999929e-01
4.525830000000000268e+02 1.546049999999999898e+02 3.236999999999999744e+01 7.029999999999999583e-01
2.462719999999999914e+02 1.130819999999999936e+02 2.971699999999999875e+01 7.730000000000000204e-01
1.430960000000000036e+02 7.064199999999999591e+01 2.133299999999999841e+01 6.350000000000000089e-01
7.623199999999999932e+01 3.758700000000000330e+01 1.122899999999999920e+01 3.089999999999999969e-01
-1.806599999999999895e+01 1.869399999999999906e+01 6.532000000000000028e+00 5.800000000000000294e-02
-1.187120000000000033e+02 1.488299999999999912e+01 7.586000000000000298e+00 4.000000000000000083e-03
-1.849149999999999920e+02 1.063400000000000034e+01 9.464000000000000412e+00 4.000000000000000083e-03
-1.907549999999999955e+02 -1.059999999999999964e+01 1.008699999999999974e+01 -2.500000000000000139e-02
-1.388859999999999957e+02 -3.791400000000000148e+01 1.094800000000000040e+01 1.299999999999999940e-02
-7.790099999999999625e+01 -4.471099999999999852e+01 1.331700000000000017e+01 1.499999999999999944e-01
-4.971800000000000352e+01 -2.729700000000000060e+01 1.569100000000000072e+01 2.369999999999999885e-01
-3.757600000000000051e+01 -1.024300000000000033e+01 1.305000000000000071e+01 1.380000000000000115e-01
-2.927700000000000102e+01 -1.521299999999999919e+01 1.447999999999999954e+00 -1.179999999999999938e-01
-6.948399999999999466e+01 -3.871999999999999886e+01 -1.448499999999999943e+01 -3.910000000000000142e-01
-1.675749999999999886e+02 -5.814500000000000313e+01 -2.352700000000000102e+01 -5.560000000000000497e-01
-2.326380000000000052e+02 -5.400999999999999801e+01 -2.034299999999999997e+01 -5.480000000000000426e-01
-1.960469999999999970e+02 -3.088700000000000045e+01 -1.102899999999999991e+01 -3.800000000000000044e-01
-1.160699999999999932e+02 -1.504400000000000048e+01 -3.593999999999999861e+00 -1.719999999999999862e-01
-6.764300000000000068e+01 -2.342200000000000060e+01 5.140000000000000124e-01 -9.600000000000000200e-02
-3.165800000000000125e+01 -4.268599999999999994e+01 1.899000000000000021e+00 -2.320000000000000118e-01
1.212899999999999956e+01 -5.087500000000000000e+01 -1.731000000000000094e+00 -4.570000000000000173e-01
-3.649000000000000021e+00 -4.743900000000000006e+01 -1.085899999999999999e+01 -5.829999999999999627e-01
-1.327199999999999989e+02 -4.614999999999999858e+01 -2.019000000000000128e+01 -5.699999999999999512e-01
-3.033000000000000114e+02 -4.749000000000000199e+01 -2.320100000000000051e+01 -4.919999999999999929e-01
-3.773279999999999745e+02 -3.411999999999999744e+01 -1.799599999999999866e+01 -3.350000000000000200e-01
-2.755840000000000032e+02 3.700000000000000178e+00 -7.751999999999999780e+00 -1.000000000000000021e-02
-1.083300000000000018e+01 4.692799999999999727e+01 2.859999999999999876e+00 3.689999999999999947e-01
3.295459999999999923e+02 6.415999999999999659e+01 1.090499999999999936e+01 5.250000000000000222e-01
5.898949999999999818e+02 4.968200000000000216e+01 1.521299999999999919e+01 4.020000000000000240e-01
6.304640000000000555e+02 2.983299999999999841e+01 1.517099999999999937e+01 2.419999999999999929e-01
4.642470000000000141e+02 2.981299999999999883e+01 1.214100000000000001e+01 2.260000000000000064e-01
2.437560000000000002e+02 5.382300000000000040e+01 1.118999999999999950e+01 3.410000000000000253e-01
9.051500000000000057e+01 9.215300000000000580e+01 1.627100000000000080e+01 5.220000000000000195e-01
-2.350999999999999979e+00 1.204969999999999999e+02 2.243299999999999983e+01 6.550000000000000266e-01
-8.867900000000000205e+01 1.085400000000000063e+02 1.974299999999999855e+01 5.759999999999999565e-01
-1.672199999999999989e+02 5.746900000000000119e+01 7.333999999999999631e+00 2.979999999999999871e-01
-2.092769999999999868e+02 5.065999999999999837e+00 -4.514000000000000234e+00 3.899999999999999994e-02
-2.112309999999999945e+02 -2.129299999999999926e+01 -8.210000000000000853e+00 -7.399999999999999634e-02
-1.625010000000000048e+02 -2.623799999999999955e+01 -6.304999999999999716e+00 -1.199999999999999956e-01
-4.956199999999999761e+01 -2.155799999999999983e+01 -3.423000000000000043e+00 -1.779999999999999916e-01
8.984199999999999875e+01 -1.188599999999999923e+01 3.699999999999999956e-01 -1.920000000000000040e-01
2.132150000000000034e+02 -2.620000000000000107e-01 5.211999999999999744e+00 -1.049999999999999961e-01
3.187040000000000077e+02 9.743000000000000327e+00 8.140000000000000568e+00 2.900000000000000147e-02
3.589470000000000027e+02 7.836999999999999744e+00 6.740000000000000213e+00 9.800000000000000377e-02
2.471040000000000134e+02 -2.124200000000000088e+01 1.616000000000000103e+00 5.700000000000000205e-02
3.399699999999999989e+01 -6.837099999999999511e+01 -3.572999999999999954e+00 2.100000000000000130e-02
-6.978600000000000136e+01 -9.360399999999999920e+01 -3.374000000000000110e+00 2.049999999999999878e-01
6.326599999999999824e+01 -7.600499999999999545e+01 2.940999999999999837e+00 6.159999999999999920e-01
2.878079999999999927e+02 -4.310499999999999687e+01 7.302999999999999936e+00 9.030000000000000249e-01
3.292450000000000045e+02 -2.961700000000000088e+01 2.250999999999999890e+00 7.750000000000000222e-01
1.302990000000000066e+02 -3.565599999999999881e+01 -7.823999999999999844e+00 4.359999999999999987e-01
-7.237399999999999523e+01 -3.845900000000000318e+01 -1.203899999999999970e+01 2.500000000000000000e-01
-8.643200000000000216e+01 -2.163599999999999923e+01 -7.440999999999999837e+00 2.119999999999999940e-01
3.280000000000000138e-01 9.259000000000000341e+00 -1.548999999999999932e+00 7.599999999999999811e-02
2.323100000000000165e+01 2.855900000000000105e+01 -1.227999999999999980e+00 -2.190000000000000002e-01
-1.516000000000000014e+00 1.999200000000000088e+01 -3.682999999999999829e+00 -5.150000000000000133e-01
5.120600000000000307e+01 4.057000000000000384e+00 -7.880000000000000338e-01 -6.610000000000000320e-01
1.866649999999999920e+02 1.299799999999999933e+01 8.680999999999999162e+00 -6.450000000000000178e-01
2.489000000000000057e+02 4.399900000000000233e+01 1.525399999999999956e+01 -5.839999999999999636e-01
1.125660000000000025e+02 6.223299999999999699e+01 9.484999999999999432e+00 -6.209999999999999964e-01
-1.475490000000000066e+02 4.911699999999999733e+01 -6.293000000000000149e+00 -7.830000000000000293e-01
-3.355289999999999964e+02 2.869200000000000017e+01 -1.931800000000000139e+01 -9.250000000000000444e-01
-3.521000000000000227e+02 3.730400000000000205e+01 -1.987399999999999878e+01 -8.940000000000000169e-01
-2.696009999999999991e+02 7.478100000000000591e+01 -1.243299999999999983e+01 -7.550000000000000044e-01
-1.976450000000000102e+02 1.065589999999999975e+02 -9.252000000000000668e+00 -7.329999999999999849e-01
-1.277510000000000048e+02 1.195130000000000052e+02 -1.201999999999999957e+01 -8.499999999999999778e-01
2.187600000000000122e+01 1.377820000000000107e+02 -9.041999999999999815e+00 -8.139999999999999458e-01
2.072030000000000030e+02 1.610000000000000000e+02 3.592000000000000082e+00 -4.410000000000000031e-01
2.608489999999999895e+02 1.436930000000000121e+02 1.148199999999999932e+01 8.999999999999999320e-03
1.486289999999999907e+02 7.606600000000000250e+01 4.594999999999999751e+00 2.069999999999999896e-01
1.115099999999999980e+01 1.852299999999999969e+01 -5.006999999999999673e+00 2.320000000000000118e-01
-8.946099999999999852e+01 1.105300000000000082e+01 -3.270999999999999908e+00 3.340000000000000191e-01
-2.180449999999999875e+02 1.550000000000000000e+01 4.725999999999999979e+00 4.759999999999999787e-01
-3.655699999999999932e+02 -1.373799999999999955e+01 7.554999999999999716e+00 4.739999999999999769e-01
-4.304660000000000082e+02 -6.179699999999999704e+01 4.939000000000000057e+00 3.549999999999999822e-01
-3.795980000000000132e+02 -8.838800000000000523e+01 2.564000000000000057e+00 2.999999999999999889e-01
-2.684239999999999782e+02 -8.761700000000000443e+01 1.582999999999999963e+00 3.770000000000000018e-01
-1.462160000000000082e+02 -8.561499999999999488e+01 -1.008999999999999897e+00 4.759999999999999787e-01
-5.661299999999999955e+01 -9.918800000000000239e+01 -6.703999999999999737e+00 4.470000000000000084e-01
-5.984599999999999653e+01 -1.173340000000000032e+02 -1.225600000000000023e+01 2.899999999999999800e-01
-1.405780000000000030e+02 -1.221820000000000022e+02 -1.319699999999999918e+01 1.630000000000000060e-01
-1.740900000000000034e+02 -1.124689999999999941e+02 -1.033300000000000018e+01 1.610000000000000042e-01
-8.836599999999999966e+01 -9.640099999999999625e+01 -8.627000000000000668e+00 2.020000000000000129e-01
2.307300000000000040e+01 -7.799500000000000455e+01 -1.036200000000000010e+01 1.930000000000000049e-01
2.965399999999999991e+01 -6.248400000000000176e+01 -1.371599999999999930e+01 1.829999999999999960e-01
-8.227100000000000080e+01 -5.750900000000000034e+01 -1.635500000000000043e+01 2.439999999999999947e-01
-2.364490000000000123e+02 -6.477800000000000580e+01 -1.798300000000000054e+01 2.859999999999999765e-01
-3.518269999999999982e+02 -8.060999999999999943e+01 -1.987800000000000011e+01 1.580000000000000016e-01
-3.566360000000000241e+02 -9.440300000000000580e+01 -2.106800000000000139e+01 -5.600000000000000117e-02
-1.972700000000000102e+02 -8.274200000000000443e+01 -1.524600000000000044e+01 -6.199999999999999956e-02
1.180079999999999956e+02 -2.317800000000000082e+01 3.842000000000000082e+00 2.650000000000000133e-01
4.973940000000000055e+02 7.256499999999999773e+01 2.960399999999999920e+01 6.510000000000000231e-01
7.834619999999999891e+02 1.456870000000000118e+02 4.188700000000000045e+01 6.989999999999999547e-01
8.058920000000000528e+02 1.375229999999999961e+02 2.979400000000000048e+01 3.659999999999999920e-01
5.156680000000000064e+02 5.753099999999999881e+01 7.785999999999999588e+00 7.000000000000000146e-03
1.036940000000000026e+02 -2.621399999999999864e+01 -2.896999999999999797e+00 -9.800000000000000377e-02
-1.531610000000000014e+02 -6.707999999999999829e+01 2.400000000000000050e-02 -3.500000000000000333e-02
-1.886229999999999905e+02 -7.400600000000000023e+01 3.625999999999999890e+00 -2.800000000000000058e-02
-1.367779999999999916e+02 -6.882399999999999807e+01 1.983999999999999986e+00 -9.199999999999999845e-02
-7.962099999999999511e+01 -5.195100000000000051e+01 2.112999999999999989e+00 -5.600000000000000117e-02
4.652000000000000135e+00 -2.157400000000000162e+01 7.902000000000000135e+00 1.270000000000000018e-01
8.457399999999999807e+01 3.436999999999999833e+00 1.123499999999999943e+01 2.819999999999999729e-01
4.281099999999999994e+01 2.494000000000000217e+00 4.966999999999999638e+00 2.520000000000000018e-01
-1.555209999999999866e+02 -1.850799999999999912e+01 -5.387999999999999901e+00 7.199999999999999456e-02
-3.479569999999999936e+02 -3.481199999999999761e+01 -8.778000000000000469e+00 -1.179999999999999938e-01
-3.077989999999999782e+02 -2.809700000000000131e+01 -9.879999999999999893e-01 -1.839999999999999969e-01
6.389999999999999680e+00 2.415999999999999925e+00 1.303899999999999970e+01 -6.700000000000000400e-02
3.662730000000000246e+02 4.021000000000000085e+01 2.405999999999999872e+01 1.429999999999999882e-01
4.798770000000000095e+02 6.189399999999999835e+01 2.483399999999999963e+01 2.670000000000000151e-01
3.173310000000000173e+02 6.155299999999999727e+01 1.630799999999999983e+01 2.310000000000000109e-01
1.434370000000000118e+02 5.959899999999999665e+01 6.041000000000000369e+00 8.100000000000000255e-02
1.344329999999999927e+02 7.154800000000000182e+01 -1.941000000000000059e+00 -1.429999999999999882e-01
1.440399999999999920e+02 8.251800000000000068e+01 -8.570000000000000284e+00 -3.880000000000000115e-01
6.634000000000000341e+00 7.305400000000000205e+01 -1.121000000000000085e+01 -5.090000000000000080e-01
-1.663209999999999980e+02 4.827300000000000324e+01 -5.865999999999999659e+00 -4.199999999999999845e-01
-1.748410000000000082e+02 2.400900000000000034e+01 3.467999999999999972e+00 -2.419999999999999929e-01
-2.280499999999999972e+01 7.350999999999999979e+00 8.820000000000000284e+00 -1.429999999999999882e-01
1.027710000000000008e+02 -3.552999999999999936e+00 7.631999999999999673e+00 -1.390000000000000124e-01
4.787100000000000222e+01 -1.364700000000000024e+01 1.493999999999999995e+00 -1.890000000000000013e-01
-1.554950000000000045e+02 -1.725000000000000000e+01 -6.597000000000000419e+00 -3.039999999999999925e-01
-3.192359999999999900e+02 2.693000000000000060e+00 -1.005199999999999960e+01 -4.030000000000000249e-01
-2.676150000000000091e+02 4.317999999999999972e+01 -3.608000000000000096e+00 -3.079999999999999960e-01
1.293999999999999950e+01 6.951600000000000534e+01 6.871999999999999886e+00 -2.699999999999999969e-02
3.531909999999999741e+02 5.567000000000000171e+01 8.672000000000000597e+00 1.529999999999999971e-01
5.325230000000000246e+02 1.620799999999999841e+01 -6.310000000000000053e-01 4.100000000000000172e-02
4.803860000000000241e+02 -1.668299999999999983e+01 -8.680999999999999162e+00 -1.670000000000000095e-01
3.147710000000000150e+02 -3.295600000000000307e+01 -6.200999999999999623e+00 -2.139999999999999958e-01
1.444939999999999998e+02 -4.722599999999999909e+01 5.729999999999999538e-01 -1.799999999999999933e-01
-3.928499999999999659e+01 -6.713400000000000034e+01 3.567000000000000171e+00 -2.439999999999999947e-01
-2.033710000000000093e+02 -7.688200000000000500e+01 5.663000000000000256e+00 -2.969999999999999862e-01
-2.050790000000000077e+02 -5.861099999999999710e+01 9.730999999999999872e+00 -1.670000000000000095e-01
-2.012900000000000134e+01 -1.658399999999999963e+01 1.004599999999999937e+01 3.500000000000000333e-02
1.497599999999999909e+02 2.782799999999999940e+01 3.814000000000000057e+00 1.069999999999999979e-01
1.392740000000000009e+02 5.661899999999999977e+01 -2.112000000000000099e+00 5.399999999999999939e-02
3.261399999999999721e+01 6.789900000000000091e+01 -1.901999999999999913e+00 1.700000000000000122e-02
-1.025300000000000011e+01 7.354399999999999693e+01 2.056999999999999940e+00 6.400000000000000133e-02
1.294000000000000039e+00 8.009300000000000352e+01 5.386999999999999567e+00 1.509999999999999953e-01
-3.408899999999999864e+01 7.557899999999999352e+01 7.472999999999999865e+00 1.930000000000000049e-01
-1.021949999999999932e+02 5.049499999999999744e+01 8.650000000000000355e+00 1.590000000000000024e-01
-1.261580000000000013e+02 1.926000000000000156e+01 6.362000000000000099e+00 8.599999999999999312e-02
-1.392800000000000011e+02 -3.549999999999999822e-01 -1.645999999999999908e+00 8.000000000000000167e-03
-2.224739999999999895e+02 -1.218800000000000061e+01 -1.181400000000000006e+01 -7.699999999999999900e-02
-3.419820000000000277e+02 -2.739499999999999957e+01 -1.824899999999999878e+01 -1.489999999999999936e-01
-3.987110000000000127e+02 -4.171900000000000119e+01 -2.061400000000000077e+01 -1.680000000000000104e-01
-3.736779999999999973e+02 -4.206700000000000017e+01 -2.229500000000000171e+01 -1.409999999999999865e-01
-3.096999999999999886e+02 -2.623499999999999943e+01 -2.318900000000000006e+01 -1.029999999999999943e-01
-2.174420000000000073e+02 -7.828000000000000291e+00 -2.053699999999999903e+01 -5.399999999999999939e-02
-1.035949999999999989e+02 -4.416000000000000369e+00 -1.531900000000000084e+01 -4.000000000000000083e-03
-1.654299999999999926e+01 -2.056200000000000117e+01 -1.237100000000000044e+01 -2.500000000000000139e-02
2.372200000000000131e+01 -4.348899999999999721e+01 -1.323300000000000054e+01 -1.439999999999999891e-01
5.374099999999999966e+01 -5.936500000000000199e+01 -1.346000000000000085e+01 -2.720000000000000195e-01
6.103900000000000148e+01 -6.797899999999999920e+01 -9.467999999999999972e+00 -3.290000000000000147e-01
-5.784599999999999653e+01 -7.634999999999999432e+01 -3.810000000000000053e+00 -3.669999999999999929e-01
-3.554769999999999754e+02 -8.508700000000000330e+01 -9.360000000000000542e-01 -4.269999999999999907e-01
-6.939600000000000364e+02 -8.479000000000000625e+01 -1.681999999999999940e+00 -4.229999999999999871e-01
-8.278279999999999745e+02 -6.416400000000000148e+01 -3.630999999999999783e+00 -2.889999999999999791e-01
-6.323949999999999818e+02 -2.336199999999999832e+01 -3.694999999999999840e+00 -1.140000000000000041e-01
-2.041939999999999884e+02 2.365299999999999869e+01 6.310000000000000053e-01 1.499999999999999944e-02
2.654049999999999727e+02 5.992499999999999716e+01 9.750000000000000000e+00 1.079999999999999988e-01
6.516979999999999791e+02 7.083299999999999841e+01 1.920499999999999829e+01 1.559999999999999998e-01
9.024800000000000182e+02 5.328300000000000125e+01 2.232799999999999940e+01 1.640000000000000069e-01
9.667770000000000437e+02 3.163700000000000045e+01 1.981800000000000139e+01 2.889999999999999791e-01
8.149429999999999836e+02 3.379500000000000171e+01 1.911700000000000088e+01 5.829999999999999627e-01
4.939039999999999964e+02 4.724799999999999756e+01 2.176099999999999923e+01 8.060000000000000497e-01
1.091910000000000025e+02 4.065899999999999892e+01 2.273799999999999955e+01 8.289999999999999591e-01
-1.780610000000000070e+02 2.091199999999999903e+01 2.093499999999999872e+01 8.539999999999999813e-01
-1.921140000000000043e+02 2.187500000000000000e+01 1.831700000000000017e+01 9.539999999999999591e-01
4.986599999999999966e+01 4.524600000000000222e+01 1.353999999999999915e+01 8.599999999999999867e-01
2.791139999999999759e+02 5.601500000000000057e+01 6.104000000000000092e+00 4.590000000000000191e-01
2.795649999999999977e+02 3.483400000000000318e+01 5.490000000000000435e-01 5.299999999999999850e-02
1.171410000000000053e+02 1.804000000000000048e+00 -8.289999999999999591e-01 -8.500000000000000611e-02
-1.941499999999999915e+01 -1.466300000000000026e+01 -2.626999999999999780e+00 -5.500000000000000028e-02
-6.191899999999999693e+01 -1.171599999999999930e+01 -8.506999999999999673e+00 -7.499999999999999722e-02
-6.840099999999999625e+01 -7.405999999999999694e+00 -1.523199999999999932e+01 -1.829999999999999960e-01
-8.624500000000000455e+01 -1.207499999999999929e+01 -1.832999999999999829e+01 -2.889999999999999791e-01
-1.019240000000000066e+02 -1.755999999999999872e+01 -1.808099999999999952e+01 -3.210000000000000075e-01
-9.732200000000000273e+01 -1.564000000000000057e+01 -1.674099999999999966e+01 -2.800000000000000266e-01
-1.026749999999999972e+02 -1.462700000000000067e+01 -1.504599999999999937e+01 -2.520000000000000018e-01
-1.851670000000000016e+02 -2.928099999999999881e+01 -1.428200000000000003e+01 -3.340000000000000191e-01
-3.676940000000000168e+02 -6.000999999999999801e+01 -1.708999999999999986e+01 -4.949999999999999956e-01
-5.546390000000000100e+02 -9.099899999999999523e+01 -2.373000000000000043e+01 -5.969999999999999751e-01
-5.763089999999999691e+02 -1.027219999999999942e+02 -2.944600000000000151e+01 -5.789999999999999591e-01
-3.289350000000000023e+02 -8.012600000000000477e+01 -2.723000000000000043e+01 -4.929999999999999938e-01
1.191089999999999947e+02 -2.711199999999999832e+01 -1.575600000000000023e+01 -3.960000000000000187e-01
5.412250000000000227e+02 2.335099999999999909e+01 -3.023000000000000131e+00 -3.069999999999999951e-01
6.807849999999999682e+02 4.350800000000000267e+01 4.097999999999999865e+00 -1.809999999999999942e-01
4.477900000000000205e+02 4.880700000000000216e+01 1.074799999999999933e+01 8.999999999999999667e-02
6.094700000000000273e+01 6.639400000000000546e+01 2.450900000000000034e+01 5.130000000000000115e-01
-1.258629999999999995e+02 8.751200000000000045e+01 3.851500000000000057e+01 8.950000000000000178e-01
-3.115599999999999881e+01 8.864000000000000057e+01 3.831099999999999994e+01 1.000999999999999890e+00
1.065079999999999956e+02 7.372100000000000364e+01 2.464499999999999957e+01 7.870000000000000329e-01
1.206659999999999968e+02 6.237500000000000000e+01 1.242600000000000016e+01 4.289999999999999925e-01
8.141899999999999693e+01 5.390599999999999881e+01 6.660999999999999588e+00 1.069999999999999979e-01
8.146899999999999409e+01 2.940800000000000125e+01 -3.280000000000000138e-01 -1.660000000000000087e-01
1.502150000000000034e+02 -1.203999999999999915e+01 -7.554000000000000270e+00 -3.649999999999999911e-01
3.263700000000000045e+02 -4.147399999999999665e+01 -4.193999999999999950e+00 -3.310000000000000164e-01
5.584299999999999500e+02 -3.844200000000000017e+01 8.609999999999999432e+00 -6.700000000000000400e-02
6.161040000000000418e+02 -1.961299999999999955e+01 1.669600000000000151e+01 1.340000000000000080e-01
3.259289999999999736e+02 -6.099000000000000199e+00 1.572400000000000020e+01 1.250000000000000000e-01
-1.568329999999999984e+02 8.528000000000000469e+00 1.536500000000000021e+01 1.330000000000000071e-01
-4.770769999999999982e+02 2.969500000000000028e+01 1.925100000000000122e+01 2.949999999999999845e-01
-4.653969999999999914e+02 4.013000000000000256e+01 1.948999999999999844e+01 3.800000000000000044e-01
-2.740430000000000064e+02 3.555599999999999739e+01 1.300000000000000000e+01 2.190000000000000002e-01
-1.173059999999999974e+02 3.989800000000000324e+01 6.995000000000000107e+00 7.000000000000000146e-03
-2.413500000000000156e+01 6.057500000000000284e+01 6.067000000000000171e+00 -3.099999999999999978e-02
6.203799999999999670e+01 6.850000000000000000e+01 5.815000000000000391e+00 3.799999999999999906e-02
9.760899999999999466e+01 4.136899999999999977e+01 6.109999999999999876e-01 7.000000000000000146e-03
1.569699999999999918e+01 -6.719999999999999751e+00 -8.819000000000000838e+00 -1.660000000000000087e-01
-1.240280000000000058e+02 -5.119899999999999807e+01 -1.634799999999999898e+01 -3.479999999999999760e-01
-2.149559999999999889e+02 -8.340099999999999625e+01 -1.827299999999999969e+01 -4.119999999999999774e-01
-2.521920000000000073e+02 -1.029479999999999933e+02 -1.849200000000000088e+01 -3.669999999999999929e-01
-2.815439999999999827e+02 -1.087540000000000049e+02 -2.157100000000000151e+01 -3.170000000000000040e-01
-2.800459999999999923e+02 -1.040580000000000069e+02 -2.379599999999999937e+01 -3.180000000000000049e-01
-2.111819999999999879e+02 -9.423699999999999477e+01 -1.869699999999999918e+01 -2.969999999999999862e-01
-1.273229999999999933e+02 -7.886799999999999500e+01 -8.740000000000000213e+00 -1.580000000000000016e-01
-9.520999999999999375e+01 -5.667000000000000171e+01 -3.322000000000000064e+00 5.000000000000000278e-02
-1.039530000000000030e+02 -3.590200000000000102e+01 -6.548000000000000043e+00 1.670000000000000095e-01
-1.367160000000000082e+02 -2.906200000000000117e+01 -1.296199999999999974e+01 1.199999999999999956e-01
-1.923379999999999939e+02 -3.259199999999999875e+01 -1.420500000000000007e+01 3.300000000000000155e-02
-1.796970000000000027e+02 -2.244800000000000040e+01 -6.961000000000000298e+00 7.000000000000000666e-02
1.751000000000000156e+01 1.536200000000000010e+01 4.096000000000000085e+00 2.119999999999999940e-01
3.206089999999999804e+02 5.922699999999999676e+01 1.069800000000000040e+01 2.790000000000000258e-01
4.796689999999999827e+02 7.602400000000000091e+01 9.240999999999999659e+00 1.700000000000000122e-01
3.690470000000000255e+02 6.186800000000000210e+01 3.450000000000000178e+00 -4.200000000000000261e-02
1.191479999999999961e+02 3.995000000000000284e+01 -8.780000000000000027e-01 -2.089999999999999913e-01
-8.155899999999999750e+01 2.623900000000000077e+01 -1.262000000000000011e+00 -2.419999999999999929e-01
-1.740540000000000020e+02 1.556700000000000017e+01 5.639999999999999458e-01 -1.839999999999999969e-01
-1.961250000000000000e+02 -3.569999999999999840e+00 1.680000000000000104e-01 -1.829999999999999960e-01
-2.157719999999999914e+02 -3.668099999999999739e+01 -6.708999999999999631e+00 -3.509999999999999787e-01
-3.074169999999999732e+02 -8.165300000000000580e+01 -1.966300000000000026e+01 -6.149999999999999911e-01
-4.568980000000000246e+02 -1.225919999999999987e+02 -3.150000000000000000e+01 -7.670000000000000151e-01
-5.150940000000000509e+02 -1.288909999999999911e+02 -3.301100000000000279e+01 -6.730000000000000426e-01
-3.580160000000000196e+02 -8.046899999999999409e+01 -2.023900000000000077e+01 -3.489999999999999769e-01
-2.884900000000000020e+01 3.298000000000000043e+00 3.250999999999999890e+00 1.239999999999999991e-01
3.357789999999999964e+02 7.349500000000000455e+01 2.738200000000000145e+01 5.949999999999999734e-01
5.907210000000000036e+02 9.509499999999999886e+01 3.899900000000000233e+01 8.259999999999999565e-01
5.941150000000000091e+02 7.477200000000000557e+01 3.306300000000000239e+01 7.109999999999999654e-01
3.431419999999999959e+02 4.386899999999999977e+01 2.002599999999999980e+01 4.349999999999999978e-01
7.381999999999999318e+01 2.282499999999999929e+01 1.270700000000000074e+01 2.109999999999999931e-01
1.548000000000000043e+00 1.139300000000000068e+01 1.088799999999999990e+01 5.999999999999999778e-02
4.072999999999999687e+01 4.317000000000000171e+00 7.440000000000000391e+00 -2.500000000000000139e-02
-9.592999999999999972e+00 4.689999999999999725e-01 1.165000000000000036e+00 -1.000000000000000021e-03
-1.408149999999999977e+02 1.310000000000000053e-01 -4.168000000000000149e+00 6.500000000000000222e-02
-2.035910000000000082e+02 3.250999999999999890e+00 -7.264000000000000234e+00 2.800000000000000058e-02
-1.805769999999999982e+02 7.889999999999999680e+00 -9.939999999999999503e+00 -1.069999999999999979e-01
-1.888569999999999993e+02 8.999000000000000554e+00 -1.258500000000000085e+01 -1.930000000000000049e-01
-2.530469999999999970e+02 4.785000000000000142e+00 -1.258699999999999974e+01 -1.509999999999999953e-01
-2.368810000000000002e+02 4.790000000000000036e+00 -7.562999999999999723e+00 -3.099999999999999978e-02
-1.592600000000000016e+01 2.548699999999999832e+01 1.939000000000000057e+00 1.140000000000000041e-01
3.612239999999999895e+02 7.192199999999999704e+01 1.330899999999999928e+01 2.859999999999999765e-01
6.821820000000000164e+02 1.190300000000000011e+02 2.159199999999999875e+01 4.279999999999999916e-01
7.138179999999999836e+02 1.201590000000000060e+02 1.805499999999999972e+01 3.489999999999999769e-01
3.892919999999999732e+02 5.717600000000000193e+01 -1.657999999999999918e+00 -3.200000000000000067e-02
-1.075390000000000015e+02 -2.280600000000000094e+01 -2.437800000000000011e+01 -4.139999999999999791e-01
-5.048229999999999791e+02 -5.545499999999999829e+01 -2.743499999999999872e+01 -3.790000000000000036e-01
-6.929700000000000273e+02 -3.867900000000000205e+01 -6.772999999999999687e+00 2.500000000000000139e-02
-7.123550000000000182e+02 -2.039499999999999957e+01 1.642399999999999949e+01 3.150000000000000022e-01
-5.564500000000000455e+02 -1.760800000000000054e+01 2.346000000000000085e+01 2.550000000000000044e-01
-1.851630000000000109e+02 -3.688000000000000167e+00 1.762800000000000011e+01 1.110000000000000014e-01
3.022470000000000141e+02 2.959100000000000108e+01 1.049099999999999966e+01 1.300000000000000044e-01
7.107419999999999618e+02 5.240200000000000102e+01 4.355000000000000426e+00 1.839999999999999969e-01
9.365520000000000209e+02 4.301700000000000301e+01 -3.116000000000000103e+00 9.099999999999999756e-02
9.438049999999999500e+02 1.585299999999999976e+01 -8.407999999999999474e+00 -6.199999999999999956e-02
6.883750000000000000e+02 -3.111000000000000210e+00 -6.448000000000000398e+00 -1.010000000000000064e-01
2.813650000000000091e+02 -6.580000000000000071e+00 9.759999999999999787e-01 -3.300000000000000155e-02
2.307499999999999929e+01 -2.964999999999999858e+00 9.548999999999999488e+00 4.200000000000000261e-02
5.827300000000000324e+01 2.544999999999999929e+00 1.880300000000000082e+01 1.130000000000000032e-01
2.027299999999999898e+02 8.186999999999999389e+00 2.539300000000000068e+01 1.839999999999999969e-01
2.189929999999999950e+02 3.362999999999999989e+00 1.868799999999999883e+01 1.409999999999999865e-01
6.674399999999999977e+01 -2.296099999999999852e+01 -5.312000000000000277e+00 -9.400000000000000022e-02
-1.548580000000000041e+02 -6.076200000000000045e+01 -3.326200000000000045e+01 -3.790000000000000036e-01
-3.434130000000000109e+02 -8.412399999999999523e+01 -4.728900000000000148e+01 -5.060000000000000053e-01
-4.285679999999999836e+02 -7.918600000000000705e+01 -4.231700000000000017e+01 -4.369999999999999996e-01
-3.796820000000000164e+02 -5.376100000000000279e+01 -2.652100000000000080e+01 -2.730000000000000204e-01
-2.383259999999999934e+02 -2.200700000000000145e+01 -1.120700000000000074e+01 -1.179999999999999938e-01
-1.036479999999999961e+02 7.661999999999999922e+00 -2.737999999999999989e+00 -5.600000000000000117e-02
-5.253799999999999670e+01 2.978600000000000136e+01 -3.190000000000000058e-01 -1.069999999999999979e-01
-8.614000000000000057e+01 3.651200000000000045e+01 2.800000000000000058e-02 -1.749999999999999889e-01
-1.504470000000000027e+02 2.196099999999999852e+01 -2.270000000000000073e-01 -1.330000000000000071e-01
-1.851719999999999970e+02 -6.163999999999999702e+00 -1.987999999999999989e+00 1.700000000000000122e-02
-1.665229999999999961e+02 -2.701099999999999923e+01 -4.780000000000000249e+00 1.219999999999999973e-01
-1.246189999999999998e+02 -2.763500000000000156e+01 -6.663999999999999702e+00 5.999999999999999778e-02
-9.212500000000000000e+01 -1.621499999999999986e+01 -5.836999999999999744e+00 -7.599999999999999811e-02
-4.654500000000000171e+01 -4.793000000000000149e+00 -7.720000000000000195e-01 -9.299999999999999933e-02
2.715899999999999892e+01 7.650999999999999801e+00 7.530000000000000249e+00 4.599999999999999922e-02
5.477900000000000347e+01 2.155199999999999960e+01 1.373300000000000054e+01 1.729999999999999871e-01
-3.915400000000000347e+01 2.488400000000000034e+01 1.422700000000000031e+01 1.529999999999999971e-01
-1.929979999999999905e+02 1.271000000000000085e+01 1.352699999999999925e+01 7.499999999999999722e-02
-2.665779999999999745e+02 -5.769999999999999574e-01 1.730399999999999849e+01 1.100000000000000006e-01
-2.275639999999999930e+02 -5.331000000000000405e+00 2.148300000000000054e+01 1.990000000000000102e-01
-1.834230000000000018e+02 -1.430400000000000027e+01 1.634100000000000108e+01 1.140000000000000041e-01
-2.303830000000000098e+02 -4.042099999999999937e+01 3.850000000000000089e-01 -2.079999999999999905e-01
-3.604529999999999745e+02 -7.107800000000000296e+01 -1.528400000000000070e+01 -5.340000000000000302e-01
-5.002699999999999818e+02 -7.966400000000000148e+01 -1.760800000000000054e+01 -6.029999999999999805e-01
-5.346749999999999545e+02 -5.568200000000000216e+01 -5.902999999999999581e+00 -3.980000000000000204e-01
-3.347610000000000241e+02 -1.283600000000000030e+01 7.184999999999999609e+00 -9.800000000000000377e-02
9.328499999999999659e+01 2.855199999999999960e+01 1.240300000000000047e+01 1.729999999999999871e-01
5.483060000000000400e+02 5.769599999999999795e+01 1.558699999999999974e+01 4.239999999999999880e-01
8.419109999999999445e+02 7.081399999999999295e+01 2.370899999999999963e+01 6.199999999999999956e-01
9.310520000000000209e+02 6.225900000000000034e+01 2.809100000000000108e+01 6.189999999999999947e-01
8.002630000000000337e+02 3.005499999999999972e+01 1.660900000000000176e+01 3.649999999999999911e-01
4.687620000000000005e+02 -1.072899999999999920e+01 -4.663000000000000256e+00 2.500000000000000139e-02
1.332599999999999909e+02 -3.356099999999999994e+01 -1.803300000000000125e+01 -1.680000000000000104e-01
2.063700000000000045e+01 -2.712999999999999901e+01 -1.762099999999999866e+01 -1.620000000000000051e-01
9.446399999999999864e+01 -5.873000000000000220e+00 -1.233600000000000030e+01 -8.100000000000000255e-02
1.347230000000000132e+02 1.560599999999999987e+01 -8.837999999999999190e+00 -2.000000000000000042e-03
5.594299999999999784e+01 4.146500000000000341e+01 -4.772999999999999687e+00 1.140000000000000041e-01
-4.745400000000000063e+01 7.720999999999999375e+01 2.819999999999999840e+00 2.790000000000000258e-01
-7.097599999999999909e+01 1.152800000000000011e+02 1.398099999999999987e+01 4.359999999999999987e-01
2.475900000000000034e+01 1.421819999999999879e+02 2.740399999999999991e+01 5.739999999999999547e-01
1.765780000000000030e+02 1.408340000000000032e+02 3.665999999999999659e+01 7.109999999999999654e-01
2.208319999999999936e+02 9.874599999999999511e+01 3.253399999999999892e+01 7.520000000000000018e-01
8.075000000000000000e+01 3.281300000000000239e+01 1.544699999999999918e+01 5.440000000000000391e-01
-1.084159999999999968e+02 -1.853500000000000014e+01 -4.285999999999999588e+00 1.260000000000000009e-01
-1.970730000000000075e+02 -4.376100000000000279e+01 -1.976800000000000068e+01 -2.500000000000000000e-01
-2.243629999999999995e+02 -6.653300000000000125e+01 -2.955499999999999972e+01 -3.950000000000000178e-01
-2.884159999999999968e+02 -9.679999999999999716e+01 -3.053900000000000148e+01 -3.539999999999999813e-01
-3.441999999999999886e+02 -1.144459999999999980e+02 -2.175499999999999901e+01 -2.829999999999999738e-01
-2.911170000000000186e+02 -1.083730000000000047e+02 -1.033200000000000074e+01 -2.740000000000000213e-01
-1.672719999999999914e+02 -9.311199999999999477e+01 -3.955999999999999961e+00 -2.959999999999999853e-01
-9.855400000000000205e+01 -8.217100000000000648e+01 -2.237999999999999989e+00 -2.909999999999999809e-01
-1.181809999999999974e+02 -7.381300000000000239e+01 -1.040000000000000036e+00 -2.790000000000000258e-01
-1.578429999999999893e+02 -6.380100000000000193e+01 7.399999999999999634e-02 -3.069999999999999951e-01
-1.662959999999999923e+02 -5.255100000000000193e+01 -7.730000000000000204e-01 -3.380000000000000226e-01
-1.565879999999999939e+02 -4.101100000000000279e+01 -3.915999999999999925e+00 -2.760000000000000231e-01
-1.647669999999999959e+02 -3.175799999999999912e+01 -9.576999999999999957e+00 -1.239999999999999991e-01
-1.954819999999999993e+02 -2.989199999999999946e+01 -1.839999999999999858e+01 -1.299999999999999940e-02
-2.013400000000000034e+02 -3.085699999999999932e+01 -2.739799999999999969e+01 -4.700000000000000011e-02
-1.288420000000000130e+02 -1.425900000000000034e+01 -2.933899999999999864e+01 -1.769999999999999907e-01
1.966000000000000014e+01 3.173000000000000043e+01 -1.903900000000000148e+01 -2.500000000000000000e-01
2.046380000000000052e+02 8.444599999999999795e+01 1.137999999999999901e+00 -1.509999999999999953e-01
3.680059999999999718e+02 1.047450000000000045e+02 2.214799999999999969e+01 9.900000000000000466e-02
3.804490000000000123e+02 7.861299999999999955e+01 3.355700000000000216e+01 3.330000000000000182e-01
1.457529999999999859e+02 2.655399999999999849e+01 2.983099999999999952e+01 3.439999999999999725e-01
-1.732630000000000052e+02 -2.274899999999999878e+01 1.398799999999999955e+01 8.100000000000000255e-02
-2.946779999999999973e+02 -5.254599999999999937e+01 -4.458000000000000185e+00 -2.989999999999999880e-01
-2.035049999999999955e+02 -5.753099999999999881e+01 -1.557499999999999929e+01 -6.009999999999999787e-01
-1.021550000000000011e+02 -3.995700000000000074e+01 -1.466000000000000014e+01 -7.179999999999999716e-01
-3.276899999999999835e+01 -5.639000000000000234e+00 -3.982000000000000206e+00 -5.889999999999999680e-01
1.415850000000000080e+02 4.035099999999999909e+01 1.005100000000000016e+01 -2.489999999999999991e-01
4.149110000000000014e+02 8.666599999999999682e+01 2.067999999999999972e+01 8.300000000000000433e-02
5.658289999999999509e+02 1.092660000000000053e+02 2.294800000000000040e+01 1.729999999999999871e-01
4.604979999999999905e+02 9.134199999999999875e+01 1.622200000000000131e+01 4.599999999999999922e-02
2.357700000000000102e+02 4.737299999999999756e+01 5.535999999999999588e+00 -1.089999999999999997e-01
8.450400000000000489e+01 7.491999999999999993e+00 -3.081999999999999851e+00 -2.200000000000000011e-01
2.748999999999999844e+01 -1.685000000000000142e+01 -8.339000000000000412e+00 -3.099999999999999978e-01
-4.583999999999999631e+00 -3.004299999999999926e+01 -1.137199999999999989e+01 -3.130000000000000004e-01
-3.137699999999999889e+01 -2.432999999999999829e+01 -9.939999999999999503e+00 -1.729999999999999871e-01
-5.896000000000000085e+01 1.088599999999999923e+01 -1.131000000000000005e+00 1.499999999999999944e-02
-1.291090000000000089e+02 4.962800000000000011e+01 9.256999999999999673e+00 1.120000000000000023e-01
-2.491920000000000073e+02 4.342900000000000205e+01 8.314000000000000057e+00 9.199999999999999845e-02
-3.486569999999999823e+02 -9.539999999999999147e+00 -6.570000000000000284e+00 1.400000000000000029e-02
-3.633919999999999959e+02 -5.542799999999999727e+01 -2.068599999999999994e+01 -5.600000000000000117e-02
-2.948980000000000246e+02 -5.862100000000000222e+01 -2.061700000000000088e+01 -6.300000000000000044e-02
-1.678540000000000134e+02 -3.641100000000000136e+01 -1.027500000000000036e+01 2.599999999999999881e-02
-2.048499999999999943e+01 -1.525200000000000067e+01 -1.709999999999999964e+00 1.950000000000000067e-01
7.518800000000000239e+01 -1.469999999999999918e-01 8.679999999999999938e-01 3.800000000000000044e-01
6.579900000000000659e+01 1.064600000000000080e+01 2.205999999999999961e+00 5.270000000000000240e-01
-2.526000000000000156e+01 1.655499999999999972e+01 6.105999999999999872e+00 6.119999999999999885e-01
-9.429399999999999693e+01 2.203000000000000114e+01 9.045999999999999375e+00 5.929999999999999716e-01
1.518000000000000016e+00 3.178200000000000003e+01 4.977000000000000313e+00 4.480000000000000093e-01
3.021720000000000255e+02 4.183400000000000318e+01 -3.968999999999999861e+00 2.819999999999999729e-01
6.092150000000000318e+02 4.608700000000000330e+01 -6.911999999999999922e+00 2.680000000000000160e-01
6.277430000000000518e+02 4.137100000000000222e+01 1.159000000000000030e+00 4.199999999999999845e-01
3.214259999999999877e+02 2.716499999999999915e+01 1.170800000000000018e+01 5.520000000000000462e-01
1.794000000000000039e+00 1.491999999999999993e+01 1.592500000000000071e+01 5.330000000000000293e-01
-5.500399999999999778e+01 2.090500000000000114e+01 1.566000000000000014e+01 4.329999999999999960e-01
5.883200000000000074e+01 3.728499999999999659e+01 1.501200000000000045e+01 3.519999999999999796e-01
7.968500000000000227e+01 3.869599999999999795e+01 1.241200000000000081e+01 3.109999999999999987e-01
-6.069700000000000273e+01 2.058099999999999952e+01 6.713000000000000078e+00 2.879999999999999782e-01
-2.198849999999999909e+02 -3.471999999999999975e+00 1.844000000000000083e+00 2.010000000000000120e-01
-2.692040000000000077e+02 -3.015200000000000102e+01 1.453999999999999959e+00 -3.599999999999999728e-02
-2.075699999999999932e+02 -5.680700000000000216e+01 4.342999999999999972e+00 -2.999999999999999889e-01
-1.152390000000000043e+02 -6.943099999999999739e+01 5.875000000000000000e+00 -3.659999999999999920e-01
-7.389400000000000546e+01 -6.523399999999999466e+01 1.991000000000000103e+00 -2.449999999999999956e-01
-1.027840000000000060e+02 -5.710300000000000153e+01 -6.371000000000000441e+00 -1.300000000000000044e-01
-1.402350000000000136e+02 -4.893399999999999750e+01 -1.419999999999999929e+01 -9.800000000000000377e-02
-1.249989999999999952e+02 -3.177400000000000091e+01 -1.926300000000000168e+01 -1.179999999999999938e-01
-1.049380000000000024e+02 -3.491999999999999993e+00 -2.318299999999999983e+01 -1.749999999999999889e-01
-1.940540000000000020e+02 2.055999999999999872e+01 -2.611299999999999955e+01 -2.300000000000000100e-01
-3.886929999999999836e+02 2.076899999999999835e+01 -2.670899999999999963e+01 -2.320000000000000118e-01
-5.195539999999999736e+02 -2.646999999999999797e+00 -2.500000000000000000e+01 -2.119999999999999940e-01
-4.482420000000000186e+02 -2.591300000000000026e+01 -2.004299999999999926e+01 -2.230000000000000038e-01
-2.110879999999999939e+02 -2.600100000000000122e+01 -9.948999999999999844e+00 -2.139999999999999958e-01
8.741599999999999682e+01 -4.753999999999999559e+00 1.963000000000000078e+00 -1.079999999999999988e-01
4.010160000000000196e+02 1.557199999999999918e+01 9.523999999999999133e+00 5.399999999999999939e-02
6.882079999999999700e+02 2.123300000000000054e+01 1.395700000000000074e+01 2.129999999999999949e-01
8.291109999999999900e+02 1.873999999999999844e+01 1.962399999999999878e+01 3.659999999999999920e-01
7.067350000000000136e+02 1.085299999999999976e+01 2.179599999999999937e+01 4.229999999999999871e-01
3.848480000000000132e+02 -1.533699999999999974e+01 1.423199999999999932e+01 2.409999999999999920e-01
1.117729999999999961e+02 -6.038700000000000045e+01 3.311999999999999833e+00 -1.150000000000000050e-01
5.638300000000000267e+01 -9.612399999999999523e+01 -1.098999999999999977e+00 -4.020000000000000240e-01
1.122360000000000042e+02 -9.791100000000000136e+01 -1.161000000000000032e+00 -5.160000000000000142e-01
7.069700000000000273e+01 -7.710399999999999920e+01 -4.439000000000000057e+00 -5.250000000000000222e-01
-9.443600000000000705e+01 -5.990400000000000347e+01 -9.919999999999999929e+00 -4.729999999999999760e-01
-2.339979999999999905e+02 -4.702000000000000313e+01 -1.029400000000000048e+01 -3.449999999999999734e-01
-2.386440000000000055e+02 -2.047100000000000009e+01 -2.262000000000000011e+00 -1.479999999999999927e-01
-1.412860000000000014e+02 1.855699999999999861e+01 1.037599999999999945e+01 9.099999999999999756e-02
-5.069200000000000017e+01 4.799099999999999966e+01 2.033899999999999864e+01 3.320000000000000173e-01
-2.704299999999999926e+01 6.052700000000000102e+01 2.349299999999999855e+01 5.130000000000000115e-01
-2.922899999999999920e+01 7.157099999999999795e+01 2.215599999999999881e+01 5.649999999999999467e-01
-2.885600000000000165e+01 8.126399999999999579e+01 1.764399999999999835e+01 4.530000000000000138e-01
-9.933599999999999852e+01 6.232300000000000040e+01 4.722999999999999865e+00 1.729999999999999871e-01
-2.716499999999999773e+02 8.381000000000000227e+00 -1.728399999999999892e+01 -2.220000000000000029e-01
-4.169399999999999977e+02 -4.092600000000000193e+01 -3.615599999999999881e+01 -5.969999999999999751e-01
-4.040459999999999923e+02 -4.973700000000000188e+01 -4.060999999999999943e+01 -7.850000000000000311e-01
-2.591270000000000095e+02 -2.883800000000000097e+01 -3.347599999999999909e+01 -7.359999999999999876e-01
-8.439600000000000080e+01 -6.995000000000000107e+00 -2.283500000000000085e+01 -5.739999999999999547e-01
6.654900000000000659e+01 9.698999999999999844e+00 -1.131600000000000072e+01 -4.279999999999999916e-01
1.819550000000000125e+02 2.590099999999999980e+01 -7.580000000000000071e-01 -2.979999999999999871e-01
2.637029999999999745e+02 3.052899999999999991e+01 4.634000000000000341e+00 -1.660000000000000087e-01
3.351949999999999932e+02 1.457099999999999973e+01 6.682999999999999829e+00 -7.399999999999999634e-02
3.959499999999999886e+02 5.140000000000000124e-01 1.445199999999999996e+01 3.300000000000000155e-02
3.786019999999999754e+02 1.630600000000000094e+01 2.993100000000000094e+01 2.750000000000000222e-01
2.419130000000000109e+02 4.733100000000000307e+01 4.122500000000000142e+01 5.360000000000000320e-01
5.408100000000000307e+01 5.385799999999999699e+01 3.564099999999999824e+01 5.150000000000000133e-01
-1.267309999999999945e+02 2.796799999999999997e+01 1.318800000000000061e+01 1.690000000000000113e-01
-3.326560000000000059e+02 -3.984999999999999876e+00 -1.273799999999999955e+01 -2.039999999999999869e-01
-5.233099999999999454e+02 -2.319500000000000028e+01 -2.490299999999999869e+01 -3.260000000000000120e-01
-5.558200000000000500e+02 -3.207000000000000028e+01 -1.846600000000000108e+01 -2.159999999999999976e-01
-4.327269999999999754e+02 -3.581199999999999761e+01 -6.442999999999999616e+00 -9.199999999999999845e-02
-3.169230000000000018e+02 -3.341700000000000159e+01 -2.063000000000000167e+00 -8.699999999999999400e-02
-2.466069999999999993e+02 -2.617500000000000071e+01 -2.931000000000000050e+00 -1.120000000000000023e-01
-1.084039999999999964e+02 -1.832499999999999929e+01 -1.209999999999999964e-01 -3.300000000000000155e-02
1.086629999999999967e+02 -6.621000000000000441e+00 6.070999999999999730e+00 9.500000000000000111e-02
2.652040000000000077e+02 1.436700000000000088e+01 8.148999999999999133e+00 9.800000000000000377e-02
2.672130000000000223e+02 3.496699999999999875e+01 4.214999999999999858e+00 -5.800000000000000294e-02
1.740229999999999961e+02 3.888499999999999801e+01 1.739000000000000101e+00 -1.890000000000000013e-01
1.246730000000000018e+02 3.248199999999999932e+01 7.939000000000000057e+00 -1.160000000000000059e-01
2.029890000000000043e+02 4.253000000000000114e+01 1.954799999999999827e+01 1.350000000000000089e-01
3.414110000000000014e+02 7.463100000000000023e+01 2.588700000000000045e+01 3.950000000000000178e-01
3.673079999999999927e+02 9.658100000000000307e+01 2.104400000000000048e+01 5.230000000000000204e-01
2.054619999999999891e+02 8.182399999999999807e+01 9.420999999999999375e+00 4.829999999999999849e-01
-4.366999999999999993e+00 4.815999999999999659e+01 1.290000000000000036e-01 3.459999999999999742e-01
-7.406000000000000227e+01 2.866300000000000026e+01 -2.383999999999999897e+00 2.119999999999999940e-01
-3.225999999999999979e+00 2.397599999999999909e+01 -1.463000000000000078e+00 1.069999999999999979e-01
5.374399999999999977e+01 1.066300000000000026e+01 -1.699999999999999956e+00 2.000000000000000042e-03
1.076900000000000013e+01 -1.720400000000000063e+01 -2.721000000000000085e+00 -7.299999999999999545e-02
-7.767700000000000671e+01 -3.931499999999999773e+01 -1.538000000000000034e+00 -7.399999999999999634e-02
-1.279210000000000065e+02 -3.675300000000000011e+01 3.032000000000000028e+00 -1.700000000000000122e-02
-1.140639999999999930e+02 -1.642800000000000082e+01 9.308999999999999275e+00 5.600000000000000117e-02
-7.621599999999999397e+01 -9.701000000000000512e+00 1.182900000000000063e+01 8.400000000000000522e-02
-6.672899999999999920e+01 -3.982699999999999818e+01 4.020999999999999908e+00 -2.599999999999999881e-02
-5.877700000000000102e+01 -8.744199999999999307e+01 -1.190399999999999991e+01 -2.650000000000000133e-01
2.676599999999999824e+01 -1.078769999999999953e+02 -2.266700000000000159e+01 -4.279999999999999916e-01
1.719960000000000093e+02 -8.171599999999999397e+01 -1.888400000000000034e+01 -3.280000000000000138e-01
2.512870000000000061e+02 -2.977100000000000080e+01 -7.586000000000000298e+00 -4.599999999999999922e-02
1.973750000000000000e+02 1.089300000000000068e+01 -3.483999999999999986e+00 1.409999999999999865e-01
8.329500000000000171e+01 1.776699999999999946e+01 -1.087700000000000067e+01 9.800000000000000377e-02
1.047600000000000087e+01 3.213000000000000078e+00 -1.990800000000000125e+01 -1.600000000000000033e-02
-2.123900000000000077e+01 -8.850000000000000089e-01 -2.036899999999999977e+01 -4.000000000000000083e-03
-6.737900000000000489e+01 1.561999999999999922e+01 -1.295299999999999940e+01 1.340000000000000080e-01
-1.239020000000000010e+02 3.214900000000000091e+01 -4.102000000000000313e+00 2.800000000000000266e-01
-1.702719999999999914e+02 3.256199999999999761e+01 3.186999999999999833e+00 3.709999999999999964e-01
-2.415219999999999914e+02 2.739999999999999858e+01 8.031000000000000583e+00 3.900000000000000133e-01
-3.403360000000000127e+02 3.164699999999999847e+01 7.592999999999999972e+00 3.009999999999999898e-01
-3.950590000000000259e+02 3.771900000000000119e+01 5.679999999999999494e-01 9.900000000000000466e-02
-3.781290000000000191e+02 2.685399999999999920e+01 -8.621000000000000441e+00 -1.039999999999999952e-01
-3.193539999999999850e+02 8.719999999999999973e-01 -1.286500000000000021e+01 -1.660000000000000087e-01
-1.994449999999999932e+02 -1.630199999999999960e+01 -9.141000000000000014e+00 -9.400000000000000022e-02
-1.217900000000000027e+01 -1.283000000000000007e+01 -2.076000000000000068e+00 -2.400000000000000050e-02
1.330780000000000030e+02 -1.179000000000000048e+00 1.383000000000000007e+00 -4.299999999999999656e-02
1.701719999999999970e+02 1.243900000000000006e+01 1.836000000000000076e+00 -1.130000000000000032e-01
2.016030000000000086e+02 3.462500000000000000e+01 5.070999999999999730e+00 -1.809999999999999942e-01
2.877479999999999905e+02 5.225999999999999801e+01 9.625000000000000000e+00 -2.600000000000000089e-01
3.313199999999999932e+02 4.055100000000000193e+01 8.736000000000000654e+00 -3.180000000000000049e-01
3.201480000000000246e+02 9.214999999999999858e+00 3.883000000000000007e+00 -2.530000000000000027e-01
4.074859999999999900e+02 -5.283000000000000362e+00 3.165999999999999925e+00 -5.199999999999999761e-02
5.998170000000000073e+02 6.812000000000000277e+00 8.698999999999999844e+00 1.690000000000000113e-01
6.416100000000000136e+02 2.157000000000000028e+01 1.650100000000000122e+01 3.830000000000000071e-01
4.006990000000000123e+02 2.058999999999999986e+01 2.345599999999999952e+01 6.470000000000000195e-01
1.211410000000000053e+02 4.078999999999999737e+00 2.641499999999999915e+01 8.369999999999999662e-01
6.966100000000000136e+01 -2.390700000000000003e+01 2.187199999999999989e+01 7.109999999999999654e-01
1.543329999999999984e+02 -5.869899999999999807e+01 9.885999999999999233e+00 2.660000000000000142e-01
1.195169999999999959e+02 -9.396500000000000341e+01 -7.363999999999999879e+00 -2.520000000000000018e-01
-7.619499999999999318e+01 -1.250079999999999956e+02 -2.571799999999999997e+01 -6.360000000000000098e-01
-2.866329999999999814e+02 -1.446550000000000011e+02 -3.550399999999999778e+01 -7.850000000000000311e-01
-4.206999999999999886e+02 -1.405060000000000002e+02 -2.973699999999999832e+01 -6.680000000000000382e-01
-4.535400000000000205e+02 -1.028679999999999950e+02 -1.516399999999999970e+01 -3.729999999999999982e-01
-3.289300000000000068e+02 -3.411899999999999977e+01 -3.560000000000000053e+00 -7.900000000000000078e-02
-6.724399999999999977e+01 4.688600000000000279e+01 3.680000000000000160e+00 1.380000000000000115e-01
1.312810000000000059e+02 1.083149999999999977e+02 1.133500000000000085e+01 3.549999999999999822e-01
9.734699999999999420e+01 1.234380000000000024e+02 1.689600000000000080e+01 6.029999999999999805e-01
-8.055400000000000205e+01 9.427200000000000557e+01 1.431099999999999994e+01 7.319999999999999840e-01
-2.047170000000000130e+02 4.958599999999999852e+01 7.309000000000000163e+00 6.059999999999999831e-01
-2.327160000000000082e+02 1.336800000000000033e+01 5.612000000000000099e+00 2.979999999999999871e-01
-2.489660000000000082e+02 -1.241699999999999982e+01 9.205999999999999517e+00 1.200000000000000025e-02
-2.780600000000000023e+02 -3.034100000000000108e+01 9.308999999999999275e+00 -1.539999999999999980e-01
-2.618460000000000036e+02 -3.410999999999999943e+01 4.480999999999999872e+00 -2.489999999999999991e-01
-1.775060000000000002e+02 -2.379799999999999827e+01 2.350999999999999979e+00 -3.160000000000000031e-01
-7.618099999999999739e+01 -1.400999999999999979e+01 5.073999999999999844e+00 -3.230000000000000093e-01
-3.544999999999999929e+00 -1.289600000000000080e+01 5.860999999999999766e+00 -2.580000000000000071e-01
4.065500000000000114e+01 -1.166399999999999970e+01 1.054000000000000048e+00 -1.890000000000000013e-01
5.791499999999999915e+01 -4.397000000000000242e+00 -5.019999999999999574e+00 -1.749999999999999889e-01
4.256600000000000250e+01 2.458000000000000185e+00 -8.739000000000000767e+00 -2.000000000000000111e-01
1.777100000000000080e+01 5.754999999999999893e+00 -1.182399999999999984e+01 -2.220000000000000029e-01
9.554000000000000270e+00 7.876999999999999780e+00 -1.604500000000000171e+01 -2.409999999999999920e-01
1.887000000000000011e+00 1.673999999999999932e+00 -2.033800000000000097e+01 -2.929999999999999827e-01
-2.265299999999999869e+01 -2.007199999999999918e+01 -2.294000000000000128e+01 -3.679999999999999938e-01
-3.759799999999999898e+01 -4.155100000000000193e+01 -2.232600000000000051e+01 -4.079999999999999738e-01
-2.435500000000000043e+01 -4.086099999999999710e+01 -1.859799999999999898e+01 -3.870000000000000107e-01
-1.828500000000000014e+01 -2.457700000000000173e+01 -1.450399999999999956e+01 -3.400000000000000244e-01
-5.498700000000000188e+01 -1.542399999999999949e+01 -1.191000000000000014e+01 -3.029999999999999916e-01
-1.216250000000000000e+02 -1.685099999999999909e+01 -9.974999999999999645e+00 -2.730000000000000204e-01
-1.986620000000000061e+02 -1.663100000000000023e+01 -8.640000000000000568e+00 -2.320000000000000118e-01
-2.981050000000000182e+02 -1.275399999999999956e+01 -9.490000000000000213e+00 -2.039999999999999869e-01
-4.120020000000000095e+02 -1.324000000000000021e+01 -1.219200000000000017e+01 -2.119999999999999940e-01
-4.620910000000000082e+02 -1.706299999999999883e+01 -1.278599999999999959e+01 -1.829999999999999960e-01
-3.574510000000000218e+02 -1.119100000000000072e+01 -6.831999999999999851e+00 -1.099999999999999936e-02
-8.116500000000000625e+01 1.582699999999999996e+01 5.737000000000000099e+00 2.740000000000000213e-01
2.940049999999999955e+02 6.704300000000000637e+01 2.100900000000000034e+01 5.699999999999999512e-01
6.239299999999999500e+02 1.342059999999999889e+02 3.522699999999999676e+01 8.890000000000000124e-01
7.514930000000000518e+02 1.914859999999999900e+02 4.281700000000000017e+01 1.197000000000000064e+00
6.383220000000000027e+02 2.067090000000000032e+02 3.526899999999999835e+01 1.195000000000000062e+00
4.275160000000000196e+02 1.688029999999999973e+02 1.384099999999999930e+01 7.109999999999999654e-01
3.315179999999999723e+02 9.990699999999999648e+01 -3.329000000000000181e+00 1.439999999999999891e-01
4.429649999999999750e+02 3.697099999999999653e+01 -2.843999999999999861e+00 -6.000000000000000125e-03
6.070370000000000346e+02 -1.768999999999999906e+00 3.629000000000000004e+00 1.390000000000000124e-01
5.581710000000000491e+02 -2.253999999999999915e+01 -4.939999999999999947e-01 1.380000000000000115e-01
2.743199999999999932e+02 -2.985500000000000043e+01 -8.021000000000000796e+00 -2.599999999999999881e-02
2.919999999999999929e+00 -2.234400000000000119e+01 -2.333000000000000185e+00 -8.000000000000000167e-02
-1.199440000000000026e+02 -1.174300000000000033e+01 1.181199999999999939e+01 -1.000000000000000021e-02
-1.798959999999999866e+02 -1.577899999999999991e+01 1.564700000000000024e+01 -2.999999999999999889e-02
-2.196539999999999964e+02 -3.330199999999999960e+01 5.480999999999999872e+00 -1.950000000000000067e-01
-1.947969999999999970e+02 -4.820700000000000074e+01 -5.280000000000000249e+00 -3.509999999999999787e-01
-1.578499999999999943e+02 -5.648799999999999955e+01 -7.908000000000000362e+00 -3.689999999999999947e-01
-2.073340000000000032e+02 -6.861299999999999955e+01 -7.134999999999999787e+00 -2.829999999999999738e-01
-3.079889999999999759e+02 -8.578100000000000591e+01 -8.462999999999999190e+00 -2.119999999999999940e-01
-3.410910000000000082e+02 -9.416500000000000625e+01 -8.173999999999999488e+00 -1.910000000000000031e-01
-2.638740000000000236e+02 -8.439000000000000057e+01 -1.520999999999999908e+00 -1.549999999999999989e-01
-1.263479999999999990e+02 -6.421699999999999875e+01 6.714000000000000412e+00 -9.199999999999999845e-02
3.954000000000000181e+00 -4.781000000000000227e+01 8.558999999999999275e+00 -6.400000000000000133e-02
7.684000000000000341e+01 -3.817199999999999704e+01 5.112000000000000099e+00 -7.799999999999999989e-02
5.954399999999999693e+01 -2.995299999999999940e+01 3.670999999999999819e+00 -5.800000000000000294e-02
-4.179200000000000159e+01 -2.543100000000000094e+01 5.400999999999999801e+00 1.000000000000000021e-02
-1.621009999999999991e+02 -2.981800000000000139e+01 3.686999999999999833e+00 2.699999999999999969e-02
-2.269439999999999884e+02 -3.498199999999999932e+01 -4.730999999999999872e+00 -7.299999999999999545e-02
-2.327769999999999868e+02 -2.907600000000000051e+01 -1.303700000000000081e+01 -2.139999999999999958e-01
-2.228089999999999975e+02 -1.598600000000000065e+01 -1.333300000000000018e+01 -2.700000000000000178e-01
-1.786330000000000098e+02 -5.490999999999999659e+00 -7.362000000000000099e+00 -2.109999999999999931e-01
-3.426700000000000301e+01 3.392999999999999794e+00 -1.518999999999999906e+00 -7.599999999999999811e-02
1.650480000000000018e+02 9.781000000000000583e+00 2.511000000000000121e+00 7.699999999999999900e-02
2.397110000000000127e+02 8.419999999999999707e-01 5.517999999999999794e+00 1.580000000000000016e-01
9.821599999999999397e+01 -2.557100000000000151e+01 6.163999999999999702e+00 9.900000000000000466e-02
-1.226580000000000013e+02 -4.868500000000000227e+01 3.567000000000000171e+00 -4.800000000000000100e-02
-2.328859999999999957e+02 -4.917699999999999960e+01 3.400000000000000244e-02 -1.320000000000000062e-01
-2.011229999999999905e+02 -2.723699999999999832e+01 -1.000000000000000000e+00 -6.099999999999999867e-02
-1.063229999999999933e+02 8.132999999999999119e+00 1.754000000000000004e+00 1.019999999999999934e-01
2.024599999999999866e+01 5.140999999999999659e+01 6.884999999999999787e+00 2.179999999999999993e-01
1.850209999999999866e+02 9.770499999999999829e+01 1.242900000000000027e+01 2.429999999999999938e-01
3.075169999999999959e+02 1.315740000000000123e+02 1.656899999999999906e+01 2.520000000000000018e-01
2.645799999999999841e+02 1.279470000000000027e+02 1.628800000000000026e+01 2.790000000000000258e-01
8.500700000000000500e+01 8.109300000000000352e+01 1.019200000000000017e+01 2.650000000000000133e-01
-5.998700000000000188e+01 2.317099999999999937e+01 2.861000000000000210e+00 1.789999999999999925e-01
-8.783100000000000307e+01 -1.133900000000000041e+01 -3.250000000000000111e-01 5.299999999999999850e-02
-8.027700000000000102e+01 -2.477100000000000080e+01 -1.651000000000000023e+00 -8.999999999999999667e-02
-1.264549999999999983e+02 -3.626299999999999812e+01 -6.841000000000000192e+00 -2.270000000000000073e-01
-2.073470000000000084e+02 -4.489999999999999858e+01 -1.488000000000000078e+01 -2.969999999999999862e-01
-2.303199999999999932e+02 -3.545700000000000074e+01 -1.910600000000000165e+01 -2.810000000000000275e-01
-1.279689999999999941e+02 -4.812000000000000277e+00 -1.585899999999999999e+01 -2.210000000000000020e-01
3.333100000000000307e+01 3.024200000000000088e+01 -8.319000000000000838e+00 -1.539999999999999980e-01
6.552200000000000557e+01 4.375099999999999767e+01 -3.624000000000000110e+00 -1.100000000000000006e-01
-1.088379999999999939e+02 2.164999999999999858e+01 -5.682000000000000384e+00 -1.300000000000000044e-01
-3.019080000000000155e+02 -2.057900000000000063e+01 -1.036500000000000021e+01 -1.799999999999999933e-01
-2.682169999999999845e+02 -5.041499999999999915e+01 -1.064100000000000001e+01 -1.630000000000000060e-01
2.240299999999999869e+01 -5.218500000000000227e+01 -5.445999999999999730e+00 -8.000000000000000167e-02
3.864320000000000164e+02 -3.814399999999999835e+01 -5.979999999999999760e-01 -5.399999999999999939e-02
5.871870000000000118e+02 -2.692800000000000082e+01 -1.616999999999999993e+00 -1.539999999999999980e-01
5.127680000000000291e+02 -1.676099999999999923e+01 -6.238000000000000433e+00 -2.419999999999999929e-01
3.067679999999999723e+02 1.859900000000000020e+01 -4.216999999999999638e+00 -7.399999999999999634e-02
2.165399999999999920e+02 9.488400000000000034e+01 1.113100000000000023e+01 3.880000000000000115e-01
2.433930000000000007e+02 1.776169999999999902e+02 3.036299999999999955e+01 8.010000000000000453e-01
1.632750000000000057e+02 2.040749999999999886e+02 3.561500000000000199e+01 7.920000000000000373e-01
-5.421699999999999875e+01 1.535149999999999864e+02 2.285600000000000165e+01 4.209999999999999853e-01
-1.467170000000000130e+02 7.167400000000000659e+01 5.857999999999999652e+00 6.800000000000000488e-02
1.196000000000000085e+01 1.476999999999999957e+01 -3.724000000000000199e+00 -6.600000000000000311e-02
1.681639999999999873e+02 -8.829000000000000625e+00 -8.433999999999999275e+00 -9.600000000000000200e-02
7.842900000000000205e+01 -2.231200000000000117e+01 -1.332799999999999940e+01 -1.429999999999999882e-01
-9.351200000000000045e+01 -2.844399999999999906e+01 -1.429899999999999949e+01 -1.229999999999999982e-01
-5.703300000000000125e+01 -1.231900000000000084e+01 -7.323999999999999844e+00 6.500000000000000222e-02
1.251670000000000016e+02 1.431900000000000084e+01 7.499999999999999722e-02 2.710000000000000187e-01
1.649459999999999980e+02 1.802899999999999991e+01 -1.409000000000000030e+00 2.449999999999999956e-01
1.120500000000000007e+01 -5.472999999999999865e+00 -8.172000000000000597e+00 2.100000000000000130e-02
-1.291790000000000020e+02 -2.641700000000000159e+01 -9.717000000000000526e+00 -1.189999999999999947e-01
-1.434180000000000064e+02 -2.934499999999999886e+01 -3.847999999999999865e+00 -4.399999999999999745e-02
-1.168750000000000000e+02 -3.141100000000000136e+01 3.213999999999999968e+00 1.039999999999999952e-01
-1.248119999999999976e+02 -5.087299999999999756e+01 6.652000000000000135e+00 1.640000000000000069e-01
-1.341980000000000075e+02 -8.356900000000000261e+01 5.860999999999999766e+00 1.280000000000000027e-01
-1.155810000000000031e+02 -1.114309999999999974e+02 2.471000000000000085e+00 6.800000000000000488e-02
-1.028340000000000032e+02 -1.197240000000000038e+02 1.899999999999999953e-02 2.800000000000000058e-02
-1.220750000000000028e+02 -1.077330000000000041e+02 1.719999999999999862e-01 -1.200000000000000025e-02
-1.488619999999999948e+02 -8.599099999999999966e+01 -5.729999999999999538e-01 -1.019999999999999934e-01
-1.446030000000000086e+02 -6.025000000000000000e+01 -3.758999999999999897e+00 -2.240000000000000047e-01
-9.439900000000000091e+01 -2.810300000000000153e+01 -4.889999999999999680e+00 -2.919999999999999818e-01
-1.938200000000000145e+01 3.694999999999999840e+00 -3.092999999999999972e+00 -2.770000000000000240e-01
3.704399999999999693e+01 1.983899999999999864e+01 -3.782999999999999918e+00 -2.479999999999999982e-01
5.525999999999999801e+01 2.171900000000000119e+01 -7.129999999999999893e+00 -2.530000000000000027e-01
5.603199999999999648e+01 2.728500000000000014e+01 -6.370000000000000107e+00 -2.610000000000000098e-01
4.600800000000000267e+01 4.071999999999999886e+01 2.169999999999999984e-01 -2.409999999999999920e-01
-1.190300000000000047e+01 4.741100000000000136e+01 7.108999999999999986e+00 -1.859999999999999987e-01
-1.249150000000000063e+02 3.995199999999999818e+01 1.147400000000000020e+01 -8.300000000000000433e-02
-1.987170000000000130e+02 2.750300000000000011e+01 1.573600000000000065e+01 7.599999999999999811e-02
-1.281299999999999955e+02 2.166199999999999903e+01 2.048199999999999932e+01 2.839999999999999747e-01
3.936399999999999721e+01 2.429200000000000159e+01 2.110900000000000176e+01 4.859999999999999876e-01
1.560289999999999964e+02 2.634400000000000119e+01 1.313400000000000034e+01 5.140000000000000124e-01
1.743760000000000048e+02 1.881800000000000139e+01 -4.580000000000000182e-01 2.700000000000000178e-01
1.453720000000000141e+02 2.641999999999999904e+00 -1.045299999999999940e+01 -4.800000000000000100e-02
9.044899999999999807e+01 -1.678500000000000014e+01 -1.188000000000000078e+01 -1.580000000000000016e-01
1.564799999999999969e+01 -3.447200000000000131e+01 -8.875000000000000000e+00 -6.500000000000000222e-02
-4.175300000000000011e+01 -4.289999999999999858e+01 -7.259000000000000341e+00 2.199999999999999872e-02
-6.041799999999999926e+01 -3.796000000000000085e+01 -7.916000000000000369e+00 7.000000000000000146e-03
-5.537199999999999989e+01 -2.755600000000000094e+01 -8.922000000000000597e+00 -5.800000000000000294e-02
-4.465400000000000347e+01 -2.326599999999999824e+01 -9.266000000000000014e+00 -1.179999999999999938e-01
-4.698199999999999932e+01 -2.541300000000000026e+01 -9.529999999999999361e+00 -1.660000000000000087e-01
-8.156600000000000250e+01 -2.393700000000000117e+01 -1.053299999999999947e+01 -2.010000000000000120e-01
-1.360999999999999943e+02 -1.283500000000000085e+01 -1.164100000000000001e+01 -2.129999999999999949e-01
-1.662630000000000052e+02 1.559999999999999998e-01 -1.230400000000000027e+01 -1.779999999999999916e-01
-1.357100000000000080e+02 4.249999999999999889e-01 -1.375900000000000034e+01 -9.700000000000000289e-02
-4.141899999999999693e+01 -1.560100000000000087e+01 -1.557099999999999973e+01 -1.000000000000000021e-02
7.311700000000000443e+01 -3.446999999999999886e+01 -1.428899999999999970e+01 4.399999999999999745e-02
1.250430000000000064e+02 -4.198899999999999721e+01 -8.859999999999999432e+00 7.000000000000000666e-02
7.852400000000000091e+01 -3.646800000000000352e+01 -2.821000000000000174e+00 8.400000000000000522e-02
2.208299999999999841e+01 -2.126699999999999946e+01 4.729999999999999760e-01 7.599999999999999811e-02
5.787899999999999778e+01 8.179999999999999494e-01 9.929999999999999938e-01 5.099999999999999672e-02
1.398429999999999893e+02 2.233899999999999864e+01 2.919999999999999818e-01 4.800000000000000100e-02
1.587580000000000098e+02 3.854399999999999693e+01 -4.440000000000000058e-01 6.600000000000000311e-02
1.261889999999999930e+02 5.661699999999999733e+01 -4.030000000000000249e-01 4.000000000000000083e-02
1.149959999999999951e+02 7.703100000000000591e+01 8.110000000000000542e-01 -2.800000000000000058e-02
1.068050000000000068e+02 7.944499999999999318e+01 2.701000000000000068e+00 -4.399999999999999745e-02
5.518599999999999994e+01 5.296800000000000352e+01 4.833999999999999631e+00 2.000000000000000042e-03
1.580999999999999961e+00 2.307400000000000162e+01 8.016999999999999460e+00 2.100000000000000130e-02
-2.762000000000000011e+00 2.059400000000000119e+01 1.335200000000000031e+01 7.000000000000000146e-03
1.098799999999999955e+01 3.786999999999999744e+01 2.096099999999999852e+01 3.400000000000000244e-02
4.910000000000000142e+00 4.059400000000000119e+01 2.823999999999999844e+01 7.699999999999999900e-02
-1.544100000000000072e+01 1.127500000000000036e+01 2.748400000000000176e+01 2.100000000000000130e-02
-6.621200000000000330e+01 -4.003799999999999670e+01 1.223399999999999999e+01 -1.600000000000000033e-01
-1.467889999999999873e+02 -9.096399999999999864e+01 -8.957000000000000739e+00 -3.059999999999999942e-01
-1.521390000000000100e+02 -1.134309999999999974e+02 -1.665700000000000003e+01 -2.260000000000000064e-01
-1.957000000000000028e+01 -9.133700000000000330e+01 -5.703000000000000291e+00 3.799999999999999906e-02
1.147289999999999992e+02 -4.587899999999999778e+01 7.870000000000000107e+00 2.020000000000000129e-01
1.252639999999999958e+02 -1.124600000000000044e+01 1.098900000000000077e+01 1.250000000000000000e-01
1.064210000000000065e+02 1.203299999999999947e+01 8.182999999999999829e+00 -2.000000000000000042e-03
1.544929999999999950e+02 3.921600000000000108e+01 6.937999999999999723e+00 3.000000000000000062e-03
1.709439999999999884e+02 6.014500000000000313e+01 5.288999999999999702e+00 6.199999999999999956e-02
7.048799999999999955e+01 6.289000000000000057e+01 3.619999999999999885e-01 8.699999999999999400e-02
-5.894100000000000250e+01 6.492700000000000671e+01 -4.366999999999999993e+00 1.429999999999999882e-01
-1.219969999999999999e+02 7.892000000000000171e+01 -5.956999999999999851e+00 2.119999999999999940e-01
-1.363979999999999961e+02 8.350600000000000023e+01 -6.318999999999999950e+00 1.799999999999999933e-01
-1.379370000000000118e+02 6.088199999999999790e+01 -6.772000000000000242e+00 9.500000000000000111e-02
-1.164779999999999944e+02 3.218599999999999994e+01 -5.456999999999999851e+00 9.700000000000000289e-02
-7.175400000000000489e+01 2.508899999999999864e+01 -1.330999999999999961e+00 1.509999999999999953e-01
-4.368999999999999773e+01 2.795100000000000051e+01 3.504000000000000004e+00 1.140000000000000041e-01
-6.935299999999999443e+01 9.954000000000000625e+00 5.668999999999999595e+00 -1.000000000000000021e-02
-1.336339999999999861e+02 -2.569699999999999918e+01 4.076999999999999957e+00 -1.010000000000000064e-01
-1.701359999999999957e+02 -4.414399999999999835e+01 2.056000000000000050e+00 -1.189999999999999947e-01
-1.307230000000000132e+02 -2.986100000000000065e+01 3.596000000000000085e+00 -1.089999999999999997e-01
-3.175400000000000134e+01 -5.403999999999999915e+00 7.397000000000000242e+00 -7.900000000000000078e-02
9.271299999999999386e+01 2.858000000000000096e+00 8.532999999999999474e+00 -3.400000000000000244e-02
2.064089999999999918e+02 -4.291999999999999815e+00 6.173000000000000043e+00 -1.799999999999999864e-02
2.382719999999999914e+02 -1.008300000000000018e+01 5.233999999999999986e+00 -1.299999999999999940e-02
1.686899999999999977e+02 -7.751000000000000334e+00 8.194000000000000838e+00 6.300000000000000044e-02
1.114110000000000014e+02 -3.370999999999999996e+00 1.038100000000000023e+01 1.769999999999999907e-01
1.466330000000000098e+02 -1.913000000000000034e+00 8.105000000000000426e+00 1.789999999999999925e-01
1.588499999999999943e+02 -1.572999999999999954e+00 4.988999999999999879e+00 5.099999999999999672e-02
2.206700000000000017e+01 -2.109999999999999931e-01 4.833000000000000185e+00 -4.599999999999999922e-02
-1.622009999999999934e+02 4.739999999999999769e-01 5.596000000000000085e+00 -2.999999999999999889e-02
-2.013750000000000000e+02 -1.266999999999999904e+00 4.149000000000000021e+00 -8.000000000000000167e-03
-9.433100000000000307e+01 -5.969999999999999751e+00 6.199999999999999956e-01 -6.900000000000000577e-02
-1.385999999999999899e+00 -1.576800000000000068e+01 -3.085999999999999854e+00 -1.640000000000000069e-01
-1.885999999999999899e+00 -3.053099999999999881e+01 -5.517999999999999794e+00 -2.030000000000000138e-01
-3.995300000000000296e+01 -4.242199999999999704e+01 -6.698999999999999844e+00 -1.849999999999999978e-01
-6.136999999999999744e+01 -4.216299999999999670e+01 -7.958999999999999631e+00 -1.549999999999999989e-01
-6.690800000000000125e+01 -3.044999999999999929e+01 -1.068800000000000061e+01 -1.219999999999999973e-01
-5.740299999999999869e+01 -1.848199999999999932e+01 -1.507199999999999918e+01 -7.799999999999999989e-02
-3.062699999999999889e+01 -1.649099999999999966e+01 -1.888700000000000045e+01 -4.000000000000000083e-02
-1.793599999999999994e+01 -2.473400000000000176e+01 -1.833099999999999952e+01 -2.800000000000000058e-02
-4.551700000000000301e+01 -3.788600000000000279e+01 -1.296400000000000041e+01 -2.500000000000000139e-02
-7.568099999999999739e+01 -5.388799999999999812e+01 -8.326000000000000512e+00 -1.299999999999999940e-02
-5.706400000000000006e+01 -7.326800000000000068e+01 -9.699999999999999289e+00 -1.700000000000000122e-02
-1.010999999999999899e+00 -9.140099999999999625e+01 -1.486200000000000010e+01 -7.900000000000000078e-02
5.835499999999999687e+01 -9.604200000000000159e+01 -1.618900000000000006e+01 -1.640000000000000069e-01
1.213419999999999987e+02 -7.706499999999999773e+01 -9.117000000000000881e+00 -1.749999999999999889e-01
1.775389999999999873e+02 -4.037800000000000011e+01 3.125000000000000000e+00 -9.299999999999999933e-02
1.784269999999999925e+02 -5.352000000000000313e+00 1.357000000000000028e+01 1.000000000000000021e-02
1.099479999999999933e+02 1.840200000000000102e+01 1.899099999999999966e+01 8.300000000000000433e-02
1.816300000000000026e+01 3.987500000000000000e+01 2.089900000000000091e+01 1.469999999999999918e-01
-6.998799999999999955e+01 6.178000000000000114e+01 2.017599999999999838e+01 2.119999999999999940e-01
-1.672160000000000082e+02 6.953600000000000136e+01 1.488899999999999935e+01 2.359999999999999876e-01
-2.477009999999999934e+02 5.756300000000000239e+01 4.309999999999999609e+00 2.000000000000000111e-01
-2.445860000000000127e+02 3.924300000000000210e+01 -7.988000000000000433e+00 1.280000000000000027e-01
-1.600639999999999930e+02 2.553699999999999903e+01 -1.685699999999999932e+01 3.799999999999999906e-02
-9.663299999999999557e+01 1.691199999999999903e+01 -1.983899999999999864e+01 -6.400000000000000133e-02
-1.247720000000000056e+02 1.227599999999999980e+01 -1.770899999999999963e+01 -1.580000000000000016e-01
-1.708209999999999980e+02 1.183600000000000030e+01 -1.243699999999999939e+01 -2.020000000000000129e-01
-1.011020000000000039e+02 1.752400000000000091e+01 -5.554999999999999716e+00 -1.670000000000000095e-01
8.823000000000000398e+01 3.086299999999999955e+01 1.635000000000000009e+00 -6.600000000000000311e-02
2.277709999999999866e+02 4.228000000000000114e+01 5.975999999999999979e+00 3.599999999999999728e-02
1.802899999999999920e+02 3.585199999999999676e+01 3.967999999999999972e+00 6.600000000000000311e-02
3.273700000000000188e+01 1.773100000000000165e+01 -1.217000000000000082e+00 2.999999999999999889e-02
-3.567999999999999972e+01 1.771999999999999886e+01 -6.260000000000000009e-01 4.299999999999999656e-02
-1.187599999999999945e+01 4.444299999999999784e+01 6.919999999999999929e+00 1.700000000000000122e-01
-1.017800000000000082e+01 6.534699999999999420e+01 1.069699999999999918e+01 2.730000000000000204e-01
-3.095700000000000074e+01 5.653699999999999903e+01 4.810999999999999943e+00 1.859999999999999987e-01
4.273100000000000165e+01 4.400099999999999767e+01 -1.018000000000000016e+00 1.799999999999999864e-02
2.075569999999999879e+02 5.848599999999999710e+01 3.104000000000000092e+00 3.300000000000000155e-02
2.940240000000000009e+02 7.738899999999999579e+01 1.133900000000000041e+01 2.230000000000000038e-01
2.124250000000000114e+02 5.912500000000000000e+01 1.265799999999999947e+01 3.109999999999999987e-01
8.918699999999999761e+01 1.282699999999999996e+01 7.740000000000000213e+00 1.799999999999999933e-01
8.426399999999999579e+01 -1.586599999999999966e+01 4.261000000000000121e+00 3.000000000000000062e-03
1.904279999999999973e+02 -1.300300000000000011e+01 3.834000000000000075e+00 -6.800000000000000488e-02
2.790919999999999845e+02 -6.458999999999999631e+00 3.834999999999999964e+00 -6.099999999999999867e-02
2.505560000000000116e+02 -1.754200000000000159e+01 4.772000000000000242e+00 -3.200000000000000067e-02
1.097549999999999955e+02 -3.672099999999999653e+01 8.196999999999999176e+00 -1.200000000000000025e-02
-3.141300000000000026e+01 -4.376500000000000057e+01 1.278200000000000003e+01 -5.999999999999999778e-02
-4.981099999999999994e+01 -3.072500000000000142e+01 1.554400000000000048e+01 -1.829999999999999960e-01
3.791899999999999693e+01 -7.536999999999999922e+00 1.400600000000000023e+01 -2.690000000000000169e-01
7.963100000000000023e+01 5.578999999999999737e+00 7.746000000000000441e+00 -2.379999999999999893e-01
-2.117399999999999949e+01 -2.548999999999999932e+00 -7.690000000000000169e-01 -1.419999999999999873e-01
-1.870029999999999859e+02 -2.045599999999999952e+01 -7.814000000000000057e+00 -6.600000000000000311e-02
-2.754730000000000132e+02 -2.934499999999999886e+01 -1.110299999999999976e+01 -2.800000000000000058e-02
-2.489639999999999986e+02 -2.721799999999999997e+01 -1.120100000000000051e+01 -1.600000000000000033e-02
-1.830699999999999932e+02 -2.580699999999999861e+01 -1.189899999999999913e+01 -3.899999999999999994e-02
-1.361469999999999914e+02 -3.147400000000000020e+01 -1.720700000000000074e+01 -1.069999999999999979e-01
-7.581600000000000250e+01 -3.913300000000000267e+01 -2.419000000000000128e+01 -1.799999999999999933e-01
4.624600000000000222e+01 -3.990500000000000114e+01 -2.387699999999999889e+01 -1.680000000000000104e-01
1.868950000000000102e+02 -3.187699999999999889e+01 -1.475900000000000034e+01 -2.299999999999999961e-02
2.324329999999999927e+02 -2.245299999999999940e+01 -7.278999999999999915e+00 1.729999999999999871e-01
1.376459999999999866e+02 -1.839799999999999969e+01 -9.499000000000000554e+00 2.720000000000000195e-01
-5.979000000000000092e+00 -1.939199999999999946e+01 -1.676899999999999835e+01 2.129999999999999949e-01
-7.906900000000000261e+01 -2.139699999999999847e+01 -2.038200000000000145e+01 7.599999999999999811e-02
-6.910599999999999454e+01 -1.924800000000000111e+01 -1.914199999999999946e+01 -1.299999999999999940e-02
-4.881300000000000239e+01 -9.882999999999999119e+00 -1.646300000000000097e+01 -0.000000000000000000e+00
-5.928600000000000136e+01 1.977999999999999980e+00 -1.215600000000000058e+01 4.200000000000000261e-02
-7.578300000000000125e+01 8.393000000000000682e+00 -4.586000000000000298e+00 4.000000000000000083e-03
-7.411299999999999955e+01 1.073900000000000077e+01 4.067999999999999616e+00 -1.069999999999999979e-01
-7.291100000000000136e+01 1.826500000000000057e+01 1.129100000000000037e+01 -1.739999999999999880e-01
-9.542499999999999716e+01 3.252000000000000313e+01 1.792800000000000082e+01 -1.469999999999999918e-01
-1.235709999999999980e+02 4.327100000000000080e+01 2.395700000000000074e+01 -9.700000000000000289e-02
-1.188930000000000007e+02 4.236099999999999710e+01 2.586400000000000077e+01 -6.900000000000000577e-02
-8.064400000000000546e+01 3.321900000000000119e+01 2.162699999999999889e+01 -2.999999999999999889e-02
-5.207600000000000051e+01 2.316000000000000014e+01 1.467999999999999972e+01 1.899999999999999953e-02
-6.081400000000000006e+01 1.405400000000000027e+01 1.125099999999999945e+01 3.200000000000000067e-02
-8.584300000000000352e+01 5.411999999999999922e+00 1.544599999999999973e+01 -3.000000000000000062e-03
-9.832800000000000296e+01 -2.125999999999999890e+00 2.516000000000000014e+01 -4.100000000000000172e-02
-9.845000000000000284e+01 -1.031499999999999950e+01 3.151899999999999835e+01 -5.399999999999999939e-02
-9.458799999999999386e+01 -2.028600000000000136e+01 2.701599999999999824e+01 -7.000000000000000666e-02
-8.040800000000000125e+01 -2.662500000000000000e+01 1.472799999999999976e+01 -8.799999999999999489e-02
-5.292000000000000171e+01 -2.546999999999999886e+01 3.681999999999999940e+00 -5.800000000000000294e-02
-2.811299999999999955e+01 -2.283800000000000097e+01 -3.279999999999999805e+00 2.000000000000000042e-02
-1.877499999999999858e+01 -2.448600000000000065e+01 -1.039600000000000080e+01 7.799999999999999989e-02
-1.614300000000000068e+01 -2.649699999999999989e+01 -1.941000000000000014e+01 8.999999999999999667e-02
-7.171000000000000263e+00 -2.252799999999999869e+01 -2.567899999999999849e+01 8.300000000000000433e-02
9.064000000000000057e+00 -1.017399999999999949e+01 -2.458500000000000085e+01 5.899999999999999689e-02
2.729700000000000060e+01 9.707000000000000739e+00 -1.804899999999999949e+01 1.600000000000000033e-02
4.076500000000000057e+01 2.920200000000000173e+01 -1.283900000000000041e+01 -1.600000000000000033e-02
4.225300000000000011e+01 3.574300000000000210e+01 -1.325500000000000078e+01 -1.099999999999999936e-02
3.314300000000000068e+01 2.922700000000000031e+01 -1.709499999999999886e+01 1.499999999999999944e-02
2.503200000000000003e+01 2.493900000000000006e+01 -1.928099999999999881e+01 4.800000000000000100e-02
2.548000000000000043e+01 2.894000000000000128e+01 -1.778699999999999903e+01 9.900000000000000466e-02
2.964699999999999847e+01 2.647700000000000031e+01 -1.467800000000000082e+01 1.580000000000000016e-01
3.028099999999999881e+01 7.360000000000000320e+00 -1.250799999999999912e+01 1.729999999999999871e-01
2.909299999999999997e+01 -1.365199999999999925e+01 -1.152599999999999980e+01 1.229999999999999982e-01
3.250900000000000034e+01 -1.706200000000000117e+01 -1.003299999999999947e+01 4.800000000000000100e-02
4.017799999999999727e+01 -7.573000000000000398e+00 -6.379999999999999893e+00 0.000000000000000000e+00
4.434300000000000352e+01 -8.288000000000000256e+00 -1.306000000000000050e+00 -8.999999999999999320e-03
4.028199999999999648e+01 -3.034199999999999875e+01 2.625999999999999890e+00 0.000000000000000000e+00
3.330299999999999727e+01 -5.915299999999999869e+01 5.320999999999999730e+00 1.600000000000000033e-02
3.368599999999999994e+01 -7.198900000000000432e+01 9.192999999999999616e+00 5.700000000000000205e-02
4.361399999999999721e+01 -6.212700000000000244e+01 1.342699999999999960e+01 1.140000000000000041e-01
5.210399999999999920e+01 -4.391599999999999682e+01 1.363599999999999923e+01 1.330000000000000071e-01
5.161099999999999710e+01 -3.743699999999999761e+01 8.221000000000000085e+00 1.059999999999999970e-01
5.282800000000000296e+01 -4.740299999999999869e+01 8.920000000000000151e-01 8.699999999999999400e-02
6.471099999999999852e+01 -6.020600000000000307e+01 -3.108000000000000096e+00 8.699999999999999400e-02
7.160800000000000409e+01 -6.373599999999999710e+01 -1.854000000000000092e+00 4.200000000000000261e-02
5.471600000000000108e+01 -5.782000000000000028e+01 1.860000000000000098e+00 -5.700000000000000205e-02
2.506800000000000139e+01 -4.462700000000000244e+01 4.383000000000000007e+00 -1.350000000000000089e-01
1.287500000000000000e+01 -2.791900000000000048e+01 5.227999999999999758e+00 -1.409999999999999865e-01
3.053900000000000148e+01 -1.820200000000000173e+01 5.993999999999999773e+00 -9.500000000000000111e-02
6.423000000000000398e+01 -1.680999999999999872e+01 8.300000000000000711e+00 -3.099999999999999978e-02
9.827599999999999625e+01 -5.078000000000000291e+00 1.336500000000000021e+01 2.800000000000000058e-02
1.267369999999999948e+02 2.659400000000000119e+01 1.999899999999999878e+01 4.900000000000000189e-02
1.396250000000000000e+02 5.458200000000000074e+01 2.424899999999999878e+01 2.000000000000000042e-02
1.222740000000000009e+02 5.292600000000000193e+01 2.394200000000000017e+01 -2.500000000000000139e-02
7.773999999999999488e+01 3.255299999999999727e+01 2.092200000000000060e+01 -3.699999999999999817e-02
3.092200000000000060e+01 2.493900000000000006e+01 1.755099999999999838e+01 3.000000000000000062e-03
1.280999999999999917e+00 3.854200000000000159e+01 1.431499999999999950e+01 6.099999999999999867e-02
-1.428700000000000081e+01 5.399499999999999744e+01 1.161800000000000033e+01 6.900000000000000577e-02
-2.484499999999999886e+01 5.591299999999999670e+01 1.077500000000000036e+01 3.000000000000000062e-03
-2.631400000000000006e+01 4.802100000000000080e+01 1.157799999999999940e+01 -8.200000000000000344e-02
-1.350799999999999912e+01 3.890800000000000125e+01 1.109600000000000009e+01 -1.270000000000000018e-01
8.120000000000000551e-01 3.332500000000000284e+01 7.246000000000000441e+00 -1.209999999999999964e-01
2.198999999999999844e+00 3.745000000000000284e+01 2.414000000000000146e+00 -7.499999999999999722e-02
-2.194999999999999840e+00 5.411800000000000210e+01 9.220000000000000417e-01 -1.899999999999999953e-02
-1.159000000000000030e+00 7.337000000000000455e+01 2.842999999999999972e+00 2.000000000000000042e-03
-4.155000000000000249e+00 8.253199999999999648e+01 3.291999999999999815e+00 -1.200000000000000025e-02
-2.461499999999999844e+01 8.249200000000000443e+01 -4.309999999999999942e-01 -1.000000000000000021e-03
-5.268299999999999983e+01 8.199200000000000443e+01 -4.644000000000000128e+00 4.000000000000000083e-02
-6.554900000000000659e+01 8.044499999999999318e+01 -5.581000000000000405e+00 3.799999999999999906e-02
-5.626599999999999824e+01 6.956699999999999307e+01 -4.887999999999999901e+00 -2.000000000000000042e-02
-3.797699999999999676e+01 5.028699999999999903e+01 -5.278999999999999915e+00 -4.900000000000000189e-02
-2.546699999999999875e+01 3.333100000000000307e+01 -6.508000000000000007e+00 -1.700000000000000122e-02
-2.208099999999999952e+01 2.138599999999999923e+01 -7.400999999999999801e+00 5.000000000000000104e-03
-2.483699999999999974e+01 5.104000000000000092e+00 -7.568999999999999950e+00 -2.599999999999999881e-02
-3.385999999999999943e+01 -1.991499999999999915e+01 -7.365000000000000213e+00 -7.599999999999999811e-02
-4.595199999999999818e+01 -4.390400000000000347e+01 -7.458999999999999631e+00 -1.029999999999999943e-01
-4.841700000000000159e+01 -5.476500000000000057e+01 -8.246000000000000441e+00 -8.999999999999999667e-02
-3.729599999999999937e+01 -5.237199999999999989e+01 -1.030400000000000027e+01 -5.899999999999999689e-02
-2.911400000000000077e+01 -4.705700000000000216e+01 -1.392099999999999937e+01 -5.399999999999999939e-02
-3.413300000000000267e+01 -4.584599999999999653e+01 -1.676300000000000168e+01 -8.999999999999999667e-02
-3.356499999999999773e+01 -4.308299999999999841e+01 -1.487500000000000000e+01 -1.280000000000000027e-01
-7.048000000000000043e+00 -2.829400000000000048e+01 -8.132999999999999119e+00 -1.219999999999999973e-01
3.145100000000000051e+01 -3.964999999999999858e+00 -1.362999999999999989e+00 -7.199999999999999456e-02
5.260000000000000142e+01 1.292900000000000027e+01 2.205999999999999961e+00 2.000000000000000042e-03
5.566799999999999926e+01 1.212100000000000044e+01 4.480000000000000426e+00 1.000000000000000056e-01
6.342199999999999704e+01 3.048999999999999932e+00 7.820000000000000284e+00 2.169999999999999984e-01
7.775199999999999534e+01 -1.451999999999999957e+00 1.088700000000000045e+01 2.909999999999999809e-01
6.789799999999999613e+01 -4.642000000000000348e+00 1.010699999999999932e+01 2.260000000000000064e-01
8.221000000000000085e+00 -1.673999999999999844e+01 3.262000000000000011e+00 2.699999999999999969e-02
-8.501600000000000534e+01 -3.453600000000000136e+01 -7.373999999999999666e+00 -1.539999999999999980e-01
-1.573410000000000082e+02 -4.413199999999999790e+01 -1.554800000000000004e+01 -1.880000000000000004e-01
-1.602419999999999902e+02 -3.875999999999999801e+01 -1.701899999999999835e+01 -1.150000000000000050e-01
-1.022780000000000058e+02 -2.365599999999999881e+01 -1.317399999999999949e+01 -4.800000000000000100e-02
-4.211099999999999710e+01 -6.339999999999999858e+00 -7.541000000000000369e+00 8.999999999999999320e-03
-1.898900000000000077e+01 1.037400000000000055e+01 -2.632000000000000117e+00 1.010000000000000064e-01
-1.985699999999999932e+01 2.338800000000000168e+01 7.000000000000000666e-02 1.920000000000000040e-01
-2.428600000000000136e+01 2.353800000000000026e+01 4.129999999999999782e-01 2.059999999999999887e-01
-3.757900000000000063e+01 5.650999999999999801e+00 -9.809999999999999831e-01 1.340000000000000080e-01
-5.910699999999999932e+01 -1.819600000000000151e+01 -4.115999999999999659e+00 3.599999999999999728e-02
-6.085900000000000176e+01 -2.963400000000000034e+01 -8.830999999999999517e+00 -2.699999999999999969e-02
-2.798000000000000043e+01 -2.638700000000000045e+01 -1.289700000000000024e+01 -4.499999999999999833e-02
1.197100000000000009e+01 -2.125000000000000000e+01 -1.319500000000000028e+01 -4.299999999999999656e-02
2.319999999999999929e+01 -2.412099999999999866e+01 -1.015399999999999991e+01 -3.599999999999999728e-02
2.615000000000000213e+00 -3.463300000000000267e+01 -8.070999999999999730e+00 -1.700000000000000122e-02
-2.052700000000000102e+01 -4.395000000000000284e+01 -8.346999999999999531e+00 -8.999999999999999320e-03
-1.580499999999999972e+01 -3.890899999999999892e+01 -6.785999999999999588e+00 -2.699999999999999969e-02
1.356700000000000017e+01 -1.575999999999999979e+01 -4.149999999999999800e-01 -3.300000000000000155e-02
3.057600000000000051e+01 9.833999999999999631e+00 8.743999999999999773e+00 1.400000000000000029e-02
1.066399999999999970e+01 1.926399999999999935e+01 1.879599999999999937e+01 8.699999999999999400e-02
-2.117800000000000082e+01 1.429899999999999949e+01 2.930499999999999972e+01 1.140000000000000041e-01
-1.813800000000000168e+01 1.127899999999999991e+01 3.546300000000000097e+01 5.899999999999999689e-02
2.710500000000000043e+01 1.737399999999999878e+01 3.022800000000000153e+01 -3.099999999999999978e-02
7.043899999999999295e+01 2.470700000000000074e+01 1.467399999999999949e+01 -8.400000000000000522e-02
7.287199999999999989e+01 2.406599999999999895e+01 -1.475000000000000089e+00 -8.899999999999999578e-02
4.666299999999999670e+01 1.525099999999999945e+01 -1.008200000000000074e+01 -6.800000000000000488e-02
2.832900000000000063e+01 4.100999999999999979e+00 -1.084999999999999964e+01 -2.800000000000000058e-02
2.774099999999999966e+01 -6.211999999999999744e+00 -8.845000000000000639e+00 8.000000000000000167e-03
2.729299999999999926e+01 -1.551500000000000057e+01 -8.416000000000000369e+00 -3.000000000000000062e-03
1.414100000000000001e+01 -1.930099999999999838e+01 -9.486000000000000654e+00 -5.199999999999999761e-02
-9.855000000000000426e+00 -1.475300000000000011e+01 -8.856999999999999318e+00 -7.499999999999999722e-02
-3.773799999999999955e+01 -1.503299999999999947e+01 -4.753999999999999559e+00 -3.699999999999999817e-02
-5.817000000000000171e+01 -3.475800000000000267e+01 -5.510000000000000453e-01 1.899999999999999953e-02
-5.688000000000000256e+01 -5.926200000000000045e+01 -1.655000000000000027e+00 4.299999999999999656e-02
-3.286399999999999721e+01 -5.832600000000000051e+01 -6.168999999999999595e+00 3.599999999999999728e-02
-4.990000000000000213e+00 -3.165500000000000114e+01 -4.365000000000000213e+00 1.700000000000000122e-02
8.378000000000000114e+00 -7.118000000000000327e+00 6.370000000000000107e+00 -1.000000000000000021e-02
7.578000000000000291e+00 3.100999999999999979e+00 1.350200000000000067e+01 -4.800000000000000100e-02
3.234999999999999876e+00 9.538999999999999702e+00 5.708000000000000185e+00 -9.299999999999999933e-02
1.850999999999999979e+00 1.571799999999999997e+01 -9.935000000000000497e+00 -1.260000000000000009e-01
5.123000000000000220e+00 1.574900000000000055e+01 -1.819800000000000040e+01 -1.239999999999999991e-01
1.281400000000000006e+01 1.492500000000000071e+01 -1.673300000000000054e+01 -8.699999999999999400e-02
2.285600000000000165e+01 2.260000000000000142e+01 -1.510500000000000043e+01 -4.700000000000000011e-02
3.398199999999999932e+01 2.967899999999999849e+01 -1.791199999999999903e+01 -4.900000000000000189e-02
4.690500000000000114e+01 1.827499999999999858e+01 -1.995799999999999841e+01 -9.199999999999999845e-02
6.088799999999999812e+01 -8.462999999999999190e+00 -1.520599999999999952e+01 -1.049999999999999961e-01
7.190200000000000102e+01 -2.546399999999999864e+01 -3.210999999999999854e+00 -3.699999999999999817e-02
7.233799999999999386e+01 -1.624699999999999989e+01 1.026299999999999990e+01 6.400000000000000133e-02
5.289000000000000057e+01 7.677999999999999936e+00 1.662999999999999901e+01 1.039999999999999952e-01
1.361500000000000021e+01 2.148999999999999844e+01 1.406499999999999950e+01 6.099999999999999867e-02
-2.770899999999999963e+01 1.557900000000000063e+01 1.146700000000000053e+01 5.000000000000000104e-03
-4.752199999999999847e+01 3.456999999999999851e+00 1.491000000000000014e+01 8.000000000000000167e-03
-3.641400000000000148e+01 -2.755999999999999783e+00 1.645799999999999841e+01 6.300000000000000044e-02
-6.908999999999999808e+00 -1.517900000000000027e+01 6.741999999999999993e+00 1.209999999999999964e-01
1.596100000000000030e+01 -4.862899999999999778e+01 -7.947000000000000064e+00 1.539999999999999980e-01
1.699500000000000099e+01 -8.485299999999999443e+01 -1.172499999999999964e+01 1.610000000000000042e-01
4.442000000000000171e+00 -8.934699999999999420e+01 7.780000000000000249e-01 1.439999999999999891e-01
-3.479999999999999982e+00 -5.655799999999999983e+01 1.851000000000000156e+01 1.059999999999999970e-01
-8.000000000000000167e-02 -9.416999999999999815e+00 2.854200000000000159e+01 6.600000000000000311e-02
7.641000000000000014e+00 3.374900000000000233e+01 2.947200000000000131e+01 3.899999999999999994e-02
1.164300000000000068e+01 6.767900000000000205e+01 2.653500000000000014e+01 1.499999999999999944e-02
1.053999999999999915e+01 8.959199999999999875e+01 2.018599999999999994e+01 -2.100000000000000130e-02
7.315999999999999837e+00 1.007409999999999997e+02 6.556000000000000050e+00 -4.900000000000000189e-02
4.556000000000000050e+00 1.092570000000000050e+02 -1.421700000000000053e+01 -3.099999999999999978e-02
2.729000000000000092e+00 1.164869999999999948e+02 -3.608100000000000307e+01 2.199999999999999872e-02
1.794000000000000039e+00 1.100619999999999976e+02 -5.184100000000000108e+01 3.500000000000000333e-02
3.294000000000000039e+00 8.470499999999999829e+01 -5.700200000000000244e+01 -3.899999999999999994e-02
9.432000000000000384e+00 5.677000000000000313e+01 -5.240500000000000114e+01 -1.260000000000000009e-01
1.952100000000000080e+01 4.246999999999999886e+01 -4.427199999999999847e+01 -1.229999999999999982e-01
2.823799999999999955e+01 3.667199999999999704e+01 -3.764500000000000313e+01 -5.000000000000000278e-02
2.893100000000000094e+01 2.509600000000000009e+01 -3.176899999999999835e+01 -3.000000000000000062e-03
2.000400000000000134e+01 2.908999999999999808e+00 -2.596199999999999974e+01 -1.299999999999999940e-02
6.625000000000000000e+00 -2.457600000000000051e+01 -2.490200000000000102e+01 -2.400000000000000050e-02
-4.972000000000000419e+00 -4.998400000000000176e+01 -3.198900000000000077e+01 -3.000000000000000062e-03
-1.199200000000000088e+01 -7.040399999999999636e+01 -4.128499999999999659e+01 8.000000000000000167e-03
-1.448499999999999943e+01 -8.612699999999999534e+01 -4.215699999999999648e+01 -3.099999999999999978e-02
-1.440499999999999936e+01 -9.211299999999999955e+01 -2.979299999999999926e+01 -8.000000000000000167e-02
-1.386200000000000010e+01 -7.954900000000000659e+01 -8.169999999999999929e+00 -6.300000000000000044e-02
-1.334200000000000053e+01 -5.154999999999999716e+01 1.405899999999999928e+01 7.000000000000000146e-03
-1.360299999999999976e+01 -2.571999999999999886e+01 2.967200000000000060e+01 5.399999999999999939e-02
-1.609900000000000020e+01 -1.481099999999999994e+01 3.755599999999999739e+01 5.299999999999999850e-02
-2.001999999999999957e+01 -1.618700000000000117e+01 4.066599999999999682e+01 3.899999999999999994e-02
-2.303699999999999903e+01 -2.251200000000000045e+01 4.103699999999999903e+01 2.500000000000000139e-02
-2.436400000000000077e+01 -2.947400000000000020e+01 4.065200000000000102e+01 -4.000000000000000083e-03
-2.381800000000000139e+01 -3.210900000000000176e+01 4.278000000000000114e+01 -4.599999999999999922e-02
-2.024299999999999855e+01 -2.664099999999999824e+01 4.773700000000000188e+01 -5.899999999999999689e-02
-1.419100000000000072e+01 -1.667099999999999937e+01 5.162700000000000244e+01 -2.199999999999999872e-02
-9.545999999999999375e+00 -6.706999999999999851e+00 5.186500000000000199e+01 3.200000000000000067e-02
-9.246999999999999886e+00 7.807999999999999829e+00 5.007699999999999818e+01 4.399999999999999745e-02
-1.169699999999999918e+01 3.104100000000000037e+01 4.832500000000000284e+01 1.600000000000000033e-02
-1.337299999999999933e+01 5.008100000000000307e+01 4.688400000000000034e+01 2.000000000000000042e-03
-1.314600000000000080e+01 4.586899999999999977e+01 4.678099999999999881e+01 1.799999999999999864e-02
-1.266999999999999993e+01 2.273900000000000077e+01 4.819400000000000261e+01 3.200000000000000067e-02
-1.271799999999999997e+01 6.293000000000000149e+00 4.726700000000000301e+01 3.599999999999999728e-02
-1.115099999999999980e+01 8.800000000000000711e+00 4.269200000000000017e+01 5.899999999999999689e-02
-6.900000000000000355e+00 1.778699999999999903e+01 4.051899999999999835e+01 9.600000000000000200e-02
-3.435000000000000053e+00 2.011899999999999977e+01 4.506700000000000017e+01 1.089999999999999997e-01
-4.003000000000000114e+00 1.817999999999999972e+01 5.349699999999999989e+01 9.099999999999999756e-02
-6.155999999999999694e+00 1.898000000000000043e+01 6.174699999999999989e+01 7.499999999999999722e-02
-6.044999999999999929e+00 2.099899999999999878e+01 6.518500000000000227e+01 7.099999999999999367e-02
-4.517000000000000348e+00 1.856800000000000139e+01 5.666799999999999926e+01 5.099999999999999672e-02
-4.088000000000000078e+00 8.144999999999999574e+00 3.552900000000000347e+01 2.000000000000000042e-02
-4.328999999999999737e+00 -1.596700000000000053e+01 1.352200000000000024e+01 2.000000000000000042e-02
-3.229000000000000092e+00 -5.353600000000000136e+01 2.419999999999999929e+00 5.600000000000000117e-02
8.750000000000000000e-01 -8.161899999999999977e+01 7.349999999999999867e-01 8.200000000000000344e-02
8.071999999999999176e+00 -7.369299999999999784e+01 -1.624000000000000110e+00 7.199999999999999456e-02
1.413299999999999912e+01 -3.640400000000000347e+01 -1.125000000000000000e+01 5.800000000000000294e-02
1.272799999999999976e+01 1.042000000000000037e+00 -2.794200000000000017e+01 7.099999999999999367e-02
3.592000000000000082e+00 2.473300000000000054e+01 -4.791599999999999682e+01 8.400000000000000522e-02
-6.233999999999999986e+00 3.666799999999999926e+01 -6.524200000000000443e+01 4.499999999999999833e-02
-1.117500000000000071e+01 3.506300000000000239e+01 -7.400400000000000489e+01 -3.300000000000000155e-02
-1.182499999999999929e+01 2.146999999999999886e+01 -7.389400000000000546e+01 -6.500000000000000222e-02
-1.056499999999999950e+01 1.158799999999999919e+01 -7.056499999999999773e+01 -2.299999999999999961e-02
-8.358999999999999986e+00 1.470800000000000018e+01 -6.890699999999999648e+01 5.000000000000000104e-03
-6.049000000000000377e+00 1.585599999999999987e+01 -6.933400000000000318e+01 -4.900000000000000189e-02
-3.779999999999999805e+00 -1.108999999999999986e+00 -6.872599999999999909e+01 -1.239999999999999991e-01
8.719999999999999973e-01 -2.480799999999999983e+01 -6.142000000000000171e+01 -1.479999999999999927e-01
1.017300000000000004e+01 -2.915299999999999869e+01 -4.171200000000000330e+01 -1.409999999999999865e-01
2.156099999999999994e+01 -6.149000000000000021e+00 -9.808999999999999275e+00 -1.459999999999999909e-01
2.856899999999999906e+01 2.728800000000000026e+01 2.232100000000000151e+01 -1.499999999999999944e-01
2.659100000000000108e+01 4.831099999999999994e+01 3.596600000000000108e+01 -1.459999999999999909e-01
1.660999999999999943e+01 4.365999999999999659e+01 2.456599999999999895e+01 -1.600000000000000033e-01
4.743999999999999773e+00 1.300399999999999956e+01 2.059000000000000163e+00 -1.900000000000000022e-01
-1.141000000000000014e+00 -2.607300000000000040e+01 -1.517999999999999972e+01 -1.799999999999999933e-01
2.173999999999999932e+00 -4.046500000000000341e+01 -2.468299999999999983e+01 -1.239999999999999991e-01
9.108999999999999986e+00 -1.410299999999999976e+01 -3.087600000000000122e+01 -7.399999999999999634e-02
1.179199999999999982e+01 2.578099999999999881e+01 -3.531199999999999761e+01 -5.299999999999999850e-02
1.048700000000000010e+01 4.185999999999999943e+01 -3.936599999999999966e+01 -3.000000000000000062e-03
1.148199999999999932e+01 3.572200000000000131e+01 -4.543099999999999739e+01 9.900000000000000466e-02
1.600400000000000134e+01 3.602000000000000313e+01 -5.122999999999999687e+01 1.779999999999999916e-01
1.849399999999999977e+01 5.017799999999999727e+01 -5.171900000000000119e+01 1.469999999999999918e-01
1.468800000000000061e+01 5.493999999999999773e+01 -4.869899999999999807e+01 2.299999999999999961e-02
5.961999999999999744e+00 3.168599999999999994e+01 -5.003900000000000148e+01 -9.600000000000000200e-02
-2.161000000000000032e+00 -7.254999999999999893e+00 -5.803699999999999903e+01 -1.219999999999999973e-01
-2.865000000000000213e+00 -3.419100000000000250e+01 -6.583899999999999864e+01 -6.300000000000000044e-02
6.589999999999999858e+00 -3.896800000000000352e+01 -6.486100000000000421e+01 3.000000000000000062e-03
2.025900000000000034e+01 -3.366199999999999903e+01 -5.033500000000000085e+01 2.199999999999999872e-02
2.862000000000000099e+01 -2.852299999999999969e+01 -2.353900000000000148e+01 2.000000000000000042e-02
2.839199999999999946e+01 -1.982400000000000162e+01 5.472999999999999865e+00 2.699999999999999969e-02
2.223000000000000043e+01 -3.642999999999999794e+00 2.247500000000000142e+01 1.899999999999999953e-02
1.200600000000000023e+01 1.176900000000000013e+01 2.274899999999999878e+01 -3.599999999999999728e-02
-3.300000000000000155e-01 1.457199999999999918e+01 1.624699999999999989e+01 -1.019999999999999934e-01
-9.853999999999999204e+00 4.339999999999999858e+00 1.507399999999999984e+01 -1.229999999999999982e-01
-1.356900000000000084e+01 -8.532000000000000028e+00 2.078399999999999892e+01 -9.800000000000000377e-02
-1.375600000000000023e+01 -1.607600000000000051e+01 2.811899999999999977e+01 -7.499999999999999722e-02
-1.340600000000000058e+01 -2.029700000000000060e+01 3.547099999999999653e+01 -6.500000000000000222e-02
-1.320400000000000063e+01 -2.732499999999999929e+01 4.427600000000000335e+01 -3.799999999999999906e-02
-1.337700000000000067e+01 -3.633500000000000085e+01 5.170000000000000284e+01 1.299999999999999940e-02
-1.430300000000000082e+01 -3.957300000000000040e+01 5.310699999999999932e+01 5.500000000000000028e-02
-1.536299999999999955e+01 -3.532600000000000051e+01 5.019700000000000273e+01 6.800000000000000488e-02
-1.532000000000000028e+01 -3.087500000000000000e+01 4.857399999999999807e+01 7.699999999999999900e-02
-1.393800000000000061e+01 -2.870499999999999829e+01 4.936800000000000210e+01 1.120000000000000023e-01
-1.238599999999999923e+01 -2.182799999999999940e+01 5.019500000000000028e+01 1.640000000000000069e-01
-1.182199999999999918e+01 -6.527000000000000135e+00 5.240999999999999659e+01 1.940000000000000058e-01
-1.256900000000000084e+01 1.022700000000000031e+01 6.209700000000000131e+01 1.950000000000000067e-01
-1.420400000000000063e+01 1.978000000000000114e+01 8.112300000000000466e+01 1.869999999999999996e-01
-1.509600000000000009e+01 2.294399999999999906e+01 9.712399999999999523e+01 1.700000000000000122e-01
-1.357300000000000040e+01 2.708599999999999852e+01 9.217100000000000648e+01 1.350000000000000089e-01
-1.010800000000000054e+01 3.412199999999999989e+01 6.687300000000000466e+01 8.500000000000000611e-02
-6.530999999999999694e+00 3.968200000000000216e+01 4.139699999999999847e+01 1.499999999999999944e-02
-3.904999999999999805e+00 4.358200000000000074e+01 2.784400000000000119e+01 -6.400000000000000133e-02
-2.419999999999999929e+00 5.079699999999999704e+01 1.903600000000000136e+01 -9.900000000000000466e-02
-2.274999999999999911e+00 6.245100000000000051e+01 6.487000000000000099e+00 -6.600000000000000311e-02
-3.581999999999999851e+00 7.397599999999999909e+01 -7.942999999999999616e+00 -3.500000000000000333e-02
-5.636999999999999567e+00 7.979999999999999716e+01 -1.978300000000000125e+01 -5.099999999999999672e-02
-7.177999999999999936e+00 7.393800000000000239e+01 -2.925199999999999889e+01 -5.500000000000000028e-02
-7.105000000000000426e+00 4.933500000000000085e+01 -3.914500000000000313e+01 -3.000000000000000062e-03
-4.256000000000000227e+00 5.421999999999999709e+00 -4.936699999999999733e+01 5.700000000000000205e-02
2.359999999999999876e+00 -4.250999999999999801e+01 -5.456300000000000239e+01 8.400000000000000522e-02
1.133500000000000085e+01 -7.363100000000000023e+01 -4.998799999999999955e+01 1.049999999999999961e-01
1.777100000000000080e+01 -8.543099999999999739e+01 -4.015800000000000125e+01 1.229999999999999982e-01
1.735300000000000153e+01 -9.229900000000000659e+01 -3.592099999999999937e+01 1.100000000000000006e-01
1.182699999999999996e+01 -9.916899999999999693e+01 -4.081799999999999784e+01 8.699999999999999400e-02
7.387999999999999901e+00 -9.681900000000000261e+01 -4.560399999999999920e+01 7.900000000000000078e-02
6.844999999999999751e+00 -8.434000000000000341e+01 -3.952600000000000335e+01 5.999999999999999778e-02
6.972999999999999865e+00 -7.522599999999999909e+01 -2.312600000000000122e+01 2.999999999999999889e-02
4.708000000000000185e+00 -7.672299999999999898e+01 -6.480999999999999872e+00 3.799999999999999906e-02
9.889999999999999902e-01 -7.923699999999999477e+01 2.327999999999999847e+00 7.299999999999999545e-02
-2.563000000000000167e+00 -7.202100000000000080e+01 3.543000000000000149e+00 4.599999999999999922e-02
-5.216999999999999638e+00 -5.729599999999999937e+01 2.673000000000000043e+00 -3.899999999999999994e-02
-5.966999999999999638e+00 -4.340400000000000347e+01 4.753000000000000114e+00 -7.799999999999999989e-02
-4.892999999999999794e+00 -3.301500000000000057e+01 1.170599999999999952e+01 -3.300000000000000155e-02
-3.064999999999999947e+00 -2.277299999999999969e+01 2.364900000000000091e+01 3.200000000000000067e-02
-4.410000000000000031e-01 -9.477999999999999758e+00 3.973899999999999721e+01 5.800000000000000294e-02
2.656000000000000139e+00 5.751999999999999780e+00 5.489200000000000301e+01 3.799999999999999906e-02
4.450999999999999623e+00 1.816000000000000014e+01 5.988100000000000023e+01 -6.000000000000000125e-03
5.950999999999999623e+00 2.573699999999999832e+01 5.104200000000000159e+01 -3.699999999999999817e-02
1.263100000000000023e+01 3.338700000000000045e+01 3.643399999999999750e+01 -2.599999999999999881e-02
2.531899999999999906e+01 4.485300000000000153e+01 2.607700000000000173e+01 -3.000000000000000062e-03
3.283800000000000097e+01 5.451800000000000068e+01 1.937099999999999866e+01 -1.299999999999999940e-02
2.415200000000000102e+01 5.596099999999999852e+01 7.975999999999999979e+00 -4.399999999999999745e-02
5.176000000000000156e+00 5.234799999999999898e+01 -1.093800000000000061e+01 -5.000000000000000278e-02
-7.838000000000000078e+00 4.941499999999999915e+01 -3.057700000000000173e+01 -2.999999999999999889e-02
-8.922000000000000597e+00 4.593900000000000006e+01 -4.430499999999999972e+01 -1.700000000000000122e-02
-5.963000000000000078e+00 3.939699999999999847e+01 -5.348299999999999699e+01 -2.999999999999999889e-02
-6.381000000000000227e+00 3.329599999999999937e+01 -6.363000000000000256e+01 -6.400000000000000133e-02
-9.208999999999999631e+00 3.139399999999999835e+01 -7.677400000000000091e+01 -1.019999999999999934e-01
-1.049300000000000033e+01 3.096300000000000097e+01 -8.853799999999999670e+01 -1.170000000000000068e-01
-9.162000000000000810e+00 2.675499999999999901e+01 -9.320600000000000307e+01 -9.700000000000000289e-02
-7.246000000000000441e+00 1.709100000000000108e+01 -9.227200000000000557e+01 -6.400000000000000133e-02
-7.365999999999999659e+00 5.496999999999999886e+00 -9.201699999999999591e+01 -4.000000000000000083e-02
-9.605999999999999872e+00 -1.000000000000000000e+00 -9.131100000000000705e+01 -4.299999999999999656e-02
-1.078100000000000058e+01 1.586000000000000076e+00 -8.219799999999999329e+01 -7.199999999999999456e-02
-8.647999999999999687e+00 8.782999999999999474e+00 -6.336899999999999977e+01 -1.029999999999999943e-01
-5.477999999999999758e+00 1.375399999999999956e+01 -4.153799999999999670e+01 -1.049999999999999961e-01
-4.030999999999999694e+00 1.656500000000000128e+01 -2.106500000000000128e+01 -7.099999999999999367e-02
-3.020999999999999908e+00 2.124099999999999966e+01 -2.410000000000000142e+00 -3.300000000000000155e-02
-1.129999999999999893e+00 2.685900000000000176e+01 1.287800000000000011e+01 -3.200000000000000067e-02
-6.919999999999999485e-01 2.814099999999999824e+01 2.313700000000000045e+01 -7.199999999999999456e-02
-2.645999999999999908e+00 2.391600000000000037e+01 2.950600000000000023e+01 -1.150000000000000050e-01
-3.927999999999999936e+00 1.937800000000000011e+01 3.429299999999999926e+01 -1.330000000000000071e-01
-3.411000000000000032e+00 1.844500000000000028e+01 3.790599999999999881e+01 -1.409999999999999865e-01
-3.757000000000000117e+00 1.923799999999999955e+01 3.914500000000000313e+01 -1.439999999999999891e-01
-5.418999999999999595e+00 2.003099999999999881e+01 3.857900000000000063e+01 -1.160000000000000059e-01
-5.568999999999999950e+00 2.270200000000000173e+01 3.933800000000000097e+01 -5.999999999999999778e-02
-3.939999999999999947e+00 2.620499999999999829e+01 4.282300000000000040e+01 -2.400000000000000050e-02
-3.475000000000000089e+00 2.554500000000000171e+01 4.646399999999999864e+01 -2.299999999999999961e-02
-4.815000000000000391e+00 2.045599999999999952e+01 4.812299999999999756e+01 -2.599999999999999881e-02
-5.926000000000000156e+00 1.547000000000000064e+01 4.910999999999999943e+01 -1.400000000000000029e-02
-6.701999999999999957e+00 1.162599999999999945e+01 5.072399999999999665e+01 1.099999999999999936e-02
-8.260999999999999233e+00 5.966000000000000192e+00 5.165500000000000114e+01 4.700000000000000011e-02
-9.253000000000000114e+00 -3.100000000000000089e+00 5.037100000000000222e+01 7.099999999999999367e-02
-8.146000000000000796e+00 -1.425500000000000078e+01 4.707500000000000284e+01 6.900000000000000577e-02
-6.605999999999999872e+00 -2.625600000000000023e+01 4.211500000000000199e+01 5.500000000000000028e-02
-6.113000000000000433e+00 -3.920000000000000284e+01 3.515899999999999892e+01 4.200000000000000261e-02
-3.884999999999999787e+00 -5.068099999999999739e+01 2.801099999999999923e+01 2.299999999999999961e-02
3.751999999999999780e+00 -5.714500000000000313e+01 2.541499999999999915e+01 1.600000000000000033e-02
1.554899999999999949e+01 -6.126400000000000290e+01 3.000799999999999912e+01 4.399999999999999745e-02
2.672599999999999909e+01 -6.612399999999999523e+01 3.828600000000000136e+01 9.199999999999999845e-02
3.456799999999999784e+01 -6.307099999999999795e+01 4.359000000000000341e+01 1.170000000000000068e-01
3.899099999999999966e+01 -4.183100000000000307e+01 4.211500000000000199e+01 1.100000000000000006e-01
4.038799999999999812e+01 -9.861000000000000654e+00 3.521000000000000085e+01 9.600000000000000200e-02
3.884700000000000131e+01 1.465199999999999925e+01 2.630099999999999838e+01 8.999999999999999667e-02
3.302400000000000091e+01 2.453699999999999903e+01 1.718100000000000094e+01 7.900000000000000078e-02
2.227299999999999969e+01 2.454599999999999937e+01 8.326999999999999957e+00 5.600000000000000117e-02
1.098700000000000010e+01 1.730399999999999849e+01 9.180000000000000382e-01 3.099999999999999978e-02
4.815000000000000391e+00 2.875999999999999890e+00 -3.452999999999999847e+00 1.899999999999999953e-02
2.930000000000000160e+00 -1.096799999999999997e+01 -4.025000000000000355e+00 2.800000000000000058e-02
6.860000000000000542e-01 -1.213199999999999967e+01 -1.697000000000000064e+00 4.800000000000000100e-02
-1.983000000000000096e+00 -4.899999999999999911e-01 1.189999999999999947e-01 6.700000000000000400e-02
-2.044999999999999929e+00 9.737999999999999545e+00 -2.436999999999999833e+00 8.699999999999999400e-02
-9.749999999999999778e-01 7.823000000000000398e+00 -8.641999999999999460e+00 8.799999999999999489e-02
-3.043000000000000149e+00 -1.225000000000000089e+00 -1.323099999999999987e+01 5.199999999999999761e-02
-7.628000000000000114e+00 -5.381999999999999673e+00 -1.386800000000000033e+01 1.600000000000000033e-02
-1.017600000000000016e+01 -7.620000000000000107e-01 -1.428800000000000026e+01 2.500000000000000139e-02
-9.698000000000000398e+00 5.966999999999999638e+00 -1.711599999999999966e+01 5.600000000000000117e-02
-9.462999999999999190e+00 7.940999999999999837e+00 -1.960399999999999920e+01 5.899999999999999689e-02
-1.093599999999999994e+01 5.804000000000000270e+00 -1.976800000000000068e+01 3.699999999999999817e-02
-1.237100000000000044e+01 4.235000000000000320e+00 -2.048100000000000165e+01 2.999999999999999889e-02
-1.292999999999999972e+01 5.330000000000000071e+00 -2.411499999999999844e+01 3.400000000000000244e-02
-1.328100000000000058e+01 7.738999999999999879e+00 -2.739300000000000068e+01 2.699999999999999969e-02
-1.313599999999999923e+01 9.782000000000000028e+00 -2.564399999999999835e+01 2.199999999999999872e-02
-1.191499999999999915e+01 1.079800000000000004e+01 -2.032199999999999918e+01 3.599999999999999728e-02
-1.016300000000000026e+01 1.035899999999999999e+01 -1.722200000000000131e+01 4.299999999999999656e-02
-8.643000000000000682e+00 8.589000000000000412e+00 -1.810500000000000043e+01 2.199999999999999872e-02
-7.924000000000000377e+00 6.825999999999999623e+00 -1.955099999999999838e+01 -2.000000000000000042e-03
-8.291999999999999815e+00 5.951999999999999957e+00 -1.933200000000000074e+01 -1.600000000000000033e-02
-8.945999999999999730e+00 5.100999999999999979e+00 -1.850600000000000023e+01 -2.699999999999999969e-02
-9.060000000000000497e+00 3.573999999999999844e+00 -1.796199999999999974e+01 -2.699999999999999969e-02
-8.989000000000000767e+00 2.029999999999999805e+00 -1.744300000000000139e+01 -5.000000000000000104e-03
-8.922000000000000597e+00 6.540000000000000258e-01 -1.694699999999999918e+01 1.099999999999999936e-02
-8.342999999999999972e+00 -8.050000000000000488e-01 -1.640099999999999980e+01 -1.000000000000000021e-03
-6.985000000000000320e+00 -1.096000000000000085e+00 -1.526699999999999946e+01 -2.100000000000000130e-02
-4.951999999999999957e+00 7.870000000000000329e-01 -1.318699999999999939e+01 -1.600000000000000033e-02
-2.809000000000000163e+00 3.153000000000000025e+00 -1.066600000000000037e+01 2.000000000000000042e-03
-1.310999999999999943e+00 3.906000000000000139e+00 -9.384000000000000341e+00 1.000000000000000021e-03
-1.890000000000000013e-01 3.141000000000000014e+00 -1.058399999999999963e+01 -4.000000000000000083e-03
9.939999999999999947e-01 2.121999999999999886e+00 -1.276099999999999923e+01 1.299999999999999940e-02
1.024999999999999911e+00 1.701999999999999957e+00 -1.303899999999999970e+01 2.199999999999999872e-02
-9.799999999999999822e-01 1.846000000000000085e+00 -1.087199999999999989e+01 -8.999999999999999320e-03
-3.705000000000000071e+00 2.104000000000000092e+00 -8.617000000000000881e+00 -4.900000000000000189e-02
-6.447000000000000064e+00 2.669999999999999929e+00 -8.371000000000000441e+00 -5.299999999999999850e-02
-9.644000000000000128e+00 3.861000000000000210e+00 -9.196999999999999176e+00 -3.899999999999999994e-02
-1.163700000000000045e+01 4.964000000000000412e+00 -8.396000000000000796e+00 -4.299999999999999656e-02
-1.022199999999999953e+01 5.445000000000000284e+00 -5.653999999999999915e+00 -5.500000000000000028e-02
-6.519999999999999574e+00 6.211000000000000298e+00 -3.798000000000000043e+00 -5.700000000000000205e-02
-3.416999999999999815e+00 8.336000000000000298e+00 -4.525000000000000355e+00 -6.099999999999999867e-02
-2.331999999999999851e+00 1.039400000000000013e+01 -6.129999999999999893e+00 -7.099999999999999367e-02
-2.919999999999999929e+00 7.568999999999999950e+00 -6.519999999999999574e+00 -7.099999999999999367e-02
-3.289000000000000146e+00 -3.294999999999999929e+00 -5.996000000000000441e+00 -4.599999999999999922e-02
-8.649999999999999911e-01 -1.716199999999999903e+01 -5.493000000000000327e+00 -1.700000000000000122e-02
4.716999999999999638e+00 -2.483099999999999952e+01 -4.075999999999999623e+00 -1.400000000000000029e-02
1.134900000000000020e+01 -2.459499999999999886e+01 -9.220000000000000417e-01 -3.599999999999999728e-02
1.773900000000000077e+01 -2.353699999999999903e+01 1.860000000000000098e+00 -5.000000000000000278e-02
2.352700000000000102e+01 -2.683099999999999952e+01 1.518000000000000016e+00 -3.599999999999999728e-02
2.718900000000000006e+01 -3.307000000000000028e+01 -1.622999999999999998e+00 -1.000000000000000021e-02
2.751000000000000156e+01 -3.997800000000000153e+01 -5.333000000000000185e+00 7.000000000000000146e-03
2.477199999999999847e+01 -4.709700000000000131e+01 -8.848000000000000753e+00 1.000000000000000021e-02
1.902499999999999858e+01 -5.229500000000000171e+01 -1.179499999999999993e+01 -6.000000000000000125e-03
1.122400000000000020e+01 -5.212400000000000233e+01 -1.131600000000000072e+01 -3.200000000000000067e-02
5.190999999999999837e+00 -4.721300000000000097e+01 -5.269000000000000128e+00 -3.400000000000000244e-02
4.000000000000000000e+00 -4.208899999999999864e+01 3.237999999999999989e+00 -6.000000000000000125e-03
5.985000000000000320e+00 -3.834100000000000108e+01 9.535999999999999588e+00 1.000000000000000021e-02
6.916999999999999815e+00 -3.439800000000000324e+01 1.296000000000000085e+01 -1.499999999999999944e-02
4.942999999999999616e+00 -3.213000000000000256e+01 1.542699999999999960e+01 -5.600000000000000117e-02
2.262000000000000011e+00 -3.363400000000000034e+01 1.800300000000000011e+01 -8.100000000000000255e-02
1.391999999999999904e+00 -3.268900000000000006e+01 2.035699999999999932e+01 -8.300000000000000433e-02
9.649999999999999689e-01 -2.141400000000000148e+01 2.120599999999999952e+01 -7.299999999999999545e-02
-1.711000000000000076e+00 -2.229000000000000092e+00 1.988500000000000156e+01 -5.500000000000000028e-02
-5.551000000000000156e+00 1.663800000000000168e+01 1.815099999999999980e+01 -3.799999999999999906e-02
-7.296999999999999709e+00 3.162699999999999889e+01 1.787399999999999878e+01 -2.999999999999999889e-02
-6.565999999999999837e+00 4.372999999999999687e+01 1.738299999999999912e+01 -1.899999999999999953e-02
-5.809000000000000163e+00 5.402499999999999858e+01 1.405599999999999916e+01 2.000000000000000042e-03
-6.224999999999999645e+00 6.283500000000000085e+01 9.278000000000000469e+00 1.799999999999999864e-02
-6.597999999999999865e+00 6.978700000000000614e+01 6.599999999999999645e+00 1.899999999999999953e-02
-6.211999999999999744e+00 7.388899999999999579e+01 6.442000000000000171e+00 1.600000000000000033e-02
-5.613999999999999879e+00 7.575799999999999557e+01 6.264999999999999680e+00 1.899999999999999953e-02
-4.209999999999999964e+00 7.782200000000000273e+01 5.227999999999999758e+00 2.900000000000000147e-02
-1.451000000000000068e+00 7.892000000000000171e+01 5.354000000000000092e+00 2.900000000000000147e-02
1.130000000000000032e-01 7.242300000000000182e+01 7.232000000000000206e+00 1.200000000000000025e-02
-2.051000000000000156e+00 5.507200000000000273e+01 7.769999999999999574e+00 -1.200000000000000025e-02
-5.692999999999999616e+00 3.313300000000000267e+01 4.719999999999999751e+00 -3.400000000000000244e-02
-6.926000000000000156e+00 1.464100000000000001e+01 5.919999999999999707e-01 -3.899999999999999994e-02
-6.253000000000000114e+00 1.058999999999999941e+00 -6.500000000000000222e-01 -8.999999999999999320e-03
-7.054999999999999716e+00 -9.752000000000000668e+00 1.647999999999999909e+00 3.799999999999999906e-02
-9.775000000000000355e+00 -1.799800000000000111e+01 5.012999999999999901e+00 5.500000000000000028e-02
-1.141799999999999926e+01 -2.207300000000000040e+01 7.352999999999999758e+00 3.500000000000000333e-02
-9.955000000000000071e+00 -2.103900000000000148e+01 8.960000000000000853e+00 1.899999999999999953e-02
-6.459999999999999964e+00 -1.620499999999999829e+01 1.023000000000000043e+01 2.599999999999999881e-02
-3.072999999999999954e+00 -1.092300000000000004e+01 9.880000000000000782e+00 3.300000000000000155e-02
-6.939999999999999503e-01 -7.791000000000000369e+00 7.878000000000000114e+00 3.799999999999999906e-02
1.342999999999999972e+00 -6.355999999999999872e+00 6.426999999999999602e+00 5.899999999999999689e-02
3.942000000000000171e+00 -4.881000000000000227e+00 6.091000000000000192e+00 7.900000000000000078e-02
6.102999999999999758e+00 -3.208000000000000185e+00 5.256999999999999673e+00 6.700000000000000400e-02
5.948999999999999844e+00 -2.016999999999999904e+00 3.939000000000000057e+00 4.100000000000000172e-02
4.525000000000000355e+00 -9.789999999999999813e-01 3.569999999999999840e+00 3.699999999999999817e-02
4.573000000000000398e+00 1.920000000000000040e-01 3.500999999999999890e+00 4.100000000000000172e-02
5.722999999999999865e+00 7.469999999999999973e-01 1.925000000000000044e+00 2.699999999999999969e-02
5.453000000000000291e+00 5.099999999999999672e-02 -6.209999999999999964e-01 1.099999999999999936e-02
3.628000000000000114e+00 -1.840999999999999970e+00 -2.008000000000000007e+00 2.100000000000000130e-02
2.240000000000000213e+00 -4.650999999999999801e+00 -1.935000000000000053e+00 3.899999999999999994e-02
2.274000000000000021e+00 -7.759000000000000341e+00 -1.739000000000000101e+00 2.500000000000000139e-02
3.081999999999999851e+00 -9.782999999999999474e+00 -1.727000000000000091e+00 -7.000000000000000146e-03
3.346999999999999975e+00 -9.737000000000000099e+00 -1.497000000000000108e+00 -1.600000000000000033e-02
2.391999999999999904e+00 -8.867000000000000881e+00 -1.516000000000000014e+00 1.000000000000000021e-02
1.274999999999999911e+00 -9.448999999999999844e+00 -2.119000000000000217e+00 4.299999999999999656e-02
1.393000000000000016e+00 -1.161800000000000033e+01 -2.636000000000000121e+00 5.399999999999999939e-02
2.483999999999999986e+00 -1.326200000000000045e+01 -2.422000000000000153e+00 4.299999999999999656e-02
3.145000000000000018e+00 -1.324300000000000033e+01 -1.413000000000000034e+00 2.100000000000000130e-02
2.436999999999999833e+00 -1.230899999999999928e+01 -7.099999999999999367e-02 -2.000000000000000042e-03
1.106999999999999984e+00 -9.471999999999999531e+00 3.609999999999999876e-01 -1.600000000000000033e-02
8.569999999999999840e-01 -1.826999999999999957e+00 -1.189999999999999947e+00 -1.099999999999999936e-02
1.284999999999999920e+00 8.198000000000000398e+00 -4.243000000000000327e+00 4.000000000000000083e-03
2.540000000000000036e-01 1.142300000000000004e+01 -7.375000000000000000e+00 1.099999999999999936e-02
-1.885000000000000009e+00 4.075999999999999623e+00 -9.038000000000000256e+00 6.000000000000000125e-03
-2.523000000000000131e+00 -5.213000000000000078e+00 -7.051000000000000156e+00 3.000000000000000062e-03
-1.106000000000000094e+00 -8.026999999999999247e+00 6.139999999999999902e-01 1.499999999999999944e-02
5.110000000000000098e-01 -7.599000000000000199e+00 1.311299999999999955e+01 3.400000000000000244e-02
1.205000000000000071e+00 -1.009699999999999953e+01 2.524099999999999966e+01 2.500000000000000139e-02
1.183000000000000052e+00 -1.433500000000000085e+01 3.031200000000000117e+01 -1.600000000000000033e-02
4.630000000000000226e-01 -1.681200000000000117e+01 2.628999999999999915e+01 -4.499999999999999833e-02
-8.639999999999999902e-01 -1.789300000000000068e+01 1.761899999999999977e+01 -3.799999999999999906e-02
-1.778000000000000025e+00 -1.956200000000000117e+01 9.305999999999999162e+00 -2.000000000000000042e-02
-1.606000000000000094e+00 -2.387099999999999866e+01 1.558000000000000052e+00 -1.499999999999999944e-02
-6.800000000000000488e-01 -3.288300000000000267e+01 -7.908999999999999808e+00 -1.899999999999999953e-02
1.368000000000000105e+00 -4.462199999999999989e+01 -1.818799999999999883e+01 -2.100000000000000130e-02
4.897999999999999687e+00 -5.147299999999999898e+01 -2.493400000000000105e+01 -1.400000000000000029e-02
7.628999999999999559e+00 -4.666899999999999693e+01 -2.642500000000000071e+01 -8.999999999999999320e-03
6.937999999999999723e+00 -3.011700000000000088e+01 -2.648999999999999844e+01 -1.200000000000000025e-02
3.887000000000000011e+00 -7.714000000000000412e+00 -2.917500000000000071e+01 -1.499999999999999944e-02
1.018999999999999906e+00 1.125099999999999945e+01 -3.387899999999999778e+01 -7.000000000000000146e-03
-1.421999999999999931e+00 1.889600000000000080e+01 -3.927600000000000335e+01 -1.000000000000000021e-03
-3.585999999999999854e+00 1.566300000000000026e+01 -4.713900000000000290e+01 -4.000000000000000083e-03
-3.787999999999999812e+00 9.974999999999999645e+00 -5.593999999999999773e+01 3.000000000000000062e-03
-1.701000000000000068e+00 9.388999999999999346e+00 -5.692900000000000205e+01 2.299999999999999961e-02
-1.290000000000000036e-01 1.495599999999999952e+01 -4.511599999999999966e+01 2.599999999999999881e-02
-4.979999999999999982e-01 2.394200000000000017e+01 -2.761100000000000065e+01 3.000000000000000062e-03
-7.870000000000000329e-01 3.356499999999999773e+01 -1.390600000000000058e+01 -1.299999999999999940e-02
4.000000000000000083e-03 4.092000000000000171e+01 -5.001000000000000334e+00 -6.000000000000000125e-03
1.110000000000000014e-01 4.291400000000000148e+01 2.992999999999999883e+00 1.000000000000000021e-03
-1.310999999999999943e+00 3.827900000000000347e+01 1.097899999999999920e+01 -1.200000000000000025e-02
-2.709999999999999964e+00 2.923699999999999832e+01 1.640700000000000003e+01 -3.400000000000000244e-02
-2.911000000000000032e+00 2.004200000000000159e+01 1.793700000000000117e+01 -4.299999999999999656e-02
-3.176000000000000156e+00 1.292600000000000016e+01 1.804599999999999937e+01 -2.500000000000000139e-02
-4.836000000000000298e+00 7.745000000000000107e+00 1.984499999999999886e+01 -2.000000000000000042e-03
-6.280999999999999694e+00 5.213000000000000078e+00 2.281899999999999906e+01 -2.000000000000000042e-03
-5.387999999999999901e+00 5.360999999999999766e+00 2.417599999999999838e+01 -1.899999999999999953e-02
-3.337000000000000188e+00 5.030999999999999694e+00 2.303900000000000148e+01 -2.199999999999999872e-02
-2.577999999999999847e+00 2.705000000000000071e+00 2.123199999999999932e+01 -1.200000000000000025e-02
-3.149999999999999911e+00 1.368000000000000105e+00 2.032700000000000173e+01 -7.000000000000000146e-03
-3.720000000000000195e+00 2.220000000000000195e+00 1.955300000000000082e+01 -4.000000000000000083e-03
-3.819999999999999840e+00 2.080999999999999961e+00 1.801399999999999935e+01 8.999999999999999320e-03
-3.443999999999999950e+00 -1.439999999999999891e-01 1.674500000000000099e+01 2.000000000000000042e-02
-2.737999999999999989e+00 -1.328999999999999959e+00 1.661199999999999832e+01 1.600000000000000033e-02
-2.266000000000000014e+00 -3.130000000000000004e-01 1.668299999999999983e+01 6.000000000000000125e-03
-1.971000000000000085e+00 -8.500000000000000611e-02 1.577200000000000024e+01 1.000000000000000021e-03
-1.219999999999999973e+00 -2.044000000000000039e+00 1.384399999999999942e+01 -1.000000000000000021e-02
-4.079999999999999738e-01 -3.584000000000000075e+00 1.185899999999999999e+01 -3.099999999999999978e-02
-4.530000000000000138e-01 -3.103000000000000203e+00 1.082900000000000063e+01 -4.399999999999999745e-02
-1.070000000000000062e+00 -2.446000000000000174e+00 1.039199999999999946e+01 -3.300000000000000155e-02
-1.229000000000000092e+00 -3.221000000000000085e+00 8.737000000000000099e+00 -1.299999999999999940e-02
-4.630000000000000226e-01 -4.471000000000000085e+00 5.644999999999999574e+00 -6.000000000000000125e-03
7.970000000000000417e-01 -4.583999999999999631e+00 3.919999999999999929e+00 -6.000000000000000125e-03
1.463000000000000078e+00 -3.810000000000000053e+00 5.134999999999999787e+00 3.000000000000000062e-03
9.769999999999999796e-01 -3.890000000000000124e+00 6.548000000000000043e+00 8.000000000000000167e-03
3.860000000000000098e-01 -4.975999999999999979e+00 5.059000000000000163e+00 -5.000000000000000104e-03
6.380000000000000115e-01 -5.288000000000000256e+00 1.784000000000000030e+00 -1.899999999999999953e-02
8.189999999999999503e-01 -4.419999999999999929e+00 5.500000000000000028e-02 -8.000000000000000167e-03
1.590000000000000024e-01 -3.595000000000000195e+00 3.509999999999999787e-01 1.899999999999999953e-02
-4.329999999999999960e-01 -3.169999999999999929e+00 2.780000000000000249e-01 2.900000000000000147e-02
-5.000000000000000278e-02 -2.693999999999999950e+00 -9.419999999999999485e-01 1.400000000000000029e-02
8.629999999999999893e-01 -2.221999999999999975e+00 -1.481999999999999984e+00 -5.000000000000000104e-03
7.149999999999999689e-01 -2.089999999999999858e+00 -8.050000000000000488e-01 -1.400000000000000029e-02
-1.082999999999999963e+00 -2.169999999999999929e+00 -1.078999999999999959e+00 -1.799999999999999864e-02
-2.224000000000000199e+00 -2.092000000000000082e+00 -3.226999999999999869e+00 -2.100000000000000130e-02
-9.350000000000000533e-01 -1.933000000000000052e+00 -4.826999999999999957e+00 -8.000000000000000167e-03
6.810000000000000497e-01 -1.830000000000000071e+00 -4.298000000000000043e+00 2.199999999999999872e-02
8.209999999999999520e-01 -1.560999999999999943e+00 -3.616000000000000103e+00 4.399999999999999745e-02
1.241000000000000103e+00 -1.272999999999999909e+00 -4.596000000000000085e+00 4.100000000000000172e-02
2.942000000000000171e+00 -1.413999999999999924e+00 -6.205000000000000071e+00 3.400000000000000244e-02
3.689000000000000057e+00 -1.868000000000000105e+00 -7.035000000000000142e+00 3.899999999999999994e-02
2.267999999999999794e+00 -2.176000000000000156e+00 -7.187999999999999723e+00 3.599999999999999728e-02
8.709999999999999964e-01 -1.983000000000000096e+00 -7.006999999999999673e+00 2.100000000000000130e-02
1.131000000000000005e+00 -1.213000000000000078e+00 -6.431000000000000050e+00 1.400000000000000029e-02
1.673999999999999932e+00 -2.419999999999999929e-01 -6.052999999999999936e+00 1.299999999999999940e-02
1.439000000000000057e+00 5.620000000000000551e-01 -6.919999999999999929e+00 4.000000000000000083e-03
1.173999999999999932e+00 9.170000000000000373e-01 -8.433999999999999275e+00 -7.000000000000000146e-03
9.679999999999999716e-01 3.180000000000000049e-01 -8.419999999999999929e+00 -1.000000000000000021e-03
1.620000000000000051e-01 -9.340000000000000524e-01 -6.711000000000000298e+00 8.999999999999999320e-03
-7.489999999999999991e-01 -1.294000000000000039e+00 -5.610000000000000320e+00 -8.999999999999999320e-03
-4.879999999999999893e-01 -1.409999999999999865e-01 -5.775000000000000355e+00 -3.799999999999999906e-02
9.130000000000000338e-01 8.880000000000000115e-01 -5.772000000000000242e+00 -3.300000000000000155e-02
1.629000000000000004e+00 2.849999999999999756e-01 -5.424999999999999822e+00 -1.099999999999999936e-02
7.950000000000000400e-01 -8.639999999999999902e-01 -5.706000000000000405e+00 -1.899999999999999953e-02
