-1.099999999999999936e-02 6.570000000000000284e-01 -2.213000000000000078e+00 -6.400000000000000133e-02
-5.350000000000000311e-01 8.169999999999999485e-01 -1.879000000000000004e+00 -1.600000000000000033e-02
-3.390000000000000235e-01 3.830000000000000071e-01 -2.999999999999999889e-02 3.599999999999999728e-02
1.092999999999999972e+00 -1.880000000000000004e-01 2.084000000000000075e+00 2.199999999999999872e-02
1.570999999999999952e+00 2.500000000000000139e-02 2.185000000000000053e+00 -3.799999999999999906e-02
5.600000000000000117e-02 9.899999999999999911e-01 -4.169999999999999818e-01 -6.300000000000000044e-02
-1.026000000000000023e+00 1.489000000000000101e+00 -2.980999999999999872e+00 -3.200000000000000067e-02
-1.409999999999999865e-01 1.203000000000000069e+00 -2.383000000000000007e+00 6.000000000000000125e-03
7.479999999999999982e-01 9.449999999999999512e-01 6.700000000000000400e-02 1.799999999999999864e-02
-5.899999999999999689e-02 5.639999999999999458e-01 4.099999999999999756e-01 1.600000000000000033e-02
-1.245999999999999996e+00 -6.510000000000000231e-01 -1.247000000000000108e+00 6.000000000000000125e-03
-1.088999999999999968e+00 -1.699000000000000066e+00 -1.145999999999999908e+00 1.000000000000000021e-03
-2.230000000000000038e-01 -9.599999999999999645e-01 1.016000000000000014e+00 1.000000000000000021e-02
-7.000000000000000666e-02 8.100000000000000533e-01 1.953000000000000069e+00 1.899999999999999953e-02
-2.069999999999999896e-01 1.292999999999999927e+00 1.322000000000000064e+00 1.000000000000000021e-02
1.729999999999999871e-01 -2.500000000000000139e-02 1.532000000000000028e+00 -1.000000000000000021e-03
1.079999999999999988e-01 -1.368999999999999995e+00 2.137000000000000011e+00 3.000000000000000062e-03
-7.540000000000000036e-01 -1.276999999999999913e+00 1.185999999999999943e+00 4.000000000000000083e-03
-6.870000000000000551e-01 -2.959999999999999853e-01 1.390000000000000124e-01 -8.000000000000000167e-03
7.500000000000000000e-01 3.140000000000000013e-01 1.215000000000000080e+00 -1.600000000000000033e-02
1.663000000000000034e+00 7.910000000000000364e-01 2.600000000000000089e+00 -3.000000000000000062e-03
1.060999999999999943e+00 2.200000000000000178e+00 1.560000000000000053e+00 1.299999999999999940e-02
-1.829999999999999960e-01 3.633999999999999897e+00 -5.939999999999999725e-01 8.999999999999999320e-03
-1.167999999999999927e+00 2.833000000000000185e+00 -9.659999999999999698e-01 4.000000000000000083e-03
-1.415000000000000036e+00 2.700000000000000178e-01 4.100000000000000172e-02 8.999999999999999320e-03
-5.390000000000000346e-01 -8.970000000000000195e-01 -1.700000000000000122e-02 8.999999999999999320e-03
9.579999999999999627e-01 -7.499999999999999722e-02 -1.207999999999999963e+00 3.000000000000000062e-03
1.540999999999999925e+00 -2.000000000000000042e-03 -1.360999999999999988e+00 7.000000000000000146e-03
4.400000000000000022e-01 -1.221999999999999975e+00 6.700000000000000400e-02 4.000000000000000083e-03
-1.215000000000000080e+00 -1.405000000000000027e+00 1.217999999999999972e+00 -1.299999999999999940e-02
-1.856000000000000094e+00 -3.330000000000000182e-01 9.929999999999999938e-01 -1.099999999999999936e-02
-1.199000000000000066e+00 3.780000000000000027e-01 2.580000000000000071e-01 1.700000000000000122e-02
9.600000000000000200e-02 8.629999999999999893e-01 1.899999999999999953e-02 2.999999999999999889e-02
1.362999999999999989e+00 1.427000000000000046e+00 4.789999999999999813e-01 1.700000000000000122e-02
1.989999999999999991e+00 8.880000000000000115e-01 9.739999999999999769e-01 1.499999999999999944e-02
1.544999999999999929e+00 -4.650000000000000244e-01 3.130000000000000004e-01 2.199999999999999872e-02
4.349999999999999978e-01 -6.899999999999999467e-01 -1.334999999999999964e+00 5.000000000000000104e-03
-2.580000000000000071e-01 2.599999999999999881e-02 -2.214999999999999858e+00 -1.700000000000000122e-02
-1.400000000000000029e-02 -3.569999999999999840e-01 -1.792000000000000037e+00 -6.000000000000000125e-03
5.300000000000000266e-01 -1.790000000000000036e+00 -1.171999999999999931e+00 2.400000000000000050e-02
5.799999999999999600e-01 -1.741000000000000103e+00 -6.290000000000000036e-01 2.199999999999999872e-02
2.200000000000000011e-01 6.959999999999999520e-01 3.019999999999999907e-01 -1.299999999999999940e-02
-1.280000000000000027e-01 2.515000000000000124e+00 1.074999999999999956e+00 -2.699999999999999969e-02
-3.370000000000000218e-01 1.203999999999999959e+00 8.060000000000000497e-01 -5.000000000000000104e-03
-1.219999999999999973e-01 -6.870000000000000551e-01 -1.700000000000000122e-01 1.099999999999999936e-02
4.289999999999999925e-01 -7.299999999999999545e-02 -7.459999999999999964e-01 4.000000000000000083e-03
2.600000000000000089e-01 1.106000000000000094e+00 -7.309999999999999831e-01 8.999999999999999320e-03
-6.919999999999999485e-01 3.940000000000000169e-01 -1.189000000000000057e+00 2.900000000000000147e-02
-1.062999999999999945e+00 -6.189999999999999947e-01 -2.428999999999999826e+00 2.500000000000000139e-02
-9.689999999999999725e-01 -7.089999999999999636e-01 -2.705999999999999961e+00 -1.200000000000000025e-02
-1.530999999999999917e+00 -1.366000000000000103e+00 -8.319999999999999618e-01 -3.099999999999999978e-02
-2.003000000000000114e+00 -2.483999999999999986e+00 1.070999999999999952e+00 -6.000000000000000125e-03
-1.411000000000000032e+00 -2.064000000000000057e+00 6.889999999999999458e-01 2.500000000000000139e-02
-7.389999999999999902e-01 -5.729999999999999538e-01 -4.249999999999999889e-01 2.599999999999999881e-02
-8.509999999999999787e-01 -3.780000000000000027e-01 1.000000000000000021e-02 8.999999999999999320e-03
-9.220000000000000417e-01 -1.217999999999999972e+00 1.034000000000000030e+00 8.999999999999999320e-03
-2.049999999999999878e-01 -7.780000000000000249e-01 9.260000000000000453e-01 1.899999999999999953e-02
6.049999999999999822e-01 8.070000000000000506e-01 1.759999999999999898e-01 7.000000000000000146e-03
7.109999999999999654e-01 1.340000000000000080e+00 2.220000000000000029e-01 -1.000000000000000021e-02
6.410000000000000142e-01 4.779999999999999805e-01 1.223000000000000087e+00 1.000000000000000021e-03
2.630999999999999783e+00 -1.300000000000000044e-01 2.045999999999999819e+00 1.600000000000000033e-02
1.002599999999999980e+01 5.180000000000000160e-01 2.234999999999999876e+00 -4.000000000000000083e-03
2.275499999999999901e+01 1.901999999999999913e+00 2.414000000000000146e+00 -2.800000000000000058e-02
3.363199999999999790e+01 3.495000000000000107e+00 2.637000000000000011e+00 -6.000000000000000125e-03
3.683200000000000074e+01 5.658000000000000362e+00 2.600000000000000089e+00 4.200000000000000261e-02
3.703900000000000148e+01 7.682999999999999829e+00 2.853000000000000203e+00 6.199999999999999956e-02
3.418200000000000216e+01 6.546000000000000263e+00 2.966000000000000192e+00 3.500000000000000333e-02
8.252000000000000668e+00 -7.000000000000000666e-02 2.119999999999999940e-01 -1.700000000000000122e-02
-4.845499999999999829e+01 -9.506999999999999673e+00 -5.421999999999999709e+00 -7.000000000000000666e-02
-9.689900000000000091e+01 -1.504199999999999982e+01 -8.176999999999999602e+00 -1.029999999999999943e-01
-9.334099999999999397e+01 -1.310399999999999920e+01 -4.849000000000000199e+00 -1.049999999999999961e-01
-5.045199999999999818e+01 -7.149000000000000021e+00 -7.059999999999999609e-01 -7.699999999999999900e-02
-1.456400000000000006e+01 -1.941000000000000059e+00 -6.089999999999999858e-01 -3.899999999999999994e-02
-3.310999999999999943e+00 1.604999999999999982e+00 -1.510999999999999899e+00 -6.000000000000000125e-03
-1.252999999999999892e+00 3.277000000000000135e+00 4.979999999999999982e-01 1.700000000000000122e-02
3.291999999999999815e+00 1.885999999999999899e+00 3.019000000000000128e+00 2.299999999999999961e-02
6.873000000000000220e+00 -6.400000000000000133e-01 2.394000000000000128e+00 3.000000000000000062e-03
6.501999999999999780e+00 -5.160000000000000142e-01 1.990000000000000102e-01 -2.100000000000000130e-02
6.115000000000000213e+00 1.870999999999999996e+00 -2.179999999999999993e-01 -2.199999999999999872e-02
8.119999999999999218e+00 3.251999999999999780e+00 3.709999999999999964e-01 -2.000000000000000042e-02
9.785999999999999588e+00 2.935000000000000053e+00 -4.249999999999999889e-01 -3.300000000000000155e-02
9.092999999999999972e+00 2.447000000000000064e+00 -1.522000000000000020e+00 -3.400000000000000244e-02
7.671999999999999709e+00 2.173000000000000043e+00 -6.530000000000000249e-01 -8.000000000000000167e-03
7.394999999999999574e+00 1.419000000000000039e+00 1.028999999999999915e+00 8.999999999999999320e-03
7.788000000000000256e+00 4.909999999999999920e-01 8.389999999999999680e-01 1.000000000000000021e-03
7.652000000000000135e+00 4.919999999999999929e-01 -9.140000000000000346e-01 -1.099999999999999936e-02
7.469999999999999751e+00 1.118000000000000105e+00 -1.836000000000000076e+00 -1.099999999999999936e-02
8.749000000000000554e+00 9.869999999999999885e-01 -1.842000000000000082e+00 6.000000000000000125e-03
1.387899999999999956e+01 6.280000000000000027e-01 -2.886000000000000121e+00 4.399999999999999745e-02
2.899099999999999966e+01 2.398000000000000131e+00 -4.342999999999999972e+00 8.400000000000000522e-02
6.124399999999999977e+01 7.246999999999999886e+00 -2.806999999999999940e+00 1.059999999999999970e-01
1.065939999999999941e+02 1.421400000000000041e+01 2.974000000000000199e+00 1.239999999999999991e-01
1.434780000000000086e+02 2.187300000000000111e+01 1.080199999999999960e+01 1.729999999999999871e-01
1.480060000000000002e+02 2.689199999999999946e+01 1.776800000000000068e+01 2.330000000000000127e-01
1.107759999999999962e+02 2.263100000000000023e+01 1.983099999999999952e+01 2.089999999999999913e-01
2.810999999999999943e+01 4.232000000000000206e+00 1.185100000000000087e+01 3.400000000000000244e-02
-9.724599999999999511e+01 -2.266799999999999926e+01 -5.099000000000000199e+00 -2.069999999999999896e-01
-2.195430000000000064e+02 -4.193099999999999739e+01 -1.955199999999999960e+01 -3.430000000000000271e-01
-2.573709999999999809e+02 -4.021600000000000108e+01 -2.027100000000000080e+01 -3.089999999999999969e-01
-1.825389999999999873e+02 -2.007199999999999918e+01 -9.009999999999999787e+00 -1.749999999999999889e-01
-6.855800000000000693e+01 7.249999999999999778e-01 1.860999999999999988e+00 -3.699999999999999817e-02
-1.400200000000000067e+01 3.951000000000000068e+00 2.310999999999999943e+00 2.900000000000000147e-02
-3.765699999999999648e+01 -1.065600000000000058e+01 -6.440000000000000391e+00 -1.299999999999999940e-02
-7.408299999999999841e+01 -2.410000000000000142e+01 -1.446599999999999930e+01 -9.800000000000000377e-02
-6.290100000000000335e+01 -2.090200000000000102e+01 -1.372499999999999964e+01 -1.170000000000000068e-01
-1.479700000000000060e+01 -6.727999999999999758e+00 -5.807999999999999829e+00 -5.700000000000000205e-02
2.084900000000000020e+01 3.440999999999999837e+00 1.100999999999999979e+00 1.000000000000000021e-02
2.589199999999999946e+01 5.331000000000000405e+00 2.455000000000000071e+00 4.000000000000000083e-02
2.181599999999999895e+01 5.317000000000000171e+00 1.620000000000000107e+00 5.700000000000000205e-02
2.586899999999999977e+01 7.681000000000000050e+00 2.759999999999999787e+00 7.499999999999999722e-02
3.269200000000000017e+01 9.869999999999999218e+00 4.841000000000000192e+00 7.699999999999999900e-02
3.424300000000000210e+01 8.792999999999999261e+00 5.583000000000000185e+00 5.999999999999999778e-02
3.260799999999999699e+01 6.331999999999999851e+00 5.610000000000000320e+00 4.399999999999999745e-02
3.194999999999999929e+01 5.735000000000000320e+00 5.719999999999999751e+00 4.200000000000000261e-02
3.179400000000000048e+01 6.285999999999999588e+00 5.088000000000000078e+00 4.399999999999999745e-02
3.056599999999999895e+01 5.634000000000000341e+00 3.698999999999999844e+00 3.799999999999999906e-02
2.908999999999999986e+01 4.152999999999999581e+00 2.536999999999999922e+00 3.099999999999999978e-02
2.899800000000000111e+01 3.451999999999999957e+00 1.866000000000000103e+00 2.800000000000000058e-02
3.017200000000000060e+01 3.189999999999999947e+00 1.657000000000000028e+00 2.100000000000000130e-02
3.094800000000000040e+01 2.423000000000000043e+00 1.381999999999999895e+00 8.000000000000000167e-03
3.132000000000000028e+01 1.762000000000000011e+00 -2.290000000000000091e-01 2.000000000000000042e-03
3.356300000000000239e+01 1.874000000000000110e+00 -2.438000000000000167e+00 -1.000000000000000021e-03
3.681700000000000017e+01 2.966000000000000192e+00 -2.068999999999999950e+00 -1.099999999999999936e-02
3.547399999999999665e+01 6.198999999999999844e+00 2.182999999999999829e+00 4.000000000000000083e-03
2.738700000000000045e+01 1.083799999999999919e+01 7.328999999999999737e+00 6.199999999999999956e-02
1.814199999999999946e+01 1.148199999999999932e+01 8.425000000000000711e+00 1.130000000000000032e-01
1.253999999999999915e+01 5.011999999999999567e+00 2.982000000000000206e+00 9.099999999999999756e-02
9.345000000000000639e+00 -2.208000000000000185e+00 -5.431000000000000050e+00 3.000000000000000062e-03
9.196999999999999176e+00 -1.625000000000000000e+00 -8.980999999999999872e+00 -6.400000000000000133e-02
1.757700000000000173e+01 6.057999999999999829e+00 -4.035999999999999588e+00 -3.599999999999999728e-02
3.514399999999999835e+01 1.261599999999999966e+01 3.807999999999999829e+00 5.500000000000000028e-02
5.452499999999999858e+01 1.295100000000000051e+01 7.024000000000000021e+00 1.000000000000000056e-01
7.101000000000000512e+01 1.045800000000000018e+01 6.256999999999999673e+00 7.499999999999999722e-02
9.112500000000000000e+01 1.168599999999999994e+01 7.998999999999999666e+00 7.199999999999999456e-02
1.205709999999999980e+02 1.688299999999999912e+01 1.322100000000000009e+01 1.320000000000000062e-01
1.396279999999999859e+02 1.890399999999999991e+01 1.494699999999999918e+01 1.680000000000000104e-01
1.121219999999999999e+02 1.275200000000000067e+01 9.324999999999999289e+00 1.310000000000000053e-01
4.073499999999999943e+01 2.653000000000000025e+00 2.384999999999999787e+00 8.200000000000000344e-02
-1.989600000000000080e+01 -3.487999999999999989e+00 9.839999999999999858e-01 5.700000000000000205e-02
-5.727900000000000347e+01 -7.075999999999999623e+00 1.344000000000000083e+00 -1.099999999999999936e-02
-1.559509999999999934e+02 -2.100700000000000145e+01 -6.929000000000000270e+00 -1.990000000000000102e-01
-3.497690000000000055e+02 -4.899699999999999989e+01 -2.423999999999999844e+01 -4.550000000000000155e-01
-4.847259999999999991e+02 -6.912300000000000466e+01 -3.573599999999999710e+01 -5.799999999999999600e-01
-3.965550000000000068e+02 -5.782800000000000296e+01 -2.929400000000000048e+01 -4.460000000000000075e-01
-1.643269999999999982e+02 -2.477100000000000080e+01 -1.190499999999999936e+01 -1.839999999999999969e-01
-6.437999999999999723e+00 -6.640000000000000346e-01 4.550000000000000155e-01 -2.299999999999999961e-02
1.079100000000000037e+01 3.346000000000000085e+00 2.724000000000000199e+00 -3.000000000000000062e-03
-6.862000000000000099e+00 1.433999999999999941e+00 1.647999999999999909e+00 1.000000000000000021e-03
1.372199999999999953e+01 4.831000000000000405e+00 2.415000000000000036e+00 4.200000000000000261e-02
4.188900000000000290e+01 9.262999999999999901e+00 3.669999999999999929e+00 7.499999999999999722e-02
4.387599999999999767e+01 8.557999999999999829e+00 3.680000000000000160e+00 7.099999999999999367e-02
3.714399999999999835e+01 4.979000000000000092e+00 3.589999999999999858e+00 5.199999999999999761e-02
4.224000000000000199e+01 3.710999999999999854e+00 3.734999999999999876e+00 4.100000000000000172e-02
5.028499999999999659e+01 5.296000000000000263e+00 2.520999999999999908e+00 4.200000000000000261e-02
4.978600000000000136e+01 6.719999999999999751e+00 1.910000000000000031e-01 5.600000000000000117e-02
4.662500000000000000e+01 6.655999999999999694e+00 -7.780000000000000249e-01 7.699999999999999900e-02
4.809400000000000119e+01 6.501000000000000334e+00 4.179999999999999827e-01 8.999999999999999667e-02
5.078499999999999659e+01 7.008000000000000007e+00 2.065999999999999837e+00 8.699999999999999400e-02
5.015100000000000335e+01 6.908999999999999808e+00 3.059000000000000163e+00 7.499999999999999722e-02
4.748700000000000188e+01 5.309999999999999609e+00 3.795999999999999819e+00 5.899999999999999689e-02
4.498400000000000176e+01 3.193999999999999950e+00 3.919000000000000039e+00 3.799999999999999906e-02
4.273299999999999699e+01 1.864000000000000101e+00 2.628000000000000114e+00 2.699999999999999969e-02
4.093500000000000227e+01 1.487000000000000099e+00 7.630000000000000115e-01 3.799999999999999906e-02
4.032099999999999795e+01 1.745000000000000107e+00 -5.799999999999999600e-01 5.099999999999999672e-02
4.066499999999999915e+01 2.237000000000000099e+00 -1.497000000000000108e+00 3.400000000000000244e-02
4.053699999999999903e+01 2.126999999999999780e+00 -1.737999999999999989e+00 -1.000000000000000021e-03
3.899000000000000199e+01 1.249000000000000110e+00 -9.429999999999999494e-01 -5.000000000000000104e-03
3.663600000000000279e+01 8.419999999999999707e-01 -1.400000000000000029e-02 2.800000000000000058e-02
3.342900000000000205e+01 1.582999999999999963e+00 2.129999999999999949e-01 4.299999999999999656e-02
2.798199999999999932e+01 2.181999999999999940e+00 3.799999999999999906e-02 1.899999999999999953e-02
2.159600000000000009e+01 1.328999999999999959e+00 -3.669999999999999929e-01 -7.000000000000000146e-03
1.871000000000000085e+01 -4.729999999999999760e-01 -1.491000000000000103e+00 -8.999999999999999320e-03
2.031099999999999994e+01 -2.093999999999999861e+00 -3.244000000000000217e+00 -7.000000000000000146e-03
2.119999999999999929e+01 -2.841000000000000192e+00 -4.421000000000000263e+00 -4.000000000000000083e-03
1.711799999999999855e+01 -1.731000000000000094e+00 -3.794999999999999929e+00 1.700000000000000122e-02
1.037299999999999933e+01 1.616999999999999993e+00 -1.310999999999999943e+00 5.399999999999999939e-02
5.121000000000000441e+00 5.299000000000000377e+00 1.530999999999999917e+00 7.399999999999999634e-02
2.511000000000000121e+00 7.177999999999999936e+00 3.265000000000000124e+00 6.700000000000000400e-02
2.233999999999999986e+00 7.453000000000000291e+00 4.511000000000000121e+00 5.000000000000000278e-02
4.689999999999999725e-01 6.051999999999999602e+00 6.033000000000000362e+00 3.300000000000000155e-02
-1.136299999999999955e+01 9.250000000000000444e-01 6.011000000000000121e+00 -7.000000000000000146e-03
-3.114499999999999957e+01 -6.565999999999999837e+00 3.125000000000000000e+00 -7.599999999999999811e-02
-3.586800000000000210e+01 -9.632999999999999119e+00 2.750000000000000222e-01 -1.130000000000000032e-01
-9.929000000000000270e+00 -5.038999999999999702e+00 5.570000000000000506e-01 -6.199999999999999956e-02
2.335800000000000054e+01 1.375999999999999890e+00 1.754999999999999893e+00 1.499999999999999944e-02
2.732900000000000063e+01 3.274999999999999911e+00 3.370000000000000218e-01 2.699999999999999969e-02
3.017999999999999794e+00 2.210999999999999854e+00 -1.901999999999999913e+00 -7.000000000000000146e-03
-1.580599999999999916e+01 2.595000000000000195e+00 -1.600000000000000089e+00 -1.700000000000000122e-02
-1.211100000000000065e+01 4.008000000000000007e+00 -3.659999999999999920e-01 5.000000000000000104e-03
-5.570000000000000506e-01 3.741000000000000103e+00 -1.221999999999999975e+00 1.400000000000000029e-02
2.259999999999999787e+00 2.241999999999999993e+00 -2.971999999999999975e+00 -7.000000000000000146e-03
-2.044000000000000039e+00 1.098999999999999977e+00 -2.862000000000000099e+00 -3.200000000000000067e-02
-4.538999999999999702e+00 -3.280000000000000138e-01 -1.052999999999999936e+00 -2.699999999999999969e-02
-3.843999999999999861e+00 -2.185000000000000053e+00 2.839999999999999747e-01 6.000000000000000125e-03
-3.488999999999999879e+00 -2.240000000000000213e+00 4.590000000000000191e-01 4.100000000000000172e-02
-3.516999999999999904e+00 3.569999999999999840e-01 1.187000000000000055e+00 4.800000000000000100e-02
-2.088999999999999968e+00 2.996999999999999886e+00 3.335999999999999854e+00 1.700000000000000122e-02
-7.019999999999999574e-01 2.354999999999999982e+00 4.411999999999999922e+00 -3.699999999999999817e-02
-3.318999999999999950e+00 -2.040999999999999925e+00 1.973000000000000087e+00 -8.500000000000000611e-02
-1.138700000000000045e+01 -6.429000000000000270e+00 -2.164000000000000146e+00 -1.029999999999999943e-01
-2.068599999999999994e+01 -6.799000000000000377e+00 -4.211000000000000298e+00 -9.299999999999999933e-02
-2.500000000000000000e+01 -4.860999999999999766e+00 -3.237000000000000099e+00 -7.499999999999999722e-02
-2.369000000000000128e+01 -5.911999999999999922e+00 -1.320999999999999952e+00 -6.099999999999999867e-02
-2.197500000000000142e+01 -1.059200000000000053e+01 -3.430000000000000271e-01 -4.299999999999999656e-02
-2.314099999999999824e+01 -1.398600000000000065e+01 -1.809999999999999942e-01 -2.299999999999999961e-02
-2.515700000000000003e+01 -1.327699999999999925e+01 3.970000000000000195e-01 -1.000000000000000021e-02
-2.540599999999999881e+01 -1.109699999999999953e+01 1.532000000000000028e+00 -3.000000000000000062e-03
-2.416400000000000148e+01 -1.022799999999999976e+01 1.618999999999999995e+00 3.000000000000000062e-03
-2.270100000000000051e+01 -9.717000000000000526e+00 -4.299999999999999656e-02 4.000000000000000083e-03
-2.114799999999999969e+01 -7.839000000000000412e+00 -1.300999999999999934e+00 1.000000000000000021e-03
-1.911400000000000077e+01 -4.982999999999999652e+00 -2.469999999999999973e-01 5.000000000000000104e-03
-1.692299999999999827e+01 -1.743000000000000105e+00 1.483000000000000096e+00 1.299999999999999940e-02
-1.553899999999999970e+01 2.692000000000000171e+00 1.397999999999999909e+00 1.700000000000000122e-02
-1.558200000000000074e+01 8.122999999999999332e+00 7.499999999999999722e-02 1.899999999999999953e-02
-1.618599999999999994e+01 1.205400000000000027e+01 -3.370000000000000218e-01 2.199999999999999872e-02
-1.542399999999999949e+01 1.335599999999999987e+01 3.280000000000000138e-01 1.700000000000000122e-02
-1.300600000000000023e+01 1.495199999999999996e+01 3.180000000000000049e-01 -4.000000000000000083e-03
-1.089100000000000001e+01 1.969600000000000151e+01 -1.018000000000000016e+00 -2.599999999999999881e-02
-1.007900000000000063e+01 2.578999999999999915e+01 -2.015000000000000124e+00 -2.299999999999999961e-02
-9.073000000000000398e+00 3.000300000000000011e+01 -1.294000000000000039e+00 -2.000000000000000042e-03
-6.237000000000000099e+00 3.179799999999999827e+01 3.190000000000000058e-01 -2.000000000000000042e-03
-2.443000000000000060e+00 3.033999999999999986e+01 1.504999999999999893e+00 -2.299999999999999961e-02
-4.839999999999999858e-01 2.331599999999999895e+01 1.828000000000000069e+00 -2.699999999999999969e-02
-1.219000000000000083e+00 1.225999999999999979e+01 9.499999999999999556e-01 -1.000000000000000021e-02
-2.185999999999999943e+00 2.725000000000000089e+00 -9.629999999999999671e-01 -6.000000000000000125e-03
-1.852000000000000091e+00 -2.331999999999999851e+00 -2.251999999999999780e+00 -1.099999999999999936e-02
-1.703999999999999959e+00 -4.700999999999999623e+00 -1.622000000000000108e+00 -2.000000000000000042e-03
-2.213000000000000078e+00 -7.059999999999999609e+00 -5.500000000000000028e-02 1.600000000000000033e-02
-1.481999999999999984e+00 -9.810999999999999943e+00 8.159999999999999476e-01 2.500000000000000139e-02
5.729999999999999538e-01 -1.150200000000000067e+01 7.930000000000000382e-01 2.900000000000000147e-02
1.379999999999999893e+00 -1.156499999999999950e+01 8.449999999999999734e-01 3.599999999999999728e-02
3.719999999999999973e-01 -1.163899999999999935e+01 1.377999999999999892e+00 3.699999999999999817e-02
4.239999999999999880e-01 -1.289100000000000001e+01 1.229999999999999982e+00 3.099999999999999978e-02
2.891000000000000014e+00 -1.371100000000000030e+01 -2.349999999999999867e-01 3.500000000000000333e-02
5.214999999999999858e+00 -1.284299999999999997e+01 -1.256000000000000005e+00 4.200000000000000261e-02
5.461999999999999744e+00 -1.199099999999999966e+01 -4.249999999999999889e-01 2.800000000000000058e-02
5.189000000000000057e+00 -1.214799999999999969e+01 7.189999999999999725e-01 -1.000000000000000021e-03
6.125000000000000000e+00 -1.180599999999999916e+01 8.500000000000000611e-02 -1.600000000000000033e-02
7.546000000000000263e+00 -1.081199999999999939e+01 -1.913000000000000034e+00 2.000000000000000042e-03
8.342000000000000526e+00 -1.050699999999999967e+01 -3.096000000000000085e+00 3.500000000000000333e-02
8.881999999999999673e+00 -1.012500000000000000e+01 -2.597999999999999865e+00 3.599999999999999728e-02
9.605000000000000426e+00 -8.259000000000000341e+00 -1.832999999999999963e+00 -1.000000000000000021e-02
1.017200000000000060e+01 -6.275000000000000355e+00 -1.796999999999999931e+00 -4.499999999999999833e-02
1.068500000000000050e+01 -6.107999999999999652e+00 -1.677999999999999936e+00 -2.900000000000000147e-02
1.153200000000000003e+01 -6.809999999999999609e+00 -8.930000000000000160e-01 8.000000000000000167e-03
1.211500000000000021e+01 -6.597999999999999865e+00 4.599999999999999922e-02 1.899999999999999953e-02
1.170100000000000051e+01 -5.758000000000000007e+00 6.909999999999999476e-01 6.000000000000000125e-03
1.109099999999999930e+01 -4.927999999999999936e+00 1.044000000000000039e+00 -1.000000000000000021e-03
1.154299999999999926e+01 -3.597999999999999865e+00 1.175999999999999934e+00 8.999999999999999320e-03
1.243099999999999916e+01 -2.080999999999999961e+00 1.046000000000000041e+00 1.700000000000000122e-02
1.224099999999999966e+01 -1.804000000000000048e+00 6.430000000000000160e-01 1.200000000000000025e-02
1.137700000000000067e+01 -2.701999999999999957e+00 2.220000000000000029e-01 3.000000000000000062e-03
1.103299999999999947e+01 -3.041999999999999815e+00 3.150000000000000022e-01 2.000000000000000042e-03
1.068299999999999983e+01 -2.273000000000000131e+00 1.064999999999999947e+00 7.000000000000000146e-03
9.962999999999999190e+00 -1.568000000000000060e+00 1.838999999999999968e+00 8.999999999999999320e-03
1.015199999999999925e+01 -1.489999999999999991e+00 2.237999999999999989e+00 1.099999999999999936e-02
1.115000000000000036e+01 -1.457000000000000073e+00 2.322000000000000064e+00 2.900000000000000147e-02
1.140799999999999947e+01 -1.104000000000000092e+00 1.729999999999999982e+00 5.099999999999999672e-02
1.178999999999999915e+01 -4.020000000000000240e-01 4.869999999999999885e-01 4.399999999999999745e-02
1.434399999999999942e+01 4.699999999999999734e-01 -2.340000000000000135e-01 8.000000000000000167e-03
1.771300000000000097e+01 8.970000000000000195e-01 1.299999999999999940e-02 -1.499999999999999944e-02
1.834700000000000131e+01 8.810000000000000053e-01 8.999999999999999320e-03 0.000000000000000000e+00
1.562599999999999945e+01 1.469000000000000083e+00 -7.219999999999999751e-01 1.499999999999999944e-02
1.241399999999999970e+01 2.887999999999999901e+00 -9.519999999999999574e-01 -1.000000000000000021e-03
1.098199999999999932e+01 4.004999999999999893e+00 -2.730000000000000204e-01 -2.199999999999999872e-02
1.117800000000000082e+01 4.362000000000000099e+00 3.230000000000000093e-01 -2.299999999999999961e-02
1.131900000000000084e+01 4.610000000000000320e+00 5.090000000000000080e-01 -1.799999999999999864e-02
8.236000000000000654e+00 4.163999999999999702e+00 3.230000000000000093e-01 -1.700000000000000122e-02
-1.098000000000000087e+00 1.034999999999999920e+00 -7.239999999999999769e-01 -8.000000000000000167e-03
-1.516399999999999970e+01 -3.572999999999999954e+00 -2.008999999999999897e+00 6.000000000000000125e-03
-2.702499999999999858e+01 -4.038999999999999702e+00 -1.772999999999999909e+00 1.099999999999999936e-02
-3.060900000000000176e+01 1.828999999999999959e+00 8.400000000000000522e-02 4.000000000000000083e-03
-2.666799999999999926e+01 8.085000000000000853e+00 1.568000000000000060e+00 -1.000000000000000021e-03
-1.970499999999999829e+01 8.648999999999999133e+00 1.199999999999999956e+00 2.000000000000000042e-03
-1.209600000000000009e+01 5.206000000000000405e+00 -2.640000000000000124e-01 1.000000000000000021e-02
-5.011999999999999567e+00 3.170999999999999819e+00 -8.179999999999999494e-01 2.400000000000000050e-02
-5.010000000000000009e-01 4.049000000000000377e+00 1.749999999999999889e-01 2.900000000000000147e-02
8.549999999999999822e-01 5.863999999999999879e+00 1.211000000000000076e+00 1.299999999999999940e-02
6.800000000000000488e-01 8.233000000000000540e+00 9.809999999999999831e-01 -1.200000000000000025e-02
4.560000000000000164e-01 1.196299999999999919e+01 -1.299999999999999940e-02 -2.299999999999999961e-02
8.389999999999999680e-01 1.588499999999999979e+01 -4.089999999999999747e-01 -1.799999999999999864e-02
2.044000000000000039e+00 1.856599999999999895e+01 3.009999999999999898e-01 -8.000000000000000167e-03
3.434000000000000163e+00 2.082999999999999829e+01 9.729999999999999760e-01 -1.000000000000000021e-03
4.123000000000000220e+00 2.460399999999999920e+01 3.280000000000000138e-01 -1.000000000000000021e-03
4.309999999999999609e+00 3.053200000000000003e+01 -6.209999999999999964e-01 -2.000000000000000042e-03
4.490999999999999659e+00 3.586099999999999710e+01 3.059999999999999942e-01 3.000000000000000062e-03
4.092999999999999972e+00 3.524699999999999989e+01 2.617999999999999883e+00 6.000000000000000125e-03
2.749000000000000110e+00 2.632300000000000040e+01 3.673999999999999932e+00 -1.000000000000000021e-03
1.544000000000000039e+00 1.322899999999999920e+01 2.799999999999999822e+00 -1.000000000000000021e-02
1.227999999999999980e+00 2.334000000000000075e+00 1.310000000000000053e+00 -2.699999999999999969e-02
1.149999999999999911e+00 -3.974000000000000199e+00 7.499999999999999722e-02 -4.800000000000000100e-02
9.449999999999999512e-01 -7.431000000000000050e+00 -4.869999999999999885e-01 -5.199999999999999761e-02
1.062999999999999945e+00 -1.011299999999999955e+01 -5.260000000000000231e-01 -3.099999999999999978e-02
1.334999999999999964e+00 -1.268999999999999950e+01 -9.180000000000000382e-01 -6.000000000000000125e-03
6.189999999999999947e-01 -1.477100000000000080e+01 -1.711999999999999966e+00 2.000000000000000042e-03
-1.445000000000000062e+00 -1.598300000000000054e+01 -2.208000000000000185e+00 0.000000000000000000e+00
-2.963000000000000078e+00 -1.694000000000000128e+01 -2.145999999999999908e+00 -3.000000000000000062e-03
-2.111000000000000210e+00 -1.769399999999999906e+01 -1.294000000000000039e+00 -2.000000000000000042e-02
-4.909999999999999920e-01 -1.670299999999999940e+01 1.990000000000000102e-01 -4.700000000000000011e-02
-8.659999999999999920e-01 -1.410399999999999920e+01 9.140000000000000346e-01 -4.399999999999999745e-02
-2.704000000000000181e+00 -1.285899999999999999e+01 -1.010000000000000064e-01 5.000000000000000104e-03
-3.483000000000000096e+00 -1.392699999999999960e+01 -1.508000000000000007e+00 4.399999999999999745e-02
-2.596000000000000085e+00 -1.441499999999999915e+01 -1.627999999999999892e+00 2.500000000000000139e-02
-1.314999999999999947e+00 -1.257799999999999940e+01 -9.619999999999999662e-01 -2.699999999999999969e-02
-6.440000000000000169e-01 -1.071299999999999919e+01 -7.980000000000000426e-01 -4.900000000000000189e-02
-8.379999999999999671e-01 -1.116399999999999970e+01 -9.869999999999999885e-01 -2.100000000000000130e-02
-1.909000000000000030e+00 -1.234099999999999930e+01 -8.559999999999999831e-01 2.199999999999999872e-02
-3.430000000000000160e+00 -1.142399999999999949e+01 -6.250000000000000000e-01 3.400000000000000244e-02
-4.365000000000000213e+00 -9.195000000000000284e+00 -7.099999999999999645e-01 1.299999999999999940e-02
-4.371000000000000441e+00 -8.554000000000000270e+00 -8.139999999999999458e-01 -2.000000000000000042e-03
-4.440999999999999837e+00 -9.337999999999999190e+00 -2.340000000000000135e-01 6.000000000000000125e-03
-4.910999999999999588e+00 -8.803000000000000824e+00 1.014999999999999902e+00 1.799999999999999864e-02
-4.717999999999999972e+00 -6.591999999999999638e+00 1.677999999999999936e+00 1.499999999999999944e-02
-3.710999999999999854e+00 -5.008000000000000007e+00 9.010000000000000231e-01 1.000000000000000021e-03
-3.224000000000000199e+00 -4.652999999999999581e+00 -2.340000000000000135e-01 -1.099999999999999936e-02
-3.915000000000000036e+00 -3.620000000000000107e+00 -4.319999999999999951e-01 -4.000000000000000083e-03
-4.961000000000000298e+00 -1.518000000000000016e+00 -3.230000000000000093e-01 2.000000000000000042e-02
-5.392000000000000348e+00 -5.000000000000000000e-01 -1.173000000000000043e+00 2.500000000000000139e-02
-5.054000000000000270e+00 -1.042999999999999927e+00 -2.435000000000000053e+00 -0.000000000000000000e+00
-4.168999999999999595e+00 -1.042000000000000037e+00 -2.338000000000000078e+00 -2.400000000000000050e-02
-3.005999999999999783e+00 -1.710000000000000131e-01 -8.890000000000000124e-01 -2.100000000000000130e-02
-2.361000000000000210e+00 -1.100000000000000006e-01 -2.299999999999999961e-02 2.000000000000000042e-03
-2.806000000000000050e+00 -5.140000000000000124e-01 -2.129999999999999949e-01 2.199999999999999872e-02
-3.209000000000000075e+00 3.150000000000000022e-01 -2.959999999999999853e-01 1.700000000000000122e-02
-2.346000000000000085e+00 1.949999999999999956e+00 -2.330000000000000127e-01 -1.400000000000000029e-02
-1.211000000000000076e+00 2.970000000000000195e+00 -3.410000000000000253e-01 -3.500000000000000333e-02
-8.679999999999999938e-01 3.455000000000000071e+00 -2.900000000000000147e-02 -2.199999999999999872e-02
-2.139999999999999958e-01 3.693000000000000060e+00 3.629999999999999893e-01 8.000000000000000167e-03
1.495999999999999996e+00 3.358000000000000096e+00 1.980000000000000093e-01 2.699999999999999969e-02
2.642999999999999794e+00 3.016999999999999904e+00 6.189999999999999947e-01 2.900000000000000147e-02
2.007000000000000117e+00 3.507000000000000117e+00 1.927999999999999936e+00 1.200000000000000025e-02
1.703000000000000069e+00 4.604000000000000092e+00 2.004000000000000004e+00 -1.000000000000000021e-02
4.549000000000000377e+00 5.767999999999999794e+00 3.240000000000000102e-01 -1.499999999999999944e-02
8.961000000000000298e+00 6.333000000000000185e+00 -8.790000000000000036e-01 -1.000000000000000021e-03
1.019599999999999973e+01 5.658000000000000362e+00 -4.979999999999999982e-01 1.400000000000000029e-02
6.935999999999999943e+00 4.479000000000000092e+00 2.839999999999999747e-01 1.600000000000000033e-02
2.480999999999999872e+00 4.097000000000000419e+00 4.550000000000000155e-01 5.000000000000000104e-03
-1.254999999999999893e+00 4.352999999999999758e+00 4.839999999999999858e-01 -6.000000000000000125e-03
-6.238999999999999879e+00 4.543000000000000149e+00 1.074999999999999956e+00 -1.000000000000000021e-02
-1.272199999999999953e+01 4.634999999999999787e+00 1.699999999999999956e+00 -1.000000000000000021e-02
-1.621799999999999997e+01 4.559999999999999609e+00 1.282000000000000028e+00 -7.000000000000000146e-03
-1.378999999999999915e+01 4.227000000000000313e+00 8.300000000000000433e-02 6.000000000000000125e-03
-8.845000000000000639e+00 3.673000000000000043e+00 -3.970000000000000195e-01 2.299999999999999961e-02
-6.344999999999999751e+00 2.737999999999999989e+00 1.479999999999999927e-01 2.199999999999999872e-02
-6.793000000000000149e+00 1.911000000000000032e+00 2.979999999999999871e-01 -2.000000000000000042e-03
-7.089000000000000412e+00 2.216000000000000192e+00 -5.010000000000000009e-01 -2.400000000000000050e-02
-5.083999999999999631e+00 3.278000000000000025e+00 -8.970000000000000195e-01 -3.099999999999999978e-02
-1.762999999999999901e+00 3.362000000000000099e+00 1.630000000000000060e-01 -3.200000000000000067e-02
1.350000000000000089e-01 1.945999999999999952e+00 1.403999999999999915e+00 -2.999999999999999889e-02
-8.339999999999999636e-01 6.530000000000000249e-01 5.410000000000000364e-01 -1.299999999999999940e-02
-2.938000000000000167e+00 5.030000000000000027e-01 -2.007000000000000117e+00 1.799999999999999864e-02
-3.419999999999999929e+00 2.530000000000000027e-01 -3.145000000000000018e+00 3.400000000000000244e-02
-1.897000000000000020e+00 -5.360000000000000320e-01 -1.856000000000000094e+00 1.400000000000000029e-02
3.059999999999999942e-01 -2.379999999999999893e-01 -5.490000000000000435e-01 -1.799999999999999864e-02
2.660000000000000142e+00 1.066999999999999948e+00 -9.070000000000000284e-01 -2.299999999999999961e-02
5.105999999999999872e+00 1.550000000000000044e+00 -1.372000000000000108e+00 2.000000000000000042e-03
7.032000000000000028e+00 1.927000000000000046e+00 -8.599999999999999312e-02 2.500000000000000139e-02
8.846999999999999531e+00 4.272999999999999687e+00 1.602999999999999980e+00 2.400000000000000050e-02
1.200200000000000067e+01 7.653999999999999915e+00 1.443999999999999950e+00 1.499999999999999944e-02
1.514899999999999913e+01 8.948999999999999844e+00 8.100000000000000255e-02 1.799999999999999864e-02
1.497300000000000075e+01 6.708999999999999631e+00 -9.150000000000000355e-01 2.400000000000000050e-02
1.231000000000000050e+01 3.000000000000000000e+00 -1.546999999999999931e+00 2.400000000000000050e-02
1.041600000000000037e+01 1.098000000000000087e+00 -1.530999999999999917e+00 2.800000000000000058e-02
8.253999999999999559e+00 1.022000000000000020e+00 -3.940000000000000169e-01 3.599999999999999728e-02
3.785000000000000142e+00 3.109999999999999987e-01 3.679999999999999938e-01 2.800000000000000058e-02
7.699999999999999900e-02 -5.699999999999999512e-01 -3.619999999999999885e-01 7.000000000000000146e-03
1.239999999999999991e-01 1.211000000000000076e+00 -9.439999999999999503e-01 -2.000000000000000042e-03
7.289999999999999813e-01 4.860999999999999766e+00 -1.189999999999999947e-01 5.000000000000000104e-03
-2.334000000000000075e+00 5.998999999999999666e+00 8.549999999999999822e-01 3.000000000000000062e-03
-8.708999999999999631e+00 2.829000000000000181e+00 6.939999999999999503e-01 -1.700000000000000122e-02
-1.651599999999999824e+01 -1.635000000000000009e+00 -4.769999999999999796e-01 -2.699999999999999969e-02
-2.481400000000000006e+01 -3.553999999999999826e+00 -2.254999999999999893e+00 -1.700000000000000122e-02
-3.055199999999999960e+01 -2.294999999999999929e+00 -4.097000000000000419e+00 -1.899999999999999953e-02
-2.895200000000000173e+01 -2.839999999999999747e-01 -3.963000000000000078e+00 -4.399999999999999745e-02
-1.935500000000000043e+01 1.039999999999999952e-01 2.149999999999999911e+00 -5.000000000000000278e-02
-4.527000000000000135e+00 -1.566999999999999948e+00 1.647899999999999920e+01 -1.400000000000000029e-02
1.698499999999999943e+01 -4.891000000000000014e+00 3.319599999999999795e+01 2.699999999999999969e-02
4.528199999999999648e+01 -1.026699999999999946e+01 4.076400000000000290e+01 2.999999999999999889e-02
6.437099999999999511e+01 -1.779100000000000037e+01 3.497099999999999653e+01 2.000000000000000042e-03
5.496200000000000330e+01 -2.389300000000000068e+01 2.369200000000000017e+01 -2.000000000000000042e-02
2.542500000000000071e+01 -2.329400000000000048e+01 1.545199999999999996e+01 -1.499999999999999944e-02
3.847999999999999865e+00 -1.735500000000000043e+01 1.041699999999999982e+01 -4.000000000000000083e-03
-1.062000000000000055e+00 -1.389199999999999946e+01 4.719000000000000306e+00 -6.000000000000000125e-03
-4.467999999999999972e+00 -1.590099999999999980e+01 -3.064000000000000057e+00 -1.200000000000000025e-02
-1.536700000000000088e+01 -1.846199999999999974e+01 -1.158600000000000030e+01 -1.000000000000000021e-02
-2.688100000000000023e+01 -1.702700000000000102e+01 -1.892699999999999960e+01 -3.000000000000000062e-03
-3.183299999999999841e+01 -1.116999999999999993e+01 -2.377299999999999969e+01 8.000000000000000167e-03
-2.969099999999999895e+01 -2.164000000000000146e+00 -2.578600000000000136e+01 1.200000000000000025e-02
-2.085900000000000176e+01 7.738000000000000433e+00 -2.583099999999999952e+01 -4.000000000000000083e-03
-6.054999999999999716e+00 1.561599999999999966e+01 -2.559499999999999886e+01 -1.899999999999999953e-02
8.470000000000000639e+00 1.997100000000000009e+01 -2.645299999999999940e+01 5.000000000000000104e-03
1.374000000000000021e+01 2.191700000000000159e+01 -2.925600000000000023e+01 5.000000000000000278e-02
8.968999999999999417e+00 2.406099999999999994e+01 -3.415800000000000125e+01 5.399999999999999939e-02
2.931999999999999940e+00 2.787099999999999866e+01 -3.868900000000000006e+01 1.000000000000000021e-02
2.045999999999999819e+00 3.135600000000000165e+01 -3.834700000000000131e+01 -1.600000000000000033e-02
3.786000000000000032e+00 2.994600000000000151e+01 -3.135200000000000031e+01 1.299999999999999940e-02
4.020999999999999908e+00 2.176699999999999946e+01 -2.107000000000000028e+01 4.900000000000000189e-02
5.288000000000000256e+00 1.115799999999999947e+01 -1.238000000000000078e+01 3.699999999999999817e-02
1.357900000000000063e+01 3.572000000000000064e+00 -6.206000000000000405e+00 6.000000000000000125e-03
2.964099999999999824e+01 -7.680000000000000160e-01 1.759999999999999898e-01 6.000000000000000125e-03
4.958299999999999841e+01 -4.174000000000000377e+00 7.389999999999999680e+00 2.699999999999999969e-02
6.891299999999999670e+01 -6.341999999999999638e+00 1.300300000000000011e+01 2.500000000000000139e-02
7.594100000000000250e+01 -6.256999999999999673e+00 1.585100000000000087e+01 1.000000000000000021e-03
5.451200000000000045e+01 -6.174000000000000377e+00 1.682499999999999929e+01 -6.000000000000000125e-03
9.712999999999999190e+00 -9.352999999999999758e+00 1.689999999999999858e+01 1.899999999999999953e-02
-2.687399999999999878e+01 -1.467600000000000016e+01 1.680900000000000105e+01 4.200000000000000261e-02
-3.446200000000000330e+01 -1.752599999999999980e+01 1.688599999999999923e+01 1.700000000000000122e-02
-2.742399999999999949e+01 -1.634700000000000131e+01 1.656400000000000006e+01 -3.500000000000000333e-02
-2.971000000000000085e+01 -1.420299999999999940e+01 1.526999999999999957e+01 -5.500000000000000028e-02
-4.266100000000000136e+01 -1.313400000000000034e+01 1.380700000000000038e+01 -4.200000000000000261e-02
-5.106499999999999773e+01 -1.121499999999999986e+01 1.327399999999999913e+01 -3.500000000000000333e-02
-4.759000000000000341e+01 -6.254999999999999893e+00 1.318800000000000061e+01 -3.099999999999999978e-02
-3.770600000000000307e+01 6.119999999999999885e-01 1.288899999999999935e+01 -7.000000000000000146e-03
-2.857400000000000162e+01 6.001000000000000334e+00 1.285800000000000054e+01 1.499999999999999944e-02
-2.330199999999999960e+01 7.886000000000000121e+00 1.247499999999999964e+01 5.000000000000000104e-03
-2.161299999999999955e+01 7.639000000000000234e+00 1.010999999999999943e+01 -2.900000000000000147e-02
-2.082600000000000051e+01 8.077999999999999403e+00 6.758000000000000007e+00 -5.800000000000000294e-02
-1.861299999999999955e+01 1.021299999999999919e+01 5.065999999999999837e+00 -6.400000000000000133e-02
-1.558300000000000018e+01 1.273300000000000054e+01 4.836000000000000298e+00 -5.899999999999999689e-02
-1.176500000000000057e+01 1.312400000000000055e+01 4.280000000000000249e+00 -6.300000000000000044e-02
-2.958000000000000185e+00 9.339999999999999858e+00 4.264000000000000234e+00 -6.700000000000000400e-02
1.262500000000000000e+01 2.463999999999999968e+00 6.743999999999999773e+00 -4.499999999999999833e-02
2.803200000000000003e+01 -3.658999999999999808e+00 1.101600000000000001e+01 -5.000000000000000104e-03
3.672800000000000153e+01 -6.958999999999999631e+00 1.451099999999999923e+01 2.999999999999999889e-02
4.341400000000000148e+01 -8.948999999999999844e+00 1.560899999999999999e+01 6.199999999999999956e-02
5.712599999999999767e+01 -1.062100000000000044e+01 1.437899999999999956e+01 8.100000000000000255e-02
7.467499999999999716e+01 -9.955000000000000071e+00 1.178500000000000014e+01 6.700000000000000400e-02
7.540200000000000102e+01 -6.459999999999999964e+00 8.805999999999999162e+00 4.100000000000000172e-02
4.089099999999999824e+01 -4.192999999999999616e+00 5.850999999999999979e+00 3.400000000000000244e-02
-1.516399999999999970e+01 -6.405999999999999694e+00 2.936999999999999833e+00 4.000000000000000083e-02
-5.332999999999999829e+01 -1.066999999999999993e+01 3.459999999999999742e-01 2.900000000000000147e-02
-5.464500000000000313e+01 -1.221700000000000053e+01 -1.622000000000000108e+00 2.000000000000000042e-03
-3.981799999999999784e+01 -9.837999999999999190e+00 -3.218999999999999861e+00 -2.100000000000000130e-02
-3.516599999999999682e+01 -6.232999999999999652e+00 -4.655999999999999694e+00 -2.400000000000000050e-02
-4.249000000000000199e+01 -4.230000000000000426e+00 -5.634999999999999787e+00 -1.200000000000000025e-02
-4.864600000000000080e+01 -4.858999999999999986e+00 -5.905999999999999694e+00 -0.000000000000000000e+00
-4.539000000000000057e+01 -7.062000000000000277e+00 -5.336999999999999744e+00 4.000000000000000083e-03
-3.307600000000000051e+01 -7.972999999999999865e+00 -3.942000000000000171e+00 8.999999999999999320e-03
-1.565900000000000070e+01 -5.753000000000000114e+00 -2.511000000000000121e+00 1.700000000000000122e-02
1.667000000000000037e+00 -1.941000000000000059e+00 -2.202999999999999847e+00 2.199999999999999872e-02
1.121400000000000041e+01 6.939999999999999503e-01 -3.491999999999999993e+00 2.299999999999999961e-02
4.413999999999999702e+00 1.379000000000000004e+00 -5.735999999999999766e+00 1.600000000000000033e-02
-1.774099999999999966e+01 2.024999999999999911e+00 -7.381000000000000227e+00 7.000000000000000146e-03
-3.797399999999999665e+01 5.519999999999999574e+00 -7.092999999999999972e+00 1.000000000000000021e-02
-3.735300000000000153e+01 1.164499999999999957e+01 -5.318999999999999950e+00 2.599999999999999881e-02
-1.823100000000000165e+01 1.554299999999999926e+01 -4.134999999999999787e+00 3.899999999999999994e-02
-2.249000000000000110e+00 1.357300000000000040e+01 -4.605000000000000426e+00 4.399999999999999745e-02
-1.288000000000000034e+00 8.160999999999999588e+00 -5.700000000000000178e+00 3.799999999999999906e-02
-4.878999999999999559e+00 3.831999999999999851e+00 -6.687999999999999723e+00 1.200000000000000025e-02
-2.323999999999999844e+00 1.915999999999999925e+00 -7.581000000000000405e+00 -3.099999999999999978e-02
4.288000000000000256e+00 1.209999999999999964e+00 -7.508000000000000007e+00 -5.700000000000000205e-02
1.314400000000000013e+01 9.399999999999999467e-01 -6.272000000000000242e+00 -4.599999999999999922e-02
2.501200000000000045e+01 1.205000000000000071e+00 -5.775999999999999801e+00 -2.999999999999999889e-02
3.335999999999999943e+01 1.699000000000000066e+00 -6.980000000000000426e+00 -4.000000000000000083e-02
3.146300000000000097e+01 1.945000000000000062e+00 -8.047000000000000597e+00 -5.800000000000000294e-02
2.580699999999999861e+01 2.359999999999999876e+00 -7.251999999999999780e+00 -6.099999999999999867e-02
2.943100000000000094e+01 3.370999999999999996e+00 -5.500000000000000000e+00 -4.900000000000000189e-02
4.493999999999999773e+01 4.224999999999999645e+00 -4.674000000000000377e+00 -3.099999999999999978e-02
6.246099999999999852e+01 3.943000000000000060e+00 -4.945999999999999730e+00 -1.899999999999999953e-02
7.111299999999999955e+01 2.914000000000000146e+00 -5.125000000000000000e+00 -2.500000000000000139e-02
6.515800000000000125e+01 2.895000000000000018e+00 -4.682000000000000384e+00 -4.000000000000000083e-02
4.344100000000000250e+01 4.341000000000000192e+00 -4.123999999999999666e+00 -4.499999999999999833e-02
1.199600000000000044e+01 4.363999999999999879e+00 -4.246999999999999886e+00 -2.999999999999999889e-02
-1.536400000000000077e+01 5.560000000000000497e-01 -5.482999999999999652e+00 -7.000000000000000146e-03
-2.753600000000000136e+01 -4.556000000000000050e+00 -7.025000000000000355e+00 -0.000000000000000000e+00
-2.723199999999999932e+01 -7.076999999999999957e+00 -7.363999999999999879e+00 -2.100000000000000130e-02
-2.639600000000000080e+01 -7.259000000000000341e+00 -6.330000000000000071e+00 -4.399999999999999745e-02
-3.224900000000000233e+01 -7.466000000000000192e+00 -5.030000000000000249e+00 -2.999999999999999889e-02
-4.281700000000000017e+01 -7.682000000000000384e+00 -4.185999999999999943e+00 1.000000000000000021e-02
-5.236599999999999966e+01 -6.437000000000000277e+00 -3.811999999999999833e+00 2.900000000000000147e-02
-5.560999999999999943e+01 -3.471999999999999975e+00 -3.266999999999999904e+00 2.100000000000000130e-02
-4.972200000000000131e+01 9.200000000000000400e-01 -1.715000000000000080e+00 1.499999999999999944e-02
-3.618800000000000239e+01 6.277000000000000135e+00 2.079999999999999905e-01 2.199999999999999872e-02
-1.921699999999999875e+01 9.551999999999999602e+00 7.830000000000000293e-01 3.400000000000000244e-02
-1.570999999999999952e+00 7.057999999999999829e+00 3.899999999999999994e-02 4.399999999999999745e-02
1.635800000000000054e+01 1.536999999999999922e+00 -3.900000000000000133e-01 4.299999999999999656e-02
3.298299999999999699e+01 -1.200000000000000025e-02 -8.899999999999999578e-02 2.199999999999999872e-02
4.266599999999999682e+01 2.387000000000000011e+00 1.829999999999999960e-01 1.000000000000000021e-03
3.910399999999999920e+01 2.129000000000000004e+00 4.299999999999999933e-01 3.000000000000000062e-03
2.305000000000000071e+01 -1.792999999999999927e+00 1.127999999999999892e+00 1.799999999999999864e-02
4.597999999999999865e+00 -3.241000000000000103e+00 2.113999999999999879e+00 2.000000000000000042e-02
-5.089999999999999858e+00 1.990000000000000102e-01 2.787999999999999812e+00 1.000000000000000021e-02
-3.540999999999999925e+00 3.725000000000000089e+00 2.919999999999999929e+00 1.799999999999999864e-02
3.819999999999999840e+00 3.822000000000000064e+00 2.843999999999999861e+00 4.100000000000000172e-02
1.211800000000000033e+01 3.250000000000000000e+00 2.653999999999999915e+00 4.299999999999999656e-02
2.029500000000000171e+01 5.395999999999999908e+00 2.430000000000000160e+00 1.200000000000000025e-02
2.629400000000000048e+01 8.349000000000000199e+00 3.129000000000000004e+00 -2.000000000000000042e-03
2.492299999999999827e+01 8.025999999999999801e+00 4.746000000000000441e+00 2.500000000000000139e-02
1.529800000000000004e+01 5.511999999999999567e+00 5.246000000000000441e+00 5.299999999999999850e-02
5.775000000000000355e+00 6.104000000000000092e+00 4.291999999999999815e+00 4.100000000000000172e-02
4.200999999999999623e+00 1.025699999999999967e+01 4.891000000000000014e+00 -1.000000000000000021e-03
7.439000000000000057e+00 1.220899999999999963e+01 8.451000000000000512e+00 -4.000000000000000083e-02
7.934999999999999609e+00 9.048999999999999488e+00 1.163799999999999990e+01 -5.600000000000000117e-02
5.589000000000000412e+00 4.022999999999999687e+00 1.059099999999999930e+01 -4.800000000000000100e-02
5.241999999999999993e+00 6.280000000000000027e-01 5.886999999999999567e+00 -2.299999999999999961e-02
7.116999999999999993e+00 -8.820000000000000062e-01 1.512000000000000011e+00 -2.000000000000000042e-03
7.471000000000000085e+00 -1.989000000000000101e+00 -3.310000000000000164e-01 -3.000000000000000062e-03
4.956000000000000405e+00 -3.823999999999999844e+00 -1.149999999999999911e+00 -1.700000000000000122e-02
6.750000000000000444e-01 -5.743000000000000327e+00 -2.116000000000000103e+00 -1.200000000000000025e-02
-4.033000000000000362e+00 -5.788999999999999702e+00 -1.566999999999999948e+00 1.000000000000000021e-02
-6.846000000000000085e+00 -3.063000000000000167e+00 1.423999999999999932e+00 2.000000000000000042e-02
-5.953000000000000291e+00 1.002000000000000002e+00 4.424999999999999822e+00 1.200000000000000025e-02
-3.145999999999999908e+00 3.774000000000000021e+00 4.658999999999999808e+00 -3.000000000000000062e-03
-1.806000000000000050e+00 3.053999999999999826e+00 2.601999999999999869e+00 -1.799999999999999864e-02
-2.838999999999999968e+00 -1.854999999999999982e+00 1.038000000000000034e+00 -1.499999999999999944e-02
-4.133000000000000007e+00 -8.476000000000000867e+00 1.336999999999999966e+00 8.000000000000000167e-03
-2.411999999999999922e+00 -1.179100000000000037e+01 2.248000000000000220e+00 1.899999999999999953e-02
3.000999999999999890e+00 -9.965999999999999304e+00 2.454000000000000181e+00 8.000000000000000167e-03
7.584999999999999964e+00 -6.788999999999999702e+00 2.248000000000000220e+00 8.999999999999999320e-03
7.171999999999999709e+00 -5.397000000000000242e+00 2.129999999999999893e+00 3.699999999999999817e-02
5.408999999999999808e+00 -4.322000000000000064e+00 2.072000000000000064e+00 4.399999999999999745e-02
9.369999999999999218e+00 -1.995000000000000107e+00 2.390000000000000124e+00 1.000000000000000021e-03
1.760000000000000142e+01 6.700000000000000400e-02 3.451999999999999957e+00 -5.399999999999999939e-02
1.845499999999999829e+01 4.000000000000000083e-03 4.368999999999999773e+00 -7.199999999999999456e-02
4.206999999999999851e+00 -2.248000000000000220e+00 3.289000000000000146e+00 -5.299999999999999850e-02
-1.546199999999999974e+01 -5.415000000000000036e+00 -2.500000000000000000e-01 -3.200000000000000067e-02
-2.165899999999999892e+01 -7.421999999999999709e+00 -4.072000000000000064e+00 -2.699999999999999969e-02
-8.253000000000000114e+00 -7.006999999999999673e+00 -5.666999999999999815e+00 -3.500000000000000333e-02
1.414600000000000080e+01 -6.094999999999999751e+00 -4.830000000000000071e+00 -5.099999999999999672e-02
3.253000000000000114e+01 -8.265000000000000568e+00 -3.103000000000000203e+00 -5.899999999999999689e-02
3.647899999999999920e+01 -1.370100000000000051e+01 -1.310000000000000053e+00 -2.599999999999999881e-02
1.699599999999999866e+01 -1.855799999999999983e+01 1.735000000000000098e+00 4.399999999999999745e-02
-2.352899999999999991e+01 -1.995599999999999952e+01 8.070000000000000284e+00 9.600000000000000200e-02
-6.523000000000000398e+01 -1.797400000000000020e+01 1.885300000000000153e+01 9.500000000000000111e-02
-8.523199999999999932e+01 -1.333399999999999963e+01 3.229299999999999926e+01 7.099999999999999367e-02
-7.700799999999999557e+01 -7.439000000000000057e+00 4.136099999999999710e+01 5.700000000000000205e-02
-5.396399999999999864e+01 -4.105999999999999872e+00 3.803000000000000114e+01 6.600000000000000311e-02
-3.659799999999999898e+01 -6.860000000000000320e+00 2.302400000000000091e+01 8.699999999999999400e-02
-3.367199999999999704e+01 -1.282000000000000028e+01 6.490999999999999659e+00 8.000000000000000167e-02
-3.436899999999999977e+01 -1.241900000000000048e+01 -2.904999999999999805e+00 2.500000000000000139e-02
-2.442599999999999838e+01 -2.139999999999999958e-01 -6.245000000000000107e+00 -2.000000000000000042e-02
-6.519999999999999574e+00 1.585500000000000043e+01 -1.059500000000000064e+01 -8.999999999999999320e-03
6.264999999999999680e+00 2.347200000000000131e+01 -1.839399999999999835e+01 2.000000000000000042e-02
1.033900000000000041e+01 2.180099999999999838e+01 -2.471199999999999974e+01 2.000000000000000042e-02
1.038499999999999979e+01 1.935999999999999943e+01 -2.685000000000000142e+01 -7.000000000000000146e-03
7.581999999999999851e+00 1.994099999999999895e+01 -2.886400000000000077e+01 -4.100000000000000172e-02
6.174999999999999822e+00 2.049099999999999966e+01 -3.268500000000000227e+01 -6.700000000000000400e-02
1.991400000000000148e+01 1.898499999999999943e+01 -3.407099999999999795e+01 -6.900000000000000577e-02
4.939300000000000068e+01 1.558200000000000074e+01 -3.140599999999999881e+01 -3.899999999999999994e-02
6.507699999999999818e+01 9.560000000000000497e+00 -3.035500000000000043e+01 7.000000000000000146e-03
4.226299999999999812e+01 1.270000000000000018e+00 -3.559400000000000119e+01 4.499999999999999833e-02
2.092999999999999972e+00 -5.722000000000000419e+00 -4.260699999999999932e+01 4.599999999999999922e-02
-1.506799999999999962e+01 -7.855999999999999872e+00 -4.158500000000000085e+01 -1.099999999999999936e-02
-4.051000000000000156e+00 -5.357000000000000206e+00 -2.812800000000000011e+01 -9.199999999999999845e-02
9.337999999999999190e+00 -9.160000000000000364e-01 -7.701999999999999957e+00 -1.229999999999999982e-01
1.077699999999999925e+01 3.391999999999999904e+00 1.053400000000000070e+01 -8.899999999999999578e-02
7.496000000000000441e+00 5.530999999999999694e+00 2.187800000000000011e+01 -5.800000000000000294e-02
8.396000000000000796e+00 3.451999999999999957e+00 2.639099999999999824e+01 -5.600000000000000117e-02
1.181900000000000084e+01 -1.282999999999999918e+00 2.464600000000000080e+01 -6.199999999999999956e-02
8.182000000000000384e+00 -3.742999999999999883e+00 1.823000000000000043e+01 -9.099999999999999756e-02
-5.969000000000000306e+00 -8.110000000000000542e-01 1.239499999999999957e+01 -1.429999999999999882e-01
-1.777599999999999980e+01 7.163000000000000256e+00 1.267600000000000016e+01 -1.270000000000000018e-01
-1.631700000000000017e+01 1.711899999999999977e+01 1.868199999999999861e+01 4.499999999999999833e-02
-1.306700000000000017e+01 2.180799999999999983e+01 2.348600000000000065e+01 3.019999999999999907e-01
-2.232999999999999829e+01 1.398600000000000065e+01 2.023199999999999932e+01 4.949999999999999956e-01
-3.652799999999999869e+01 -3.317000000000000171e+00 1.003400000000000070e+01 5.590000000000000524e-01
-4.293999999999999773e+01 -1.909799999999999898e+01 1.893000000000000016e+00 4.680000000000000271e-01
-4.299900000000000233e+01 -2.851599999999999824e+01 4.299999999999999822e+00 1.479999999999999927e-01
-3.622999999999999687e+01 -3.333899999999999864e+01 1.748199999999999932e+01 -3.180000000000000049e-01
-1.367200000000000060e+01 -3.082700000000000173e+01 3.150300000000000011e+01 -6.029999999999999805e-01
1.782799999999999940e+01 -1.691000000000000014e+01 3.344200000000000017e+01 -4.779999999999999805e-01
3.437199999999999989e+01 1.770000000000000018e+00 2.107400000000000162e+01 -1.120000000000000023e-01
2.508699999999999974e+01 1.251099999999999923e+01 5.455000000000000071e+00 1.469999999999999918e-01
9.709999999999999742e-01 1.246100000000000030e+01 -3.500999999999999890e+00 1.660000000000000087e-01
-2.214699999999999847e+01 9.564000000000000057e+00 -6.216999999999999638e+00 6.900000000000000577e-02
-3.433599999999999852e+01 8.824999999999999289e+00 -6.009999999999999787e+00 -7.000000000000000146e-03
-3.396699999999999875e+01 7.516000000000000014e+00 -2.884999999999999787e+00 -2.199999999999999872e-02
-2.854200000000000159e+01 3.565999999999999837e+00 1.961000000000000076e+00 -4.000000000000000083e-03
-2.618499999999999872e+01 -4.799999999999999822e-01 4.495000000000000107e+00 3.000000000000000062e-03
-2.415800000000000125e+01 -2.626999999999999780e+00 3.725000000000000089e+00 -1.899999999999999953e-02
-1.352500000000000036e+01 -3.311999999999999833e+00 2.674999999999999822e+00 -4.200000000000000261e-02
6.288000000000000256e+00 -1.727000000000000091e+00 2.718999999999999861e+00 -4.100000000000000172e-02
2.715700000000000003e+01 3.789000000000000146e+00 2.516000000000000014e+00 -1.700000000000000122e-02
4.605599999999999739e+01 1.218200000000000038e+01 2.250000000000000000e+00 2.900000000000000147e-02
7.109099999999999397e+01 2.025000000000000000e+01 3.898000000000000131e+00 1.039999999999999952e-01
1.077560000000000002e+02 2.478500000000000014e+01 6.503000000000000114e+00 1.930000000000000049e-01
1.368720000000000141e+02 2.312199999999999989e+01 5.187000000000000277e+00 2.220000000000000029e-01
1.204309999999999974e+02 1.536599999999999966e+01 -1.727999999999999980e+00 1.160000000000000059e-01
4.981499999999999773e+01 6.315000000000000391e+00 -8.244999999999999218e+00 -5.899999999999999689e-02
-2.852299999999999969e+01 1.042999999999999927e+00 -8.816000000000000725e+00 -1.529999999999999971e-01
-6.409199999999999875e+01 -9.120000000000000329e-01 -6.405999999999999694e+00 -1.340000000000000080e-01
-5.891199999999999903e+01 -2.657999999999999918e+00 -6.708999999999999631e+00 -1.019999999999999934e-01
-4.702600000000000335e+01 -3.954000000000000181e+00 -9.826999999999999957e+00 -9.700000000000000289e-02
-4.305700000000000216e+01 -3.883999999999999897e+00 -1.241200000000000081e+01 -8.400000000000000522e-02
-3.826500000000000057e+01 -4.716000000000000192e+00 -1.333300000000000018e+01 -7.199999999999999456e-02
-2.749399999999999977e+01 -7.147000000000000242e+00 -1.348700000000000010e+01 -8.699999999999999400e-02
-1.440499999999999936e+01 -7.783000000000000362e+00 -1.326399999999999935e+01 -8.799999999999999489e-02
3.589999999999999858e-01 -5.091999999999999638e+00 -1.266000000000000014e+01 -4.700000000000000011e-02
1.991600000000000037e+01 -2.071000000000000174e+00 -1.172600000000000087e+01 -1.099999999999999936e-02
4.642099999999999937e+01 -1.187000000000000055e+00 -1.031000000000000050e+01 1.000000000000000021e-03
8.025499999999999545e+01 -6.470000000000000195e-01 -8.946999999999999176e+00 3.899999999999999994e-02
1.099620000000000033e+02 1.854000000000000092e+00 -9.012999999999999901e+00 9.400000000000000022e-02
1.085019999999999953e+02 4.125000000000000000e+00 -1.072700000000000031e+01 8.999999999999999667e-02
6.740500000000000114e+01 3.004999999999999893e+00 -1.211500000000000021e+01 2.400000000000000050e-02
2.224299999999999855e+01 7.860000000000000320e-01 -1.071299999999999919e+01 -1.099999999999999936e-02
9.349000000000000199e+00 1.316000000000000059e+00 -6.209999999999999964e+00 2.500000000000000139e-02
1.614399999999999835e+01 2.483000000000000096e+00 -1.423999999999999932e+00 4.900000000000000189e-02
8.714999999999999858e+00 3.960000000000000187e-01 2.590000000000000080e-01 -1.400000000000000029e-02
-1.390799999999999947e+01 -2.415999999999999925e+00 -9.000000000000000222e-01 -1.160000000000000059e-01
-2.654100000000000037e+01 -9.629999999999999671e-01 -9.320000000000000506e-01 -1.710000000000000131e-01
-1.830799999999999983e+01 3.376999999999999780e+00 2.472999999999999865e+00 -1.739999999999999880e-01
4.552999999999999936e+00 5.253999999999999559e+00 6.567000000000000171e+00 -1.419999999999999873e-01
3.555299999999999727e+01 3.870000000000000107e+00 7.290000000000000036e+00 -5.199999999999999761e-02
5.915100000000000335e+01 2.432999999999999829e+00 3.960999999999999854e+00 9.199999999999999845e-02
4.919100000000000250e+01 9.849999999999999867e-01 -1.318000000000000060e+00 2.000000000000000111e-01
3.334999999999999964e+00 -3.665999999999999925e+00 -5.597000000000000419e+00 1.819999999999999951e-01
-4.525600000000000023e+01 -1.106600000000000072e+01 -6.075999999999999623e+00 8.200000000000000344e-02
-7.183199999999999363e+01 -1.602100000000000080e+01 -3.318000000000000060e+00 2.800000000000000058e-02
-8.781699999999999307e+01 -1.612699999999999889e+01 -1.643000000000000016e+00 6.800000000000000488e-02
-1.075990000000000038e+02 -1.593999999999999950e+01 -2.592000000000000082e+00 1.100000000000000006e-01
-1.203580000000000041e+02 -2.004299999999999926e+01 -2.839999999999999858e+00 7.000000000000000666e-02
-1.144809999999999945e+02 -2.479400000000000048e+01 -4.490000000000000102e-01 -8.000000000000000167e-03
-1.000540000000000020e+02 -2.253800000000000026e+01 3.427999999999999936e+00 -4.100000000000000172e-02
-8.952200000000000557e+01 -1.298300000000000054e+01 8.073000000000000398e+00 -4.800000000000000100e-02
-8.025000000000000000e+01 -3.706999999999999851e+00 1.265099999999999980e+01 -1.079999999999999988e-01
-6.664100000000000534e+01 2.129999999999999949e-01 1.476699999999999946e+01 -2.149999999999999967e-01
-5.084599999999999653e+01 2.280000000000000082e-01 1.317900000000000027e+01 -2.640000000000000124e-01
-3.697399999999999665e+01 -7.680000000000000160e-01 9.964000000000000412e+00 -1.869999999999999996e-01
-2.631599999999999895e+01 -1.663000000000000034e+00 7.982000000000000206e+00 -5.500000000000000028e-02
-1.885099999999999909e+01 -2.504999999999999893e+00 7.421000000000000263e+00 2.500000000000000139e-02
-1.348000000000000043e+01 -2.900999999999999801e+00 6.891000000000000014e+00 4.700000000000000011e-02
-7.950999999999999623e+00 -4.969999999999999973e-01 7.019000000000000128e+00 6.700000000000000400e-02
-1.739000000000000101e+00 6.251000000000000334e+00 1.047300000000000075e+01 7.399999999999999634e-02
3.004999999999999893e+00 1.292500000000000071e+01 1.727499999999999858e+01 2.800000000000000058e-02
5.629999999999999893e+00 1.215499999999999936e+01 2.183599999999999852e+01 -2.599999999999999881e-02
8.705999999999999517e+00 3.334000000000000075e+00 1.790800000000000125e+01 -2.199999999999999872e-02
1.341200000000000081e+01 -6.009999999999999787e+00 6.589999999999999858e+00 2.000000000000000042e-02
1.777799999999999869e+01 -9.707000000000000739e+00 -3.373000000000000220e+00 2.900000000000000147e-02
2.082499999999999929e+01 -9.255000000000000782e+00 -4.836999999999999744e+00 -6.000000000000000125e-03
2.309199999999999875e+01 -1.028899999999999970e+01 -5.250000000000000222e-01 -3.699999999999999817e-02
2.339000000000000057e+01 -1.553400000000000070e+01 1.227999999999999980e+00 -3.799999999999999906e-02
2.138599999999999923e+01 -2.058800000000000097e+01 -2.636000000000000121e+00 -3.200000000000000067e-02
2.275900000000000034e+01 -1.773999999999999844e+01 -8.646000000000000796e+00 -3.699999999999999817e-02
3.464500000000000313e+01 -6.272000000000000242e+00 -1.332099999999999973e+01 -4.299999999999999656e-02
5.514500000000000313e+01 5.746999999999999886e+00 -1.486599999999999966e+01 -3.500000000000000333e-02
7.354399999999999693e+01 1.267900000000000027e+01 -1.221199999999999974e+01 -8.999999999999999320e-03
8.075100000000000477e+01 1.696499999999999986e+01 -7.155000000000000249e+00 1.700000000000000122e-02
7.458700000000000330e+01 2.100300000000000011e+01 -4.211999999999999744e+00 1.499999999999999944e-02
5.889999999999999858e+01 2.258699999999999974e+01 -6.120000000000000107e+00 -8.000000000000000167e-03
4.214399999999999835e+01 2.071300000000000097e+01 -1.200999999999999979e+01 -2.999999999999999889e-02
3.117800000000000082e+01 1.686899999999999977e+01 -1.976300000000000168e+01 -3.799999999999999906e-02
2.435800000000000054e+01 1.091399999999999970e+01 -2.740800000000000125e+01 -2.699999999999999969e-02
1.605300000000000082e+01 2.919000000000000039e+00 -3.236200000000000188e+01 -1.099999999999999936e-02
6.921999999999999709e+00 -4.352999999999999758e+00 -3.185900000000000176e+01 -7.000000000000000146e-03
3.104999999999999982e+00 -7.416999999999999815e+00 -2.595899999999999963e+01 -4.000000000000000083e-03
5.604000000000000092e+00 -3.138999999999999790e+00 -1.769399999999999906e+01 2.299999999999999961e-02
8.180999999999999162e+00 8.032999999999999474e+00 -8.130000000000000782e+00 6.900000000000000577e-02
7.637999999999999901e+00 1.811799999999999855e+01 3.781000000000000139e+00 9.800000000000000377e-02
8.028999999999999915e+00 1.932300000000000040e+01 1.567099999999999937e+01 1.029999999999999943e-01
1.207900000000000063e+01 1.524200000000000088e+01 2.272800000000000153e+01 1.110000000000000014e-01
1.823000000000000043e+01 1.476500000000000057e+01 2.276699999999999946e+01 1.189999999999999947e-01
2.716300000000000026e+01 1.814799999999999969e+01 1.634100000000000108e+01 9.800000000000000377e-02
3.768999999999999773e+01 1.889699999999999847e+01 6.389000000000000234e+00 6.500000000000000222e-02
3.909899999999999665e+01 1.469599999999999973e+01 -1.739000000000000101e+00 7.000000000000000666e-02
2.505099999999999838e+01 8.080000000000000071e+00 -5.331999999999999851e+00 1.000000000000000056e-01
7.830000000000000071e+00 7.750000000000000222e-01 -7.461000000000000298e+00 1.010000000000000064e-01
1.550999999999999934e+00 -6.836999999999999744e+00 -1.029899999999999949e+01 7.399999999999999634e-02
2.281000000000000139e+00 -1.404800000000000004e+01 -9.490999999999999659e+00 5.099999999999999672e-02
-1.201000000000000068e+00 -2.040700000000000003e+01 -1.459000000000000075e+00 4.200000000000000261e-02
-9.859999999999999432e+00 -2.540700000000000003e+01 8.582000000000000739e+00 4.000000000000000083e-02
-1.794099999999999895e+01 -2.737300000000000111e+01 1.335500000000000043e+01 4.299999999999999656e-02
-2.214099999999999824e+01 -2.511499999999999844e+01 1.356300000000000061e+01 4.299999999999999656e-02
-2.101200000000000045e+01 -2.028099999999999881e+01 1.434099999999999930e+01 4.299999999999999656e-02
-1.485299999999999976e+01 -1.621300000000000097e+01 1.662699999999999889e+01 5.999999999999999778e-02
-9.185000000000000497e+00 -1.446700000000000053e+01 1.861400000000000077e+01 8.599999999999999312e-02
-1.081499999999999950e+01 -1.317699999999999960e+01 2.110200000000000031e+01 8.899999999999999578e-02
-1.857300000000000040e+01 -9.444000000000000838e+00 2.501599999999999824e+01 7.099999999999999367e-02
-2.433099999999999952e+01 -3.404999999999999805e+00 2.718599999999999994e+01 6.900000000000000577e-02
-2.437399999999999878e+01 1.542000000000000037e+00 2.413500000000000156e+01 8.400000000000000522e-02
-2.300199999999999889e+01 2.870000000000000107e+00 1.771699999999999875e+01 7.099999999999999367e-02
-2.496600000000000108e+01 1.433999999999999941e+00 1.293299999999999983e+01 2.299999999999999961e-02
-3.040099999999999980e+01 8.000000000000000167e-03 1.204599999999999937e+01 -1.600000000000000033e-02
-3.493900000000000006e+01 1.114000000000000101e+00 1.339700000000000024e+01 -2.000000000000000042e-02
-3.229699999999999704e+01 5.570000000000000284e+00 1.418299999999999983e+01 -7.000000000000000146e-03
-2.090899999999999892e+01 1.131300000000000061e+01 1.273900000000000077e+01 -5.000000000000000104e-03
-6.440999999999999837e+00 1.444599999999999973e+01 9.403000000000000469e+00 -2.500000000000000139e-02
4.942999999999999616e+00 1.343500000000000050e+01 5.690000000000000391e+00 -5.099999999999999672e-02
1.218500000000000050e+01 1.103800000000000026e+01 2.285000000000000142e+00 -5.099999999999999672e-02
1.725600000000000023e+01 1.011899999999999977e+01 -6.790000000000000480e-01 -2.299999999999999961e-02
1.907999999999999829e+01 1.030199999999999960e+01 -1.929999999999999938e+00 -1.000000000000000021e-03
1.251200000000000045e+01 1.072499999999999964e+01 -4.640000000000000235e-01 -5.000000000000000104e-03
-3.161000000000000032e+00 1.224099999999999966e+01 2.448999999999999844e+00 -2.100000000000000130e-02
-1.960099999999999909e+01 1.474799999999999933e+01 4.785000000000000142e+00 -4.000000000000000083e-02
-2.768400000000000105e+01 1.557600000000000051e+01 5.932000000000000384e+00 -5.399999999999999939e-02
-2.591700000000000159e+01 1.310999999999999943e+01 6.216000000000000192e+00 -3.699999999999999817e-02
-2.096499999999999986e+01 9.701000000000000512e+00 5.338000000000000078e+00 -0.000000000000000000e+00
-2.208200000000000074e+01 8.061999999999999389e+00 3.117999999999999883e+00 5.000000000000000104e-03
-2.937099999999999866e+01 8.060999999999999943e+00 1.766000000000000014e+00 -4.499999999999999833e-02
-2.871699999999999875e+01 9.250000000000000000e+00 3.454000000000000181e+00 -1.079999999999999988e-01
-9.901999999999999247e+00 1.161100000000000065e+01 5.871999999999999886e+00 -1.229999999999999982e-01
1.263799999999999990e+01 1.295599999999999952e+01 6.456000000000000405e+00 -7.299999999999999545e-02
1.643599999999999994e+01 1.067500000000000071e+01 8.749000000000000554e+00 -1.400000000000000029e-02
6.355999999999999872e+00 5.713000000000000078e+00 1.719800000000000040e+01 -8.000000000000000167e-03
4.907000000000000028e+00 1.036999999999999922e+00 2.850199999999999889e+01 -4.599999999999999922e-02
1.156000000000000050e+01 -2.508999999999999897e+00 3.424699999999999989e+01 -9.099999999999999756e-02
7.451999999999999957e+00 -5.264000000000000234e+00 3.057000000000000028e+01 -1.209999999999999964e-01
-6.572000000000000064e+00 -5.626000000000000334e+00 2.065099999999999980e+01 -1.170000000000000068e-01
-1.175300000000000011e+01 -2.596999999999999975e+00 8.460000000000000853e+00 -7.499999999999999722e-02
-4.301000000000000156e+00 -4.040000000000000258e-01 -5.219000000000000306e+00 -4.800000000000000100e-02
5.999999999999999778e-01 -5.865999999999999659e+00 -2.099500000000000099e+01 -8.500000000000000611e-02
-5.850999999999999979e+00 -1.991000000000000014e+01 -3.853600000000000136e+01 -1.479999999999999927e-01
-1.486500000000000021e+01 -3.396699999999999875e+01 -5.511299999999999955e+01 -1.700000000000000122e-01
-1.500699999999999967e+01 -3.810099999999999909e+01 -6.688700000000000045e+01 -1.449999999999999900e-01
-6.557999999999999829e+00 -3.263700000000000045e+01 -7.326000000000000512e+01 -1.089999999999999997e-01
2.182999999999999829e+00 -2.630699999999999861e+01 -7.710099999999999909e+01 -8.599999999999999312e-02
5.092999999999999972e+00 -2.312399999999999878e+01 -7.995399999999999352e+01 -7.699999999999999900e-02
1.338000000000000078e+00 -1.968299999999999983e+01 -8.050300000000000011e+01 -6.900000000000000577e-02
-6.320000000000000284e+00 -1.339899999999999913e+01 -7.811899999999999977e+01 -4.100000000000000172e-02
-1.249200000000000088e+01 -3.648000000000000131e+00 -7.473900000000000432e+01 1.400000000000000029e-02
-1.146700000000000053e+01 9.667999999999999261e+00 -7.202100000000000080e+01 6.400000000000000133e-02
-2.261000000000000121e+00 1.993400000000000105e+01 -6.908899999999999864e+01 8.000000000000000167e-02
1.061299999999999955e+01 1.612399999999999878e+01 -6.448999999999999488e+01 6.099999999999999867e-02
2.491799999999999926e+01 -1.970000000000000084e-01 -5.777199999999999847e+01 2.599999999999999881e-02
4.519700000000000273e+01 -1.216499999999999915e+01 -4.770100000000000051e+01 3.000000000000000062e-03
7.041500000000000625e+01 -1.003500000000000014e+01 -3.226200000000000045e+01 1.099999999999999936e-02
8.237800000000000011e+01 -2.093999999999999861e+00 -1.265600000000000058e+01 2.800000000000000058e-02
6.351400000000000290e+01 3.281000000000000139e+00 5.392999999999999794e+00 2.199999999999999872e-02
2.145100000000000051e+01 7.823999999999999844e+00 1.649099999999999966e+01 1.000000000000000021e-02
-2.043299999999999983e+01 1.089199999999999946e+01 2.104899999999999949e+01 1.099999999999999936e-02
-4.832099999999999795e+01 6.857999999999999652e+00 2.407300000000000040e+01 2.000000000000000042e-03
-6.211999999999999744e+01 -3.325000000000000178e+00 2.841199999999999903e+01 -2.599999999999999881e-02
-6.560200000000000387e+01 -1.218800000000000061e+01 3.294200000000000017e+01 -4.299999999999999656e-02
-6.155299999999999727e+01 -1.347700000000000031e+01 3.738000000000000256e+01 -2.299999999999999961e-02
-5.354699999999999704e+01 -4.809000000000000163e+00 4.256199999999999761e+01 1.600000000000000033e-02
-4.885099999999999909e+01 9.743999999999999773e+00 4.686099999999999710e+01 4.499999999999999833e-02
-5.214999999999999858e+01 2.199500000000000099e+01 4.868099999999999739e+01 6.199999999999999956e-02
-5.770199999999999818e+01 3.002299999999999969e+01 4.964999999999999858e+01 7.699999999999999900e-02
-5.866299999999999670e+01 3.830799999999999983e+01 5.120300000000000296e+01 7.599999999999999811e-02
-5.235699999999999932e+01 4.652900000000000347e+01 5.227799999999999869e+01 4.200000000000000261e-02
-2.936299999999999955e+01 4.863700000000000045e+01 5.214900000000000091e+01 -4.000000000000000083e-03
1.252599999999999980e+01 4.009799999999999898e+01 5.237800000000000011e+01 -1.000000000000000021e-02
4.347299999999999898e+01 1.846300000000000097e+01 5.550500000000000256e+01 2.800000000000000058e-02
3.457399999999999807e+01 -1.522400000000000020e+01 6.171099999999999852e+01 5.399999999999999939e-02
8.720000000000000639e+00 -5.154599999999999937e+01 6.656100000000000705e+01 4.299999999999999656e-02
7.597000000000000419e+00 -7.842700000000000671e+01 6.507500000000000284e+01 2.800000000000000058e-02
2.189499999999999957e+01 -9.251800000000000068e+01 5.831600000000000250e+01 3.500000000000000333e-02
1.380599999999999916e+01 -9.926300000000000523e+01 5.108899999999999864e+01 4.499999999999999833e-02
-9.003999999999999559e+00 -1.041860000000000070e+02 4.478799999999999670e+01 3.200000000000000067e-02
-6.644999999999999574e+00 -1.078239999999999981e+02 3.904899999999999949e+01 -8.999999999999999320e-03
2.514999999999999858e+01 -1.060550000000000068e+02 3.586200000000000188e+01 -4.299999999999999656e-02
5.926200000000000045e+01 -9.209300000000000352e+01 3.643099999999999739e+01 -3.500000000000000333e-02
8.989700000000000557e+01 -6.203099999999999881e+01 4.139999999999999858e+01 -6.000000000000000125e-03
1.298369999999999891e+02 -2.233599999999999852e+01 5.228099999999999881e+01 1.000000000000000021e-02
1.678799999999999955e+02 1.526200000000000045e+01 6.198799999999999955e+01 3.699999999999999817e-02
1.771620000000000061e+02 5.116599999999999682e+01 5.721399999999999864e+01 1.130000000000000032e-01
1.612340000000000089e+02 9.685699999999999932e+01 3.970900000000000318e+01 2.109999999999999931e-01
1.424950000000000045e+02 1.507309999999999945e+02 2.371399999999999864e+01 2.889999999999999791e-01
1.132240000000000038e+02 1.954459999999999980e+02 1.116999999999999993e+01 3.469999999999999751e-01
6.221399999999999864e+01 2.238240000000000123e+02 -7.040000000000000036e+00 3.820000000000000062e-01
2.979599999999999937e+01 2.426119999999999948e+02 -3.211899999999999977e+01 3.719999999999999973e-01
5.006300000000000239e+01 2.490240000000000009e+02 -5.841599999999999682e+01 3.220000000000000084e-01
7.189000000000000057e+01 2.269819999999999993e+02 -8.316899999999999693e+01 2.710000000000000187e-01
3.120599999999999952e+01 1.701380000000000052e+02 -1.029309999999999974e+02 2.439999999999999947e-01
-4.715400000000000347e+01 9.717499999999999716e+01 -1.104749999999999943e+02 2.439999999999999947e-01
-1.035370000000000061e+02 3.872200000000000131e+01 -1.041949999999999932e+02 2.449999999999999956e-01
-1.363249999999999886e+02 7.110999999999999766e+00 -9.310299999999999443e+01 1.799999999999999933e-01
-1.657019999999999982e+02 -1.456000000000000050e+01 -8.642499999999999716e+01 2.599999999999999881e-02
-1.675440000000000111e+02 -4.596399999999999864e+01 -8.477899999999999636e+01 -1.150000000000000050e-01
-1.150900000000000034e+02 -8.475400000000000489e+01 -8.487699999999999534e+01 -1.370000000000000107e-01
-4.249300000000000210e+01 -1.190259999999999962e+02 -8.524200000000000443e+01 -8.699999999999999400e-02
-8.496000000000000441e+00 -1.465960000000000036e+02 -8.420999999999999375e+01 -9.900000000000000466e-02
-2.221099999999999852e+01 -1.691690000000000111e+02 -7.781999999999999318e+01 -2.049999999999999878e-01
-4.580599999999999739e+01 -1.826479999999999961e+02 -6.288199999999999790e+01 -3.210000000000000075e-01
-5.225200000000000244e+01 -1.821380000000000052e+02 -4.091199999999999903e+01 -3.860000000000000098e-01
-4.740599999999999881e+01 -1.694269999999999925e+02 -1.672899999999999920e+01 -4.060000000000000275e-01
-4.399900000000000233e+01 -1.547410000000000139e+02 6.652999999999999581e+00 -3.870000000000000107e-01
-3.937400000000000233e+01 -1.477659999999999911e+02 2.868499999999999872e+01 -3.190000000000000058e-01
-2.701099999999999923e+01 -1.415960000000000036e+02 4.703199999999999648e+01 -2.290000000000000091e-01
-1.806500000000000128e+01 -1.197210000000000036e+02 5.646800000000000352e+01 -1.829999999999999960e-01
-3.119200000000000017e+01 -8.439300000000000068e+01 5.434700000000000131e+01 -2.089999999999999913e-01
-6.635800000000000409e+01 -5.636399999999999721e+01 4.538600000000000279e+01 -2.590000000000000080e-01
-1.063610000000000042e+02 -4.390299999999999869e+01 3.742999999999999972e+01 -2.700000000000000178e-01
-1.261329999999999956e+02 -3.226299999999999812e+01 3.386800000000000210e+01 -2.439999999999999947e-01
-9.487300000000000466e+01 -3.395000000000000018e+00 3.363000000000000256e+01 -2.270000000000000073e-01
-9.035000000000000142e+00 4.567000000000000171e+01 3.559000000000000341e+01 -2.210000000000000020e-01
8.076500000000000057e+01 1.008340000000000032e+02 3.881799999999999784e+01 -1.719999999999999862e-01
1.206280000000000001e+02 1.414219999999999970e+02 4.052700000000000102e+01 -7.399999999999999634e-02
1.141449999999999960e+02 1.537769999999999868e+02 3.757900000000000063e+01 8.999999999999999320e-03
9.760399999999999920e+01 1.380449999999999875e+02 3.017999999999999972e+01 3.699999999999999817e-02
8.689700000000000557e+01 1.071730000000000018e+02 2.158599999999999852e+01 3.699999999999999817e-02
7.637300000000000466e+01 7.866500000000000625e+01 1.361899999999999977e+01 3.500000000000000333e-02
5.812100000000000222e+01 5.952799999999999869e+01 5.469999999999999751e+00 2.999999999999999889e-02
2.706899999999999906e+01 4.161599999999999966e+01 -2.741000000000000103e+00 2.000000000000000042e-03
-1.146100000000000030e+01 1.904500000000000171e+01 -8.912000000000000810e+00 -3.599999999999999728e-02
-4.042099999999999937e+01 1.082000000000000073e+00 -1.191900000000000048e+01 -4.599999999999999922e-02
-4.965899999999999892e+01 -2.568999999999999950e+00 -1.282099999999999973e+01 -2.599999999999999881e-02
-4.732399999999999807e+01 1.306999999999999940e+00 -1.245800000000000018e+01 -1.799999999999999864e-02
-4.805599999999999739e+01 -9.379999999999999449e-01 -9.858000000000000540e+00 -2.900000000000000147e-02
-5.693599999999999994e+01 -1.122499999999999964e+01 -4.995000000000000107e+00 -2.900000000000000147e-02
-6.665900000000000603e+01 -2.059700000000000131e+01 -1.683999999999999941e+00 -2.199999999999999872e-02
-6.833100000000000307e+01 -2.230499999999999972e+01 -3.553999999999999826e+00 -3.799999999999999906e-02
-5.998599999999999710e+01 -1.594400000000000084e+01 -7.716999999999999638e+00 -5.899999999999999689e-02
-4.178699999999999903e+01 -4.439000000000000057e+00 -7.876000000000000334e+00 -3.899999999999999994e-02
-1.440900000000000070e+01 4.879999999999999893e+00 -3.427999999999999936e+00 1.400000000000000029e-02
1.123399999999999999e+01 3.584999999999999964e+00 3.920000000000000151e-01 5.199999999999999761e-02
1.779700000000000060e+01 -3.887000000000000011e+00 1.143999999999999906e+00 6.300000000000000044e-02
3.979999999999999982e+00 -1.320000000000000062e+00 1.959999999999999964e+00 7.499999999999999722e-02
-1.093399999999999928e+01 1.262899999999999956e+01 4.892999999999999794e+00 1.039999999999999952e-01
-1.157199999999999918e+01 1.514000000000000057e+01 7.182999999999999829e+00 1.370000000000000107e-01
1.600000000000000033e-02 -1.031300000000000061e+01 6.504999999999999893e+00 1.549999999999999989e-01
1.800600000000000023e+01 -5.146600000000000108e+01 5.126999999999999780e+00 1.499999999999999944e-01
3.998199999999999932e+01 -8.562900000000000489e+01 6.033999999999999808e+00 1.239999999999999991e-01
5.823899999999999721e+01 -1.031820000000000022e+02 8.867000000000000881e+00 9.900000000000000466e-02
6.199000000000000199e+01 -1.069609999999999985e+02 1.138700000000000045e+01 8.400000000000000522e-02
4.881799999999999784e+01 -1.040699999999999932e+02 1.133399999999999963e+01 5.800000000000000294e-02
2.377100000000000080e+01 -1.005070000000000050e+02 7.150000000000000355e+00 1.200000000000000025e-02
-7.139999999999999680e+00 -9.423699999999999477e+01 9.509999999999999565e-01 -2.500000000000000139e-02
-3.567399999999999949e+01 -7.776999999999999602e+01 4.390000000000000013e-01 -2.999999999999999889e-02
-5.362700000000000244e+01 -5.371200000000000330e+01 1.232399999999999984e+01 -5.000000000000000104e-03
-6.332999999999999829e+01 -3.599199999999999733e+01 3.032499999999999929e+01 3.400000000000000244e-02
-7.316800000000000637e+01 -2.641499999999999915e+01 3.663900000000000290e+01 7.000000000000000666e-02
-7.711199999999999477e+01 -5.910999999999999588e+00 2.308299999999999841e+01 1.000000000000000056e-01
-6.068399999999999750e+01 3.707900000000000063e+01 2.630999999999999783e+00 1.290000000000000036e-01
-3.280499999999999972e+01 8.575900000000000034e+01 -8.070999999999999730e+00 1.519999999999999962e-01
-1.838500000000000156e+01 1.163370000000000033e+02 -8.054000000000000270e+00 1.769999999999999907e-01
-1.477200000000000024e+01 1.254620000000000033e+02 -7.331000000000000405e+00 2.280000000000000082e-01
8.294000000000000483e+00 1.262939999999999969e+02 -1.177800000000000047e+01 2.750000000000000222e-01
6.505599999999999739e+01 1.315769999999999982e+02 -1.881500000000000128e+01 2.510000000000000009e-01
1.358739999999999952e+02 1.494310000000000116e+02 -2.306700000000000017e+01 1.729999999999999871e-01
1.880000000000000000e+02 1.794000000000000057e+02 -2.166499999999999915e+01 1.469999999999999918e-01
2.011850000000000023e+02 2.004530000000000030e+02 -1.606299999999999883e+01 2.039999999999999869e-01
1.780660000000000025e+02 1.821069999999999993e+02 -1.016399999999999970e+01 2.520000000000000018e-01
1.351649999999999920e+02 1.213670000000000044e+02 -6.248999999999999666e+00 2.149999999999999967e-01
8.593699999999999761e+01 4.914999999999999858e+01 -4.735999999999999766e+00 1.459999999999999909e-01
3.765500000000000114e+01 -6.144999999999999574e+00 -6.057000000000000384e+00 1.069999999999999979e-01
1.177000000000000046e+00 -3.790299999999999869e+01 -7.794999999999999929e+00 5.999999999999999778e-02
-9.083000000000000185e+00 -4.636599999999999966e+01 -3.556000000000000050e+00 -3.200000000000000067e-02
1.109699999999999953e+01 -3.337400000000000233e+01 9.051999999999999602e+00 -1.029999999999999943e-01
4.528699999999999903e+01 -1.221400000000000041e+01 2.260300000000000153e+01 -9.299999999999999933e-02
6.269200000000000017e+01 6.109999999999999876e-01 2.651000000000000156e+01 -5.899999999999999689e-02
4.151500000000000057e+01 5.543000000000000149e+00 1.800000000000000000e+01 -8.000000000000000167e-02
-1.154199999999999982e+01 1.487700000000000067e+01 4.451999999999999957e+00 -1.160000000000000059e-01
-6.778900000000000148e+01 2.877700000000000102e+01 -6.099000000000000199e+00 -1.010000000000000064e-01
-9.969700000000000273e+01 3.691700000000000159e+01 -1.342800000000000082e+01 -7.099999999999999367e-02
-9.858499999999999375e+01 4.073199999999999932e+01 -1.930000000000000071e+01 -9.199999999999999845e-02
-7.458400000000000318e+01 5.067600000000000193e+01 -1.995599999999999952e+01 -1.439999999999999891e-01
-4.136999999999999744e+01 6.521899999999999409e+01 -1.309699999999999953e+01 -1.640000000000000069e-01
-1.192900000000000027e+01 7.080200000000000671e+01 -5.288999999999999702e+00 -1.419999999999999873e-01
-9.259999999999999787e+00 5.754200000000000159e+01 -4.440999999999999837e+00 -1.270000000000000018e-01
-4.924900000000000233e+01 2.629100000000000037e+01 -1.086100000000000065e+01 -1.400000000000000133e-01
-1.038289999999999935e+02 -1.167300000000000004e+01 -1.912699999999999889e+01 -1.429999999999999882e-01
-1.146610000000000014e+02 -4.156199999999999761e+01 -2.272800000000000153e+01 -1.239999999999999991e-01
-4.716700000000000159e+01 -6.188199999999999790e+01 -1.741199999999999903e+01 -1.029999999999999943e-01
8.550600000000000023e+01 -8.927299999999999613e+01 -6.315000000000000391e+00 -7.399999999999999634e-02
2.172299999999999898e+02 -1.391310000000000002e+02 9.270000000000000462e-01 -2.900000000000000147e-02
2.474430000000000121e+02 -2.057019999999999982e+02 2.200000000000000011e-01 1.899999999999999953e-02
1.511719999999999970e+02 -2.609970000000000141e+02 -9.000000000000000222e-01 7.900000000000000078e-02
4.749199999999999733e+01 -2.754959999999999809e+02 3.286999999999999922e+00 1.789999999999999925e-01
4.140800000000000125e+01 -2.475980000000000132e+02 3.842000000000000082e+00 2.899999999999999800e-01
6.645099999999999341e+01 -2.039639999999999986e+02 -1.127500000000000036e+01 3.190000000000000058e-01
1.586500000000000021e+01 -1.634399999999999977e+02 -3.722599999999999909e+01 2.320000000000000118e-01
-7.495399999999999352e+01 -1.197909999999999968e+02 -5.520100000000000051e+01 1.019999999999999934e-01
-1.093029999999999973e+02 -6.876800000000000068e+01 -5.399300000000000210e+01 -8.000000000000000167e-03
-8.827800000000000580e+01 -2.473199999999999932e+01 -4.014600000000000080e+01 -1.140000000000000041e-01
-7.527700000000000102e+01 3.294999999999999929e+00 -2.600400000000000134e+01 -2.340000000000000135e-01
-8.282699999999999818e+01 2.617000000000000171e+01 -1.343200000000000038e+01 -3.180000000000000049e-01
-8.264700000000000557e+01 5.212899999999999778e+01 6.285000000000000142e+00 -3.180000000000000049e-01
-7.373999999999999488e+01 7.151200000000000045e+01 3.664600000000000080e+01 -2.500000000000000000e-01
-7.695099999999999341e+01 7.421399999999999864e+01 6.704200000000000159e+01 -1.610000000000000042e-01
-8.962699999999999534e+01 6.663800000000000523e+01 8.482099999999999795e+01 -9.199999999999999845e-02
-8.341500000000000625e+01 6.423900000000000432e+01 8.773199999999999932e+01 -5.700000000000000205e-02
-4.073799999999999955e+01 7.401800000000000068e+01 7.860800000000000409e+01 -4.299999999999999656e-02
1.896799999999999997e+01 8.718699999999999761e+01 6.024499999999999744e+01 -4.000000000000000083e-02
5.416100000000000136e+01 9.062500000000000000e+01 4.038799999999999812e+01 -5.700000000000000205e-02
4.670300000000000296e+01 8.315999999999999659e+01 2.793400000000000105e+01 -6.700000000000000400e-02
2.132799999999999940e+01 7.120499999999999829e+01 2.089099999999999824e+01 -1.700000000000000122e-02
5.881999999999999673e+00 5.286500000000000199e+01 8.861000000000000654e+00 5.999999999999999778e-02
-8.182999999999999829e+00 2.302100000000000080e+01 -1.076399999999999935e+01 5.099999999999999672e-02
-3.937700000000000244e+01 -7.889000000000000234e+00 -2.761199999999999832e+01 -5.399999999999999939e-02
-7.232299999999999329e+01 -1.738400000000000034e+01 -3.262400000000000233e+01 -1.320000000000000062e-01
-7.779000000000000625e+01 2.858999999999999986e+00 -3.147100000000000009e+01 -1.120000000000000023e-01
-6.111699999999999733e+01 3.282900000000000063e+01 -3.757200000000000273e+01 -6.900000000000000577e-02
-5.424499999999999744e+01 4.139000000000000057e+01 -5.433100000000000307e+01 -9.400000000000000022e-02
-7.011799999999999500e+01 1.895299999999999940e+01 -7.164600000000000080e+01 -1.710000000000000131e-01
-9.193399999999999750e+01 -1.112599999999999945e+01 -7.933899999999999864e+01 -2.220000000000000029e-01
-9.924800000000000466e+01 -2.083999999999999986e+01 -7.708100000000000307e+01 -2.010000000000000120e-01
-8.845699999999999363e+01 -1.092200000000000060e+01 -7.079600000000000648e+01 -1.160000000000000059e-01
-7.043000000000000682e+01 -2.543000000000000149e+00 -6.314300000000000068e+01 -7.000000000000000146e-03
-5.477700000000000102e+01 -3.819999999999999840e+00 -4.966400000000000148e+01 6.400000000000000133e-02
-4.191199999999999903e+01 -5.508000000000000007e+00 -2.547200000000000131e+01 5.999999999999999778e-02
-2.962699999999999889e+01 -2.009999999999999787e+00 8.724999999999999645e+00 4.000000000000000083e-03
-1.448199999999999932e+01 8.471000000000000085e+00 4.800800000000000267e+01 -3.300000000000000155e-02
1.093099999999999916e+01 3.536800000000000210e+01 8.099099999999999966e+01 -6.000000000000000125e-03
4.220900000000000318e+01 7.903700000000000614e+01 8.952200000000000557e+01 7.199999999999999456e-02
5.276500000000000057e+01 1.110849999999999937e+02 6.539100000000000534e+01 1.439999999999999891e-01
2.558299999999999841e+01 1.039000000000000057e+02 2.438299999999999912e+01 1.439999999999999891e-01
-1.369599999999999973e+01 7.778100000000000591e+01 -5.549999999999999822e+00 6.500000000000000222e-02
-2.127100000000000080e+01 8.442900000000000205e+01 -7.399000000000000021e+00 -1.899999999999999953e-02
1.336100000000000065e+01 1.369830000000000041e+02 1.254100000000000037e+01 -1.400000000000000029e-02
5.990599999999999881e+01 1.849569999999999936e+02 3.121600000000000108e+01 5.600000000000000117e-02
8.853100000000000591e+01 1.734550000000000125e+02 3.166600000000000037e+01 7.099999999999999367e-02
1.026099999999999994e+02 1.096440000000000055e+02 1.832400000000000162e+01 1.600000000000000033e-02
1.224609999999999985e+02 4.526400000000000290e+01 6.038999999999999702e+00 2.299999999999999961e-02
1.462019999999999982e+02 1.590999999999999970e+00 2.386000000000000121e+00 1.370000000000000107e-01
1.488170000000000073e+02 -4.626200000000000045e+01 5.073999999999999844e+00 2.330000000000000127e-01
1.242540000000000049e+02 -1.056280000000000001e+02 8.478999999999999204e+00 2.089999999999999913e-01
9.989400000000000546e+01 -1.408129999999999882e+02 1.007600000000000051e+01 1.160000000000000059e-01
9.496299999999999386e+01 -1.324749999999999943e+02 1.347199999999999953e+01 6.500000000000000222e-02
9.326099999999999568e+01 -1.125090000000000003e+02 2.302199999999999847e+01 8.699999999999999400e-02
7.419499999999999318e+01 -1.168100000000000023e+02 3.587599999999999767e+01 1.199999999999999956e-01
4.496900000000000119e+01 -1.452779999999999916e+02 4.429999999999999716e+01 1.100000000000000006e-01
2.343700000000000117e+01 -1.779139999999999873e+02 4.450099999999999767e+01 7.799999999999999989e-02
7.366999999999999993e+00 -1.942199999999999989e+02 3.971699999999999875e+01 6.900000000000000577e-02
-1.966400000000000148e+01 -1.832489999999999952e+02 3.610300000000000153e+01 9.199999999999999845e-02
-5.834499999999999886e+01 -1.581229999999999905e+02 3.539900000000000091e+01 1.130000000000000032e-01
-8.546399999999999864e+01 -1.382920000000000016e+02 3.137000000000000099e+01 8.899999999999999578e-02
-8.045799999999999841e+01 -1.122669999999999959e+02 1.856099999999999994e+01 1.400000000000000029e-02
-5.361399999999999721e+01 -5.554999999999999716e+01 3.310999999999999943e+00 -6.500000000000000222e-02
-3.689900000000000091e+01 1.880900000000000105e+01 -4.169999999999999929e+00 -9.299999999999999933e-02
-4.492600000000000193e+01 6.828600000000000136e+01 -6.044999999999999929e+00 -5.899999999999999689e-02
-5.949499999999999744e+01 7.342499999999999716e+01 -1.160699999999999932e+01 -1.700000000000000122e-02
-5.799499999999999744e+01 5.218699999999999761e+01 -2.036299999999999955e+01 -7.000000000000000146e-03
-3.779699999999999704e+01 3.229299999999999926e+01 -2.448199999999999932e+01 -2.000000000000000042e-03
-6.243999999999999773e+00 2.850900000000000034e+01 -2.258299999999999841e+01 3.899999999999999994e-02
2.910800000000000054e+01 3.607999999999999829e+01 -1.918299999999999983e+01 9.500000000000000111e-02
5.155100000000000193e+01 3.818099999999999739e+01 -1.585399999999999920e+01 1.049999999999999961e-01
4.440800000000000125e+01 2.682499999999999929e+01 -1.150500000000000078e+01 4.399999999999999745e-02
2.081800000000000139e+01 1.257799999999999940e+01 -7.334999999999999964e+00 -5.099999999999999672e-02
1.515099999999999980e+01 6.918999999999999595e+00 -5.604000000000000092e+00 -1.209999999999999964e-01
3.300200000000000244e+01 5.104000000000000092e+00 -4.772999999999999687e+00 -1.280000000000000027e-01
3.874900000000000233e+01 -4.932000000000000384e+00 -8.970000000000000195e-01 -5.500000000000000028e-02
4.610999999999999766e+00 -2.673300000000000054e+01 5.102000000000000313e+00 7.399999999999999634e-02
-5.149300000000000210e+01 -5.267499999999999716e+01 7.376000000000000334e+00 1.749999999999999889e-01
-9.008400000000000318e+01 -6.895999999999999375e+01 2.406000000000000139e+00 1.529999999999999971e-01
-9.609699999999999420e+01 -6.787399999999999523e+01 -9.571999999999999176e+00 1.200000000000000025e-02
-8.418899999999999295e+01 -5.589999999999999858e+01 -2.553999999999999915e+01 -1.320000000000000062e-01
-6.922899999999999920e+01 -3.763799999999999812e+01 -3.776400000000000290e+01 -1.590000000000000024e-01
-5.349399999999999977e+01 -4.676999999999999602e+00 -3.859100000000000108e+01 -4.399999999999999745e-02
-3.759799999999999898e+01 4.488700000000000045e+01 -2.807600000000000051e+01 1.199999999999999956e-01
-2.182900000000000063e+01 9.567600000000000193e+01 -1.186200000000000010e+01 2.159999999999999976e-01
9.869999999999999885e-01 1.317429999999999950e+02 3.439999999999999947e+00 2.079999999999999905e-01
3.390599999999999881e+01 1.456270000000000095e+02 1.027699999999999925e+01 1.419999999999999873e-01
6.027900000000000347e+01 1.324170000000000016e+02 4.115000000000000213e+00 6.700000000000000400e-02
6.022099999999999653e+01 9.543099999999999739e+01 -9.865000000000000213e+00 1.000000000000000021e-03
3.920000000000000284e+01 5.821999999999999886e+01 -2.082799999999999940e+01 -5.700000000000000205e-02
2.024399999999999977e+01 5.153000000000000114e+01 -2.446099999999999852e+01 -1.140000000000000041e-01
1.060299999999999976e+01 8.254099999999999682e+01 -2.567000000000000171e+01 -1.610000000000000042e-01
-2.676000000000000156e+00 1.277030000000000030e+02 -2.860300000000000153e+01 -1.890000000000000013e-01
-2.040700000000000003e+01 1.564459999999999980e+02 -2.900600000000000023e+01 -2.109999999999999931e-01
-1.869200000000000017e+01 1.532259999999999991e+02 -1.928999999999999915e+01 -2.179999999999999993e-01
1.625199999999999889e+01 1.223900000000000006e+02 1.320000000000000062e+00 -1.690000000000000113e-01
6.253000000000000114e+01 8.505400000000000205e+01 2.445400000000000063e+01 -7.099999999999999367e-02
8.931199999999999761e+01 6.318800000000000239e+01 3.710999999999999943e+01 2.900000000000000147e-02
8.826399999999999579e+01 5.378600000000000136e+01 2.725700000000000145e+01 1.059999999999999970e-01
6.511100000000000421e+01 3.155199999999999960e+01 -6.030999999999999694e+00 1.260000000000000009e-01
2.423499999999999943e+01 -1.765200000000000102e+01 -4.417000000000000171e+01 3.799999999999999906e-02
-2.357199999999999918e+01 -8.367600000000000193e+01 -6.070300000000000296e+01 -1.189999999999999947e-01
-5.819700000000000273e+01 -1.458060000000000116e+02 -4.672800000000000153e+01 -2.280000000000000082e-01
-6.898499999999999943e+01 -1.842659999999999911e+02 -1.932100000000000151e+01 -2.560000000000000053e-01
-6.267799999999999727e+01 -1.924180000000000064e+02 -1.790999999999999925e+00 -2.740000000000000213e-01
-4.689099999999999824e+01 -1.840840000000000032e+02 1.014000000000000012e+00 -3.170000000000000040e-01
-2.223100000000000165e+01 -1.759269999999999925e+02 3.580000000000000071e+00 -3.519999999999999796e-01
8.635999999999999233e+00 -1.631250000000000000e+02 1.680799999999999983e+01 -3.449999999999999734e-01
3.961099999999999710e+01 -1.248659999999999997e+02 3.287400000000000233e+01 -2.780000000000000249e-01
6.291799999999999926e+01 -6.276299999999999812e+01 3.689200000000000301e+01 -1.539999999999999980e-01
6.664000000000000057e+01 -1.741900000000000048e+01 2.290800000000000125e+01 -1.499999999999999944e-02
4.670199999999999818e+01 -1.638800000000000168e+01 -5.700999999999999623e+00 7.299999999999999545e-02
2.050300000000000011e+01 -2.559400000000000119e+01 -3.842600000000000193e+01 7.699999999999999900e-02
1.077200000000000024e+01 2.875999999999999890e+00 -5.858500000000000085e+01 5.299999999999999850e-02
1.907600000000000051e+01 5.878600000000000136e+01 -5.763499999999999801e+01 9.299999999999999933e-02
2.826800000000000068e+01 9.767900000000000205e+01 -4.687700000000000244e+01 1.880000000000000004e-01
2.642899999999999849e+01 1.116299999999999955e+02 -4.026200000000000045e+01 2.379999999999999893e-01
1.538400000000000034e+01 1.250949999999999989e+02 -3.450699999999999790e+01 1.880000000000000004e-01
-2.540000000000000036e+00 1.344180000000000064e+02 -2.034600000000000009e+01 1.049999999999999961e-01
-2.829400000000000048e+01 1.054500000000000028e+02 4.159999999999999809e-01 9.600000000000000200e-02
-5.242600000000000193e+01 3.548100000000000165e+01 1.933299999999999841e+01 1.970000000000000084e-01
-5.901299999999999812e+01 -2.951899999999999835e+01 2.893199999999999861e+01 3.230000000000000093e-01
-4.973400000000000176e+01 -5.096600000000000108e+01 2.505000000000000071e+01 3.439999999999999725e-01
-4.250800000000000267e+01 -3.619800000000000040e+01 1.524399999999999977e+01 2.149999999999999967e-01
-4.383299999999999841e+01 -1.197300000000000075e+01 1.560399999999999920e+01 2.900000000000000147e-02
-4.100300000000000011e+01 1.006700000000000017e+01 2.732199999999999918e+01 -8.300000000000000433e-02
-2.109400000000000119e+01 2.612600000000000122e+01 3.652600000000000335e+01 -1.029999999999999943e-01
1.161500000000000021e+01 2.830000000000000071e+01 4.564800000000000324e+01 -7.599999999999999811e-02
3.789000000000000057e+01 2.350900000000000034e+01 7.323499999999999943e+01 1.000000000000000021e-03
4.563100000000000023e+01 3.560099999999999909e+01 1.125960000000000036e+02 1.049999999999999961e-01
4.408899999999999864e+01 6.663899999999999579e+01 1.257800000000000011e+02 1.290000000000000036e-01
4.547800000000000153e+01 8.590900000000000603e+01 9.430500000000000682e+01 5.600000000000000117e-02
4.505799999999999983e+01 7.657399999999999807e+01 4.764600000000000080e+01 6.000000000000000125e-03
3.782099999999999795e+01 6.348799999999999955e+01 2.458999999999999986e+01 5.199999999999999761e-02
4.049199999999999733e+01 7.360599999999999454e+01 2.727700000000000102e+01 1.509999999999999953e-01
7.090200000000000102e+01 9.523900000000000432e+01 2.995700000000000074e+01 2.580000000000000071e-01
1.100289999999999964e+02 9.647400000000000375e+01 1.881299999999999883e+01 3.410000000000000253e-01
1.105990000000000038e+02 6.407800000000000296e+01 5.360000000000000320e+00 3.469999999999999751e-01
5.422899999999999920e+01 1.472899999999999920e+01 3.527000000000000135e+00 2.479999999999999982e-01
-1.890299999999999869e+01 -1.955199999999999960e+01 8.586000000000000298e+00 9.700000000000000289e-02
-5.764200000000000301e+01 -2.080799999999999983e+01 5.469000000000000306e+00 -2.400000000000000050e-02
-6.077300000000000324e+01 -9.478999999999999204e+00 -1.049900000000000055e+01 -6.500000000000000222e-02
-6.417300000000000182e+01 -2.965899999999999892e+01 -2.960200000000000031e+01 -1.099999999999999936e-02
-8.318800000000000239e+01 -9.913100000000000023e+01 -4.290400000000000347e+01 1.019999999999999934e-01
-1.002349999999999994e+02 -1.831539999999999964e+02 -5.561399999999999721e+01 1.680000000000000104e-01
-1.021490000000000009e+02 -2.317659999999999911e+02 -7.762199999999999989e+01 1.120000000000000023e-01
-9.701999999999999602e+01 -2.316349999999999909e+02 -1.033769999999999953e+02 -1.400000000000000029e-02
-9.217600000000000193e+01 -2.024139999999999873e+02 -1.165120000000000005e+02 -1.140000000000000041e-01
-8.426999999999999602e+01 -1.609759999999999991e+02 -1.132150000000000034e+02 -1.690000000000000113e-01
-7.510599999999999454e+01 -1.153430000000000035e+02 -1.041149999999999949e+02 -1.859999999999999987e-01
-7.252599999999999625e+01 -7.418000000000000682e+01 -9.581499999999999773e+01 -1.489999999999999936e-01
-7.433499999999999375e+01 -4.088900000000000290e+01 -8.630500000000000682e+01 -6.700000000000000400e-02
-7.064199999999999591e+01 -1.597300000000000075e+01 -7.453600000000000136e+01 -7.000000000000000146e-03
-5.895400000000000063e+01 -7.913000000000000256e+00 -6.211200000000000188e+01 -4.000000000000000083e-03
-4.339999999999999858e+01 -1.822400000000000020e+01 -4.926700000000000301e+01 -1.099999999999999936e-02
-2.639699999999999847e+01 -2.592200000000000060e+01 -3.550099999999999767e+01 2.000000000000000042e-02
-1.026500000000000057e+01 -1.003100000000000058e+01 -2.117399999999999949e+01 7.399999999999999634e-02
1.006999999999999895e+00 2.587399999999999878e+01 -6.509999999999999787e+00 1.000000000000000056e-01
5.924000000000000377e+00 6.173799999999999955e+01 8.555999999999999162e+00 5.099999999999999672e-02
5.969999999999999751e+00 8.072100000000000364e+01 2.220799999999999841e+01 -7.699999999999999900e-02
2.910000000000000142e+00 8.046299999999999386e+01 3.165099999999999980e+01 -2.240000000000000047e-01
-3.190000000000000058e-01 7.153600000000000136e+01 3.794700000000000273e+01 -3.109999999999999987e-01
2.055000000000000160e+00 6.705100000000000193e+01 4.454099999999999682e+01 -3.190000000000000058e-01
1.407000000000000028e+01 7.506499999999999773e+01 5.070199999999999818e+01 -2.919999999999999818e-01
3.044099999999999895e+01 9.195199999999999818e+01 5.481700000000000017e+01 -2.560000000000000053e-01
3.959000000000000341e+01 9.945699999999999363e+01 6.138199999999999790e+01 -1.900000000000000022e-01
3.708500000000000085e+01 8.089799999999999613e+01 7.267300000000000182e+01 -9.600000000000000200e-02
2.844200000000000017e+01 3.962299999999999756e+01 7.888599999999999568e+01 -4.299999999999999656e-02
1.731099999999999994e+01 -1.083999999999999986e+01 7.094199999999999307e+01 -8.599999999999999312e-02
3.299999999999999822e+00 -6.522599999999999909e+01 5.691799999999999926e+01 -1.660000000000000087e-01
-8.121999999999999886e+00 -1.178370000000000033e+02 5.222999999999999687e+01 -1.729999999999999871e-01
-8.961000000000000298e+00 -1.504780000000000086e+02 5.918500000000000227e+01 -8.300000000000000433e-02
-1.100999999999999979e+00 -1.538710000000000093e+02 6.778499999999999659e+01 2.400000000000000050e-02
7.666000000000000369e+00 -1.441210000000000093e+02 7.266899999999999693e+01 7.699999999999999900e-02
1.639199999999999946e+01 -1.327350000000000136e+02 7.726600000000000534e+01 1.049999999999999961e-01
2.998199999999999932e+01 -1.066809999999999974e+02 8.009600000000000364e+01 1.529999999999999971e-01
4.843099999999999739e+01 -6.109199999999999875e+01 7.011599999999999966e+01 2.010000000000000120e-01
6.290400000000000347e+01 -1.553800000000000026e+01 4.407200000000000273e+01 2.049999999999999878e-01
6.418500000000000227e+01 1.825499999999999901e+01 1.724299999999999855e+01 1.690000000000000113e-01
5.514200000000000301e+01 4.607000000000000028e+01 5.642999999999999794e+00 1.189999999999999947e-01
4.829299999999999926e+01 6.480200000000000671e+01 6.216999999999999638e+00 6.400000000000000133e-02
4.669700000000000273e+01 6.291100000000000136e+01 4.955000000000000071e+00 -6.000000000000000125e-03
4.038799999999999812e+01 4.483899999999999864e+01 -2.188000000000000167e+00 -1.039999999999999952e-01
2.668100000000000094e+01 2.719500000000000028e+01 -6.756000000000000227e+00 -2.010000000000000120e-01
1.325099999999999945e+01 1.446299999999999919e+01 -3.730999999999999872e+00 -2.379999999999999893e-01
-4.129999999999999782e-01 -7.699999999999999900e-02 2.800000000000000266e-01 -2.129999999999999949e-01
-1.850100000000000122e+01 -1.281300000000000061e+01 -2.778000000000000025e+00 -1.839999999999999969e-01
-3.104200000000000159e+01 -1.222000000000000064e+01 -1.258600000000000030e+01 -1.829999999999999960e-01
-2.730399999999999849e+01 -1.639000000000000012e+00 -2.290700000000000003e+01 -1.930000000000000049e-01
-1.691499999999999915e+01 4.812000000000000277e+00 -2.733200000000000074e+01 -1.940000000000000058e-01
-1.570599999999999952e+01 7.402999999999999581e+00 -2.448900000000000077e+01 -1.710000000000000131e-01
-2.243799999999999883e+01 1.787699999999999889e+01 -2.127299999999999969e+01 -1.089999999999999997e-01
-2.583599999999999852e+01 3.408200000000000074e+01 -2.515099999999999980e+01 -1.099999999999999936e-02
-2.355999999999999872e+01 3.981300000000000239e+01 -3.276500000000000057e+01 9.500000000000000111e-02
-2.209400000000000119e+01 3.064999999999999858e+01 -3.430599999999999739e+01 1.620000000000000051e-01
-2.575400000000000134e+01 2.226899999999999835e+01 -2.796300000000000097e+01 1.439999999999999891e-01
-2.767000000000000171e+01 2.997299999999999898e+01 -1.951300000000000168e+01 4.499999999999999833e-02
-3.936999999999999833e+00 5.601500000000000057e+01 -7.815999999999999837e+00 -5.999999999999999778e-02
6.608599999999999852e+01 9.620199999999999818e+01 1.464400000000000013e+01 -7.299999999999999545e-02
1.554010000000000105e+02 1.360680000000000121e+02 4.114500000000000313e+01 1.799999999999999864e-02
1.979290000000000020e+02 1.473410000000000082e+02 4.910000000000000142e+01 1.039999999999999952e-01
1.692170000000000130e+02 1.160319999999999965e+02 2.990200000000000102e+01 1.290000000000000036e-01
1.143479999999999990e+02 6.491299999999999670e+01 -1.383999999999999897e+00 1.429999999999999882e-01
7.360500000000000398e+01 2.996199999999999974e+01 -3.336899999999999977e+01 1.700000000000000122e-01
4.297699999999999676e+01 2.824800000000000111e+01 -6.599099999999999966e+01 1.910000000000000031e-01
2.163800000000000168e+01 5.804200000000000159e+01 -8.832200000000000273e+01 2.429999999999999938e-01
2.596399999999999864e+01 1.118250000000000028e+02 -8.191700000000000159e+01 3.400000000000000244e-01
4.795799999999999841e+01 1.733569999999999993e+02 -5.041299999999999670e+01 3.579999999999999849e-01
6.078300000000000125e+01 2.158400000000000034e+02 -2.051599999999999824e+01 1.630000000000000060e-01
6.263600000000000279e+01 2.237990000000000066e+02 -8.337999999999999190e+00 -1.610000000000000042e-01
7.003600000000000136e+01 2.050999999999999943e+02 -3.000999999999999890e+00 -3.579999999999999849e-01
7.971599999999999397e+01 1.675329999999999870e+02 7.807000000000000384e+00 -3.049999999999999933e-01
7.040399999999999636e+01 1.072229999999999990e+02 1.461599999999999966e+01 -1.350000000000000089e-01
3.332800000000000296e+01 3.045299999999999940e+01 4.913000000000000256e+00 -3.500000000000000333e-02
-1.762800000000000011e+01 -4.113799999999999812e+01 -1.281400000000000006e+01 -5.099999999999999672e-02
-6.216299999999999670e+01 -9.351300000000000523e+01 -2.260000000000000142e+01 -1.160000000000000059e-01
-9.163800000000000523e+01 -1.286390000000000100e+02 -2.332999999999999829e+01 -1.640000000000000069e-01
-1.096910000000000025e+02 -1.510180000000000007e+02 -2.344999999999999929e+01 -1.640000000000000069e-01
-1.195709999999999980e+02 -1.595420000000000016e+02 -2.559700000000000131e+01 -1.120000000000000023e-01
-1.199240000000000066e+02 -1.532849999999999966e+02 -2.587699999999999889e+01 -2.800000000000000058e-02
-1.129650000000000034e+02 -1.383729999999999905e+02 -2.233299999999999841e+01 5.199999999999999761e-02
-1.053020000000000067e+02 -1.226080000000000041e+02 -1.895299999999999940e+01 1.059999999999999970e-01
-9.820399999999999352e+01 -1.046380000000000052e+02 -2.052100000000000080e+01 1.290000000000000036e-01
-8.765000000000000568e+01 -8.059399999999999409e+01 -2.572599999999999909e+01 1.209999999999999964e-01
-7.568000000000000682e+01 -6.081000000000000227e+01 -2.926000000000000156e+01 8.799999999999999489e-02
-6.943800000000000239e+01 -6.017699999999999960e+01 -2.868299999999999983e+01 3.400000000000000244e-02
-6.780500000000000682e+01 -6.937699999999999534e+01 -2.561799999999999855e+01 -3.899999999999999994e-02
-6.324900000000000233e+01 -5.898599999999999710e+01 -2.262099999999999866e+01 -1.089999999999999997e-01
-5.615200000000000102e+01 -2.062300000000000111e+01 -2.044000000000000128e+01 -1.280000000000000027e-01
-5.171900000000000119e+01 1.804799999999999827e+01 -1.687099999999999866e+01 -5.600000000000000117e-02
-4.658599999999999852e+01 3.191199999999999903e+01 -9.805999999999999162e+00 7.599999999999999811e-02
-3.389600000000000080e+01 2.880399999999999849e+01 -1.747999999999999998e+00 1.809999999999999942e-01
-1.716100000000000136e+01 2.536899999999999977e+01 3.317000000000000171e+00 2.169999999999999984e-01
-8.337999999999999190e+00 1.896199999999999974e+01 6.288000000000000256e+00 2.079999999999999905e-01
-1.512899999999999956e+01 2.446000000000000174e+00 9.362000000000000099e+00 1.839999999999999969e-01
-3.324099999999999966e+01 -1.903999999999999915e+01 1.008500000000000085e+01 1.419999999999999873e-01
-4.983500000000000085e+01 -4.196300000000000097e+01 6.094999999999999751e+00 8.300000000000000433e-02
-5.635300000000000153e+01 -7.111499999999999488e+01 -6.550000000000000266e-01 3.799999999999999906e-02
-5.582600000000000051e+01 -1.042180000000000035e+02 -8.053000000000000824e+00 3.099999999999999978e-02
-5.459599999999999653e+01 -1.320680000000000121e+02 -1.339000000000000057e+01 3.699999999999999817e-02
-5.296800000000000352e+01 -1.545049999999999955e+02 -9.967000000000000526e+00 3.400000000000000244e-02
-4.720900000000000318e+01 -1.742620000000000005e+02 4.945999999999999730e+00 2.699999999999999969e-02
-3.641499999999999915e+01 -1.788360000000000127e+02 2.139300000000000068e+01 1.299999999999999940e-02
-2.650300000000000011e+01 -1.525720000000000027e+02 2.608200000000000074e+01 -2.000000000000000042e-02
-2.485600000000000165e+01 -1.062990000000000066e+02 1.814799999999999969e+01 -6.600000000000000311e-02
-2.806400000000000006e+01 -7.053499999999999659e+01 8.106999999999999318e+00 -1.130000000000000032e-01
-2.278900000000000148e+01 -5.220300000000000296e+01 5.849999999999999645e+00 -1.489999999999999936e-01
-1.592999999999999972e+00 -2.341400000000000148e+01 1.583300000000000018e+01 -1.250000000000000000e-01
3.036100000000000065e+01 2.946000000000000085e+01 3.497800000000000153e+01 -1.200000000000000025e-02
6.077000000000000313e+01 7.251500000000000057e+01 4.891400000000000148e+01 1.100000000000000006e-01
7.458599999999999852e+01 7.093399999999999750e+01 4.281400000000000006e+01 1.029999999999999943e-01
6.381099999999999994e+01 4.718299999999999983e+01 2.225199999999999889e+01 -3.300000000000000155e-02
4.359199999999999875e+01 5.420000000000000284e+01 1.059299999999999997e+01 -1.479999999999999927e-01
4.696900000000000119e+01 1.052210000000000036e+02 2.084799999999999898e+01 -1.580000000000000016e-01
8.896500000000000341e+01 1.646649999999999920e+02 3.998899999999999721e+01 -1.170000000000000068e-01
1.441009999999999991e+02 1.928629999999999995e+02 4.428300000000000125e+01 -7.699999999999999900e-02
1.764989999999999952e+02 1.761320000000000050e+02 2.549500000000000099e+01 -1.700000000000000122e-02
1.801779999999999973e+02 1.322920000000000016e+02 -1.000999999999999890e+00 6.900000000000000577e-02
1.648429999999999893e+02 9.575700000000000500e+01 -1.490199999999999925e+01 1.469999999999999918e-01
1.259890000000000043e+02 8.364199999999999591e+01 -1.263799999999999990e+01 2.099999999999999922e-01
6.809600000000000364e+01 9.196099999999999852e+01 -4.993999999999999773e+00 2.939999999999999836e-01
2.607600000000000051e+01 1.235660000000000025e+02 7.189999999999999725e-01 3.890000000000000124e-01
2.126999999999999957e+01 1.738789999999999907e+02 6.833999999999999631e+00 4.209999999999999853e-01
2.801300000000000168e+01 1.992359999999999900e+02 1.411500000000000021e+01 3.459999999999999742e-01
1.371299999999999919e+01 1.562290000000000134e+02 1.390000000000000036e+01 2.230000000000000038e-01
-1.970899999999999963e+01 6.154599999999999937e+01 2.530000000000000027e-01 1.179999999999999938e-01
-5.088600000000000279e+01 -2.909700000000000131e+01 -1.587199999999999989e+01 -2.000000000000000042e-03
-6.755899999999999750e+01 -8.636599999999999966e+01 -1.803699999999999903e+01 -1.600000000000000033e-01
-6.929699999999999704e+01 -1.222279999999999944e+02 -5.408999999999999808e+00 -2.650000000000000133e-01
-5.813900000000000290e+01 -1.534120000000000061e+02 1.116099999999999959e+01 -2.280000000000000082e-01
-3.770600000000000307e+01 -1.774600000000000080e+02 2.692000000000000171e+01 -9.299999999999999933e-02
-1.931200000000000117e+01 -1.875320000000000107e+02 4.305299999999999727e+01 3.200000000000000067e-02
-1.331300000000000061e+01 -1.918139999999999930e+02 5.697299999999999898e+01 9.600000000000000200e-02
-1.060999999999999943e+01 -2.036769999999999925e+02 6.405299999999999727e+01 1.100000000000000006e-01
1.703999999999999959e+00 -2.238149999999999977e+02 6.119500000000000028e+01 9.500000000000000111e-02
7.067000000000000171e+00 -2.412920000000000016e+02 4.629999999999999716e+01 2.500000000000000139e-02
-1.856800000000000139e+01 -2.356819999999999879e+02 2.515299999999999869e+01 -1.140000000000000041e-01
-5.786999999999999744e+01 -1.832849999999999966e+02 1.229400000000000048e+01 -2.359999999999999876e-01
-7.089700000000000557e+01 -8.776999999999999602e+01 1.234500000000000064e+01 -2.179999999999999993e-01
-5.073799999999999955e+01 9.531000000000000583e+00 1.336299999999999955e+01 -7.399999999999999634e-02
-1.917000000000000171e+01 7.419899999999999807e+01 8.182000000000000384e+00 5.099999999999999672e-02
1.304700000000000060e+01 1.107319999999999993e+02 3.446000000000000174e+00 7.799999999999999989e-02
4.580899999999999750e+01 1.331009999999999991e+02 1.245000000000000107e+00 5.700000000000000205e-02
7.116599999999999682e+01 1.387990000000000066e+02 -5.725999999999999979e+00 4.800000000000000100e-02
8.019100000000000250e+01 1.298460000000000036e+02 -1.691499999999999915e+01 3.500000000000000333e-02
7.448999999999999488e+01 1.238179999999999978e+02 -2.400199999999999889e+01 -5.099999999999999672e-02
6.315200000000000102e+01 1.316599999999999966e+02 -2.827199999999999847e+01 -2.280000000000000082e-01
5.254699999999999704e+01 1.487940000000000111e+02 -3.837500000000000000e+01 -3.920000000000000151e-01
3.593200000000000216e+01 1.632930000000000064e+02 -5.410699999999999932e+01 -4.490000000000000102e-01
2.216000000000000192e+00 1.585759999999999934e+02 -6.635999999999999943e+01 -4.359999999999999987e-01
-3.907500000000000284e+01 1.249020000000000010e+02 -6.864900000000000091e+01 -4.209999999999999853e-01
-6.488400000000000034e+01 7.240500000000000114e+01 -6.146800000000000352e+01 -3.729999999999999982e-01
-7.423600000000000421e+01 1.750600000000000023e+01 -4.812500000000000000e+01 -2.760000000000000231e-01
-8.551200000000000045e+01 -3.421900000000000119e+01 -3.097200000000000131e+01 -2.119999999999999940e-01
-9.907200000000000273e+01 -8.254099999999999682e+01 -1.432000000000000028e+01 -2.459999999999999964e-01
-9.627400000000000091e+01 -1.258659999999999997e+02 -6.230000000000000426e+00 -3.250000000000000111e-01
-7.610399999999999920e+01 -1.623240000000000123e+02 -1.012299999999999933e+01 -3.360000000000000209e-01
-5.971800000000000352e+01 -1.865759999999999934e+02 -1.662800000000000011e+01 -2.169999999999999984e-01
-5.280400000000000205e+01 -1.921630000000000109e+02 -1.100099999999999945e+01 -2.699999999999999969e-02
-3.738900000000000290e+01 -1.814660000000000082e+02 9.125000000000000000e+00 1.219999999999999973e-01
-1.125399999999999956e+01 -1.615120000000000005e+02 3.018199999999999861e+01 1.960000000000000075e-01
-2.879999999999999782e-01 -1.314279999999999973e+02 3.993099999999999739e+01 2.489999999999999991e-01
-1.722899999999999920e+01 -8.878400000000000603e+01 3.884000000000000341e+01 2.979999999999999871e-01
-3.881499999999999773e+01 -4.271999999999999886e+01 3.124299999999999855e+01 2.690000000000000169e-01
-3.860199999999999676e+01 -5.153999999999999915e+00 1.615099999999999980e+01 1.219999999999999973e-01
-1.588100000000000023e+01 2.363400000000000034e+01 -6.578000000000000291e+00 -4.200000000000000261e-02
1.589899999999999913e+01 5.012400000000000233e+01 -2.826699999999999946e+01 -8.599999999999999312e-02
4.281000000000000227e+01 7.778499999999999659e+01 -3.792799999999999727e+01 -4.000000000000000083e-03
5.480499999999999972e+01 1.029680000000000035e+02 -3.318900000000000006e+01 1.019999999999999934e-01
5.576400000000000290e+01 1.104110000000000014e+02 -2.064699999999999847e+01 1.700000000000000122e-01
5.641400000000000148e+01 8.462500000000000000e+01 -9.106999999999999318e+00 2.039999999999999869e-01
5.446699999999999875e+01 3.743099999999999739e+01 -3.706999999999999851e+00 2.049999999999999878e-01
4.289000000000000057e+01 7.397999999999999687e+00 -4.650999999999999801e+00 1.789999999999999925e-01
2.815700000000000003e+01 2.165599999999999881e+01 -9.172000000000000597e+00 1.680000000000000104e-01
2.061100000000000065e+01 7.024899999999999523e+01 -1.243299999999999983e+01 2.129999999999999949e-01
2.039799999999999969e+01 1.206460000000000008e+02 -1.083799999999999919e+01 2.879999999999999782e-01
2.234299999999999997e+01 1.480800000000000125e+02 -6.817000000000000171e+00 3.210000000000000075e-01
2.174200000000000088e+01 1.525490000000000066e+02 -4.801000000000000156e+00 2.740000000000000213e-01
1.599799999999999933e+01 1.515089999999999861e+02 -4.916000000000000369e+00 1.900000000000000022e-01
7.628000000000000114e+00 1.565159999999999911e+02 -5.391000000000000014e+00 1.350000000000000089e-01
-3.221999999999999975e+00 1.643160000000000025e+02 -4.964000000000000412e+00 1.310000000000000053e-01
-2.663800000000000168e+01 1.710840000000000032e+02 -1.935000000000000053e+00 1.340000000000000080e-01
-6.279200000000000159e+01 1.758669999999999902e+02 4.092999999999999972e+00 8.100000000000000255e-02
-8.234000000000000341e+01 1.683379999999999939e+02 1.180199999999999960e+01 -4.399999999999999745e-02
-5.826800000000000068e+01 1.350749999999999886e+02 1.876599999999999824e+01 -1.849999999999999978e-01
-8.451000000000000512e+00 8.042799999999999727e+01 2.009900000000000020e+01 -2.580000000000000071e-01
2.497400000000000020e+01 2.725799999999999912e+01 1.299300000000000033e+01 -2.079999999999999905e-01
2.794999999999999929e+01 -4.956000000000000405e+00 3.580999999999999961e+00 -7.299999999999999545e-02
2.134400000000000119e+01 -1.691400000000000148e+01 2.520999999999999908e+00 2.699999999999999969e-02
2.893199999999999861e+01 -1.858200000000000074e+01 1.347799999999999976e+01 2.299999999999999961e-02
5.742399999999999949e+01 -8.502000000000000668e+00 2.871099999999999852e+01 1.000000000000000021e-02
9.410299999999999443e+01 1.224699999999999989e+01 3.554899999999999949e+01 1.189999999999999947e-01
1.109219999999999970e+02 1.706599999999999895e+01 2.807999999999999829e+01 2.750000000000000222e-01
8.686599999999999966e+01 -1.120100000000000051e+01 1.417800000000000082e+01 2.710000000000000187e-01
3.559100000000000108e+01 -4.011200000000000188e+01 8.800000000000000711e+00 8.300000000000000433e-02
-5.270999999999999908e+00 -3.754099999999999682e+01 1.793299999999999983e+01 -7.900000000000000078e-02
-1.796300000000000097e+01 -3.643299999999999983e+01 3.155199999999999960e+01 -6.800000000000000488e-02
-2.172899999999999920e+01 -8.691200000000000614e+01 3.509799999999999898e+01 2.800000000000000058e-02
-3.836899999999999977e+01 -1.672230000000000132e+02 2.653500000000000014e+01 6.400000000000000133e-02
-5.834400000000000119e+01 -2.060010000000000048e+02 1.712399999999999878e+01 5.199999999999999761e-02
-6.136999999999999744e+01 -1.787789999999999964e+02 1.357399999999999984e+01 9.600000000000000200e-02
-5.235600000000000165e+01 -1.303329999999999984e+02 8.365999999999999659e+00 2.000000000000000111e-01
-4.822800000000000153e+01 -1.120529999999999973e+02 -6.623999999999999666e+00 2.560000000000000053e-01
-4.981499999999999773e+01 -1.346529999999999916e+02 -2.807600000000000051e+01 1.900000000000000022e-01
-5.293999999999999773e+01 -1.726670000000000016e+02 -4.903999999999999915e+01 3.699999999999999817e-02
-6.590999999999999659e+01 -1.933779999999999859e+02 -6.771800000000000352e+01 -1.049999999999999961e-01
-9.330400000000000205e+01 -1.847119999999999891e+02 -8.292199999999999704e+01 -1.890000000000000013e-01
-1.121089999999999947e+02 -1.519130000000000109e+02 -8.654200000000000159e+01 -2.530000000000000027e-01
-8.298499999999999943e+01 -9.207399999999999807e+01 -6.648300000000000409e+01 -3.140000000000000013e-01
6.131000000000000227e+00 -5.091999999999999638e+00 -2.514999999999999858e+01 -2.939999999999999836e-01
1.163840000000000003e+02 7.586199999999999477e+01 1.078400000000000070e+01 -1.409999999999999865e-01
1.896899999999999977e+02 1.102049999999999983e+02 1.934499999999999886e+01 8.899999999999999578e-02
2.010049999999999955e+02 1.014369999999999976e+02 1.163199999999999967e+01 2.590000000000000080e-01
1.729739999999999895e+02 8.838299999999999557e+01 8.948000000000000398e+00 2.320000000000000118e-01
1.398849999999999909e+02 9.501000000000000512e+01 1.122400000000000020e+01 2.000000000000000042e-03
1.065829999999999984e+02 1.079150000000000063e+02 8.163999999999999702e+00 -2.399999999999999911e-01
5.845900000000000318e+01 9.591100000000000136e+01 2.049999999999999878e-01 -3.130000000000000004e-01
1.508000000000000007e+00 4.732900000000000063e+01 -6.964999999999999858e+00 -2.580000000000000071e-01
-3.788900000000000290e+01 -1.339400000000000013e+01 -1.099300000000000033e+01 -2.059999999999999887e-01
-4.729200000000000159e+01 -5.079299999999999926e+01 -7.301000000000000156e+00 -1.769999999999999907e-01
-3.859499999999999886e+01 -5.284000000000000341e+01 9.214999999999999858e+00 -1.610000000000000042e-01
-2.998100000000000165e+01 -3.674099999999999966e+01 3.259300000000000352e+01 -1.930000000000000049e-01
-2.975100000000000122e+01 -2.879700000000000060e+01 4.828600000000000136e+01 -2.550000000000000044e-01
-3.216299999999999670e+01 -3.757999999999999829e+01 5.008200000000000074e+01 -2.520000000000000018e-01
-2.533500000000000085e+01 -4.625300000000000011e+01 4.548299999999999699e+01 -1.759999999999999898e-01
-1.179299999999999926e+01 -4.054200000000000159e+01 3.917199999999999704e+01 -1.340000000000000080e-01
-1.580700000000000038e+01 -3.183299999999999841e+01 2.436799999999999855e+01 -1.459999999999999909e-01
-4.938000000000000256e+01 -3.361200000000000188e+01 2.928999999999999826e+00 -1.189999999999999947e-01
-8.196899999999999409e+01 -3.686599999999999966e+01 -6.594000000000000306e+00 -3.699999999999999817e-02
-7.715300000000000580e+01 -2.966799999999999926e+01 1.991999999999999993e+00 2.900000000000000147e-02
-4.765999999999999659e+01 -1.730999999999999872e+01 1.007099999999999973e+01 5.500000000000000028e-02
-3.721000000000000085e+01 -1.067099999999999937e+01 3.831999999999999851e+00 6.700000000000000400e-02
-5.780199999999999960e+01 -1.403999999999999915e+01 -9.545999999999999375e+00 6.300000000000000044e-02
-7.845600000000000307e+01 -2.365800000000000125e+01 -2.061400000000000077e+01 4.599999999999999922e-02
-6.961199999999999477e+01 -2.585399999999999920e+01 -2.783899999999999864e+01 6.800000000000000488e-02
-3.311599999999999966e+01 -8.387999999999999901e+00 -2.906099999999999994e+01 1.680000000000000104e-01
8.372999999999999332e+00 1.878500000000000014e+01 -2.226300000000000168e+01 3.049999999999999933e-01
3.192500000000000071e+01 2.985300000000000153e+01 -1.223700000000000010e+01 3.770000000000000018e-01
2.475000000000000000e+01 1.490000000000000036e+01 -5.115000000000000213e+00 3.320000000000000173e-01
-1.056600000000000072e+01 -7.889000000000000234e+00 -1.756999999999999895e+00 2.280000000000000082e-01
-5.646000000000000085e+01 -1.235500000000000043e+01 6.370000000000000107e-01 1.409999999999999865e-01
-8.698000000000000398e+01 1.119699999999999918e+01 8.551999999999999602e+00 6.500000000000000222e-02
-8.050700000000000500e+01 4.464200000000000301e+01 2.650199999999999889e+01 -1.899999999999999953e-02
-3.969299999999999784e+01 5.299499999999999744e+01 4.405799999999999983e+01 -4.700000000000000011e-02
1.243599999999999994e+01 2.389600000000000080e+01 4.678900000000000148e+01 2.000000000000000042e-02
6.686199999999999477e+01 -8.355000000000000426e+00 4.019299999999999784e+01 5.099999999999999672e-02
1.241179999999999950e+02 -3.775999999999999801e+00 3.752600000000000335e+01 -9.500000000000000111e-02
1.544590000000000032e+02 3.023400000000000176e+01 3.424799999999999756e+01 -3.119999999999999996e-01
1.220120000000000005e+02 5.269599999999999795e+01 1.978300000000000125e+01 -3.629999999999999893e-01
4.439600000000000080e+01 4.039399999999999835e+01 -1.171000000000000041e+00 -2.250000000000000056e-01
-2.700499999999999901e+01 8.762000000000000455e+00 -1.743299999999999983e+01 -1.010000000000000064e-01
-6.611199999999999477e+01 -8.112999999999999545e+00 -2.682499999999999929e+01 -8.599999999999999312e-02
-7.155299999999999727e+01 7.921999999999999709e+00 -3.241799999999999926e+01 -7.299999999999999545e-02
-4.488799999999999812e+01 4.441599999999999682e+01 -3.405899999999999750e+01 1.400000000000000029e-02
-4.942999999999999616e+00 7.349299999999999500e+01 -3.149099999999999966e+01 9.800000000000000377e-02
9.076000000000000512e+00 7.343500000000000227e+01 -3.001000000000000156e+01 6.500000000000000222e-02
-2.077499999999999858e+01 4.499399999999999977e+01 -3.382399999999999807e+01 -9.900000000000000466e-02
-5.999399999999999977e+01 1.639600000000000080e+01 -3.510499999999999687e+01 -2.640000000000000124e-01
-5.541100000000000136e+01 1.658599999999999852e+01 -2.157700000000000173e+01 -2.089999999999999913e-01
-9.559999999999999609e-01 3.909400000000000119e+01 4.224000000000000199e+00 1.479999999999999927e-01
5.619800000000000040e+01 5.559300000000000352e+01 2.945100000000000051e+01 5.679999999999999494e-01
7.770699999999999363e+01 5.802700000000000102e+01 5.061599999999999966e+01 6.909999999999999476e-01
6.561799999999999500e+01 5.152300000000000324e+01 6.392399999999999949e+01 4.460000000000000075e-01
3.545499999999999829e+01 2.240200000000000102e+01 5.078000000000000114e+01 1.029999999999999943e-01
-6.560000000000000275e-01 -3.859499999999999886e+01 7.790000000000000036e+00 -6.600000000000000311e-02
-2.919500000000000028e+01 -9.574399999999999977e+01 -3.167899999999999849e+01 -5.399999999999999939e-02
-4.186800000000000210e+01 -9.867000000000000171e+01 -4.062599999999999767e+01 -3.599999999999999728e-02
-4.081099999999999994e+01 -4.625200000000000244e+01 -3.387299999999999756e+01 -9.600000000000000200e-02
-2.799699999999999989e+01 1.424300000000000033e+01 -3.298700000000000188e+01 -1.529999999999999971e-01
-3.052000000000000046e+00 4.433599999999999852e+01 -3.196399999999999864e+01 -1.390000000000000124e-01
2.777199999999999847e+01 4.613100000000000023e+01 -2.418400000000000105e+01 -7.299999999999999545e-02
5.929299999999999926e+01 4.398499999999999943e+01 -2.685000000000000142e+01 7.199999999999999456e-02
9.626699999999999591e+01 5.650800000000000267e+01 -4.784700000000000131e+01 3.469999999999999751e-01
1.338950000000000102e+02 9.035800000000000409e+01 -5.714999999999999858e+01 5.859999999999999654e-01
1.483019999999999925e+02 1.385920000000000130e+02 -2.553300000000000125e+01 4.889999999999999902e-01
1.269669999999999987e+02 1.715939999999999941e+02 2.555900000000000105e+01 7.199999999999999456e-02
8.702599999999999625e+01 1.540800000000000125e+02 4.613400000000000034e+01 -2.680000000000000160e-01
5.223799999999999955e+01 8.464400000000000546e+01 2.275300000000000011e+01 -2.949999999999999845e-01
3.023300000000000054e+01 5.669999999999999485e-01 -6.818999999999999950e+00 -1.809999999999999942e-01
1.039199999999999946e+01 -6.130599999999999739e+01 -5.858999999999999986e+00 -1.360000000000000098e-01
-2.425499999999999901e+01 -9.741599999999999682e+01 1.664099999999999824e+01 -1.559999999999999998e-01
-7.027400000000000091e+01 -1.242699999999999960e+02 2.508800000000000097e+01 -1.980000000000000093e-01
-9.871800000000000352e+01 -1.406279999999999859e+02 6.581000000000000405e+00 -2.500000000000000000e-01
-9.391800000000000637e+01 -1.268400000000000034e+02 -1.696399999999999864e+01 -2.580000000000000071e-01
-7.147599999999999909e+01 -7.962900000000000489e+01 -2.056700000000000017e+01 -1.759999999999999898e-01
-4.992600000000000193e+01 -2.207600000000000051e+01 -4.826999999999999957e+00 -6.099999999999999867e-02
-3.821800000000000352e+01 1.304400000000000048e+01 8.400000000000000355e+00 -2.900000000000000147e-02
-3.941400000000000148e+01 8.820000000000000062e-01 3.342000000000000082e+00 -1.270000000000000018e-01
-3.685499999999999687e+01 -4.533599999999999852e+01 -1.061400000000000077e+01 -2.660000000000000142e-01
-7.557999999999999829e+00 -6.912199999999999989e+01 -1.187899999999999956e+01 -3.109999999999999987e-01
3.271999999999999886e+01 -4.084899999999999665e+01 3.785000000000000142e+00 -2.359999999999999876e-01
4.304200000000000159e+01 -8.006999999999999673e+00 1.711400000000000077e+01 -1.150000000000000050e-01
2.470200000000000173e+01 -2.126800000000000068e+01 1.167900000000000027e+01 -7.000000000000000146e-03
2.061899999999999977e+01 -5.165299999999999869e+01 -3.604999999999999982e+00 8.300000000000000433e-02
3.979099999999999682e+01 -4.514800000000000324e+01 -7.865999999999999659e+00 1.459999999999999909e-01
4.011599999999999966e+01 -1.760999999999999943e+01 2.349000000000000199e+00 1.479999999999999927e-01
4.729999999999999760e-01 -2.586400000000000077e+01 1.285599999999999987e+01 8.300000000000000433e-02
-3.835399999999999920e+01 -7.008700000000000330e+01 1.911899999999999977e+01 4.000000000000000083e-03
-2.824899999999999878e+01 -9.083899999999999864e+01 3.139999999999999858e+01 -2.199999999999999872e-02
1.630399999999999849e+01 -5.871699999999999875e+01 4.672599999999999909e+01 2.900000000000000147e-02
3.259799999999999898e+01 -1.047100000000000009e+01 4.356499999999999773e+01 9.800000000000000377e-02
-8.747999999999999332e+00 1.407199999999999918e+01 1.906500000000000128e+01 9.400000000000000022e-02
-6.978000000000000114e+01 2.333899999999999864e+01 -5.949999999999999734e-01 3.899999999999999994e-02
-1.019200000000000017e+02 4.318200000000000216e+01 -3.636000000000000121e+00 8.100000000000000255e-02
-9.555200000000000671e+01 7.170600000000000307e+01 -6.770999999999999908e+00 2.690000000000000169e-01
-5.743699999999999761e+01 8.831199999999999761e+01 -1.478100000000000058e+01 4.520000000000000129e-01
9.608999999999999986e+00 8.362199999999999989e+01 -1.195500000000000007e+01 5.070000000000000062e-01
7.424699999999999989e+01 5.982500000000000284e+01 1.637000000000000011e+00 4.560000000000000164e-01
7.291800000000000637e+01 1.776699999999999946e+01 6.440999999999999837e+00 3.410000000000000253e-01
-1.555300000000000082e+01 -3.839399999999999835e+01 -4.543999999999999595e+00 1.630000000000000060e-01
-1.232030000000000030e+02 -9.005299999999999727e+01 -1.767699999999999960e+01 -3.699999999999999817e-02
-1.626469999999999914e+02 -1.112369999999999948e+02 -1.925400000000000134e+01 -2.059999999999999887e-01
-1.239000000000000057e+02 -9.394499999999999318e+01 -1.024300000000000033e+01 -3.089999999999999969e-01
-7.133400000000000318e+01 -6.089300000000000068e+01 -2.177999999999999936e+00 -3.119999999999999996e-01
-5.263300000000000267e+01 -3.909599999999999653e+01 5.290000000000000258e-01 -2.210000000000000020e-01
-4.055899999999999750e+01 -2.484400000000000119e+01 8.660999999999999588e+00 -1.160000000000000059e-01
1.367600000000000016e+01 5.259000000000000341e+00 2.612600000000000122e+01 -2.800000000000000058e-02
9.563299999999999557e+01 5.203300000000000125e+01 3.236599999999999966e+01 1.189999999999999947e-01
1.433750000000000000e+02 8.451099999999999568e+01 8.278999999999999915e+00 3.200000000000000067e-01
1.301939999999999884e+02 7.612199999999999989e+01 -3.216499999999999915e+01 3.669999999999999929e-01
8.965999999999999659e+01 4.141100000000000136e+01 -5.438400000000000034e+01 1.039999999999999952e-01
7.275100000000000477e+01 2.638800000000000168e+01 -4.005700000000000216e+01 -2.790000000000000258e-01
9.136400000000000432e+01 4.833599999999999852e+01 -4.881999999999999673e+00 -4.390000000000000013e-01
9.770999999999999375e+01 6.447199999999999420e+01 1.693299999999999983e+01 -3.099999999999999978e-01
4.737599999999999767e+01 3.380700000000000216e+01 8.233999999999999986e+00 -1.219999999999999973e-01
-2.816499999999999915e+01 -2.171199999999999974e+01 -1.267900000000000027e+01 -3.699999999999999817e-02
-6.633400000000000318e+01 -5.942900000000000205e+01 -1.681800000000000139e+01 -1.299999999999999940e-02
-6.776500000000000057e+01 -7.813800000000000523e+01 -2.277000000000000135e+00 2.100000000000000130e-02
-8.690000000000000568e+01 -9.702800000000000580e+01 6.538999999999999702e+00 4.700000000000000011e-02
-1.397589999999999861e+02 -1.084689999999999941e+02 -2.318999999999999950e+00 6.000000000000000125e-03
-1.715070000000000050e+02 -9.010099999999999909e+01 -9.519000000000000128e+00 -1.059999999999999970e-01
-1.355920000000000130e+02 -4.756900000000000261e+01 3.798000000000000043e+00 -2.179999999999999993e-01
-6.705500000000000682e+01 -1.408999999999999986e+01 2.447500000000000142e+01 -2.790000000000000258e-01
-3.429999999999999716e+01 -7.487000000000000099e+00 2.641799999999999926e+01 -3.260000000000000120e-01
-4.439600000000000080e+01 -6.907000000000000028e+00 8.586000000000000298e+00 -3.870000000000000107e-01
-4.290699999999999648e+01 2.148400000000000176e+01 -5.230999999999999872e+00 -3.270000000000000129e-01
4.285000000000000142e+00 8.093699999999999761e+01 -2.111000000000000210e+00 -4.000000000000000083e-03
7.057399999999999807e+01 1.354739999999999895e+02 2.626999999999999780e+00 4.139999999999999791e-01
1.155999999999999943e+02 1.520449999999999875e+02 -7.458999999999999631e+00 5.540000000000000480e-01
1.366939999999999884e+02 1.397659999999999911e+02 -2.155699999999999861e+01 3.499999999999999778e-01
1.488180000000000121e+02 1.280169999999999959e+02 -1.936799999999999855e+01 1.079999999999999988e-01
1.423660000000000139e+02 1.162069999999999936e+02 -7.009999999999999787e+00 4.700000000000000011e-02
1.053679999999999950e+02 8.107800000000000296e+01 -7.926999999999999602e+00 8.500000000000000611e-02
6.687699999999999534e+01 2.942299999999999827e+01 -2.168400000000000105e+01 8.200000000000000344e-02
6.168999999999999773e+01 -6.269999999999999574e+00 -2.543700000000000117e+01 4.200000000000000261e-02
7.182200000000000273e+01 -2.262500000000000000e+01 -1.399600000000000044e+01 3.799999999999999906e-02
5.973199999999999932e+01 -4.382000000000000028e+01 -3.249000000000000110e+00 9.500000000000000111e-02
3.272899999999999920e+01 -7.056799999999999784e+01 1.860999999999999988e+00 1.789999999999999925e-01
2.133399999999999963e+01 -7.327200000000000557e+01 1.499200000000000088e+01 2.570000000000000062e-01
2.135099999999999909e+01 -3.607800000000000296e+01 4.397399999999999665e+01 2.999999999999999889e-01
6.144999999999999574e+00 1.322700000000000031e+01 7.070399999999999352e+01 2.660000000000000142e-01
-2.139099999999999824e+01 2.865200000000000102e+01 6.723900000000000432e+01 1.330000000000000071e-01
-3.123300000000000054e+01 2.250999999999999890e+00 3.485399999999999920e+01 -7.099999999999999367e-02
-1.712800000000000011e+01 -2.384900000000000020e+01 6.887999999999999901e+00 -2.760000000000000231e-01
-1.116799999999999926e+01 -1.072600000000000087e+01 5.142999999999999794e+00 -4.040000000000000258e-01
-3.548599999999999710e+01 3.352900000000000347e+01 1.705499999999999972e+01 -4.020000000000000240e-01
-6.491500000000000625e+01 7.396500000000000341e+01 2.357400000000000162e+01 -2.839999999999999747e-01
-6.156600000000000250e+01 9.304500000000000171e+01 2.426399999999999935e+01 -1.250000000000000000e-01
-2.890200000000000102e+01 9.487099999999999511e+01 2.361499999999999844e+01 -3.000000000000000062e-03
-3.835999999999999854e+00 7.842900000000000205e+01 1.558999999999999986e+01 5.000000000000000278e-02
-6.897000000000000242e+00 4.092099999999999937e+01 -4.004999999999999893e+00 4.499999999999999833e-02
-2.393700000000000117e+01 2.149999999999999911e+00 -2.541300000000000026e+01 3.000000000000000062e-03
-2.992999999999999972e+01 -1.248799999999999955e+01 -3.484700000000000131e+01 -5.299999999999999850e-02
-1.503200000000000003e+01 -6.251000000000000334e+00 -2.811499999999999844e+01 -8.799999999999999489e-02
9.250000000000000000e+00 3.536000000000000032e+00 -1.323199999999999932e+01 -8.599999999999999312e-02
1.986400000000000077e+01 1.263199999999999967e+01 -4.057000000000000384e+00 -7.900000000000000078e-02
1.766999999999999904e+00 1.355700000000000038e+01 -6.301999999999999602e+00 -9.400000000000000022e-02
-3.112099999999999866e+01 -1.149300000000000033e+01 -8.271000000000000796e+00 -1.029999999999999943e-01
-4.288799999999999812e+01 -5.563300000000000267e+01 3.521999999999999797e+00 -6.199999999999999956e-02
-1.985300000000000153e+01 -8.548900000000000432e+01 1.932799999999999940e+01 2.500000000000000139e-02
7.541000000000000369e+00 -8.739499999999999602e+01 1.461700000000000088e+01 1.029999999999999943e-01
5.448000000000000398e+00 -7.835399999999999920e+01 -1.414199999999999946e+01 1.179999999999999938e-01
-2.187300000000000111e+01 -7.439000000000000057e+01 -4.403999999999999915e+01 6.800000000000000488e-02
-4.951500000000000057e+01 -7.945799999999999841e+01 -5.856300000000000239e+01 0.000000000000000000e+00
-6.592700000000000671e+01 -9.096500000000000341e+01 -5.855700000000000216e+01 -5.500000000000000028e-02
-6.615999999999999659e+01 -9.497100000000000364e+01 -3.962500000000000000e+01 -9.700000000000000289e-02
-3.760199999999999676e+01 -7.923300000000000409e+01 3.648000000000000131e+00 -8.899999999999999578e-02
1.240099999999999980e+01 -5.999300000000000210e+01 4.618800000000000239e+01 7.000000000000000146e-03
4.096099999999999852e+01 -6.426500000000000057e+01 4.725099999999999767e+01 1.449999999999999900e-01
1.965299999999999869e+01 -8.652200000000000557e+01 4.304999999999999716e+00 2.109999999999999931e-01
-3.119900000000000162e+01 -9.853900000000000148e+01 -4.512400000000000233e+01 1.350000000000000089e-01
-7.768899999999999295e+01 -9.269100000000000250e+01 -7.537000000000000455e+01 -3.300000000000000155e-02
-9.859799999999999898e+01 -7.902899999999999636e+01 -8.984799999999999898e+01 -1.670000000000000095e-01
-8.025499999999999545e+01 -5.125900000000000034e+01 -8.899599999999999511e+01 -1.529999999999999971e-01
-3.126099999999999923e+01 5.823999999999999844e+00 -5.908400000000000318e+01 -3.000000000000000062e-03
1.248300000000000054e+01 7.338200000000000500e+01 -4.783999999999999808e+00 1.000000000000000056e-01
2.658500000000000085e+01 9.840699999999999648e+01 3.638300000000000267e+01 -2.000000000000000042e-02
1.841300000000000026e+01 5.579899999999999949e+01 3.653000000000000114e+01 -2.819999999999999729e-01
8.299999999999999600e-01 -1.207699999999999996e+01 1.334299999999999997e+01 -4.380000000000000004e-01
-1.786400000000000077e+01 -3.794400000000000261e+01 1.250000000000000000e-01 -3.400000000000000244e-01
-1.743499999999999872e+01 4.139999999999999791e-01 6.294999999999999929e+00 -3.400000000000000244e-02
2.023799999999999955e+01 6.328099999999999881e+01 2.512999999999999901e+01 2.580000000000000071e-01
7.603600000000000136e+01 9.297400000000000375e+01 4.647800000000000153e+01 2.989999999999999880e-01
1.031719999999999970e+02 6.640800000000000125e+01 5.413199999999999790e+01 1.150000000000000050e-01
8.210399999999999920e+01 9.356999999999999318e+00 4.609000000000000341e+01 -2.199999999999999872e-02
4.620199999999999818e+01 -2.978099999999999881e+01 4.863300000000000267e+01 3.200000000000000067e-02
3.752400000000000091e+01 -2.298000000000000043e+01 7.227899999999999636e+01 1.239999999999999991e-01
5.518900000000000006e+01 8.923000000000000043e+00 7.858799999999999386e+01 8.799999999999999489e-02
6.619400000000000261e+01 2.165800000000000125e+01 3.694400000000000261e+01 -1.700000000000000122e-02
5.029399999999999693e+01 9.210000000000000853e+00 -1.793299999999999983e+01 -4.399999999999999745e-02
1.820899999999999963e+01 9.159000000000000696e+00 -3.571099999999999852e+01 6.000000000000000125e-03
-3.157999999999999918e+00 4.054899999999999949e+01 -2.275100000000000122e+01 4.299999999999999656e-02
1.181499999999999950e+01 8.148999999999999488e+01 -1.449699999999999989e+01 7.599999999999999811e-02
7.125499999999999545e+01 1.079500000000000028e+02 -1.258500000000000085e+01 1.839999999999999969e-01
1.357410000000000139e+02 1.094279999999999973e+02 5.530000000000000471e-01 3.310000000000000164e-01
1.337379999999999995e+02 8.076600000000000534e+01 1.906200000000000117e+01 3.870000000000000107e-01
5.760699999999999932e+01 3.467499999999999716e+01 2.759600000000000009e+01 3.330000000000000182e-01
-9.275000000000000355e+00 -1.332000000000000073e+00 2.668599999999999994e+01 2.429999999999999938e-01
-1.114700000000000024e+01 -1.723300000000000054e+01 1.900900000000000034e+01 1.110000000000000014e-01
8.497999999999999332e+00 -2.338800000000000168e+01 -1.179999999999999938e-01 -1.059999999999999970e-01
-6.868000000000000327e+00 -2.266000000000000014e+01 -2.460500000000000043e+01 -2.810000000000000275e-01
-3.713799999999999812e+01 -6.163999999999999702e+00 -3.409300000000000352e+01 -2.139999999999999958e-01
-1.962699999999999889e+01 2.654799999999999827e+01 -1.891100000000000136e+01 4.900000000000000189e-02
5.663600000000000279e+01 6.120700000000000074e+01 7.275999999999999801e+00 2.240000000000000047e-01
1.261490000000000009e+02 8.277899999999999636e+01 2.673699999999999832e+01 1.930000000000000049e-01
1.248739999999999952e+02 8.610800000000000409e+01 3.574099999999999966e+01 9.299999999999999933e-02
6.647799999999999443e+01 7.250199999999999534e+01 3.872200000000000131e+01 -2.800000000000000058e-02
1.409500000000000064e+01 4.680299999999999727e+01 3.694100000000000250e+01 -2.489999999999999991e-01
-1.160999999999999943e+01 1.625000000000000000e+01 2.251200000000000045e+01 -4.490000000000000102e-01
-5.241299999999999670e+01 -2.067800000000000082e+01 -1.585299999999999976e+01 -3.719999999999999973e-01
-1.280260000000000105e+02 -7.021999999999999886e+01 -6.608400000000000318e+01 -2.900000000000000147e-02
-1.872810000000000059e+02 -1.081170000000000044e+02 -8.910399999999999920e+01 2.949999999999999845e-01
-1.756790000000000020e+02 -8.080100000000000193e+01 -6.767900000000000205e+01 4.199999999999999845e-01
-1.032699999999999960e+02 1.427500000000000036e+01 -3.143599999999999994e+01 3.780000000000000027e-01
-2.034400000000000119e+01 8.906199999999999761e+01 -1.018200000000000038e+01 2.129999999999999949e-01
3.228699999999999903e+01 6.993899999999999295e+01 1.602000000000000091e+00 -2.999999999999999889e-02
3.272299999999999898e+01 -4.019000000000000128e+00 1.260899999999999999e+01 -2.320000000000000118e-01
-2.000100000000000122e+01 -5.077499999999999858e+01 1.063899999999999935e+01 -3.459999999999999742e-01
-9.552299999999999613e+01 -5.393599999999999994e+01 -7.474000000000000199e+00 -4.430000000000000049e-01
-1.546899999999999977e+02 -5.201200000000000045e+01 -2.400400000000000134e+01 -5.100000000000000089e-01
-1.826299999999999955e+02 -7.262000000000000455e+01 -2.668199999999999861e+01 -4.069999999999999729e-01
-1.735149999999999864e+02 -1.040909999999999940e+02 -1.133000000000000007e+01 -1.209999999999999964e-01
-1.118269999999999982e+02 -1.073119999999999976e+02 2.585099999999999909e+01 1.439999999999999891e-01
-8.074999999999999289e+00 -6.022299999999999898e+01 6.644700000000000273e+01 2.190000000000000002e-01
8.260500000000000398e+01 6.235999999999999766e+00 7.111700000000000443e+01 1.469999999999999918e-01
1.098080000000000069e+02 4.085099999999999909e+01 3.212199999999999989e+01 8.100000000000000255e-02
6.649099999999999966e+01 3.371800000000000352e+01 -8.782999999999999474e+00 6.800000000000000488e-02
-1.185100000000000087e+01 1.564400000000000013e+01 -1.900100000000000122e+01 5.000000000000000104e-03
-5.790699999999999648e+01 8.611000000000000654e+00 -1.639300000000000068e+01 -1.400000000000000133e-01
-2.657400000000000162e+01 8.282000000000000028e+00 -2.777299999999999969e+01 -2.000000000000000111e-01
4.416100000000000136e+01 5.559000000000000163e+00 -4.100200000000000244e+01 -5.999999999999999778e-02
7.505599999999999739e+01 -1.088999999999999968e+00 -3.093400000000000105e+01 1.610000000000000042e-01
4.346800000000000352e+01 -7.485000000000000320e+00 -7.865999999999999659e+00 2.800000000000000266e-01
-2.350000000000000089e+00 -2.064999999999999947e+00 -7.369999999999999885e-01 2.530000000000000027e-01
-1.166900000000000048e+01 2.237099999999999866e+01 -4.240999999999999659e+00 1.360000000000000098e-01
2.176399999999999935e+01 4.330899999999999750e+01 1.363000000000000078e+01 3.000000000000000062e-03
6.870600000000000307e+01 2.540399999999999991e+01 5.007900000000000063e+01 -7.399999999999999634e-02
9.045000000000000284e+01 -2.253399999999999892e+01 6.090899999999999892e+01 -6.500000000000000222e-02
6.598399999999999466e+01 -5.214600000000000080e+01 2.700300000000000011e+01 -1.600000000000000033e-02
1.094100000000000072e+01 -5.158599999999999852e+01 -2.067500000000000071e+01 -8.000000000000000167e-03
-4.219299999999999784e+01 -6.070900000000000318e+01 -5.149499999999999744e+01 -8.200000000000000344e-02
-8.341800000000000637e+01 -9.668600000000000705e+01 -6.274300000000000210e+01 -1.910000000000000031e-01
-1.238199999999999932e+02 -1.222099999999999937e+02 -5.746699999999999875e+01 -2.479999999999999982e-01
-1.582150000000000034e+02 -1.030250000000000057e+02 -3.727799999999999869e+01 -1.799999999999999933e-01
-1.578729999999999905e+02 -5.246399999999999864e+01 -1.344999999999999929e+01 -1.299999999999999940e-02
-1.055630000000000024e+02 -3.770999999999999908e+00 9.579999999999999627e-01 1.110000000000000014e-01
-1.921799999999999997e+01 3.151399999999999935e+01 6.208999999999999631e+00 9.700000000000000289e-02
6.169700000000000273e+01 5.936899999999999977e+01 1.216900000000000048e+01 2.999999999999999889e-02
1.052500000000000000e+02 8.127100000000000080e+01 2.324500000000000099e+01 4.100000000000000172e-02
1.061449999999999960e+02 9.859000000000000341e+01 3.294200000000000017e+01 1.290000000000000036e-01
8.743699999999999761e+01 1.165799999999999983e+02 3.150000000000000000e+01 2.169999999999999984e-01
8.257800000000000296e+01 1.295440000000000111e+02 1.721600000000000108e+01 2.389999999999999902e-01
9.826900000000000546e+01 1.255139999999999958e+02 1.792000000000000037e+00 1.759999999999999898e-01
1.007570000000000050e+02 1.055330000000000013e+02 -1.155999999999999917e+00 9.800000000000000377e-02
6.548199999999999932e+01 7.961199999999999477e+01 5.511000000000000121e+00 9.600000000000000200e-02
2.032600000000000051e+01 5.271399999999999864e+01 8.063000000000000611e+00 1.260000000000000009e-01
2.705000000000000071e+00 2.533800000000000097e+01 4.998999999999999666e+00 8.400000000000000522e-02
4.272000000000000242e+00 -2.560000000000000053e-01 5.511999999999999567e+00 -3.099999999999999978e-02
-3.810999999999999943e+00 -2.153399999999999892e+01 6.570999999999999730e+00 -1.360000000000000098e-01
-2.390200000000000102e+01 -3.942799999999999727e+01 -3.706999999999999851e+00 -1.739999999999999880e-01
-3.859599999999999653e+01 -5.333100000000000307e+01 -1.887300000000000111e+01 -1.509999999999999953e-01
-3.662400000000000233e+01 -5.912500000000000000e+01 -1.906800000000000139e+01 -1.120000000000000023e-01
-1.986599999999999966e+01 -6.088000000000000256e+01 -7.024000000000000021e+00 -9.800000000000000377e-02
-4.209999999999999964e+00 -7.057299999999999329e+01 -7.451999999999999957e+00 -1.150000000000000050e-01
-9.050000000000000711e+00 -8.666899999999999693e+01 -2.535500000000000043e+01 -1.270000000000000018e-01
-3.115899999999999892e+01 -9.026200000000000045e+01 -3.603499999999999659e+01 -6.900000000000000577e-02
-4.324199999999999733e+01 -7.405899999999999750e+01 -2.041000000000000014e+01 5.099999999999999672e-02
-3.215500000000000114e+01 -6.204599999999999937e+01 1.176800000000000068e+01 9.500000000000000111e-02
-1.994500000000000028e+01 -8.173900000000000432e+01 3.320799999999999841e+01 -6.300000000000000044e-02
-2.638899999999999935e+01 -1.191440000000000055e+02 2.716100000000000136e+01 -3.619999999999999885e-01
-3.569299999999999784e+01 -1.259669999999999987e+02 7.565999999999999837e+00 -5.819999999999999618e-01
-3.242300000000000182e+01 -8.051900000000000546e+01 8.860000000000000098e-01 -5.360000000000000320e-01
-2.828800000000000026e+01 -1.556799999999999962e+01 6.238999999999999879e+00 -2.640000000000000124e-01
-1.507000000000000028e+01 3.444700000000000273e+01 -1.473999999999999977e+00 3.200000000000000067e-02
4.238700000000000045e+01 8.523900000000000432e+01 -2.517200000000000060e+01 2.560000000000000053e-01
1.254959999999999951e+02 1.575740000000000123e+02 -3.469899999999999807e+01 4.349999999999999978e-01
1.514219999999999970e+02 2.073509999999999991e+02 -1.352500000000000036e+01 5.270000000000000240e-01
8.686100000000000421e+01 1.741560000000000059e+02 1.421499999999999986e+01 4.490000000000000102e-01
6.953000000000000291e+00 8.377100000000000080e+01 2.061400000000000077e+01 2.349999999999999867e-01
-6.520000000000000240e-01 2.226599999999999824e+01 1.232300000000000040e+01 3.000000000000000062e-03
5.877700000000000102e+01 1.853300000000000125e+01 1.061299999999999955e+01 -1.039999999999999952e-01
1.105559999999999974e+02 2.253099999999999881e+01 1.134200000000000053e+01 -2.500000000000000139e-02
1.006470000000000056e+02 -5.937000000000000277e+00 -4.937000000000000277e+00 9.400000000000000022e-02
3.840400000000000347e+01 -4.587500000000000000e+01 -2.467500000000000071e+01 6.199999999999999956e-02
-2.480300000000000082e+01 -5.955799999999999983e+01 -4.506000000000000227e+00 -8.100000000000000255e-02
-4.416400000000000148e+01 -4.462199999999999989e+01 5.645400000000000063e+01 -1.650000000000000078e-01
-1.410599999999999987e+01 -2.321900000000000119e+01 9.429099999999999682e+01 -1.239999999999999991e-01
3.533899999999999864e+01 -6.738000000000000433e+00 6.685500000000000398e+01 1.299999999999999940e-02
5.472500000000000142e+01 9.709999999999999742e-01 1.306300000000000061e+01 1.839999999999999969e-01
3.983000000000000096e+00 -1.793299999999999983e+01 -1.531900000000000084e+01 2.600000000000000089e-01
-9.361799999999999500e+01 -7.159300000000000352e+01 -2.538400000000000034e+01 1.079999999999999988e-01
-1.478189999999999884e+02 -1.207259999999999991e+02 -4.217699999999999960e+01 -1.849999999999999978e-01
-9.831100000000000705e+01 -1.130000000000000000e+02 -4.977600000000000335e+01 -3.009999999999999898e-01
3.253000000000000114e+00 -5.363300000000000267e+01 -2.160300000000000153e+01 -9.299999999999999933e-02
4.690899999999999892e+01 2.556000000000000050e+00 2.613299999999999912e+01 1.839999999999999969e-01
-5.107999999999999652e+00 2.780799999999999983e+01 5.158200000000000074e+01 1.960000000000000075e-01
-7.686299999999999955e+01 4.108500000000000085e+01 3.749600000000000222e+01 -3.899999999999999994e-02
-8.568600000000000705e+01 4.877100000000000080e+01 -2.570000000000000062e-01 -2.260000000000000064e-01
-4.999099999999999966e+01 2.754500000000000171e+01 -3.788100000000000023e+01 -1.970000000000000084e-01
-3.724300000000000210e+01 -1.754899999999999949e+01 -5.864300000000000068e+01 -8.200000000000000344e-02
-4.095900000000000318e+01 -3.518699999999999761e+01 -5.273499999999999943e+01 -5.299999999999999850e-02
-3.799999999999999906e-02 6.272999999999999687e+00 -2.380499999999999972e+01 -4.399999999999999745e-02
7.539700000000000557e+01 6.870399999999999352e+01 3.077999999999999847e+00 9.500000000000000111e-02
1.062399999999999949e+02 8.981799999999999784e+01 2.677999999999999936e+00 3.079999999999999960e-01
6.885699999999999932e+01 6.321699999999999875e+01 -1.733500000000000085e+01 4.069999999999999729e-01
1.380799999999999983e+01 3.595600000000000307e+01 -2.364799999999999969e+01 3.150000000000000022e-01
-1.656400000000000006e+01 3.974499999999999744e+01 5.003000000000000114e+00 1.239999999999999991e-01
-5.783999999999999808e+00 6.719400000000000261e+01 5.455199999999999960e+01 7.000000000000000146e-03
4.441599999999999682e+01 1.007009999999999934e+02 8.364799999999999613e+01 2.599999999999999881e-02
9.584099999999999397e+01 1.309790000000000134e+02 6.739100000000000534e+01 -1.000000000000000021e-02
1.126610000000000014e+02 1.568619999999999948e+02 3.269200000000000017e+01 -2.479999999999999982e-01
9.688299999999999557e+01 1.752110000000000127e+02 1.950600000000000023e+01 -4.289999999999999925e-01
4.597399999999999665e+01 1.684679999999999893e+02 2.047800000000000153e+01 -2.750000000000000222e-01
-4.068500000000000227e+01 1.180229999999999961e+02 3.248000000000000220e+00 -1.899999999999999953e-02
-1.095840000000000032e+02 3.416199999999999903e+01 -2.339300000000000068e+01 1.799999999999999864e-02
-1.102069999999999936e+02 -4.399699999999999989e+01 -1.579299999999999926e+01 -1.600000000000000033e-02
-7.598199999999999932e+01 -8.250400000000000489e+01 3.266599999999999682e+01 1.079999999999999988e-01
-6.676300000000000523e+01 -8.065200000000000102e+01 7.033799999999999386e+01 2.340000000000000135e-01
-7.858299999999999841e+01 -6.811400000000000432e+01 5.384199999999999875e+01 1.570000000000000007e-01
-6.818999999999999773e+01 -7.497899999999999920e+01 1.400000000000000133e-01 -6.000000000000000125e-03
-2.082900000000000063e+01 -9.702200000000000557e+01 -4.667300000000000182e+01 -6.700000000000000400e-02
4.789200000000000301e+01 -9.648399999999999466e+01 -6.424599999999999511e+01 -3.300000000000000155e-02
1.131839999999999975e+02 -5.117099999999999937e+01 -5.235999999999999943e+01 1.600000000000000033e-02
1.343329999999999984e+02 8.805999999999999162e+00 -2.512900000000000134e+01 6.099999999999999867e-02
8.278400000000000603e+01 3.269800000000000040e+01 -1.420500000000000007e+01 7.599999999999999811e-02
-3.505999999999999783e+00 5.902999999999999581e+00 -4.042600000000000193e+01 5.000000000000000104e-03
-5.315299999999999869e+01 -4.395499999999999829e+01 -7.556000000000000227e+01 -1.059999999999999970e-01
-4.894400000000000261e+01 -8.503700000000000614e+01 -6.837000000000000455e+01 -9.900000000000000466e-02
-3.049500000000000099e+01 -1.020259999999999962e+02 -1.386999999999999922e+01 6.300000000000000044e-02
-2.478300000000000125e+01 -8.971599999999999397e+01 3.548199999999999932e+01 2.079999999999999905e-01
-2.211100000000000065e+01 -5.725300000000000011e+01 3.271699999999999875e+01 1.859999999999999987e-01
-1.107000000000000028e+01 -3.546600000000000108e+01 -1.275999999999999979e+01 5.099999999999999672e-02
-9.769999999999999796e-01 -5.258200000000000074e+01 -5.383800000000000097e+01 -4.100000000000000172e-02
-1.320299999999999940e+01 -9.940600000000000591e+01 -6.610399999999999920e+01 -0.000000000000000000e+00
-5.780599999999999739e+01 -1.326850000000000023e+02 -6.929699999999999704e+01 1.419999999999999873e-01
-1.109770000000000039e+02 -1.280389999999999873e+02 -7.820799999999999841e+01 2.439999999999999947e-01
-1.360620000000000118e+02 -1.169980000000000047e+02 -6.899399999999999977e+01 1.459999999999999909e-01
-1.300519999999999925e+02 -1.305509999999999877e+02 -2.241600000000000037e+01 -1.330000000000000071e-01
-1.151629999999999967e+02 -1.310279999999999916e+02 3.458599999999999852e+01 -3.760000000000000009e-01
-9.200600000000000023e+01 -6.690000000000000568e+01 6.228099999999999881e+01 -4.610000000000000209e-01
-3.492399999999999949e+01 3.738700000000000045e+01 5.975999999999999801e+01 -4.650000000000000244e-01
5.959700000000000131e+01 1.144590000000000032e+02 5.759599999999999653e+01 -4.490000000000000102e-01
1.339279999999999973e+02 1.401380000000000052e+02 6.900600000000000023e+01 -3.649999999999999911e-01
1.188739999999999952e+02 1.329060000000000059e+02 6.779200000000000159e+01 -1.859999999999999987e-01
3.810000000000000142e+01 1.111770000000000067e+02 3.095400000000000063e+01 3.599999999999999728e-02
1.264999999999999902e+00 9.109799999999999898e+01 -9.053000000000000824e+00 1.960000000000000075e-01
5.767099999999999937e+01 8.301200000000000045e+01 -2.221999999999999975e+00 2.210000000000000020e-01
1.261350000000000051e+02 6.996299999999999386e+01 3.758500000000000085e+01 1.719999999999999862e-01
1.194009999999999962e+02 2.833999999999999986e+01 5.364600000000000080e+01 1.809999999999999942e-01
6.653799999999999670e+01 -2.773300000000000054e+01 3.732200000000000273e+01 2.530000000000000027e-01
4.285399999999999920e+01 -5.806400000000000006e+01 2.946499999999999986e+01 2.690000000000000169e-01
4.190200000000000102e+01 -5.622999999999999687e+01 3.789800000000000324e+01 1.739999999999999880e-01
8.098000000000000753e+00 -5.752000000000000313e+01 2.427299999999999969e+01 -2.000000000000000042e-03
-4.775399999999999778e+01 -6.551000000000000512e+01 -1.644399999999999906e+01 -1.980000000000000093e-01
-7.437999999999999545e+01 -3.365299999999999869e+01 -3.870900000000000318e+01 -2.969999999999999862e-01
-8.824200000000000443e+01 3.525200000000000244e+01 -3.130199999999999960e+01 -2.169999999999999984e-01
-1.231580000000000013e+02 6.395199999999999818e+01 -3.251200000000000045e+01 -6.099999999999999867e-02
-1.156820000000000022e+02 2.782499999999999929e+01 -4.094100000000000250e+01 1.000000000000000021e-03
-4.240000000000000213e+00 -3.161000000000000032e+00 -1.422000000000000064e+01 -3.899999999999999994e-02
1.207519999999999953e+02 1.325600000000000023e+01 3.330700000000000216e+01 -5.999999999999999778e-02
1.329389999999999930e+02 3.906499999999999773e+01 3.688700000000000045e+01 -2.000000000000000042e-02
5.620799999999999841e+01 4.376599999999999824e+01 -1.278200000000000003e+01 8.000000000000000167e-03
-1.187999999999999945e+00 4.411299999999999955e+01 -5.688400000000000034e+01 1.000000000000000021e-03
-1.511700000000000088e+01 4.602199999999999847e+01 -5.762800000000000011e+01 2.699999999999999969e-02
-3.972399999999999665e+01 2.991100000000000136e+01 -3.350900000000000034e+01 1.189999999999999947e-01
-8.445600000000000307e+01 2.176000000000000156e+00 -8.820000000000000284e+00 1.880000000000000004e-01
-8.656000000000000227e+01 -4.793000000000000149e+00 1.815299999999999869e+01 1.189999999999999947e-01
-1.348900000000000077e+01 7.240999999999999659e+00 4.934199999999999875e+01 -3.899999999999999994e-02
6.423300000000000409e+01 -8.711999999999999744e+00 6.074699999999999989e+01 -9.700000000000000289e-02
5.267799999999999727e+01 -8.023799999999999955e+01 2.044000000000000128e+01 -4.900000000000000189e-02
-3.690599999999999881e+01 -1.665790000000000077e+02 -5.918099999999999739e+01 -8.899999999999999578e-02
-1.059710000000000036e+02 -1.977249999999999943e+02 -1.085769999999999982e+02 -2.280000000000000082e-01
-1.004989999999999952e+02 -1.549799999999999898e+02 -7.978600000000000136e+01 -2.270000000000000073e-01
-5.512500000000000000e+01 -8.724299999999999500e+01 -1.415600000000000058e+01 -8.000000000000000167e-03
-2.189000000000000057e+01 -4.430199999999999960e+01 1.498799999999999955e+01 2.300000000000000100e-01
-9.714999999999999858e+00 -1.305300000000000082e+01 -1.211999999999999966e+00 3.529999999999999805e-01
5.639999999999999458e-01 5.542900000000000205e+01 -1.275000000000000000e+01 4.689999999999999725e-01
-4.902000000000000135e+00 1.438720000000000141e+02 5.958000000000000185e+00 6.219999999999999973e-01
-6.505100000000000193e+01 1.543429999999999893e+02 2.233899999999999864e+01 5.829999999999999627e-01
-1.435370000000000061e+02 5.813199999999999790e+01 5.663000000000000256e+00 1.980000000000000093e-01
-1.367330000000000041e+02 -2.591100000000000136e+01 -1.916900000000000048e+01 -2.670000000000000151e-01
-2.510300000000000153e+01 7.264999999999999680e+00 -1.229299999999999926e+01 -4.560000000000000164e-01
9.935599999999999454e+01 1.079839999999999947e+02 2.272400000000000020e+01 -3.420000000000000262e-01
1.689540000000000077e+02 1.739439999999999884e+02 5.798400000000000176e+01 -1.370000000000000107e-01
1.988000000000000114e+02 1.899900000000000091e+02 8.348199999999999932e+01 2.299999999999999961e-02
2.246719999999999970e+02 1.939979999999999905e+02 9.925900000000000034e+01 1.409999999999999865e-01
2.536510000000000105e+02 1.926810000000000116e+02 9.435099999999999909e+01 2.250000000000000056e-01
2.629560000000000173e+02 1.777330000000000041e+02 6.067099999999999937e+01 2.419999999999999929e-01
2.238820000000000050e+02 1.586040000000000134e+02 1.371199999999999974e+01 1.910000000000000031e-01
1.393590000000000089e+02 1.347860000000000014e+02 -1.773999999999999844e+01 8.799999999999999489e-02
5.416100000000000136e+01 9.232200000000000273e+01 -1.990299999999999869e+01 -5.500000000000000028e-02
9.202999999999999403e+00 4.263900000000000290e+01 -6.761999999999999567e+00 -1.729999999999999871e-01
-4.155000000000000249e+00 1.311500000000000021e+01 -1.893000000000000016e+00 -1.920000000000000040e-01
-2.065399999999999991e+01 1.997999999999999998e+00 -1.103700000000000081e+01 -1.390000000000000124e-01
-4.912899999999999778e+01 -1.700000000000000000e+01 -2.229599999999999937e+01 -1.170000000000000068e-01
-7.514300000000000068e+01 -5.516400000000000148e+01 -2.791900000000000048e+01 -1.650000000000000078e-01
-9.410399999999999920e+01 -1.007369999999999948e+02 -3.195100000000000051e+01 -2.020000000000000129e-01
-1.065439999999999969e+02 -1.385310000000000059e+02 -3.943500000000000227e+01 -1.529999999999999971e-01
-1.027339999999999947e+02 -1.600929999999999893e+02 -4.652100000000000080e+01 -7.299999999999999545e-02
-8.574699999999999989e+01 -1.617249999999999943e+02 -4.234700000000000131e+01 -6.600000000000000311e-02
-8.607200000000000273e+01 -1.458660000000000139e+02 -2.344300000000000139e+01 -1.429999999999999882e-01
-1.202530000000000001e+02 -1.267079999999999984e+02 -4.413000000000000256e+00 -2.429999999999999938e-01
-1.540420000000000016e+02 -1.168389999999999986e+02 -2.778999999999999915e+00 -3.170000000000000040e-01
-1.369970000000000141e+02 -1.001410000000000053e+02 -1.250600000000000023e+01 -3.089999999999999969e-01
-6.327799999999999869e+01 -5.316299999999999670e+01 -1.072600000000000087e+01 -1.370000000000000107e-01
2.753999999999999915e+01 1.923000000000000043e+00 6.942999999999999616e+00 1.380000000000000115e-01
9.787999999999999545e+01 2.293599999999999994e+01 2.119300000000000139e+01 2.969999999999999862e-01
1.319060000000000059e+02 1.977700000000000102e+01 1.869300000000000139e+01 2.449999999999999956e-01
1.245390000000000015e+02 3.392799999999999727e+01 4.849999999999999645e+00 1.370000000000000107e-01
8.074500000000000455e+01 6.248700000000000188e+01 -7.777000000000000135e+00 1.170000000000000068e-01
1.911400000000000077e+01 6.489900000000000091e+01 -1.050000000000000000e+01 1.519999999999999962e-01
-3.581799999999999784e+01 2.948199999999999932e+01 -7.588000000000000078e+00 1.509999999999999953e-01
-6.765500000000000114e+01 -1.591699999999999982e+01 -1.492999999999999972e+01 7.399999999999999634e-02
-7.834799999999999898e+01 -4.692099999999999937e+01 -3.252600000000000335e+01 -5.299999999999999850e-02
-7.907299999999999329e+01 -5.578499999999999659e+01 -3.182700000000000173e+01 -1.130000000000000032e-01
-7.548600000000000421e+01 -3.926899999999999835e+01 -6.049999999999999822e-01 -1.200000000000000025e-02
-7.030500000000000682e+01 -1.663100000000000023e+01 2.491700000000000159e+01 1.280000000000000027e-01
-5.987199999999999989e+01 -3.309799999999999898e+01 1.098399999999999999e+01 1.049999999999999961e-01
-3.233599999999999852e+01 -1.003139999999999930e+02 -2.469900000000000162e+01 -6.000000000000000125e-03
-3.374000000000000110e+00 -1.646160000000000139e+02 -4.579699999999999704e+01 6.199999999999999956e-02
-1.772599999999999909e+01 -1.680709999999999980e+02 -3.949199999999999733e+01 2.560000000000000053e-01
-6.616400000000000148e+01 -1.089869999999999948e+02 -1.011500000000000021e+01 2.149999999999999967e-01
-6.784600000000000364e+01 -2.641199999999999903e+01 3.151800000000000068e+01 -1.250000000000000000e-01
9.609999999999999654e-01 3.983400000000000318e+01 6.231700000000000017e+01 -4.129999999999999782e-01
5.244200000000000017e+01 6.437000000000000455e+01 6.184400000000000119e+01 -4.089999999999999747e-01
3.131700000000000017e+01 4.793999999999999773e+01 4.904099999999999682e+01 -2.520000000000000018e-01
5.126000000000000334e+00 2.612699999999999889e+01 6.736700000000000443e+01 -1.640000000000000069e-01
4.989600000000000080e+01 3.384799999999999898e+01 1.089369999999999976e+02 -1.469999999999999918e-01
1.347160000000000082e+02 5.208299999999999841e+01 1.074099999999999966e+02 -9.299999999999999933e-02
1.576819999999999879e+02 2.798600000000000065e+01 3.535799999999999699e+01 -1.000000000000000021e-03
6.307500000000000284e+01 -4.636899999999999977e+01 -5.588799999999999812e+01 4.800000000000000100e-02
-9.082800000000000296e+01 -1.174809999999999945e+02 -1.129650000000000034e+02 -1.200000000000000025e-02
-1.889050000000000011e+02 -1.311850000000000023e+02 -1.232120000000000033e+02 -1.660000000000000087e-01
-1.732410000000000139e+02 -7.872899999999999920e+01 -7.689300000000000068e+01 -2.839999999999999747e-01
-7.798699999999999477e+01 3.176000000000000156e+00 2.444000000000000128e+01 -2.149999999999999967e-01
3.039799999999999969e+01 6.414700000000000557e+01 1.175709999999999980e+02 4.200000000000000261e-02
1.130810000000000031e+02 8.525300000000000011e+01 1.212660000000000053e+02 3.240000000000000102e-01
1.576769999999999925e+02 8.219899999999999807e+01 4.093500000000000227e+01 4.390000000000000013e-01
1.507390000000000043e+02 6.694700000000000273e+01 -3.252199999999999847e+01 3.290000000000000147e-01
9.881799999999999784e+01 4.834700000000000131e+01 -3.585199999999999676e+01 1.360000000000000098e-01
6.988200000000000500e+01 6.119800000000000040e+01 4.924000000000000377e+00 1.059999999999999970e-01
1.348660000000000139e+02 1.356829999999999927e+02 3.511699999999999733e+01 3.330000000000000182e-01
2.497189999999999941e+02 2.353820000000000050e+02 3.958299999999999841e+01 6.149999999999999911e-01
2.831499999999999773e+02 2.719390000000000214e+02 2.682300000000000040e+01 6.450000000000000178e-01
1.890980000000000132e+02 1.996750000000000114e+02 -3.088000000000000078e+00 3.629999999999999893e-01
6.110199999999999676e+01 7.304200000000000159e+01 -4.136399999999999721e+01 4.000000000000000083e-02
-1.355400000000000027e+01 -1.507699999999999996e+01 -6.268500000000000227e+01 -5.899999999999999689e-02
-5.664099999999999824e+01 -3.674499999999999744e+01 -6.213400000000000034e+01 3.899999999999999994e-02
-1.194500000000000028e+02 -3.691499999999999915e+01 -6.342999999999999972e+01 1.360000000000000098e-01
-1.888789999999999907e+02 -5.420799999999999841e+01 -7.340699999999999648e+01 1.239999999999999991e-01
-2.173930000000000007e+02 -8.110699999999999932e+01 -7.050700000000000500e+01 4.800000000000000100e-02
-1.909919999999999902e+02 -9.510200000000000387e+01 -4.914399999999999835e+01 -2.500000000000000139e-02
-1.388029999999999973e+02 -8.504999999999999716e+01 -2.907400000000000162e+01 -1.219999999999999973e-01
-1.027909999999999968e+02 -5.573899999999999721e+01 -1.574900000000000055e+01 -3.059999999999999942e-01
-9.399500000000000455e+01 -3.016499999999999915e+01 5.323000000000000398e+00 -5.060000000000000053e-01
-7.053000000000000114e+01 -2.521999999999999886e+01 3.241700000000000159e+01 -5.440000000000000391e-01
6.109999999999999876e-01 -2.463100000000000023e+01 4.439399999999999835e+01 -3.400000000000000244e-01
6.906100000000000705e+01 -7.190000000000000391e+00 3.864099999999999824e+01 -3.000000000000000062e-03
6.019800000000000040e+01 1.086500000000000021e+01 3.495199999999999818e+01 2.449999999999999956e-01
-1.248700000000000010e+01 -4.091999999999999638e+00 3.685300000000000153e+01 2.260000000000000064e-01
-7.750600000000000023e+01 -4.876599999999999824e+01 2.609700000000000131e+01 -7.799999999999999989e-02
-1.052439999999999998e+02 -7.581999999999999318e+01 -7.039999999999999591e-01 -4.909999999999999920e-01
-1.042830000000000013e+02 -5.017799999999999727e+01 -2.290299999999999869e+01 -6.949999999999999512e-01
-8.774599999999999511e+01 -4.386999999999999567e+00 -3.286099999999999710e+01 -5.190000000000000169e-01
-8.749099999999999966e+01 -4.115000000000000213e+00 -5.064600000000000080e+01 -1.620000000000000051e-01
-1.256430000000000007e+02 -5.097299999999999898e+01 -8.368500000000000227e+01 9.800000000000000377e-02
-1.648569999999999993e+02 -7.793699999999999761e+01 -1.045040000000000049e+02 2.919999999999999818e-01
-1.416519999999999868e+02 -4.904599999999999937e+01 -8.572599999999999909e+01 5.530000000000000471e-01
-3.961500000000000199e+01 3.442000000000000171e+00 -3.307900000000000063e+01 7.500000000000000000e-01
8.631699999999999307e+01 3.924300000000000210e+01 2.528099999999999881e+01 6.229999999999999982e-01
1.512630000000000052e+02 4.612100000000000222e+01 7.106600000000000250e+01 1.819999999999999951e-01
1.199980000000000047e+02 2.333800000000000097e+01 1.018640000000000043e+02 -2.690000000000000169e-01
4.890699999999999648e+01 -1.748600000000000065e+01 1.109860000000000042e+02 -4.949999999999999956e-01
2.540800000000000125e+01 -4.557399999999999807e+01 9.482399999999999807e+01 -4.969999999999999973e-01
6.246800000000000352e+01 -5.038300000000000267e+01 6.810399999999999920e+01 -3.910000000000000142e-01
8.840900000000000603e+01 -6.092799999999999727e+01 3.878499999999999659e+01 -3.180000000000000049e-01
5.348599999999999710e+01 -8.718300000000000693e+01 -3.068999999999999950e+00 -3.760000000000000009e-01
-1.110000000000000098e+00 -8.748900000000000432e+01 -4.887599999999999767e+01 -4.670000000000000262e-01
-3.346000000000000085e+00 -2.410500000000000043e+01 -6.040599999999999881e+01 -3.830000000000000071e-01
5.891799999999999926e+01 8.820600000000000307e+01 -1.781400000000000006e+01 -7.699999999999999900e-02
1.251050000000000040e+02 1.917980000000000018e+02 3.955400000000000205e+01 2.540000000000000036e-01
1.233229999999999933e+02 2.214339999999999975e+02 4.597999999999999687e+01 3.559999999999999831e-01
3.905599999999999739e+01 1.554749999999999943e+02 -1.242800000000000082e+01 1.600000000000000033e-01
-7.301999999999999602e+01 4.424399999999999977e+01 -7.538899999999999579e+01 -1.400000000000000133e-01
-1.346529999999999916e+02 -3.778000000000000114e+01 -7.364300000000000068e+01 -2.290000000000000091e-01
-9.526099999999999568e+01 -5.822599999999999909e+01 2.334000000000000075e+00 2.199999999999999872e-02
3.568599999999999994e+01 -2.671199999999999974e+01 9.516800000000000637e+01 3.800000000000000044e-01
1.788700000000000045e+02 3.263100000000000023e+01 1.253280000000000030e+02 5.020000000000000018e-01
2.221639999999999873e+02 7.653600000000000136e+01 5.954099999999999682e+01 3.350000000000000200e-01
1.152300000000000040e+02 5.838199999999999790e+01 -4.782500000000000284e+01 1.270000000000000018e-01
-5.531199999999999761e+01 -1.132799999999999940e+01 -9.859900000000000375e+01 7.099999999999999367e-02
-1.388950000000000102e+02 -6.474899999999999523e+01 -5.274600000000000222e+01 9.500000000000000111e-02
-8.799899999999999523e+01 -6.088499999999999801e+01 2.869399999999999906e+01 4.200000000000000261e-02
8.798000000000000043e+00 -2.121999999999999886e+01 5.690299999999999869e+01 -5.999999999999999778e-02
5.373599999999999710e+01 2.454599999999999937e+01 9.766000000000000014e+00 -6.400000000000000133e-02
3.671000000000000085e+01 7.229399999999999693e+01 -6.317900000000000205e+01 7.099999999999999367e-02
1.273700000000000010e+01 1.135550000000000068e+02 -1.030879999999999939e+02 2.510000000000000009e-01
1.661799999999999855e+01 1.180040000000000049e+02 -8.644799999999999329e+01 3.860000000000000098e-01
2.242299999999999827e+01 7.396099999999999852e+01 -2.712399999999999878e+01 4.369999999999999996e-01
1.566999999999999948e+00 2.562399999999999878e+01 4.041599999999999682e+01 4.139999999999999791e-01
-2.486799999999999855e+01 2.217800000000000082e+01 8.164199999999999591e+01 3.539999999999999813e-01
-2.631500000000000128e+01 3.520000000000000284e+01 8.134099999999999397e+01 2.730000000000000204e-01
-2.701999999999999957e+00 2.108999999999999986e+00 5.163600000000000279e+01 1.630000000000000060e-01
3.260999999999999943e+01 -5.773899999999999721e+01 1.846199999999999974e+01 4.800000000000000100e-02
6.033800000000000097e+01 -7.573000000000000398e+01 -4.230999999999999872e+00 -5.000000000000000278e-02
5.683500000000000085e+01 -5.839099999999999824e+01 -1.973999999999999844e+01 -1.710000000000000131e-01
2.524399999999999977e+01 -6.279599999999999937e+01 -2.710600000000000165e+01 -3.079999999999999960e-01
-3.458000000000000185e+00 -8.604600000000000648e+01 -1.690299999999999869e+01 -3.340000000000000191e-01
-1.920200000000000173e+01 -8.494799999999999329e+01 1.921999999999999931e+00 -2.000000000000000111e-01
-4.142999999999999972e+01 -6.269500000000000028e+01 1.747999999999999998e+00 -4.499999999999999833e-02
-6.647199999999999420e+01 -4.915400000000000347e+01 -1.765200000000000102e+01 -1.499999999999999944e-02
-5.000699999999999790e+01 -3.524300000000000210e+01 -1.755999999999999872e+01 -7.699999999999999900e-02
3.185200000000000031e+01 3.679999999999999938e-01 1.762800000000000011e+01 -9.900000000000000466e-02
1.238509999999999991e+02 3.225699999999999790e+01 4.540999999999999659e+01 -5.899999999999999689e-02
1.316200000000000045e+02 1.656400000000000006e+01 2.514199999999999946e+01 -1.160000000000000059e-01
2.853600000000000136e+01 -4.640800000000000125e+01 -2.676200000000000045e+01 -3.790000000000000036e-01
-1.117300000000000040e+02 -1.160939999999999941e+02 -6.888700000000000045e+01 -6.889999999999999458e-01
-1.989610000000000127e+02 -1.550550000000000068e+02 -8.235099999999999909e+01 -7.570000000000000062e-01
-2.106330000000000098e+02 -1.512429999999999950e+02 -7.245199999999999818e+01 -5.030000000000000027e-01
-1.853750000000000000e+02 -1.163400000000000034e+02 -5.618800000000000239e+01 -1.380000000000000115e-01
-1.620010000000000048e+02 -7.532200000000000273e+01 -4.710399999999999920e+01 7.599999999999999811e-02
-1.450519999999999925e+02 -5.219200000000000017e+01 -3.375500000000000256e+01 9.800000000000000377e-02
-1.150210000000000008e+02 -4.804200000000000159e+01 8.237000000000000099e+00 8.000000000000000167e-02
-4.886500000000000199e+01 -3.321500000000000341e+01 7.317300000000000182e+01 7.900000000000000078e-02
5.770199999999999818e+01 1.346700000000000053e+01 1.202079999999999984e+02 8.000000000000000167e-03
1.672760000000000105e+02 6.783199999999999363e+01 1.184339999999999975e+02 -9.700000000000000289e-02
2.214010000000000105e+02 9.381399999999999295e+01 7.995000000000000284e+01 -8.899999999999999578e-02
2.018499999999999943e+02 8.921899999999999409e+01 4.100999999999999801e+01 -2.500000000000000139e-02
1.452510000000000048e+02 7.323000000000000398e+01 1.816300000000000026e+01 -8.300000000000000433e-02
9.736199999999999477e+01 6.285399999999999920e+01 1.000000000000000021e-02 -1.819999999999999951e-01
7.866599999999999682e+01 7.016400000000000148e+01 -1.600700000000000145e+01 -9.099999999999999756e-02
7.921599999999999397e+01 8.970900000000000318e+01 -9.364000000000000767e+00 1.570000000000000007e-01
7.170199999999999818e+01 9.560200000000000387e+01 2.356800000000000139e+01 3.150000000000000022e-01
4.112400000000000233e+01 7.237600000000000477e+01 4.835999999999999943e+01 3.029999999999999916e-01
-3.300000000000000155e-02 3.315800000000000125e+01 3.674300000000000210e+01 2.670000000000000151e-01
-3.196900000000000119e+01 -1.354999999999999982e+00 -5.669999999999999485e-01 2.889999999999999791e-01
-5.287500000000000000e+01 -2.290299999999999869e+01 -4.293099999999999739e+01 2.929999999999999827e-01
-7.207999999999999829e+01 -3.186899999999999977e+01 -8.285999999999999943e+01 2.119999999999999940e-01
-8.321899999999999409e+01 -2.503000000000000114e+01 -1.066380000000000052e+02 8.899999999999999578e-02
-6.699299999999999500e+01 9.539999999999999147e+00 -8.663100000000000023e+01 -8.999999999999999320e-03
-3.195799999999999841e+01 6.740099999999999625e+01 -1.591399999999999970e+01 -2.999999999999999889e-02
-2.635200000000000031e+01 9.866200000000000614e+01 5.955400000000000205e+01 3.200000000000000067e-02
-7.158599999999999852e+01 5.872200000000000131e+01 7.725300000000000011e+01 8.699999999999999400e-02
-1.046460000000000008e+02 -1.231400000000000006e+01 3.667900000000000205e+01 1.700000000000000122e-02
-5.852400000000000091e+01 -3.709899999999999665e+01 -3.326999999999999957e+00 -1.250000000000000000e-01
1.809900000000000020e+01 -1.499300000000000033e+01 -1.385299999999999976e+01 -1.640000000000000069e-01
2.819000000000000128e+01 -5.022000000000000242e+00 -2.082400000000000162e+01 -4.299999999999999656e-02
-2.179799999999999827e+01 -2.305300000000000082e+01 -3.984100000000000108e+01 1.380000000000000115e-01
-5.834100000000000108e+01 -3.814200000000000301e+01 -5.265999999999999659e+01 2.489999999999999991e-01
-6.058400000000000318e+01 -3.846500000000000341e+01 -4.618099999999999739e+01 2.059999999999999887e-01
-4.438100000000000023e+01 -3.236800000000000210e+01 -2.586100000000000065e+01 8.000000000000000167e-02
-1.572700000000000031e+01 -1.373300000000000054e+01 5.430000000000000382e-01 5.700000000000000205e-02
8.692000000000000171e+00 2.644999999999999929e+01 2.500400000000000134e+01 1.660000000000000087e-01
1.273099999999999987e+01 7.030100000000000193e+01 3.618200000000000216e+01 2.260000000000000064e-01
1.372100000000000009e+01 7.863200000000000500e+01 2.678800000000000026e+01 1.469999999999999918e-01
3.471699999999999875e+01 3.481799999999999784e+01 3.835999999999999854e+00 1.600000000000000033e-02
6.617199999999999704e+01 -2.050100000000000122e+01 -1.084999999999999964e+01 -9.299999999999999933e-02
7.753799999999999670e+01 -3.016100000000000136e+01 -4.288999999999999702e+00 -1.910000000000000031e-01
5.461200000000000188e+01 1.559999999999999998e-01 7.133000000000000007e+00 -2.550000000000000044e-01
1.849899999999999878e+01 9.803000000000000824e+00 3.790999999999999925e+00 -2.159999999999999976e-01
7.449999999999999956e-01 -2.379799999999999827e+01 -2.970000000000000195e+00 -1.039999999999999952e-01
6.347000000000000419e+00 -5.179500000000000171e+01 8.339000000000000412e+00 -3.200000000000000067e-02
2.023000000000000043e+01 -2.730300000000000082e+01 2.955199999999999960e+01 -2.699999999999999969e-02
4.171800000000000352e+01 3.515699999999999648e+01 3.870199999999999818e+01 -1.200000000000000025e-02
8.359199999999999875e+01 9.323099999999999454e+01 4.182800000000000296e+01 7.399999999999999634e-02
1.297940000000000111e+02 1.233679999999999950e+02 5.351400000000000290e+01 2.300000000000000100e-01
1.320449999999999875e+02 1.142939999999999969e+02 5.310900000000000176e+01 3.750000000000000000e-01
7.859900000000000375e+01 6.337299999999999756e+01 1.952899999999999991e+01 3.659999999999999920e-01
1.984900000000000020e+01 -3.282999999999999918e+00 -1.552800000000000047e+01 1.729999999999999871e-01
-9.651999999999999247e+00 -4.622899999999999920e+01 -1.396499999999999986e+01 -8.000000000000000167e-03
-3.473199999999999932e+01 -5.419299999999999784e+01 3.559000000000000163e+00 2.000000000000000042e-02
-7.818099999999999739e+01 -4.892199999999999704e+01 -4.102999999999999758e+00 1.779999999999999916e-01
-1.218970000000000056e+02 -5.574099999999999966e+01 -3.635399999999999920e+01 2.320000000000000118e-01
-1.460039999999999907e+02 -7.858499999999999375e+01 -6.735299999999999443e+01 6.500000000000000222e-02
-1.504979999999999905e+02 -9.548900000000000432e+01 -8.402899999999999636e+01 -2.409999999999999920e-01
-1.368760000000000048e+02 -8.384199999999999875e+01 -8.470600000000000307e+01 -5.070000000000000062e-01
-1.106929999999999978e+02 -5.698599999999999710e+01 -7.218500000000000227e+01 -5.779999999999999583e-01
-8.615399999999999636e+01 -4.940400000000000347e+01 -5.672200000000000131e+01 -3.860000000000000098e-01
-6.216799999999999926e+01 -5.870100000000000051e+01 -4.688400000000000034e+01 -5.000000000000000104e-03
-2.559400000000000119e+01 -4.740500000000000114e+01 -4.001299999999999812e+01 3.310000000000000164e-01
1.878500000000000014e+01 -4.818999999999999950e+00 -2.637900000000000134e+01 3.790000000000000036e-01
5.902199999999999847e+01 3.941199999999999903e+01 2.564999999999999947e+00 1.170000000000000068e-01
9.327100000000000080e+01 5.089500000000000313e+01 4.075900000000000034e+01 -2.690000000000000169e-01
1.091760000000000019e+02 1.139199999999999946e+01 6.206300000000000239e+01 -5.689999999999999503e-01
9.046599999999999397e+01 -6.069700000000000273e+01 4.811500000000000199e+01 -6.109999999999999876e-01
5.596399999999999864e+01 -1.030400000000000063e+02 1.986499999999999844e+01 -3.489999999999999769e-01
4.580700000000000216e+01 -7.140699999999999648e+01 1.774099999999999966e+01 -2.000000000000000042e-03
6.673699999999999477e+01 -2.369999999999999885e-01 4.672099999999999653e+01 1.380000000000000115e-01
8.495600000000000307e+01 4.721000000000000085e+01 6.647100000000000364e+01 9.600000000000000200e-02
7.830100000000000193e+01 6.147399999999999665e+01 4.961699999999999733e+01 1.049999999999999961e-01
6.685099999999999909e+01 6.971999999999999886e+01 2.135399999999999920e+01 1.930000000000000049e-01
6.607500000000000284e+01 7.238200000000000500e+01 1.647700000000000031e+01 2.020000000000000129e-01
4.598899999999999721e+01 5.080499999999999972e+01 2.737600000000000122e+01 6.500000000000000222e-02
-1.126900000000000013e+01 1.470800000000000018e+01 2.721799999999999997e+01 -1.559999999999999998e-01
-5.591899999999999693e+01 -2.342999999999999972e+00 1.490900000000000070e+01 -3.519999999999999796e-01
-3.353099999999999881e+01 1.284999999999999964e+01 8.182999999999999829e+00 -3.800000000000000044e-01
3.637400000000000233e+01 3.933599999999999852e+01 1.703999999999999915e+01 -1.799999999999999933e-01
9.355500000000000682e+01 4.973199999999999932e+01 3.589399999999999835e+01 1.079999999999999988e-01
1.091239999999999952e+02 3.812100000000000222e+01 4.710199999999999676e+01 2.969999999999999862e-01
8.792000000000000171e+01 1.982799999999999940e+01 3.599499999999999744e+01 3.439999999999999725e-01
3.891599999999999682e+01 9.451000000000000512e+00 6.530000000000000249e+00 2.939999999999999836e-01
-2.710200000000000031e+01 3.039000000000000146e+00 -2.466700000000000159e+01 1.900000000000000022e-01
-9.496200000000000330e+01 -1.296499999999999986e+01 -4.532099999999999795e+01 8.599999999999999312e-02
-1.480029999999999859e+02 -3.473199999999999932e+01 -5.228699999999999903e+01 1.200000000000000025e-02
-1.647189999999999941e+02 -3.859899999999999665e+01 -4.700500000000000256e+01 -5.999999999999999778e-02
-1.338810000000000002e+02 -1.581400000000000006e+01 -3.561399999999999721e+01 -1.199999999999999956e-01
-7.960899999999999466e+01 1.082199999999999918e+01 -2.791799999999999926e+01 -1.069999999999999979e-01
-3.965100000000000335e+01 2.216000000000000014e+01 -2.450300000000000011e+01 -2.699999999999999969e-02
-2.216300000000000026e+01 2.662000000000000099e+01 -1.244599999999999973e+01 3.500000000000000333e-02
-1.420299999999999940e+01 2.793199999999999861e+01 1.445700000000000074e+01 5.399999999999999939e-02
-8.512000000000000455e+00 9.695000000000000284e+00 4.510300000000000153e+01 9.500000000000000111e-02
9.569999999999999618e-01 -2.518799999999999883e+01 6.398100000000000165e+01 1.680000000000000104e-01
8.426999999999999602e+00 -4.561899999999999977e+01 5.587700000000000244e+01 1.519999999999999962e-01
-2.308099999999999952e+01 -3.748599999999999710e+01 1.327100000000000080e+01 -1.400000000000000029e-02
-1.091380000000000052e+02 -1.733699999999999974e+01 -4.038400000000000034e+01 -1.890000000000000013e-01
-1.787959999999999923e+02 -1.360000000000000098e+00 -6.490900000000000603e+01 -2.099999999999999922e-01
-1.477800000000000011e+02 5.689000000000000057e+00 -5.639000000000000057e+01 -1.120000000000000023e-01
-5.167399999999999949e+01 -1.185999999999999943e+00 -4.887299999999999756e+01 -7.799999999999999989e-02
1.520000000000000018e+00 -1.862800000000000011e+01 -5.486899999999999977e+01 -1.880000000000000004e-01
4.229000000000000092e+00 -2.082700000000000173e+01 -4.827199999999999847e+01 -2.819999999999999729e-01
4.385199999999999676e+01 1.092900000000000027e+01 -1.606099999999999994e+01 -1.489999999999999936e-01
1.303969999999999914e+02 5.000999999999999801e+01 1.708699999999999974e+01 1.280000000000000027e-01
1.731999999999999886e+02 6.031799999999999784e+01 2.858899999999999864e+01 2.409999999999999920e-01
1.323269999999999982e+02 5.406600000000000250e+01 2.537399999999999878e+01 1.310000000000000053e-01
6.426699999999999591e+01 5.995400000000000063e+01 2.077199999999999847e+01 4.100000000000000172e-02
1.966900000000000048e+01 6.927500000000000568e+01 1.682000000000000028e+01 8.599999999999999312e-02
-8.061999999999999389e+00 6.208100000000000307e+01 1.446599999999999930e+01 1.509999999999999953e-01
-4.121500000000000341e+01 3.786599999999999966e+01 1.099499999999999922e+01 1.509999999999999953e-01
-7.677899999999999636e+01 5.350000000000000311e-01 -5.008000000000000007e+00 9.700000000000000289e-02
-8.843000000000000682e+01 -3.724799999999999756e+01 -3.049200000000000088e+01 -1.299999999999999940e-02
-6.285000000000000142e+01 -4.738400000000000034e+01 -4.101100000000000279e+01 -1.729999999999999871e-01
-1.793900000000000006e+01 -1.998999999999999844e+01 -2.518199999999999861e+01 -2.889999999999999791e-01
2.720200000000000173e+01 2.212500000000000000e+01 -1.679999999999999938e+00 -2.690000000000000169e-01
6.742100000000000648e+01 5.205599999999999739e+01 1.008999999999999986e+01 -1.570000000000000007e-01
8.212999999999999545e+01 5.514399999999999835e+01 1.409200000000000053e+01 -4.399999999999999745e-02
3.593399999999999750e+01 2.644600000000000151e+01 1.571599999999999930e+01 7.099999999999999367e-02
-6.309599999999999653e+01 -2.342599999999999838e+01 3.120999999999999996e+00 1.839999999999999969e-01
-1.379670000000000130e+02 -6.792900000000000205e+01 -1.925199999999999889e+01 1.519999999999999962e-01
-1.171500000000000057e+02 -8.578600000000000136e+01 -2.008299999999999841e+01 -9.800000000000000377e-02
-2.181700000000000017e+01 -7.771999999999999886e+01 4.829999999999999849e-01 -3.109999999999999987e-01
6.161999999999999744e+01 -5.680199999999999960e+01 -1.584999999999999964e+00 -1.700000000000000122e-01
7.676900000000000546e+01 -3.626599999999999824e+01 -3.767499999999999716e+01 2.670000000000000151e-01
3.033999999999999986e+01 -2.701899999999999835e+01 -5.815200000000000102e+01 6.330000000000000071e-01
-2.715500000000000114e+01 -2.555499999999999972e+01 -2.590099999999999980e+01 6.670000000000000373e-01
-2.463100000000000023e+01 -1.229599999999999937e+01 3.574199999999999733e+01 3.770000000000000018e-01
6.426399999999999579e+01 1.410399999999999920e+01 8.598000000000000398e+01 -4.100000000000000172e-02
1.614389999999999930e+02 1.914000000000000057e+01 1.036689999999999969e+02 -3.099999999999999978e-01
1.680519999999999925e+02 -1.780300000000000082e+01 7.677599999999999625e+01 -2.700000000000000178e-01
1.070769999999999982e+02 -5.664500000000000313e+01 1.661400000000000077e+01 -2.599999999999999881e-02
8.187399999999999523e+01 -4.773799999999999955e+01 -2.667800000000000082e+01 1.600000000000000033e-01
1.060229999999999961e+02 -1.288400000000000034e+01 -2.203000000000000114e+01 1.209999999999999964e-01
9.425799999999999557e+01 -1.607499999999999929e+01 -3.045999999999999819e+00 -9.500000000000000111e-02
1.730699999999999861e+01 -6.492100000000000648e+01 -9.326999999999999957e+00 -2.949999999999999845e-01
-5.444700000000000273e+01 -1.034830000000000041e+02 -2.874599999999999866e+01 -3.310000000000000164e-01
-7.587600000000000477e+01 -1.014680000000000035e+02 -3.530799999999999983e+01 -2.560000000000000053e-01
-8.742499999999999716e+01 -8.744400000000000261e+01 -2.870499999999999829e+01 -2.119999999999999940e-01
-1.142980000000000018e+02 -7.744899999999999807e+01 -8.676000000000000156e+00 -1.950000000000000067e-01
-1.023689999999999998e+02 -3.689200000000000301e+01 3.029100000000000037e+01 -7.599999999999999811e-02
-1.055899999999999928e+01 4.781199999999999761e+01 6.523799999999999955e+01 1.400000000000000133e-01
1.093100000000000023e+02 1.208269999999999982e+02 6.478499999999999659e+01 2.869999999999999774e-01
1.709540000000000077e+02 1.253709999999999951e+02 3.787899999999999778e+01 2.849999999999999756e-01
1.419639999999999986e+02 7.513599999999999568e+01 1.447499999999999964e+01 1.749999999999999889e-01
6.049300000000000210e+01 2.914000000000000057e+01 2.932999999999999829e+00 1.499999999999999944e-02
-1.030700000000000038e+01 2.470299999999999940e+01 -3.244000000000000217e+00 -1.010000000000000064e-01
-4.627900000000000347e+01 4.892600000000000193e+01 -1.165199999999999925e+01 -8.799999999999999489e-02
-7.059600000000000364e+01 6.678000000000000114e+01 -3.305799999999999983e+01 -3.099999999999999978e-02
-9.291400000000000148e+01 6.377199999999999847e+01 -6.362700000000000244e+01 -5.700000000000000205e-02
-8.688200000000000500e+01 4.908500000000000085e+01 -7.295900000000000318e+01 -7.699999999999999900e-02
-4.713100000000000023e+01 2.921499999999999986e+01 -3.919599999999999795e+01 8.599999999999999312e-02
-1.707900000000000063e+01 1.004000000000000004e+00 1.463100000000000023e+01 3.479999999999999760e-01
-3.398299999999999699e+01 -3.125600000000000023e+01 4.275699999999999790e+01 4.359999999999999987e-01
-7.994899999999999807e+01 -5.185999999999999943e+01 2.968100000000000094e+01 2.829999999999999738e-01
-1.030430000000000064e+02 -5.302499999999999858e+01 1.060000000000000053e+00 1.069999999999999979e-01
-6.810200000000000387e+01 -4.066599999999999682e+01 -1.506600000000000072e+01 8.799999999999999489e-02
9.215999999999999304e+00 -1.606099999999999994e+01 -1.216999999999999993e+01 1.280000000000000027e-01
6.750100000000000477e+01 2.211899999999999977e+01 7.190999999999999837e+00 4.299999999999999656e-02
6.038000000000000256e+01 5.218699999999999761e+01 3.389600000000000080e+01 -1.320000000000000062e-01
1.018699999999999939e+01 4.183500000000000085e+01 3.994200000000000017e+01 -1.759999999999999898e-01
-3.282300000000000040e+01 -4.168999999999999595e+00 -1.389999999999999902e+00 -2.900000000000000147e-02
-6.099900000000000233e+01 -4.228799999999999670e+01 -6.704000000000000625e+01 1.019999999999999934e-01
-8.620099999999999341e+01 -4.009499999999999886e+01 -8.421299999999999386e+01 6.500000000000000222e-02
-7.706900000000000261e+01 -2.212000000000000188e+00 -1.509800000000000075e+01 -5.500000000000000028e-02
1.300000000000000044e-01 4.299499999999999744e+01 7.721899999999999409e+01 -1.290000000000000036e-01
9.161100000000000421e+01 6.303499999999999659e+01 9.886299999999999955e+01 -1.539999999999999980e-01
1.048649999999999949e+02 4.556499999999999773e+01 4.528999999999999915e+01 -1.690000000000000113e-01
4.665599999999999881e+01 1.290099999999999980e+01 -7.134000000000000341e+00 -1.849999999999999978e-01
6.801999999999999602e+00 -4.525000000000000355e+00 -1.337800000000000011e+01 -1.950000000000000067e-01
8.900000000000000355e+00 -5.857999999999999652e+00 -1.776999999999999913e+00 -1.940000000000000058e-01
-8.523999999999999133e+00 -1.348600000000000065e+01 -8.311999999999999389e+00 -2.020000000000000129e-01
-6.484300000000000352e+01 -3.730499999999999972e+01 -2.467999999999999972e+01 -2.449999999999999956e-01
-9.813299999999999557e+01 -6.252199999999999847e+01 -2.674800000000000111e+01 -3.089999999999999969e-01
-6.128799999999999670e+01 -6.701200000000000045e+01 -1.387599999999999945e+01 -2.949999999999999845e-01
1.533300000000000018e+01 -4.357800000000000296e+01 9.479999999999999538e-01 -1.350000000000000089e-01
6.707999999999999829e+01 -1.056099999999999994e+01 1.072799999999999976e+01 7.599999999999999811e-02
6.392399999999999949e+01 6.214000000000000412e+00 1.186100000000000065e+01 1.799999999999999933e-01
2.844500000000000028e+01 2.072999999999999954e+00 2.971999999999999975e+00 1.409999999999999865e-01
-2.200000000000000011e-01 -1.191200000000000081e+01 -1.129400000000000048e+01 5.500000000000000028e-02
-9.364000000000000767e+00 -2.913100000000000023e+01 -2.376599999999999824e+01 1.400000000000000029e-02
-2.077199999999999847e+01 -4.204999999999999716e+01 -2.931099999999999994e+01 2.500000000000000139e-02
-5.794200000000000017e+01 -3.793299999999999983e+01 -2.778999999999999915e+01 1.799999999999999864e-02
-1.023719999999999999e+02 -1.742200000000000060e+01 -2.475700000000000145e+01 -5.399999999999999939e-02
-1.002330000000000041e+02 1.620999999999999996e+00 -2.370599999999999952e+01 -1.260000000000000009e-01
-3.477700000000000102e+01 8.650999999999999801e+00 -2.114799999999999969e+01 -6.700000000000000400e-02
3.138400000000000034e+01 8.667999999999999261e+00 -2.066100000000000136e+01 1.489999999999999936e-01
2.629200000000000159e+01 5.081999999999999851e+00 -3.681400000000000006e+01 3.880000000000000115e-01
-3.125499999999999901e+01 4.799999999999999822e+00 -5.882999999999999829e+01 4.630000000000000226e-01
-5.025099999999999767e+01 3.036100000000000065e+01 -4.146999999999999886e+01 3.079999999999999960e-01
1.105199999999999960e+01 8.438899999999999579e+01 2.457700000000000173e+01 3.899999999999999994e-02
9.355200000000000671e+01 1.177000000000000028e+02 7.737900000000000489e+01 -1.429999999999999882e-01
1.168029999999999973e+02 7.576099999999999568e+01 6.527899999999999636e+01 -1.729999999999999871e-01
6.067600000000000193e+01 -2.826699999999999946e+01 1.591000000000000014e+01 -1.640000000000000069e-01
-3.558800000000000097e+01 -1.147590000000000003e+02 -1.064400000000000013e+01 -1.539999999999999980e-01
-1.099009999999999962e+02 -1.240430000000000064e+02 3.713000000000000078e+00 -6.600000000000000311e-02
-1.170559999999999974e+02 -8.038200000000000500e+01 2.917699999999999960e+01 2.699999999999999969e-02
-6.538400000000000034e+01 -4.254999999999999716e+01 3.445799999999999841e+01 -5.700000000000000205e-02
-1.205999999999999961e+00 -2.093100000000000094e+01 2.620200000000000173e+01 -2.540000000000000036e-01
5.523599999999999710e+01 1.504199999999999982e+01 3.568200000000000216e+01 -2.640000000000000124e-01
1.226209999999999951e+02 7.112800000000000011e+01 6.471599999999999397e+01 3.599999999999999728e-02
1.993360000000000127e+02 1.116719999999999970e+02 7.261899999999999977e+01 3.910000000000000142e-01
2.451150000000000091e+02 1.084909999999999997e+02 3.735399999999999920e+01 4.929999999999999938e-01
2.393580000000000041e+02 7.969400000000000261e+01 -6.014999999999999680e+00 3.689999999999999947e-01
2.078249999999999886e+02 6.491800000000000637e+01 -1.966100000000000136e+01 2.540000000000000036e-01
1.747379999999999995e+02 7.697100000000000364e+01 -1.387800000000000011e+01 2.310000000000000109e-01
1.315949999999999989e+02 9.541299999999999670e+01 -1.278800000000000026e+01 1.859999999999999987e-01
7.071899999999999409e+01 9.964499999999999602e+01 -1.735399999999999920e+01 6.199999999999999956e-02
1.068500000000000050e+01 9.044799999999999329e+01 -2.289999999999999858e+01 -2.500000000000000139e-02
-3.507500000000000284e+01 7.605800000000000693e+01 -2.825900000000000034e+01 1.600000000000000033e-02
-7.543200000000000216e+01 5.636399999999999721e+01 -2.123400000000000176e+01 7.699999999999999900e-02
-1.050990000000000038e+02 3.402900000000000347e+01 7.222999999999999865e+00 2.199999999999999872e-02
-1.017229999999999990e+02 1.908599999999999852e+01 3.475500000000000256e+01 -9.299999999999999933e-02
-7.710800000000000409e+01 9.211999999999999744e+00 2.805000000000000071e+01 -1.509999999999999953e-01
-7.510999999999999943e+01 -7.469999999999999751e+00 -6.253999999999999559e+00 -1.439999999999999891e-01
-1.064240000000000066e+02 -2.448400000000000176e+01 -2.571099999999999852e+01 -8.500000000000000611e-02
-1.359219999999999970e+02 -2.671900000000000119e+01 -1.317500000000000071e+01 2.100000000000000130e-02
-1.378700000000000045e+02 -2.602499999999999858e+01 2.629000000000000004e+00 8.400000000000000522e-02
-1.180049999999999955e+02 -4.325200000000000244e+01 -3.314999999999999947e+00 1.499999999999999944e-02
-8.816299999999999670e+01 -6.370000000000000284e+01 -1.952599999999999980e+01 -1.100000000000000006e-01
-5.846900000000000119e+01 -5.970100000000000051e+01 -2.562000000000000099e+01 -1.630000000000000060e-01
-3.792900000000000205e+01 -4.091899999999999693e+01 -2.069900000000000162e+01 -1.489999999999999936e-01
-2.060800000000000054e+01 -3.495499999999999829e+01 -1.579400000000000048e+01 -1.549999999999999989e-01
5.174000000000000377e+00 -3.799799999999999756e+01 -1.650799999999999912e+01 -1.849999999999999978e-01
2.716900000000000048e+01 -2.802400000000000091e+01 -1.847299999999999898e+01 -1.890000000000000013e-01
2.038599999999999923e+01 -1.041799999999999926e+01 -1.699099999999999966e+01 -1.590000000000000024e-01
2.079999999999999905e-01 -6.972999999999999865e+00 -1.278299999999999947e+01 -1.320000000000000062e-01
1.935099999999999909e+01 -1.234600000000000009e+01 -4.493999999999999773e+00 -1.130000000000000032e-01
7.555899999999999750e+01 -7.671000000000000263e+00 4.761999999999999567e+00 -5.500000000000000028e-02
8.220099999999999341e+01 -4.064000000000000057e+00 -5.331999999999999851e+00 4.200000000000000261e-02
-3.169999999999999929e+00 -2.059400000000000119e+01 -4.135399999999999920e+01 8.400000000000000522e-02
-9.097899999999999920e+01 -3.185699999999999932e+01 -6.003000000000000114e+01 1.899999999999999953e-02
-8.775199999999999534e+01 -1.056000000000000050e+00 -1.846399999999999864e+01 -6.600000000000000311e-02
-3.227000000000000313e+01 4.317799999999999727e+01 4.794899999999999807e+01 -8.799999999999999489e-02
-1.196299999999999919e+01 3.634400000000000119e+01 6.637099999999999511e+01 -7.799999999999999989e-02
-3.187199999999999989e+01 -2.343700000000000117e+01 3.118400000000000105e+01 -1.000000000000000056e-01
-4.930799999999999983e+01 -7.802400000000000091e+01 -6.806000000000000050e+00 -1.719999999999999862e-01
-5.767999999999999972e+01 -9.482099999999999795e+01 -2.528900000000000148e+01 -2.600000000000000089e-01
-6.532099999999999795e+01 -8.803199999999999648e+01 -3.174599999999999866e+01 -2.879999999999999782e-01
-4.904500000000000171e+01 -7.571599999999999397e+01 -2.369000000000000128e+01 -2.000000000000000111e-01
5.272999999999999687e+00 -6.380599999999999739e+01 -4.751000000000000334e+00 -2.800000000000000058e-02
5.427600000000000335e+01 -5.508299999999999841e+01 5.600999999999999979e+00 1.219999999999999973e-01
5.510600000000000165e+01 -4.723899999999999721e+01 8.676999999999999602e+00 1.719999999999999862e-01
3.604999999999999716e+01 -3.769299999999999784e+01 2.650300000000000011e+01 1.769999999999999907e-01
4.437700000000000244e+01 -3.068100000000000094e+01 5.616799999999999926e+01 2.449999999999999956e-01
6.168399999999999750e+01 -1.953800000000000026e+01 6.907899999999999352e+01 3.609999999999999876e-01
3.867600000000000193e+01 1.353700000000000081e+01 5.493900000000000006e+01 3.810000000000000053e-01
-1.309999999999999964e+01 5.620900000000000318e+01 3.063400000000000034e+01 2.379999999999999893e-01
-3.775200000000000244e+01 6.357699999999999818e+01 1.050500000000000078e+01 6.500000000000000222e-02
-3.092699999999999960e+01 1.820100000000000051e+01 -8.516000000000000014e+00 -1.000000000000000021e-03
-4.073199999999999932e+01 -4.521800000000000352e+01 -3.325099999999999767e+01 -1.000000000000000021e-03
-7.783100000000000307e+01 -8.574200000000000443e+01 -5.653099999999999881e+01 6.000000000000000125e-03
-1.000250000000000057e+02 -9.229999999999999716e+01 -6.127900000000000347e+01 6.800000000000000488e-02
-7.854900000000000659e+01 -6.939600000000000080e+01 -4.179399999999999693e+01 1.360000000000000098e-01
-1.954799999999999827e+01 -2.012999999999999901e+01 -8.455000000000000071e+00 5.600000000000000117e-02
5.722899999999999920e+01 4.622200000000000131e+01 2.731800000000000139e+01 -1.069999999999999979e-01
1.171740000000000066e+02 1.099290000000000020e+02 5.740899999999999892e+01 -1.239999999999999991e-01
1.205939999999999941e+02 1.504770000000000039e+02 6.916599999999999682e+01 8.000000000000000167e-03
6.150999999999999801e+01 1.496359999999999957e+02 4.875500000000000256e+01 5.700000000000000205e-02
-2.146300000000000097e+01 9.598199999999999932e+01 -9.839999999999999858e-01 -8.599999999999999312e-02
-7.835399999999999920e+01 8.272999999999999687e+00 -5.274399999999999977e+01 -2.939999999999999836e-01
-8.909999999999999432e+01 -6.205199999999999960e+01 -7.781100000000000705e+01 -3.880000000000000115e-01
-7.351699999999999591e+01 -7.732999999999999829e+01 -7.309699999999999420e+01 -2.740000000000000213e-01
-5.237299999999999756e+01 -4.786999999999999744e+01 -5.220900000000000318e+01 1.700000000000000122e-02
-1.070899999999999963e+01 -5.235999999999999766e+00 -2.006500000000000128e+01 3.140000000000000013e-01
7.360800000000000409e+01 3.655700000000000216e+01 2.520700000000000074e+01 4.420000000000000040e-01
1.791990000000000123e+02 7.370600000000000307e+01 6.934999999999999432e+01 3.900000000000000133e-01
2.460680000000000121e+02 8.515800000000000125e+01 8.215900000000000603e+01 2.409999999999999920e-01
2.272139999999999986e+02 4.685300000000000153e+01 5.240400000000000347e+01 4.200000000000000261e-02
1.328799999999999955e+02 -2.543299999999999983e+01 6.378999999999999559e+00 -1.300000000000000044e-01
2.539999999999999858e+01 -7.842400000000000659e+01 -2.386499999999999844e+01 -1.670000000000000095e-01
-3.392499999999999716e+01 -7.673699999999999477e+01 -3.314399999999999835e+01 -1.140000000000000041e-01
-2.663299999999999912e+01 -3.727600000000000335e+01 -3.275200000000000244e+01 -9.199999999999999845e-02
2.053300000000000125e+01 -1.770999999999999908e+00 -2.931200000000000117e+01 -9.199999999999999845e-02
5.211999999999999744e+01 1.084600000000000009e+01 -2.361400000000000077e+01 -1.799999999999999864e-02
3.455199999999999960e+01 1.536500000000000021e+01 -1.551099999999999923e+01 1.600000000000000033e-01
9.227000000000000313e+00 3.277300000000000324e+01 -4.931000000000000050e+00 3.850000000000000089e-01
3.921600000000000108e+01 6.524800000000000466e+01 8.308999999999999275e+00 5.070000000000000062e-01
9.915600000000000591e+01 9.329699999999999704e+01 2.457400000000000162e+01 3.380000000000000226e-01
9.203799999999999670e+01 8.968099999999999739e+01 3.589000000000000057e+01 -1.150000000000000050e-01
-2.059100000000000108e+01 4.973199999999999932e+01 2.223600000000000065e+01 -5.220000000000000195e-01
-1.597599999999999909e+02 8.641999999999999460e+00 -1.757000000000000028e+01 -5.340000000000000302e-01
-2.069670000000000130e+02 3.914000000000000146e+00 -4.134899999999999665e+01 -2.129999999999999949e-01
-1.281850000000000023e+02 2.344800000000000040e+01 -1.304400000000000048e+01 5.099999999999999672e-02
-1.484900000000000020e+01 2.125499999999999901e+01 3.772099999999999653e+01 3.699999999999999817e-02
1.936499999999999844e+01 -1.526399999999999935e+01 5.682000000000000028e+01 -1.340000000000000080e-01
-2.905600000000000094e+01 -4.699000000000000199e+01 4.186200000000000188e+01 -2.889999999999999791e-01
-6.887399999999999523e+01 -4.168299999999999983e+01 2.567000000000000171e+01 -3.770000000000000018e-01
-4.548199999999999932e+01 -1.908200000000000074e+01 1.901999999999999957e+01 -3.669999999999999929e-01
5.926999999999999602e+00 -2.087199999999999989e+01 1.433699999999999974e+01 -2.320000000000000118e-01
3.310799999999999699e+01 -5.473599999999999710e+01 9.284000000000000696e+00 -1.200000000000000025e-02
2.748799999999999955e+01 -8.001399999999999579e+01 -1.106999999999999984e+00 2.039999999999999869e-01
5.602000000000000313e+00 -5.431000000000000227e+01 -2.130199999999999960e+01 3.529999999999999805e-01
-2.214900000000000091e+01 4.060999999999999943e+00 -3.938799999999999812e+01 4.060000000000000275e-01
-5.255100000000000193e+01 2.881500000000000128e+01 -4.529899999999999949e+01 3.449999999999999734e-01
-7.660399999999999920e+01 -6.969000000000000306e+00 -4.579099999999999682e+01 1.749999999999999889e-01
-8.161100000000000421e+01 -5.536999999999999744e+01 -3.883700000000000330e+01 -3.200000000000000067e-02
-7.303400000000000603e+01 -5.867499999999999716e+01 -1.034200000000000053e+01 -1.370000000000000107e-01
-7.072499999999999432e+01 -1.401099999999999923e+01 3.103900000000000148e+01 -8.799999999999999489e-02
-7.401699999999999591e+01 3.376800000000000068e+01 4.956700000000000017e+01 -3.099999999999999978e-02
-6.422400000000000375e+01 4.367499999999999716e+01 1.873900000000000077e+01 -9.800000000000000377e-02
-4.696699999999999875e+01 2.400700000000000145e+01 -4.577199999999999847e+01 -1.380000000000000115e-01
-5.165200000000000102e+01 1.995899999999999963e+01 -8.886499999999999488e+01 5.299999999999999850e-02
-7.544899999999999807e+01 4.917399999999999949e+01 -6.573499999999999943e+01 3.230000000000000093e-01
-6.191700000000000159e+01 7.704999999999999716e+01 7.961999999999999744e+00 3.499999999999999778e-01
3.020400000000000063e+01 6.434799999999999898e+01 7.057500000000000284e+01 1.270000000000000018e-01
1.515469999999999970e+02 1.297400000000000020e+01 7.860599999999999454e+01 -1.179999999999999938e-01
2.082510000000000048e+02 -3.597299999999999898e+01 4.737800000000000011e+01 -2.530000000000000027e-01
1.798120000000000118e+02 -4.237599999999999767e+01 2.280000000000000071e+01 -2.459999999999999964e-01
1.264659999999999940e+02 -1.438899999999999935e+01 1.995799999999999841e+01 -1.150000000000000050e-01
8.901200000000000045e+01 -9.200000000000000400e-01 1.403899999999999970e+01 3.500000000000000333e-02
5.363900000000000290e+01 -2.598300000000000054e+01 -1.024399999999999977e+01 1.310000000000000053e-01
9.243000000000000327e+00 -5.796300000000000097e+01 -3.432399999999999807e+01 2.300000000000000100e-01
-2.599699999999999989e+01 -5.798400000000000176e+01 -3.622500000000000142e+01 3.659999999999999920e-01
-4.317000000000000171e+01 -3.537400000000000233e+01 -1.932700000000000173e+01 4.289999999999999925e-01
-5.751500000000000057e+01 -3.190599999999999881e+01 2.690000000000000169e-01 2.979999999999999871e-01
-6.867499999999999716e+01 -5.868599999999999994e+01 1.698499999999999943e+01 8.999999999999999320e-03
-5.024699999999999989e+01 -7.741400000000000148e+01 2.805399999999999849e+01 -2.730000000000000204e-01
-1.846000000000000085e+00 -5.358400000000000318e+01 2.102599999999999980e+01 -3.960000000000000187e-01
2.683099999999999952e+01 -5.584999999999999964e+00 -5.716999999999999638e+00 -3.390000000000000235e-01
1.215000000000000080e+00 2.308500000000000085e+01 -2.974399999999999977e+01 -2.260000000000000064e-01
-3.382699999999999818e+01 2.985800000000000054e+01 -3.254299999999999926e+01 -1.630000000000000060e-01
-8.039999999999999147e+00 5.021399999999999864e+01 -1.879599999999999937e+01 -1.250000000000000000e-01
6.927599999999999625e+01 8.778799999999999670e+01 2.059999999999999887e-01 -8.200000000000000344e-02
1.192409999999999997e+02 1.036959999999999980e+02 1.641600000000000037e+01 -8.799999999999999489e-02
9.799599999999999511e+01 8.329000000000000625e+01 1.831099999999999994e+01 -1.239999999999999991e-01
3.656499999999999773e+01 5.610099999999999909e+01 2.576000000000000068e+00 -7.599999999999999811e-02
-9.942999999999999616e+00 4.574900000000000233e+01 -9.137000000000000455e+00 5.000000000000000278e-02
-1.322199999999999953e+01 4.629399999999999693e+01 5.876999999999999780e+00 1.390000000000000124e-01
1.323600000000000065e+01 4.397699999999999676e+01 3.296699999999999875e+01 1.690000000000000113e-01
2.838599999999999923e+01 3.204800000000000182e+01 3.625000000000000000e+01 1.950000000000000067e-01
6.902999999999999581e+00 9.262000000000000455e+00 9.481999999999999318e+00 2.109999999999999931e-01
-2.918199999999999861e+01 -1.969500000000000028e+01 -1.770400000000000063e+01 1.680000000000000104e-01
-4.428199999999999648e+01 -3.947399999999999665e+01 -1.755900000000000105e+01 1.019999999999999934e-01
-4.284199999999999875e+01 -3.566199999999999903e+01 8.586000000000000298e+00 9.800000000000000377e-02
-5.403399999999999892e+01 -2.625100000000000122e+01 2.867000000000000171e+01 1.300000000000000044e-01
-7.564499999999999602e+01 -4.947999999999999687e+01 7.911999999999999922e+00 5.899999999999999689e-02
-7.015600000000000591e+01 -9.454200000000000159e+01 -4.503199999999999648e+01 -1.680000000000000104e-01
-1.843700000000000117e+01 -9.707500000000000284e+01 -7.913500000000000512e+01 -3.910000000000000142e-01
4.234300000000000352e+01 -3.402799999999999869e+01 -6.367999999999999972e+01 -3.900000000000000133e-01
4.974099999999999966e+01 3.707699999999999818e+01 -2.269099999999999895e+01 -1.469999999999999918e-01
-7.447000000000000064e+00 5.993900000000000006e+01 4.891000000000000014e+00 7.799999999999999989e-02
-6.222500000000000142e+01 4.564099999999999824e+01 1.063599999999999923e+01 4.299999999999999656e-02
-5.170900000000000318e+01 3.414200000000000301e+01 8.878000000000000114e+00 -1.719999999999999862e-01
-5.076999999999999957e+00 3.321399999999999864e+01 6.214000000000000412e+00 -2.680000000000000160e-01
8.170999999999999375e+00 2.705600000000000094e+01 -2.517999999999999794e+00 -8.999999999999999667e-02
-5.799000000000000377e+00 2.131400000000000006e+01 -1.669099999999999895e+01 2.290000000000000091e-01
1.836799999999999855e+01 3.691100000000000136e+01 -2.498100000000000165e+01 4.219999999999999862e-01
8.473900000000000432e+01 6.521399999999999864e+01 -1.883899999999999864e+01 3.380000000000000226e-01
1.183649999999999949e+02 7.387500000000000000e+01 8.400000000000000522e-02 9.700000000000000289e-02
7.843300000000000693e+01 5.764099999999999824e+01 2.768299999999999983e+01 -3.599999999999999728e-02
1.916000000000000014e+01 4.365800000000000125e+01 5.883899999999999864e+01 4.299999999999999656e-02
3.926000000000000156e+00 4.194200000000000017e+01 7.303300000000000125e+01 1.680000000000000104e-01
5.674999999999999822e+00 2.233399999999999963e+01 3.953699999999999903e+01 1.549999999999999989e-01
-4.734100000000000108e+01 -4.362500000000000000e+01 -3.801700000000000301e+01 2.699999999999999969e-02
-1.478139999999999930e+02 -1.337199999999999989e+02 -1.028700000000000045e+02 -6.500000000000000222e-02
-2.050190000000000055e+02 -1.879230000000000018e+02 -1.023349999999999937e+02 -4.100000000000000172e-02
-1.615800000000000125e+02 -1.677959999999999923e+02 -4.277400000000000091e+01 3.200000000000000067e-02
-5.006700000000000017e+01 -9.289900000000000091e+01 2.945799999999999841e+01 2.699999999999999969e-02
5.958100000000000307e+01 -2.128200000000000003e+01 6.989199999999999591e+01 -7.399999999999999634e-02
1.143419999999999987e+02 3.109999999999999876e+00 5.900500000000000256e+01 -1.499999999999999944e-01
9.579399999999999693e+01 -1.657799999999999940e+01 1.763299999999999912e+01 -1.499999999999999944e-01
3.040399999999999991e+01 -4.630100000000000193e+01 -1.075600000000000023e+01 -1.670000000000000095e-01
-2.834499999999999886e+01 -5.175399999999999778e+01 -6.660000000000000142e+00 -2.020000000000000129e-01
-5.278199999999999648e+01 -1.718499999999999872e+01 1.443399999999999928e+01 -1.250000000000000000e-01
-5.911500000000000199e+01 3.508700000000000330e+01 2.849099999999999966e+01 1.899999999999999953e-02
-6.087700000000000244e+01 5.712400000000000233e+01 2.255999999999999872e+01 -0.000000000000000000e+00
-4.087199999999999989e+01 3.742499999999999716e+01 5.107999999999999652e+00 -1.829999999999999960e-01
9.070000000000000284e+00 1.825799999999999912e+01 8.139999999999999458e-01 -2.500000000000000000e-01
6.372899999999999920e+01 2.831500000000000128e+01 1.726899999999999835e+01 -9.700000000000000289e-02
9.806499999999999773e+01 4.835099999999999909e+01 3.067999999999999972e+01 8.300000000000000433e-02
1.040270000000000010e+02 5.651100000000000279e+01 2.284499999999999886e+01 1.600000000000000033e-01
7.931199999999999761e+01 5.159899999999999665e+01 7.328999999999999737e+00 2.069999999999999896e-01
3.499199999999999733e+01 2.991199999999999903e+01 1.058999999999999941e+00 2.849999999999999756e-01
-2.113999999999999879e+00 -7.676000000000000156e+00 -2.178999999999999826e+00 2.839999999999999747e-01
-1.022700000000000031e+01 -3.288400000000000034e+01 -1.377399999999999913e+01 8.300000000000000433e-02
8.291999999999999815e+00 -2.602799999999999869e+01 -3.144300000000000139e+01 -2.300000000000000100e-01
1.944000000000000128e+01 -2.003600000000000136e+01 -4.900600000000000023e+01 -4.159999999999999809e-01
-1.363899999999999935e+01 -5.096300000000000097e+01 -6.014600000000000080e+01 -3.449999999999999734e-01
-7.602599999999999625e+01 -8.542700000000000671e+01 -4.903499999999999659e+01 -9.700000000000000289e-02
-1.078110000000000070e+02 -6.233200000000000074e+01 -7.567000000000000171e+00 1.409999999999999865e-01
-7.595600000000000307e+01 1.625600000000000023e+01 4.082699999999999818e+01 2.379999999999999893e-01
-7.830000000000000071e+00 9.422499999999999432e+01 6.526099999999999568e+01 2.030000000000000138e-01
4.410499999999999687e+01 1.324360000000000070e+02 6.120199999999999818e+01 1.089999999999999997e-01
5.238499999999999801e+01 1.287369999999999948e+02 4.156499999999999773e+01 -1.200000000000000025e-02
3.043299999999999983e+01 9.671099999999999852e+01 1.902499999999999858e+01 -1.529999999999999971e-01
5.953999999999999737e+00 5.322899999999999920e+01 2.950000000000000178e+00 -2.640000000000000124e-01
-5.110000000000000098e-01 1.639300000000000068e+01 -2.682999999999999829e+00 -2.700000000000000178e-01
2.500700000000000145e+01 -7.830000000000000293e-01 1.524999999999999911e+00 -1.300000000000000044e-01
6.823799999999999955e+01 -5.932000000000000384e+00 9.525000000000000355e+00 8.000000000000000167e-02
7.354999999999999716e+01 -2.525600000000000023e+01 9.298000000000000043e+00 1.920000000000000040e-01
8.625999999999999446e+00 -6.523999999999999488e+01 -4.158999999999999808e+00 1.479999999999999927e-01
-7.219700000000000273e+01 -9.568800000000000239e+01 -2.168400000000000105e+01 1.110000000000000014e-01
-9.044799999999999329e+01 -9.427100000000000080e+01 -3.190200000000000102e+01 2.020000000000000129e-01
-5.462800000000000011e+01 -7.867499999999999716e+01 -2.882900000000000063e+01 2.899999999999999800e-01
-4.714500000000000313e+01 -7.420099999999999341e+01 -1.208399999999999963e+01 1.960000000000000075e-01
-1.044350000000000023e+02 -8.158400000000000318e+01 7.378999999999999559e+00 -4.299999999999999656e-02
-1.645929999999999893e+02 -8.641700000000000159e+01 1.347300000000000075e+01 -2.379999999999999893e-01
-1.538420000000000130e+02 -7.596999999999999886e+01 4.873999999999999666e+00 -2.560000000000000053e-01
-8.297499999999999432e+01 -5.111200000000000188e+01 -6.240000000000000213e+00 -1.250000000000000000e-01
-8.824999999999999289e+00 -2.379500000000000171e+01 -1.072899999999999920e+01 5.199999999999999761e-02
6.017099999999999937e+01 1.231400000000000006e+01 -3.439000000000000057e+00 2.119999999999999940e-01
1.409890000000000043e+02 7.796699999999999875e+01 1.485200000000000031e+01 3.410000000000000253e-01
2.007570000000000050e+02 1.533360000000000127e+02 2.831200000000000117e+01 4.010000000000000231e-01
1.949070000000000107e+02 1.795980000000000132e+02 2.130099999999999838e+01 3.380000000000000226e-01
1.426959999999999980e+02 1.362129999999999939e+02 8.070000000000000506e-01 1.700000000000000122e-01
9.579900000000000659e+01 6.723099999999999454e+01 -1.470599999999999952e+01 -1.099999999999999936e-02
7.406999999999999318e+01 2.569600000000000151e+01 -1.830799999999999983e+01 -1.089999999999999997e-01
7.333400000000000318e+01 2.699599999999999866e+01 -1.473799999999999955e+01 -9.900000000000000466e-02
8.545300000000000296e+01 4.581700000000000017e+01 -1.021499999999999986e+01 -6.199999999999999956e-02
8.711799999999999500e+01 4.188499999999999801e+01 -8.791999999999999815e+00 -1.019999999999999934e-01
5.467399999999999949e+01 4.426000000000000156e+00 -1.150000000000000000e+01 -1.809999999999999942e-01
-1.887999999999999901e+00 -3.503099999999999881e+01 -1.654100000000000037e+01 -1.670000000000000095e-01
-5.071200000000000330e+01 -4.751400000000000290e+01 -2.135600000000000165e+01 -4.000000000000000083e-02
-8.359600000000000364e+01 -4.455100000000000193e+01 -2.787900000000000134e+01 1.039999999999999952e-01
-1.236629999999999967e+02 -6.271600000000000108e+01 -4.600099999999999767e+01 1.290000000000000036e-01
-1.727359999999999900e+02 -1.161380000000000052e+02 -7.471899999999999409e+01 -7.900000000000000078e-02
-1.803350000000000080e+02 -1.620219999999999914e+02 -7.990399999999999636e+01 -3.910000000000000142e-01
-1.052000000000000028e+02 -1.333400000000000034e+02 -2.691499999999999915e+01 -4.159999999999999809e-01
1.431000000000000050e+01 -2.091700000000000159e+01 6.205100000000000193e+01 -2.699999999999999969e-02
9.173399999999999466e+01 9.882399999999999807e+01 1.218679999999999950e+02 3.549999999999999822e-01
8.561799999999999500e+01 1.319590000000000032e+02 1.150280000000000058e+02 3.140000000000000013e-01
4.155799999999999983e+01 6.335099999999999909e+01 6.080499999999999972e+01 -2.400000000000000050e-02
3.364500000000000313e+01 -2.294699999999999918e+01 4.126000000000000334e+00 -2.550000000000000044e-01
6.702700000000000102e+01 -4.059100000000000108e+01 -2.329400000000000048e+01 -2.220000000000000029e-01
7.536899999999999977e+01 -1.899999999999999953e-02 -1.896900000000000119e+01 -1.029999999999999943e-01
2.451200000000000045e+01 2.576800000000000068e+01 -1.633999999999999897e+00 -1.029999999999999943e-01
-4.082699999999999818e+01 6.035000000000000142e+00 1.087400000000000055e+01 -2.030000000000000138e-01
-6.776099999999999568e+01 -2.333399999999999963e+01 1.674399999999999977e+01 -2.270000000000000073e-01
-5.245000000000000284e+01 -2.445200000000000173e+01 2.444300000000000139e+01 -1.280000000000000027e-01
-1.940500000000000114e+01 -5.089999999999999858e+00 3.493800000000000239e+01 -2.699999999999999969e-02
7.254999999999999893e+00 3.056999999999999940e+00 3.308400000000000318e+01 8.999999999999999320e-03
1.096899999999999942e+01 -1.119599999999999973e+01 3.728000000000000203e+00 1.099999999999999936e-02
-6.168999999999999595e+00 -2.813899999999999935e+01 -4.074499999999999744e+01 -2.000000000000000042e-03
-2.523400000000000176e+01 -2.458599999999999852e+01 -6.323100000000000165e+01 -2.500000000000000139e-02
-3.731000000000000227e+01 -3.728000000000000203e+00 -4.338199999999999790e+01 -2.199999999999999872e-02
-5.100999999999999801e+01 9.092000000000000526e+00 -4.394000000000000128e+00 1.200000000000000025e-02
-6.734699999999999420e+01 -2.803999999999999826e+00 1.253500000000000014e+01 4.900000000000000189e-02
-6.680700000000000216e+01 -2.813100000000000023e+01 -3.644000000000000128e+00 1.150000000000000050e-01
-3.416199999999999903e+01 -3.587899999999999778e+01 -2.251500000000000057e+01 2.550000000000000044e-01
7.836000000000000298e+00 -7.769999999999999574e+00 -1.675199999999999889e+01 3.890000000000000124e-01
1.479400000000000048e+01 3.464500000000000313e+01 -8.549999999999999822e-01 3.729999999999999982e-01
-1.646300000000000097e+01 5.325500000000000256e+01 -3.802000000000000046e+00 2.479999999999999982e-01
-3.982099999999999795e+01 3.835600000000000165e+01 -2.029400000000000048e+01 1.729999999999999871e-01
-2.812099999999999866e+01 8.403000000000000469e+00 -2.041000000000000014e+01 1.260000000000000009e-01
2.005999999999999783e+00 -1.638100000000000023e+01 -3.750000000000000000e-01 -1.799999999999999864e-02
3.326500000000000057e+01 -2.148300000000000054e+01 1.156600000000000072e+01 -1.529999999999999971e-01
5.682399999999999807e+01 -4.559000000000000163e+00 3.415999999999999925e+00 -9.400000000000000022e-02
5.452799999999999869e+01 1.402200000000000024e+01 -3.983000000000000096e+00 3.699999999999999817e-02
2.410000000000000142e+01 9.691000000000000725e+00 5.849999999999999645e-01 -2.199999999999999872e-02
-1.091900000000000048e+01 -1.378100000000000058e+01 -1.453000000000000069e+00 -2.379999999999999893e-01
-4.674900000000000233e+01 -2.764799999999999969e+01 -1.864600000000000080e+01 -3.370000000000000218e-01
-9.582899999999999352e+01 -1.417699999999999960e+01 -2.718100000000000094e+01 -2.439999999999999947e-01
-1.292319999999999993e+02 1.215199999999999925e+01 -1.162500000000000000e+01 -1.360000000000000098e-01
-1.046590000000000060e+02 2.439399999999999835e+01 7.759000000000000341e+00 -1.189999999999999947e-01
-4.455700000000000216e+01 2.105699999999999861e+01 1.417500000000000071e+01 -1.130000000000000032e-01
6.580000000000000293e-01 2.807600000000000051e+01 2.257199999999999918e+01 -4.100000000000000172e-02
3.620900000000000318e+01 5.393299999999999983e+01 3.989300000000000068e+01 6.300000000000000044e-02
8.030400000000000205e+01 6.890900000000000603e+01 3.951700000000000301e+01 1.310000000000000053e-01
9.518399999999999750e+01 5.289000000000000057e+01 9.779999999999999361e+00 1.409999999999999865e-01
5.478399999999999892e+01 3.312700000000000244e+01 -1.447899999999999920e+01 1.209999999999999964e-01
1.473000000000000043e+01 3.909499999999999886e+01 -5.482000000000000206e+00 9.900000000000000466e-02
3.087800000000000011e+01 5.293500000000000227e+01 1.312700000000000067e+01 5.199999999999999761e-02
6.864600000000000080e+01 4.205400000000000205e+01 1.002999999999999936e+01 -2.199999999999999872e-02
6.189300000000000068e+01 6.636000000000000121e+00 -6.116999999999999993e+00 -8.100000000000000255e-02
1.919800000000000040e+01 -2.999599999999999866e+01 -1.208900000000000041e+01 -1.059999999999999970e-01
1.046299999999999919e+01 -4.118500000000000227e+01 -5.559000000000000163e+00 -1.059999999999999970e-01
6.340200000000000102e+01 -5.360000000000000320e+00 2.822000000000000064e+00 -4.399999999999999745e-02
1.276689999999999969e+02 6.346300000000000097e+01 4.927999999999999936e+00 8.000000000000000167e-02
1.442359999999999900e+02 1.086790000000000020e+02 9.649999999999999689e-01 1.519999999999999962e-01
1.020210000000000008e+02 9.022599999999999909e+01 3.178999999999999826e+00 9.500000000000000111e-02
2.465200000000000102e+01 2.834499999999999886e+01 2.037800000000000011e+01 -5.000000000000000104e-03
-4.553600000000000136e+01 -3.060200000000000031e+01 3.614300000000000068e+01 -5.000000000000000278e-02
-5.436800000000000210e+01 -6.217300000000000182e+01 2.542800000000000082e+01 -6.199999999999999956e-02
1.021499999999999986e+01 -6.649099999999999966e+01 -8.112000000000000099e+00 -3.699999999999999817e-02
7.498799999999999955e+01 -5.455599999999999739e+01 -3.709300000000000352e+01 9.299999999999999933e-02
5.688799999999999812e+01 -4.094899999999999807e+01 -4.681400000000000006e+01 2.560000000000000053e-01
-2.661799999999999855e+01 -3.046000000000000085e+01 -3.948799999999999955e+01 2.959999999999999853e-01
-8.292600000000000193e+01 -1.902599999999999980e+01 -1.535999999999999943e+01 2.439999999999999947e-01
-6.643399999999999750e+01 -1.258099999999999952e+01 2.099099999999999966e+01 2.240000000000000047e-01
-1.745200000000000173e+01 -1.695499999999999829e+01 5.059000000000000341e+01 1.640000000000000069e-01
1.505799999999999983e+01 -1.737800000000000011e+01 5.803900000000000148e+01 -1.299999999999999940e-02
2.802899999999999991e+01 -5.336999999999999744e+00 4.212100000000000222e+01 -1.250000000000000000e-01
2.758999999999999986e+01 -5.076999999999999957e+00 4.293000000000000149e+00 1.000000000000000021e-03
3.232000000000000206e+00 -3.655799999999999983e+01 -4.503199999999999648e+01 1.849999999999999978e-01
-3.138299999999999912e+01 -7.662999999999999545e+01 -7.394299999999999784e+01 1.570000000000000007e-01
-3.399900000000000233e+01 -8.630700000000000216e+01 -5.759000000000000341e+01 -4.599999999999999922e-02
-2.438000000000000167e+00 -6.020700000000000074e+01 -1.568599999999999994e+01 -1.839999999999999969e-01
9.917999999999999261e+00 -2.809799999999999898e+01 8.473000000000000753e+00 -1.799999999999999933e-01
-2.473499999999999943e+01 -1.204599999999999937e+01 2.657999999999999918e+00 -1.489999999999999936e-01
-6.924099999999999966e+01 -2.555000000000000160e+00 -9.348000000000000753e+00 -1.489999999999999936e-01
-8.729200000000000159e+01 1.836599999999999966e+01 -1.023499999999999943e+01 -1.340000000000000080e-01
-8.805500000000000682e+01 5.127000000000000313e+01 -2.942000000000000171e+00 -8.899999999999999578e-02
-8.313400000000000034e+01 8.076600000000000534e+01 8.820999999999999730e+00 -5.899999999999999689e-02
-5.990899999999999892e+01 8.893999999999999773e+01 2.164699999999999847e+01 -5.600000000000000117e-02
-1.695299999999999940e+01 7.134300000000000352e+01 2.346399999999999864e+01 -5.500000000000000028e-02
2.229799999999999827e+01 4.442300000000000182e+01 5.918000000000000149e+00 -4.100000000000000172e-02
4.209300000000000352e+01 2.825199999999999889e+01 -1.869399999999999906e+01 -1.600000000000000033e-02
4.743299999999999983e+01 2.498799999999999955e+01 -2.615700000000000003e+01 1.000000000000000021e-03
3.702600000000000335e+01 2.077599999999999980e+01 -1.239100000000000001e+01 -2.100000000000000130e-02
-2.928999999999999826e+00 3.544000000000000039e+00 -3.141999999999999904e+00 -7.499999999999999722e-02
-5.833500000000000085e+01 -2.399399999999999977e+01 -1.369899999999999984e+01 -1.179999999999999938e-01
-8.518699999999999761e+01 -5.068299999999999983e+01 -2.153500000000000014e+01 -1.160000000000000059e-01
-7.388899999999999579e+01 -7.337999999999999545e+01 -5.469000000000000306e+00 -1.089999999999999997e-01
-5.693699999999999761e+01 -9.496500000000000341e+01 1.792000000000000171e+01 -1.519999999999999962e-01
-4.359000000000000341e+01 -1.125570000000000022e+02 2.443299999999999983e+01 -1.739999999999999880e-01
-2.604400000000000048e+01 -1.243460000000000036e+02 1.792299999999999827e+01 -3.300000000000000155e-02
-3.406400000000000006e+01 -1.351239999999999952e+02 1.433399999999999963e+01 2.099999999999999922e-01
-8.757299999999999329e+01 -1.394170000000000016e+02 1.685200000000000031e+01 3.059999999999999942e-01
-1.270769999999999982e+02 -1.175829999999999984e+02 2.036899999999999977e+01 1.769999999999999907e-01
-8.510800000000000409e+01 -6.762600000000000477e+01 2.258099999999999952e+01 -5.000000000000000104e-03
6.751000000000000334e+00 -2.367000000000000171e+01 2.492999999999999972e+01 -1.439999999999999891e-01
5.764699999999999847e+01 -1.604299999999999926e+01 2.713899999999999935e+01 -2.839999999999999747e-01
3.700600000000000023e+01 -2.862600000000000122e+01 2.068799999999999883e+01 -3.659999999999999920e-01
-4.402000000000000135e+00 -2.783299999999999841e+01 -2.298999999999999932e+00 -2.550000000000000044e-01
-1.660399999999999920e+01 -1.464199999999999946e+01 -3.179200000000000159e+01 -2.800000000000000058e-02
-2.539000000000000146e+00 -1.382900000000000063e+01 -4.881099999999999994e+01 9.500000000000000111e-02
8.474999999999999645e+00 -2.630499999999999972e+01 -4.936899999999999977e+01 7.699999999999999900e-02
3.259999999999999787e+00 -2.084499999999999886e+01 -4.317499999999999716e+01 6.099999999999999867e-02
2.899999999999999911e+00 2.866600000000000037e+01 -3.250500000000000256e+01 8.599999999999999312e-02
4.228799999999999670e+01 1.109380000000000024e+02 -7.660000000000000142e+00 6.800000000000000488e-02
1.122909999999999968e+02 1.818189999999999884e+02 2.926699999999999946e+01 7.000000000000000146e-03
1.514470000000000027e+02 2.053969999999999914e+02 5.411299999999999955e+01 -1.799999999999999864e-02
1.317090000000000032e+02 1.978009999999999877e+02 5.499300000000000210e+01 2.500000000000000139e-02
1.031029999999999944e+02 2.066009999999999991e+02 5.132800000000000296e+01 1.239999999999999991e-01
1.126260000000000048e+02 2.378170000000000073e+02 5.665599999999999881e+01 2.500000000000000000e-01
1.372829999999999870e+02 2.447239999999999895e+02 5.720700000000000074e+01 3.449999999999999734e-01
1.345209999999999866e+02 1.960380000000000109e+02 4.222399999999999665e+01 3.599999999999999867e-01
1.003259999999999934e+02 1.132510000000000048e+02 2.098999999999999844e+01 2.810000000000000275e-01
5.079699999999999704e+01 3.654099999999999682e+01 2.241999999999999993e+00 1.189999999999999947e-01
-2.049999999999999822e+00 -1.655199999999999960e+01 -1.767399999999999949e+01 -7.299999999999999545e-02
-4.417199999999999704e+01 -5.216599999999999682e+01 -4.098799999999999955e+01 -2.039999999999999869e-01
-6.633799999999999386e+01 -7.859499999999999886e+01 -5.878699999999999903e+01 -2.149999999999999967e-01
-7.521299999999999386e+01 -9.721699999999999875e+01 -6.179200000000000159e+01 -1.380000000000000115e-01
-7.849800000000000466e+01 -1.052699999999999960e+02 -5.181199999999999761e+01 -6.500000000000000222e-02
-7.160200000000000387e+01 -9.753300000000000125e+01 -3.392900000000000205e+01 -6.900000000000000577e-02
-4.828499999999999659e+01 -7.331000000000000227e+01 -4.860000000000000320e+00 -1.170000000000000068e-01
-1.233200000000000074e+01 -4.486599999999999966e+01 3.096499999999999986e+01 -7.199999999999999456e-02
2.455699999999999861e+01 -2.789999999999999858e+01 4.122899999999999920e+01 1.409999999999999865e-01
4.971500000000000341e+01 -2.124800000000000111e+01 4.115999999999999659e+00 3.709999999999999964e-01
5.140299999999999869e+01 -9.778000000000000469e+00 -3.875999999999999801e+01 3.559999999999999831e-01
1.834700000000000131e+01 8.621999999999999886e+00 -2.750799999999999912e+01 4.499999999999999833e-02
-4.353999999999999915e+01 1.341000000000000014e+01 2.255399999999999849e+01 -2.770000000000000240e-01
-9.049099999999999966e+01 -1.381900000000000084e+01 3.958299999999999841e+01 -3.260000000000000120e-01
-7.275300000000000011e+01 -5.819700000000000273e+01 7.862000000000000099e+00 -1.799999999999999933e-01
-4.038000000000000256e+00 -7.865399999999999636e+01 -1.233699999999999974e+01 -8.200000000000000344e-02
3.959499999999999886e+01 -6.051100000000000279e+01 8.601000000000000867e+00 -6.099999999999999867e-02
1.763200000000000145e+01 -3.688799999999999812e+01 2.450700000000000145e+01 1.000000000000000021e-03
-1.783500000000000085e+01 -3.401899999999999835e+01 2.754000000000000004e+00 1.130000000000000032e-01
-6.760000000000000453e-01 -3.264200000000000301e+01 -2.192999999999999972e+01 1.990000000000000102e-01
5.476400000000000290e+01 -9.868000000000000327e+00 -1.554899999999999949e+01 2.089999999999999913e-01
8.180599999999999739e+01 1.686199999999999832e+01 1.957000000000000073e+00 1.000000000000000056e-01
4.763000000000000256e+01 9.910000000000000142e+00 -1.038999999999999924e+00 -9.500000000000000111e-02
-2.805900000000000105e+01 -4.217600000000000193e+01 -2.154400000000000048e+01 -2.139999999999999958e-01
-1.049129999999999967e+02 -1.056089999999999947e+02 -3.588600000000000279e+01 -1.630000000000000060e-01
-1.382489999999999952e+02 -1.267379999999999995e+02 -3.074899999999999878e+01 -5.899999999999999689e-02
-1.017789999999999964e+02 -8.434499999999999886e+01 -8.631999999999999673e+00 -2.199999999999999872e-02
-2.497899999999999920e+01 -1.451500000000000057e+01 2.041600000000000037e+01 1.700000000000000122e-02
2.356500000000000128e+01 2.859900000000000020e+01 3.670400000000000063e+01 1.370000000000000107e-01
9.929999999999999716e+00 3.480899999999999750e+01 1.630000000000000071e+01 2.449999999999999956e-01
-2.496199999999999974e+01 4.148199999999999932e+01 -3.239800000000000324e+01 2.270000000000000073e-01
-1.538499999999999979e+01 6.927400000000000091e+01 -5.534499999999999886e+01 1.110000000000000014e-01
3.894800000000000040e+01 8.898799999999999955e+01 -1.486800000000000033e+01 -8.100000000000000255e-02
6.927299999999999613e+01 7.028400000000000603e+01 5.336299999999999955e+01 -3.649999999999999911e-01
4.368200000000000216e+01 2.252599999999999980e+01 8.355200000000000671e+01 -5.819999999999999618e-01
9.369999999999999218e+00 -2.729200000000000159e+01 5.849000000000000199e+01 -4.939999999999999947e-01
-4.033999999999999808e+00 -6.081099999999999994e+01 1.041900000000000048e+01 -1.859999999999999987e-01
-2.841499999999999915e+01 -7.299500000000000455e+01 -2.842299999999999827e+01 1.400000000000000029e-02
-6.729399999999999693e+01 -7.614100000000000534e+01 -4.574399999999999977e+01 1.700000000000000122e-02
-6.961700000000000443e+01 -8.307800000000000296e+01 -4.709700000000000131e+01 2.100000000000000130e-02
-2.144099999999999895e+01 -7.875900000000000034e+01 -4.928900000000000148e+01 1.350000000000000089e-01
3.192500000000000071e+01 -4.511200000000000188e+01 -5.893999999999999773e+01 2.909999999999999809e-01
5.694599999999999795e+01 -8.569000000000000838e+00 -6.438299999999999557e+01 4.299999999999999933e-01
4.791499999999999915e+01 -9.999000000000000554e+00 -6.047500000000000142e+01 5.000000000000000000e-01
-2.717999999999999972e+00 -3.689900000000000091e+01 -6.193800000000000239e+01 4.199999999999999845e-01
-8.047299999999999898e+01 -3.876299999999999812e+01 -7.326600000000000534e+01 1.900000000000000022e-01
-1.249170000000000016e+02 3.641000000000000014e+00 -6.223100000000000165e+01 -5.500000000000000028e-02
-8.769599999999999795e+01 6.845600000000000307e+01 4.573999999999999844e+00 -1.650000000000000078e-01
5.342999999999999972e+00 1.299370000000000118e+02 1.020109999999999957e+02 -7.699999999999999900e-02
7.768099999999999739e+01 1.646839999999999975e+02 1.570099999999999909e+02 1.280000000000000027e-01
7.395199999999999818e+01 1.435380000000000109e+02 1.289670000000000130e+02 2.069999999999999896e-01
1.641400000000000148e+01 6.089200000000000301e+01 5.493500000000000227e+01 -4.399999999999999745e-02
-1.483000000000000007e+01 -3.553699999999999903e+01 4.410000000000000142e+00 -4.789999999999999813e-01
8.348000000000000753e+00 -8.046099999999999852e+01 4.865999999999999659e+00 -7.029999999999999583e-01
2.273600000000000065e+01 -5.635799999999999699e+01 2.287600000000000122e+01 -5.510000000000000453e-01
-4.346000000000000085e+00 2.943999999999999950e+00 1.525000000000000000e+01 -2.680000000000000160e-01
-7.352999999999999758e+00 6.291199999999999903e+01 -1.432399999999999984e+01 -1.209999999999999964e-01
6.172699999999999676e+01 1.116350000000000051e+02 -2.443799999999999883e+01 -4.499999999999999833e-02
1.506119999999999948e+02 1.455840000000000032e+02 5.647000000000000242e+00 1.819999999999999951e-01
1.913410000000000082e+02 1.617040000000000077e+02 4.929899999999999949e+01 5.430000000000000382e-01
1.748319999999999936e+02 1.549310000000000116e+02 6.451000000000000512e+01 7.379999999999999893e-01
1.128859999999999957e+02 1.160750000000000028e+02 3.784100000000000108e+01 5.210000000000000187e-01
2.008800000000000097e+01 5.525300000000000011e+01 -6.121999999999999886e+00 1.600000000000000033e-02
-5.416199999999999903e+01 1.482499999999999929e+01 -3.415800000000000125e+01 -3.439999999999999725e-01
-6.250699999999999790e+01 1.863299999999999912e+01 -3.503600000000000136e+01 -3.009999999999999898e-01
-2.762300000000000111e+01 3.266599999999999682e+01 -1.718100000000000094e+01 -7.499999999999999722e-02
-8.992000000000000881e+00 1.717899999999999849e+01 6.527000000000000135e+00 6.000000000000000125e-03
-2.062800000000000011e+01 -1.609499999999999886e+01 2.176200000000000045e+01 -2.199999999999999872e-02
-3.554200000000000159e+01 -3.498700000000000188e+01 1.965299999999999869e+01 4.200000000000000261e-02
-5.063600000000000279e+01 -4.250300000000000011e+01 4.355999999999999872e+00 1.439999999999999891e-01
-8.824299999999999500e+01 -6.216700000000000159e+01 -1.531799999999999962e+01 8.400000000000000522e-02
-1.328890000000000100e+02 -8.565099999999999625e+01 -2.883399999999999963e+01 -1.059999999999999970e-01
-1.292259999999999991e+02 -8.378400000000000603e+01 -2.264499999999999957e+01 -1.970000000000000084e-01
-7.220999999999999375e+01 -6.707699999999999818e+01 -6.300000000000000044e-01 -1.079999999999999988e-01
-3.559100000000000108e+01 -7.767900000000000205e+01 9.900999999999999801e+00 3.500000000000000333e-02
-5.762199999999999989e+01 -1.170040000000000049e+02 -2.657999999999999918e+00 1.170000000000000068e-01
-6.813400000000000034e+01 -1.403009999999999877e+02 -1.474799999999999933e+01 1.350000000000000089e-01
2.379999999999999893e-01 -1.254249999999999972e+02 -6.448999999999999844e+00 1.300000000000000044e-01
9.848099999999999454e+01 -9.365399999999999636e+01 1.249900000000000055e+01 1.140000000000000041e-01
1.347640000000000100e+02 -6.569700000000000273e+01 2.802199999999999847e+01 8.699999999999999400e-02
1.002759999999999962e+02 -4.380199999999999960e+01 3.636599999999999966e+01 7.199999999999999456e-02
5.004299999999999926e+01 -3.062500000000000000e+01 2.748000000000000043e+01 7.299999999999999545e-02
1.236100000000000065e+01 -2.692500000000000071e+01 -5.649000000000000021e+00 3.200000000000000067e-02
-1.378400000000000070e+01 -2.190500000000000114e+01 -4.189099999999999824e+01 -1.029999999999999943e-01
-1.495599999999999952e+01 -1.082000000000000028e+01 -5.266499999999999915e+01 -2.560000000000000053e-01
2.296900000000000119e+01 3.141000000000000014e+00 -3.532399999999999807e+01 -2.610000000000000098e-01
8.276200000000000045e+01 3.335000000000000142e+01 -3.491999999999999993e+00 -5.500000000000000028e-02
1.248040000000000020e+02 9.007699999999999818e+01 2.744699999999999918e+01 2.109999999999999931e-01
1.109779999999999944e+02 1.355980000000000132e+02 3.512899999999999778e+01 3.220000000000000084e-01
3.137800000000000011e+01 1.177390000000000043e+02 6.548000000000000043e+00 2.119999999999999940e-01
-7.331699999999999307e+01 4.708599999999999852e+01 -3.576299999999999812e+01 -7.000000000000000146e-03
-1.398540000000000134e+02 -1.340900000000000070e+01 -5.225600000000000023e+01 -1.779999999999999916e-01
-1.431649999999999920e+02 -2.965899999999999892e+01 -3.343399999999999750e+01 -2.010000000000000120e-01
-1.130499999999999972e+02 -2.530300000000000082e+01 -1.147300000000000075e+01 -9.199999999999999845e-02
-9.056699999999999307e+01 -3.428999999999999915e+01 -1.728500000000000014e+01 7.000000000000000146e-03
-8.202599999999999625e+01 -5.647200000000000131e+01 -3.775999999999999801e+01 -2.699999999999999969e-02
-7.235099999999999909e+01 -7.166100000000000136e+01 -3.799300000000000210e+01 -1.390000000000000124e-01
-7.143200000000000216e+01 -7.543399999999999750e+01 -1.666499999999999915e+01 -1.719999999999999862e-01
-1.014060000000000059e+02 -7.720900000000000318e+01 -5.410000000000000142e+00 -9.400000000000000022e-02
-1.431670000000000016e+02 -7.810999999999999943e+01 -1.974399999999999977e+01 -2.500000000000000139e-02
-1.537330000000000041e+02 -7.092499999999999716e+01 -4.289600000000000080e+01 -4.499999999999999833e-02
-1.286810000000000116e+02 -5.227499999999999858e+01 -5.324600000000000222e+01 -1.079999999999999988e-01
-9.078799999999999670e+01 -2.285699999999999932e+01 -4.270300000000000296e+01 -1.559999999999999998e-01
-3.517000000000000171e+01 2.083200000000000074e+01 -1.039600000000000080e+01 -1.759999999999999898e-01
5.687100000000000222e+01 7.601399999999999579e+01 3.606600000000000250e+01 -1.390000000000000124e-01
1.561479999999999961e+02 1.116779999999999973e+02 6.831399999999999295e+01 -1.099999999999999936e-02
1.911680000000000064e+02 9.734000000000000341e+01 6.061200000000000188e+01 1.690000000000000113e-01
1.368700000000000045e+02 6.031000000000000227e+01 3.229999999999999716e+01 3.280000000000000138e-01
5.519700000000000273e+01 5.906600000000000250e+01 2.453999999999999915e+01 4.000000000000000222e-01
1.662000000000000099e+01 9.761199999999999477e+01 3.815100000000000335e+01 2.760000000000000231e-01
2.133800000000000097e+01 1.205709999999999980e+02 3.915699999999999648e+01 -5.299999999999999850e-02
2.711400000000000077e+01 9.062999999999999545e+01 1.464100000000000001e+01 -3.589999999999999858e-01
2.360200000000000031e+01 3.000900000000000034e+01 -1.300699999999999967e+01 -3.960000000000000187e-01
4.033899999999999864e+01 -1.180199999999999960e+01 -2.048199999999999932e+01 -1.779999999999999916e-01
7.923199999999999932e+01 -6.467999999999999972e+00 -1.090600000000000058e+01 7.199999999999999456e-02
8.859300000000000352e+01 3.247899999999999920e+01 -1.092000000000000082e+00 1.519999999999999962e-01
4.216100000000000136e+01 6.256400000000000006e+01 7.176999999999999602e+00 2.400000000000000050e-02
-6.421999999999999709e+00 5.321099999999999852e+01 2.176000000000000156e+01 -1.660000000000000087e-01
3.326999999999999957e+00 1.914399999999999835e+01 3.355899999999999750e+01 -2.179999999999999993e-01
5.899000000000000199e+01 -8.880000000000000115e-01 2.625900000000000034e+01 -8.899999999999999578e-02
1.053499999999999943e+02 3.669999999999999929e+00 5.698000000000000398e+00 7.699999999999999900e-02
1.108160000000000025e+02 9.717999999999999972e+00 -6.706999999999999851e+00 1.489999999999999936e-01
8.370000000000000284e+01 5.689000000000000057e+00 1.360000000000000098e-01 1.670000000000000095e-01
5.394299999999999784e+01 6.956000000000000405e+00 2.076800000000000068e+01 2.290000000000000091e-01
4.357000000000000028e+01 1.754500000000000171e+01 3.868500000000000227e+01 3.140000000000000013e-01
4.150699999999999790e+01 1.317099999999999937e+01 3.546399999999999864e+01 3.099999999999999978e-01
2.114300000000000068e+01 -1.630099999999999838e+01 1.011100000000000065e+01 1.710000000000000131e-01
-1.440199999999999925e+01 -3.869200000000000017e+01 -1.333600000000000030e+01 -1.000000000000000021e-03
-3.259300000000000352e+01 -2.415599999999999881e+01 -1.292900000000000027e+01 -5.700000000000000205e-02
-2.127199999999999847e+01 4.788999999999999702e+00 1.917999999999999927e+00 -8.999999999999999320e-03
-8.965999999999999304e+00 2.468999999999999861e+00 6.038999999999999702e+00 -3.599999999999999728e-02
-2.462500000000000000e+01 -3.542000000000000171e+01 -3.974000000000000199e+00 -2.220000000000000029e-01
-5.774000000000000199e+01 -7.289199999999999591e+01 -1.230300000000000082e+01 -4.199999999999999845e-01
-7.443800000000000239e+01 -8.743300000000000693e+01 -1.426699999999999946e+01 -4.510000000000000120e-01
-6.195600000000000307e+01 -8.496500000000000341e+01 -1.495100000000000051e+01 -3.109999999999999987e-01
-3.904599999999999937e+01 -7.422599999999999909e+01 -1.104700000000000060e+01 -1.069999999999999979e-01
-2.745400000000000063e+01 -5.939099999999999824e+01 -6.630000000000000338e-01 6.900000000000000577e-02
-2.976200000000000045e+01 -4.539800000000000324e+01 4.810999999999999943e+00 1.559999999999999998e-01
-3.443599999999999994e+01 -3.307300000000000040e+01 -1.810999999999999943e+00 1.170000000000000068e-01
-3.190299999999999869e+01 -1.791700000000000159e+01 -6.381999999999999673e+00 1.000000000000000021e-03
-1.969999999999999929e+01 4.307000000000000384e+00 8.348000000000000753e+00 -4.399999999999999745e-02
2.216000000000000192e+00 2.815599999999999881e+01 2.867500000000000071e+01 5.399999999999999939e-02
2.314499999999999957e+01 3.408800000000000097e+01 1.957499999999999929e+01 1.690000000000000113e-01
1.804400000000000048e+01 1.320700000000000074e+01 -2.165200000000000102e+01 1.650000000000000078e-01
-1.828000000000000114e+01 -1.151699999999999946e+01 -5.595400000000000063e+01 7.900000000000000078e-02
-4.965899999999999892e+01 -1.542600000000000016e+01 -5.773700000000000188e+01 7.000000000000000146e-03
-4.038900000000000290e+01 -3.871999999999999886e+00 -3.867600000000000193e+01 -4.900000000000000189e-02
-1.385999999999999899e+00 4.661999999999999922e+00 -1.474200000000000088e+01 -1.189999999999999947e-01
2.101599999999999824e+01 -7.000000000000000146e-03 3.811999999999999833e+00 -1.439999999999999891e-01
-7.613000000000000433e+00 -2.439000000000000057e+01 -4.258000000000000007e+00 -2.999999999999999889e-02
-7.255700000000000216e+01 -6.741899999999999693e+01 -4.547999999999999687e+01 1.549999999999999989e-01
-1.143670000000000044e+02 -9.424200000000000443e+01 -7.274699999999999989e+01 2.349999999999999867e-01
-7.354399999999999693e+01 -4.723599999999999710e+01 -2.775799999999999912e+01 1.950000000000000067e-01
5.306900000000000261e+01 7.090600000000000591e+01 7.012999999999999545e+01 1.910000000000000031e-01
1.828859999999999957e+02 1.601330000000000098e+02 1.310389999999999873e+02 2.459999999999999964e-01
2.054960000000000093e+02 1.342570000000000050e+02 1.035199999999999960e+02 2.010000000000000120e-01
1.046080000000000041e+02 3.298299999999999699e+01 2.971000000000000085e+01 2.100000000000000130e-02
-1.658099999999999952e+01 -3.754299999999999926e+01 -1.902299999999999969e+01 -1.000000000000000056e-01
-6.403900000000000148e+01 -3.977900000000000347e+01 -2.686400000000000077e+01 -2.599999999999999881e-02
-6.154099999999999682e+01 -2.453000000000000114e+01 -3.718999999999999773e+01 1.580000000000000016e-01
-8.518200000000000216e+01 -3.561200000000000188e+01 -7.871800000000000352e+01 2.819999999999999729e-01
-1.277990000000000066e+02 -5.290599999999999881e+01 -1.114330000000000069e+02 2.190000000000000002e-01
-1.076050000000000040e+02 -3.879800000000000182e+01 -7.168399999999999750e+01 -1.899999999999999953e-02
-5.020000000000000018e-01 6.275000000000000355e+00 3.647399999999999665e+01 -1.859999999999999987e-01
1.164270000000000067e+02 5.343599999999999994e+01 1.256610000000000014e+02 -4.000000000000000083e-02
1.572319999999999993e+02 7.435500000000000398e+01 1.177390000000000043e+02 2.600000000000000089e-01
1.195969999999999942e+02 5.319299999999999784e+01 4.040999999999999659e+01 3.019999999999999907e-01
7.737800000000000011e+01 9.449999999999999289e+00 -3.835999999999999854e+00 -2.000000000000000042e-03
7.761400000000000432e+01 -6.528999999999999915e+00 2.698600000000000065e+01 -3.150000000000000022e-01
7.444299999999999784e+01 1.538899999999999935e+01 6.431699999999999307e+01 -3.910000000000000142e-01
1.586800000000000033e+01 2.538700000000000045e+01 4.144200000000000017e+01 -3.130000000000000004e-01
-5.754699999999999704e+01 -7.179999999999999716e-01 -1.306600000000000072e+01 -2.270000000000000073e-01
-7.776099999999999568e+01 -2.651899999999999835e+01 -4.022599999999999909e+01 -1.539999999999999980e-01
-5.390699999999999648e+01 -2.617500000000000071e+01 -4.117099999999999937e+01 -7.900000000000000078e-02
-3.941100000000000136e+01 -1.984499999999999886e+01 -4.785699999999999932e+01 -1.600000000000000033e-02
-3.894200000000000017e+01 -2.089600000000000080e+01 -5.277900000000000347e+01 3.599999999999999728e-02
-8.563000000000000611e+00 -3.681999999999999940e+00 -2.166100000000000136e+01 1.100000000000000006e-01
5.907399999999999807e+01 4.647500000000000142e+01 4.053300000000000125e+01 1.970000000000000084e-01
1.018319999999999936e+02 8.835800000000000409e+01 7.700900000000000034e+01 1.990000000000000102e-01
7.492700000000000671e+01 7.576099999999999568e+01 4.773799999999999955e+01 6.700000000000000400e-02
2.427799999999999869e+01 3.014600000000000080e+01 -1.316399999999999970e+01 -8.000000000000000167e-02
1.475399999999999956e+01 8.640000000000000568e+00 -4.176899999999999835e+01 -9.500000000000000111e-02
3.193199999999999861e+01 2.126800000000000068e+01 -2.684199999999999875e+01 -1.200000000000000025e-02
1.694399999999999906e+01 3.472099999999999653e+01 -6.261000000000000121e+00 1.200000000000000025e-02
-4.564999999999999858e+01 3.247999999999999687e+01 -4.115000000000000213e+00 -6.099999999999999867e-02
-1.227349999999999994e+02 2.097100000000000009e+01 -1.522100000000000009e+01 -1.400000000000000133e-01
-1.761990000000000123e+02 8.000000000000000167e-02 -3.053800000000000026e+01 -1.640000000000000069e-01
-1.833760000000000048e+02 -3.165099999999999980e+01 -4.329800000000000182e+01 -1.479999999999999927e-01
-1.457119999999999891e+02 -5.695199999999999818e+01 -4.427100000000000080e+01 -9.199999999999999845e-02
-9.267900000000000205e+01 -5.300300000000000011e+01 -2.902100000000000080e+01 -4.000000000000000083e-03
-6.128199999999999648e+01 -1.989300000000000068e+01 -5.259000000000000341e+00 5.000000000000000278e-02
-6.615800000000000125e+01 1.542200000000000060e+01 8.785000000000000142e+00 2.999999999999999889e-02
-9.019499999999999318e+01 2.085399999999999920e+01 -1.326999999999999957e+00 1.000000000000000021e-03
-1.014710000000000036e+02 -8.433999999999999275e+00 -2.353600000000000136e+01 3.300000000000000155e-02
-7.810099999999999909e+01 -3.310600000000000165e+01 -2.420599999999999952e+01 6.600000000000000311e-02
-2.423900000000000077e+01 -6.511000000000000121e+00 9.087999999999999190e+00 2.699999999999999969e-02
2.466100000000000136e+01 5.965200000000000102e+01 4.608200000000000074e+01 -4.700000000000000011e-02
3.452900000000000347e+01 9.863700000000000045e+01 5.151200000000000045e+01 -1.049999999999999961e-01
2.844000000000000128e+01 7.719400000000000261e+01 3.120299999999999940e+01 -1.140000000000000041e-01
5.653099999999999881e+01 3.582500000000000284e+01 1.908399999999999963e+01 -1.899999999999999953e-02
1.050550000000000068e+02 1.375600000000000023e+01 2.335500000000000043e+01 9.299999999999999933e-02
1.208619999999999948e+02 -2.384999999999999787e+00 1.939600000000000080e+01 2.900000000000000147e-02
1.167159999999999940e+02 -2.204100000000000037e+01 -4.299999999999999933e-01 -1.459999999999999909e-01
1.493669999999999902e+02 -1.792099999999999937e+01 -1.423600000000000065e+01 -1.380000000000000115e-01
2.028979999999999961e+02 1.523399999999999999e+01 -1.531099999999999994e+01 1.000000000000000056e-01
1.976930000000000121e+02 3.431900000000000261e+01 -2.332700000000000173e+01 2.939999999999999836e-01
1.158349999999999937e+02 6.873000000000000220e+00 -4.152600000000000335e+01 2.700000000000000178e-01
2.632400000000000162e+01 -4.887100000000000222e+01 -4.604599999999999937e+01 1.360000000000000098e-01
-1.742299999999999827e+01 -9.249200000000000443e+01 -2.887199999999999989e+01 4.900000000000000189e-02
-2.891700000000000159e+01 -9.897799999999999443e+01 -9.621999999999999886e+00 3.599999999999999728e-02
-3.719299999999999784e+01 -7.302899999999999636e+01 4.000000000000000000e+00 2.500000000000000139e-02
-4.664500000000000313e+01 -4.654399999999999693e+01 2.202799999999999869e+01 -5.199999999999999761e-02
-5.535199999999999676e+01 -5.119400000000000261e+01 3.457900000000000063e+01 -1.670000000000000095e-01
-7.367499999999999716e+01 -8.773699999999999477e+01 1.758500000000000085e+01 -2.330000000000000127e-01
-1.091680000000000064e+02 -1.326560000000000059e+02 -2.211499999999999844e+01 -2.369999999999999885e-01
-1.441390000000000100e+02 -1.626850000000000023e+02 -4.916299999999999670e+01 -2.200000000000000011e-01
-1.436690000000000111e+02 -1.616709999999999923e+02 -4.329699999999999704e+01 -1.660000000000000087e-01
-9.420499999999999829e+01 -1.262500000000000000e+02 -1.397300000000000075e+01 -4.499999999999999833e-02
-2.161199999999999832e+01 -7.635500000000000398e+01 1.720899999999999963e+01 7.799999999999999989e-02
3.586800000000000210e+01 -3.959599999999999653e+01 3.226500000000000057e+01 1.029999999999999943e-01
5.594400000000000261e+01 -2.142800000000000082e+01 2.515700000000000003e+01 -1.000000000000000021e-03
4.272299999999999898e+01 -1.276000000000000023e+00 6.294999999999999929e+00 -1.839999999999999969e-01
2.622100000000000009e+01 4.277100000000000080e+01 -5.788000000000000256e+00 -3.180000000000000049e-01
2.547899999999999920e+01 1.001230000000000047e+02 -7.072000000000000064e+00 -2.680000000000000160e-01
2.019000000000000128e+01 1.276059999999999945e+02 -1.278700000000000081e+01 -5.399999999999999939e-02
1.475999999999999979e+00 1.042019999999999982e+02 -2.677299999999999969e+01 1.400000000000000133e-01
3.144000000000000128e+00 5.984000000000000341e+01 -2.962399999999999878e+01 1.769999999999999907e-01
3.355899999999999750e+01 2.734400000000000119e+01 -1.298399999999999999e+01 8.799999999999999489e-02
4.864800000000000324e+01 9.974000000000000199e+00 1.169200000000000017e+01 -5.000000000000000104e-03
2.995400000000000063e+01 8.737000000000000099e+00 4.316499999999999915e+01 1.400000000000000029e-02
1.477800000000000047e+01 2.469999999999999929e+01 7.639300000000000068e+01 1.519999999999999962e-01
2.567000000000000171e+01 3.548199999999999932e+01 7.716400000000000148e+01 2.949999999999999845e-01
3.346999999999999886e+01 2.394900000000000162e+01 3.346000000000000085e+01 3.420000000000000262e-01
1.125600000000000023e+01 9.608000000000000540e+00 -8.685000000000000497e+00 2.829999999999999738e-01
-1.814000000000000057e+01 1.192600000000000016e+01 -1.211200000000000010e+01 1.360000000000000098e-01
-1.630399999999999849e+01 2.081500000000000128e+01 3.972999999999999865e+00 -4.700000000000000011e-02
7.333999999999999631e+00 2.449899999999999878e+01 1.001999999999999957e+01 -1.360000000000000098e-01
4.413999999999999702e+00 2.570100000000000051e+01 3.087000000000000188e+00 -7.000000000000000666e-02
-3.562100000000000222e+01 2.643900000000000006e+01 -1.076800000000000068e+01 2.500000000000000139e-02
-6.286800000000000210e+01 2.623900000000000077e+01 -2.814999999999999858e+01 2.000000000000000042e-02
-4.067600000000000193e+01 2.912999999999999901e+01 -3.936399999999999721e+01 -2.199999999999999872e-02
4.000000000000000222e-01 3.762700000000000244e+01 -3.240299999999999869e+01 3.799999999999999906e-02
8.166000000000000369e+00 4.837800000000000011e+01 -9.005000000000000782e+00 1.690000000000000113e-01
-2.402199999999999847e+01 5.847399999999999665e+01 1.759900000000000020e+01 1.590000000000000024e-01
-5.686800000000000210e+01 6.661799999999999500e+01 4.233200000000000074e+01 -9.400000000000000022e-02
-5.014900000000000091e+01 6.754900000000000659e+01 6.615300000000000580e+01 -3.719999999999999973e-01
-6.238000000000000433e+00 5.392399999999999949e+01 7.400300000000000011e+01 -4.000000000000000222e-01
1.902400000000000091e+01 2.230099999999999838e+01 4.707399999999999807e+01 -2.240000000000000047e-01
-1.862000000000000099e+01 -2.046499999999999986e+01 1.669999999999999929e+00 -1.179999999999999938e-01
-7.165099999999999625e+01 -4.793099999999999739e+01 -1.989099999999999824e+01 -1.549999999999999989e-01
-5.403600000000000136e+01 -3.032999999999999829e+01 -5.828000000000000291e+00 -1.439999999999999891e-01
2.676399999999999935e+01 2.253900000000000148e+01 1.004899999999999949e+01 1.099999999999999936e-02
7.993800000000000239e+01 6.344700000000000273e+01 1.945000000000000062e+00 1.650000000000000078e-01
6.905899999999999750e+01 6.545000000000000284e+01 -1.216200000000000081e+01 2.000000000000000111e-01
4.936599999999999966e+01 4.624099999999999966e+01 -7.424000000000000377e+00 1.759999999999999898e-01
6.606100000000000705e+01 3.230599999999999739e+01 7.344000000000000306e+00 1.789999999999999925e-01
9.135299999999999443e+01 2.714699999999999847e+01 9.458999999999999631e+00 1.869999999999999996e-01
8.164700000000000557e+01 1.898900000000000077e+01 -2.007000000000000117e+00 1.449999999999999900e-01
4.886500000000000199e+01 4.487000000000000099e+00 -1.096499999999999986e+01 8.899999999999999578e-02
3.823400000000000176e+01 -7.179999999999999716e+00 -9.792999999999999261e+00 1.370000000000000107e-01
5.444500000000000028e+01 -1.323499999999999943e+01 -6.035999999999999588e+00 3.099999999999999978e-01
5.607600000000000051e+01 -2.194800000000000040e+01 -9.585000000000000853e+00 4.369999999999999996e-01
2.542099999999999937e+01 -3.223899999999999721e+01 -1.928699999999999903e+01 3.599999999999999867e-01
-2.883999999999999897e+00 -3.278999999999999915e+01 -2.440800000000000125e+01 1.580000000000000016e-01
2.055000000000000160e+00 -2.586400000000000077e+01 -2.063800000000000168e+01 1.200000000000000025e-02
2.133200000000000074e+01 -2.534299999999999997e+01 -1.596599999999999930e+01 -4.700000000000000011e-02
1.725000000000000000e+01 -3.482099999999999795e+01 -1.663700000000000045e+01 -1.069999999999999979e-01
-1.522700000000000031e+01 -4.958599999999999852e+01 -1.931899999999999906e+01 -1.920000000000000040e-01
-5.126100000000000279e+01 -6.657800000000000296e+01 -2.098100000000000165e+01 -2.439999999999999947e-01
-7.729399999999999693e+01 -8.069799999999999329e+01 -2.719500000000000028e+01 -2.389999999999999902e-01
-1.009800000000000040e+02 -8.615000000000000568e+01 -4.532200000000000273e+01 -2.000000000000000111e-01
-1.197289999999999992e+02 -7.926699999999999591e+01 -6.867000000000000171e+01 -1.479999999999999927e-01
-1.124459999999999980e+02 -5.344299999999999784e+01 -7.333899999999999864e+01 -8.400000000000000522e-02
-7.254500000000000171e+01 -7.953999999999999737e+00 -4.113499999999999801e+01 -2.999999999999999889e-02
-1.887300000000000111e+01 3.499099999999999966e+01 1.651899999999999835e+01 -1.000000000000000021e-02
2.916799999999999926e+01 4.346999999999999886e+01 6.689900000000000091e+01 -0.000000000000000000e+00
6.128000000000000114e+01 1.230499999999999972e+01 8.439199999999999591e+01 2.199999999999999872e-02
7.325100000000000477e+01 -2.796199999999999974e+01 6.488299999999999557e+01 2.800000000000000058e-02
7.332299999999999329e+01 -4.189099999999999824e+01 2.418700000000000117e+01 1.200000000000000025e-02
7.053499999999999659e+01 -2.142999999999999972e+01 -1.158399999999999963e+01 2.299999999999999961e-02
5.345900000000000318e+01 8.269000000000000128e+00 -2.632100000000000151e+01 3.300000000000000155e-02
8.983999999999999986e+00 1.137100000000000044e+01 -2.368199999999999861e+01 -7.199999999999999456e-02
-4.047999999999999687e+01 -2.114699999999999847e+01 -1.339799999999999969e+01 -2.620000000000000107e-01
-4.320400000000000063e+01 -5.406300000000000239e+01 1.048000000000000043e+00 -3.330000000000000182e-01
2.834600000000000009e+01 -3.602400000000000091e+01 2.169800000000000040e+01 -1.459999999999999909e-01
1.292649999999999864e+02 4.473799999999999955e+01 4.590500000000000114e+01 2.250000000000000056e-01
1.690920000000000130e+02 1.292909999999999968e+02 5.616499999999999915e+01 5.310000000000000275e-01
1.046919999999999931e+02 1.347030000000000030e+02 3.532500000000000284e+01 5.120000000000000107e-01
-1.691300000000000026e+01 5.272599999999999909e+01 -4.008000000000000007e+00 1.769999999999999907e-01
-1.144729999999999990e+02 -2.735300000000000153e+01 -2.507400000000000162e+01 -1.350000000000000089e-01
-1.488110000000000070e+02 -3.067999999999999972e+01 -1.150099999999999945e+01 -1.729999999999999871e-01
-1.427439999999999998e+02 5.527000000000000135e+00 8.814000000000000057e+00 -1.059999999999999970e-01
-1.325370000000000061e+02 2.956999999999999851e+00 3.528999999999999915e+00 -1.950000000000000067e-01
-1.175889999999999986e+02 -3.338499999999999801e+01 -1.485500000000000043e+01 -3.559999999999999831e-01
-8.172599999999999909e+01 -4.176100000000000279e+01 -1.309399999999999942e+01 -3.569999999999999840e-01
-3.680899999999999750e+01 -1.375200000000000067e+01 6.070999999999999730e+00 -2.300000000000000100e-01
-1.012899999999999956e+01 5.538000000000000256e+00 1.277399999999999913e+01 -1.529999999999999971e-01
-1.007799999999999940e+01 -4.017000000000000348e+00 -1.564000000000000057e+00 -1.229999999999999982e-01
-1.800600000000000023e+01 -1.775499999999999901e+01 -1.792899999999999849e+01 -2.999999999999999889e-02
-1.614999999999999991e+00 -4.998000000000000220e+00 -1.755399999999999849e+01 1.239999999999999991e-01
4.519299999999999784e+01 3.352199999999999847e+01 -5.440000000000000391e-01 2.290000000000000091e-01
7.523900000000000432e+01 5.957900000000000063e+01 1.573799999999999955e+01 2.139999999999999958e-01
4.457500000000000284e+01 3.987500000000000000e+01 1.364700000000000024e+01 1.300000000000000044e-01
-1.739099999999999824e+01 -1.094299999999999962e+01 -9.757999999999999119e+00 5.899999999999999689e-02
-4.750900000000000034e+01 -5.478099999999999881e+01 -4.274900000000000233e+01 7.000000000000000146e-03
-3.334400000000000119e+01 -7.734000000000000341e+01 -6.660999999999999943e+01 -5.099999999999999672e-02
-1.065199999999999925e+01 -8.256199999999999761e+01 -6.322099999999999653e+01 -8.999999999999999667e-02
-2.902000000000000135e+00 -6.713400000000000034e+01 -2.437300000000000111e+01 -9.099999999999999756e-02
-1.754000000000000004e+00 -3.173999999999999844e+01 3.221699999999999875e+01 -6.800000000000000488e-02
2.099000000000000199e+00 -5.480000000000000426e-01 6.028600000000000136e+01 -2.199999999999999872e-02
-2.329000000000000181e+00 -7.980000000000000426e-01 3.184900000000000020e+01 2.900000000000000147e-02
-2.664199999999999946e+01 -2.741499999999999915e+01 -1.452399999999999913e+01 3.400000000000000244e-02
-5.641899999999999693e+01 -4.721200000000000330e+01 -1.979599999999999937e+01 1.099999999999999936e-02
-5.750099999999999767e+01 -3.474600000000000222e+01 1.060899999999999999e+01 3.699999999999999817e-02
-1.412899999999999956e+01 4.189000000000000057e+00 2.484299999999999997e+01 1.089999999999999997e-01
3.887100000000000222e+01 3.574099999999999966e+01 9.205000000000000071e+00 1.400000000000000133e-01
4.986299999999999955e+01 3.231099999999999994e+01 -2.926000000000000156e+00 7.099999999999999367e-02
2.824399999999999977e+01 1.044899999999999984e+01 7.700999999999999623e+00 -2.999999999999999889e-02
3.006400000000000006e+01 2.968999999999999861e+00 1.912399999999999878e+01 -5.899999999999999689e-02
5.291799999999999926e+01 -5.689999999999999503e-01 -3.799999999999999906e-02 -2.500000000000000139e-02
3.657399999999999807e+01 -3.021799999999999997e+01 -4.809100000000000108e+01 -1.000000000000000021e-02
-2.099800000000000111e+01 -6.878900000000000148e+01 -8.251900000000000546e+01 -1.200000000000000025e-02
-5.392199999999999704e+01 -7.309799999999999898e+01 -6.182399999999999807e+01 -5.000000000000000104e-03
-3.770000000000000284e+01 -4.499799999999999756e+01 4.668999999999999595e+00 -4.399999999999999745e-02
-1.117999999999999972e+01 -2.436799999999999855e+01 6.108800000000000097e+01 -1.509999999999999953e-01
2.100000000000000089e+00 -2.579400000000000048e+01 6.075800000000000267e+01 -2.479999999999999982e-01
2.003999999999999915e+01 -2.521799999999999997e+01 1.574499999999999922e+01 -2.949999999999999845e-01
6.064500000000000313e+01 1.879999999999999893e+00 -1.317699999999999960e+01 -2.839999999999999747e-01
1.108179999999999978e+02 5.880100000000000193e+01 1.295800000000000018e+01 -1.310000000000000053e-01
1.350480000000000018e+02 1.323559999999999945e+02 6.490300000000000580e+01 1.849999999999999978e-01
1.207530000000000001e+02 1.960850000000000080e+02 8.842600000000000193e+01 4.420000000000000040e-01
1.001940000000000026e+02 2.202090000000000032e+02 6.745699999999999363e+01 4.069999999999999729e-01
1.015390000000000015e+02 1.985300000000000011e+02 2.393400000000000105e+01 1.729999999999999871e-01
1.081059999999999945e+02 1.565349999999999966e+02 -1.394999999999999929e+01 6.099999999999999867e-02
9.280700000000000216e+01 1.214360000000000070e+02 -2.846799999999999997e+01 1.910000000000000031e-01
6.234700000000000131e+01 9.933100000000000307e+01 -2.049200000000000088e+01 3.659999999999999920e-01
4.350699999999999790e+01 8.709199999999999875e+01 -4.216999999999999638e+00 3.499999999999999778e-01
4.349600000000000222e+01 8.290200000000000102e+01 1.226500000000000057e+01 1.509999999999999953e-01
4.389500000000000313e+01 7.692300000000000182e+01 2.681099999999999994e+01 -1.000000000000000021e-02
2.769099999999999895e+01 5.249499999999999744e+01 2.847800000000000153e+01 1.299999999999999940e-02
-1.508000000000000007e+00 8.394000000000000128e+00 9.651999999999999247e+00 1.189999999999999947e-01
-2.837900000000000134e+01 -3.335600000000000165e+01 -1.452699999999999925e+01 1.320000000000000062e-01
-4.714099999999999824e+01 -5.430899999999999750e+01 -2.504200000000000159e+01 3.500000000000000333e-02
-6.860200000000000387e+01 -6.426500000000000057e+01 -2.624299999999999855e+01 -8.000000000000000167e-02
-1.041599999999999966e+02 -8.406799999999999784e+01 -3.308599999999999852e+01 -1.489999999999999936e-01
-1.413930000000000007e+02 -1.097399999999999949e+02 -4.380799999999999983e+01 -1.660000000000000087e-01
-1.426169999999999902e+02 -1.133080000000000069e+02 -4.146999999999999886e+01 -1.380000000000000115e-01
-8.603000000000000114e+01 -8.409399999999999409e+01 -1.677299999999999969e+01 -8.200000000000000344e-02
-1.135200000000000031e+01 -5.227300000000000324e+01 1.584600000000000009e+01 -4.299999999999999656e-02
6.698999999999999844e+00 -5.614699999999999847e+01 2.671399999999999864e+01 -5.500000000000000028e-02
-4.830299999999999727e+01 -9.288299999999999557e+01 2.690999999999999837e+00 -9.400000000000000022e-02
-1.108220000000000027e+02 -1.219069999999999965e+02 -3.343399999999999750e+01 -1.100000000000000006e-01
-1.317390000000000043e+02 -1.173769999999999953e+02 -4.638199999999999790e+01 -8.500000000000000611e-02
-1.317870000000000061e+02 -9.284099999999999397e+01 -2.860699999999999932e+01 -1.299999999999999940e-02
-1.257009999999999934e+02 -6.928799999999999670e+01 -5.407000000000000028e+00 7.799999999999999989e-02
-8.325900000000000034e+01 -4.424699999999999989e+01 3.850000000000000089e+00 7.699999999999999900e-02
-2.995999999999999996e+00 -5.865000000000000213e+00 1.184200000000000053e+01 -8.500000000000000611e-02
5.311899999999999977e+01 3.310000000000000142e+01 3.213900000000000290e+01 -2.829999999999999738e-01
3.560499999999999687e+01 3.622399999999999665e+01 4.621999999999999886e+01 -3.430000000000000271e-01
-2.621600000000000108e+01 -8.455999999999999517e+00 3.127700000000000102e+01 -2.839999999999999747e-01
-6.399600000000000222e+01 -6.202300000000000324e+01 -3.621999999999999886e+00 -2.439999999999999947e-01
-5.376899999999999835e+01 -7.993399999999999750e+01 -3.240800000000000125e+01 -2.449999999999999956e-01
-2.573100000000000165e+01 -6.214699999999999847e+01 -3.922599999999999909e+01 -1.980000000000000093e-01
-4.110999999999999766e+00 -3.881000000000000227e+01 -2.277499999999999858e+01 -6.500000000000000222e-02
1.787600000000000122e+01 -2.806400000000000006e+01 2.974000000000000199e+00 1.140000000000000041e-01
4.780899999999999750e+01 -1.906400000000000006e+01 1.628000000000000114e+01 2.879999999999999782e-01
8.043300000000000693e+01 1.198000000000000043e+01 1.192900000000000027e+01 4.119999999999999774e-01
1.081159999999999997e+02 6.512500000000000000e+01 4.355999999999999872e+00 4.060000000000000275e-01
1.188059999999999974e+02 1.052750000000000057e+02 2.338000000000000078e+00 2.109999999999999931e-01
9.839199999999999591e+01 1.028250000000000028e+02 -1.342999999999999972e+00 -5.199999999999999761e-02
4.969599999999999795e+01 6.804000000000000625e+01 -1.575099999999999945e+01 -1.650000000000000078e-01
-5.375000000000000000e+00 3.221800000000000352e+01 -3.784899999999999665e+01 -8.699999999999999400e-02
-4.787400000000000233e+01 1.334600000000000009e+01 -5.346099999999999852e+01 2.000000000000000042e-02
-6.851300000000000523e+01 1.306099999999999994e+01 -4.847399999999999665e+01 3.699999999999999817e-02
-5.426500000000000057e+01 3.147299999999999898e+01 -1.786899999999999977e+01 1.600000000000000033e-02
-1.262999999999999901e+00 5.861399999999999721e+01 2.687500000000000000e+01 5.099999999999999672e-02
6.273199999999999932e+01 6.576099999999999568e+01 6.170400000000000063e+01 1.469999999999999918e-01
1.019470000000000027e+02 3.921200000000000330e+01 7.422599999999999909e+01 2.330000000000000127e-01
1.058130000000000024e+02 2.588999999999999968e+00 6.985200000000000387e+01 2.340000000000000135e-01
8.686700000000000443e+01 -1.384399999999999942e+01 5.087400000000000233e+01 1.270000000000000018e-01
6.476500000000000057e+01 -8.329999999999999627e-01 1.809299999999999997e+01 -3.400000000000000244e-02
4.546200000000000330e+01 2.828500000000000014e+01 -1.537700000000000067e+01 -1.570000000000000007e-01
1.779100000000000037e+01 4.695499999999999829e+01 -3.759899999999999665e+01 -1.880000000000000004e-01
-1.240900000000000070e+01 4.172099999999999653e+01 -4.702499999999999858e+01 -1.439999999999999891e-01
-1.856400000000000006e+01 2.481400000000000006e+01 -4.152499999999999858e+01 -8.899999999999999578e-02
-3.258000000000000007e+00 8.884999999999999787e+00 -2.448600000000000065e+01 -9.600000000000000200e-02
-1.542000000000000037e+00 -8.821999999999999176e+00 -1.310299999999999976e+01 -1.799999999999999933e-01
-2.543900000000000006e+01 -3.176999999999999957e+01 -1.643799999999999883e+01 -2.500000000000000000e-01
-5.784300000000000352e+01 -5.795300000000000296e+01 -2.130000000000000071e+01 -1.839999999999999969e-01
-9.154300000000000637e+01 -8.746899999999999409e+01 -1.422600000000000087e+01 8.000000000000000167e-03
-1.258439999999999941e+02 -1.161719999999999970e+02 -1.680000000000000104e-01 1.610000000000000042e-01
-1.477419999999999902e+02 -1.297450000000000045e+02 7.871999999999999886e+00 1.130000000000000032e-01
-1.464689999999999941e+02 -1.214599999999999937e+02 3.903999999999999915e+00 -1.219999999999999973e-01
-1.121470000000000056e+02 -9.587699999999999534e+01 -6.375000000000000000e+00 -3.420000000000000262e-01
-2.407900000000000063e+01 -4.790200000000000102e+01 -5.293999999999999595e+00 -3.019999999999999907e-01
9.746099999999999852e+01 1.911299999999999955e+01 1.908999999999999986e+01 -1.000000000000000021e-03
1.644279999999999973e+02 6.415300000000000580e+01 4.843099999999999739e+01 2.869999999999999774e-01
1.364650000000000034e+02 5.713100000000000023e+01 5.412800000000000011e+01 3.770000000000000018e-01
9.513700000000000045e+01 3.409000000000000341e+01 4.082500000000000284e+01 3.439999999999999725e-01
1.049899999999999949e+02 4.331499999999999773e+01 3.498499999999999943e+01 2.750000000000000222e-01
1.047240000000000038e+02 6.237500000000000000e+01 3.596200000000000330e+01 1.360000000000000098e-01
3.543599999999999994e+01 3.392900000000000205e+01 1.961199999999999832e+01 -8.100000000000000255e-02
-3.981300000000000239e+01 -3.137099999999999866e+01 -1.097799999999999976e+01 -2.550000000000000044e-01
-4.217199999999999704e+01 -6.377700000000000102e+01 -2.473999999999999844e+01 -2.710000000000000187e-01
-6.241999999999999993e+00 -4.483400000000000318e+01 -1.673199999999999932e+01 -1.769999999999999907e-01
-1.369599999999999973e+01 -2.895299999999999940e+01 -1.426500000000000057e+01 -1.069999999999999979e-01
-6.427500000000000568e+01 -4.717600000000000193e+01 -2.322200000000000131e+01 -9.199999999999999845e-02
-9.165900000000000603e+01 -6.172899999999999920e+01 -1.691499999999999915e+01 -4.599999999999999922e-02
-6.666299999999999670e+01 -3.346300000000000097e+01 1.183500000000000085e+01 5.099999999999999672e-02
-1.952299999999999969e+01 1.993499999999999872e+01 3.128600000000000136e+01 1.179999999999999938e-01
1.805199999999999960e+01 5.695499999999999829e+01 1.976999999999999957e+01 1.370000000000000107e-01
4.114900000000000091e+01 6.592600000000000193e+01 -2.740000000000000213e+00 1.890000000000000013e-01
5.124099999999999966e+01 6.457500000000000284e+01 -1.074699999999999989e+01 2.909999999999999809e-01
4.779200000000000159e+01 7.262500000000000000e+01 -7.184000000000000163e+00 3.119999999999999996e-01
3.944500000000000028e+01 9.404600000000000648e+01 -4.822000000000000064e+00 1.690000000000000113e-01
3.678000000000000114e+01 1.124819999999999993e+02 -4.190000000000000391e+00 -2.000000000000000042e-02
3.233100000000000307e+01 1.093310000000000031e+02 -2.971000000000000085e+00 -5.299999999999999850e-02
7.014999999999999680e+00 8.573199999999999932e+01 -5.238000000000000433e+00 9.199999999999999845e-02
-3.658700000000000330e+01 5.592499999999999716e+01 -1.224399999999999977e+01 2.179999999999999993e-01
-6.525900000000000034e+01 3.006700000000000017e+01 -1.811100000000000065e+01 1.630000000000000060e-01
-5.561200000000000188e+01 1.084999999999999964e+01 -2.126899999999999835e+01 3.400000000000000244e-02
-2.574800000000000111e+01 -2.611000000000000210e+00 -2.946300000000000097e+01 2.999999999999999889e-02
-7.371000000000000441e+00 -8.397999999999999687e+00 -4.498499999999999943e+01 1.610000000000000042e-01
-6.416000000000000369e+00 -2.160000000000000142e+00 -5.178099999999999881e+01 2.640000000000000124e-01
-5.405999999999999694e+00 1.157699999999999996e+01 -2.887399999999999878e+01 2.089999999999999913e-01
1.097100000000000009e+01 1.817000000000000171e+01 2.061199999999999832e+01 -4.000000000000000083e-03
3.403099999999999881e+01 5.769999999999999574e+00 6.194200000000000017e+01 -2.409999999999999920e-01
3.515200000000000102e+01 -2.504700000000000060e+01 5.954699999999999704e+01 -3.290000000000000147e-01
2.597999999999999865e+00 -6.024000000000000199e+01 1.366699999999999982e+01 -2.349999999999999867e-01
-3.764999999999999858e+01 -7.972199999999999420e+01 -3.733599999999999852e+01 -1.199999999999999956e-01
-4.780899999999999750e+01 -6.887300000000000466e+01 -4.871200000000000330e+01 -1.019999999999999934e-01
-1.871099999999999852e+01 -2.793599999999999994e+01 -1.018699999999999939e+01 -1.170000000000000068e-01
1.464899999999999913e+01 2.102499999999999858e+01 3.842099999999999937e+01 -1.039999999999999952e-01
1.028599999999999959e+01 4.702300000000000324e+01 4.723299999999999699e+01 -1.340000000000000080e-01
-1.523000000000000043e+01 4.867300000000000182e+01 1.818700000000000117e+01 -2.359999999999999876e-01
4.352999999999999758e+00 5.795700000000000074e+01 1.616000000000000103e+00 -2.690000000000000169e-01
7.870499999999999829e+01 8.092199999999999704e+01 2.206700000000000017e+01 -1.219999999999999973e-01
1.211209999999999951e+02 7.533299999999999841e+01 4.467600000000000193e+01 6.900000000000000577e-02
6.858199999999999363e+01 1.930600000000000094e+01 3.391599999999999682e+01 6.400000000000000133e-02
-2.451500000000000057e+01 -4.636800000000000210e+01 4.636999999999999567e+00 -1.640000000000000069e-01
-7.140200000000000102e+01 -7.479300000000000637e+01 -1.162700000000000067e+01 -3.960000000000000187e-01
-6.296099999999999852e+01 -6.828799999999999670e+01 -1.473900000000000077e+01 -4.239999999999999880e-01
-4.212100000000000222e+01 -5.507699999999999818e+01 -2.150300000000000011e+01 -2.389999999999999902e-01
-3.127499999999999858e+01 -4.700000000000000000e+01 -3.070200000000000173e+01 2.100000000000000130e-02
-2.554599999999999937e+01 -3.924699999999999989e+01 -2.882499999999999929e+01 2.320000000000000118e-01
-1.703900000000000148e+01 -2.723300000000000054e+01 -1.349600000000000044e+01 3.390000000000000235e-01
-4.516000000000000014e+00 -1.132099999999999973e+01 5.171999999999999709e+00 3.320000000000000173e-01
4.421999999999999709e+00 1.110000000000000098e+00 1.665500000000000114e+01 2.399999999999999911e-01
8.229999999999999538e-01 -2.650999999999999801e+00 1.704299999999999926e+01 1.120000000000000023e-01
-1.490799999999999947e+01 -2.574599999999999866e+01 8.070999999999999730e+00 -1.700000000000000122e-02
-3.603600000000000136e+01 -5.025500000000000256e+01 -6.660999999999999588e+00 -1.179999999999999938e-01
-5.645700000000000074e+01 -5.472299999999999898e+01 -2.268400000000000105e+01 -1.380000000000000115e-01
-6.954900000000000659e+01 -4.671200000000000330e+01 -3.783800000000000097e+01 -7.599999999999999811e-02
-6.655700000000000216e+01 -5.346200000000000330e+01 -5.384599999999999653e+01 -3.899999999999999994e-02
-4.680799999999999983e+01 -7.308499999999999375e+01 -6.514700000000000557e+01 -1.029999999999999943e-01
-2.231500000000000128e+01 -7.221699999999999875e+01 -5.433100000000000307e+01 -1.670000000000000095e-01
1.564000000000000057e+00 -3.968900000000000006e+01 -1.581499999999999950e+01 -8.100000000000000255e-02
2.594200000000000017e+01 -3.494000000000000217e+00 2.425900000000000034e+01 1.400000000000000133e-01
4.023599999999999710e+01 1.434299999999999997e+01 3.796399999999999864e+01 3.039999999999999925e-01
5.197299999999999898e+01 2.680699999999999861e+01 3.762899999999999778e+01 2.700000000000000178e-01
1.012139999999999986e+02 5.186399999999999721e+01 5.064999999999999858e+01 1.340000000000000080e-01
1.812599999999999909e+02 7.998199999999999932e+01 6.627599999999999625e+01 8.599999999999999312e-02
2.055740000000000123e+02 8.685399999999999920e+01 5.344700000000000273e+01 1.429999999999999882e-01
1.236320000000000050e+02 6.092600000000000193e+01 1.592500000000000071e+01 1.559999999999999998e-01
4.009999999999999787e+00 1.383900000000000041e+01 -1.096000000000000085e+01 6.800000000000000488e-02
-5.715899999999999892e+01 -2.841300000000000026e+01 -9.250000000000000000e+00 1.000000000000000021e-03
-5.082300000000000040e+01 -4.849499999999999744e+01 2.443999999999999950e+00 3.400000000000000244e-02
-3.191100000000000136e+01 -4.805599999999999739e+01 8.699999999999999400e-02 8.599999999999999312e-02
-2.489099999999999824e+01 -3.076099999999999923e+01 -1.226600000000000001e+01 7.599999999999999811e-02
-5.543000000000000149e+00 3.073999999999999844e+00 -1.461700000000000088e+01 4.700000000000000011e-02
2.709700000000000131e+01 3.275600000000000023e+01 -4.362000000000000099e+00 5.500000000000000028e-02
2.420400000000000063e+01 2.220200000000000173e+01 3.579000000000000181e+00 5.299999999999999850e-02
-3.323599999999999710e+01 -2.834400000000000119e+01 -1.250000000000000000e-01 -5.099999999999999672e-02
-8.825199999999999534e+01 -6.715099999999999625e+01 -1.006499999999999950e+01 -2.210000000000000020e-01
-8.575900000000000034e+01 -4.979500000000000171e+01 -1.091499999999999915e+01 -3.019999999999999907e-01
-4.574799999999999756e+01 7.370000000000000107e+00 6.860000000000000320e+00 -2.159999999999999976e-01
-2.038700000000000045e+01 4.544800000000000040e+01 2.717299999999999827e+01 -6.900000000000000577e-02
-1.976599999999999824e+01 2.691799999999999926e+01 2.143599999999999994e+01 -1.200000000000000025e-02
-1.899200000000000088e+01 -2.398799999999999955e+01 -8.705999999999999517e+00 -5.299999999999999850e-02
-1.228100000000000058e+01 -5.050300000000000011e+01 -2.824099999999999966e+01 -7.000000000000000666e-02
-1.632600000000000051e+01 -3.060600000000000165e+01 -1.905799999999999983e+01 -8.000000000000000167e-03
-3.160200000000000031e+01 5.317000000000000171e+00 -4.107000000000000206e+00 6.400000000000000133e-02
-4.047299999999999898e+01 2.368299999999999983e+01 -7.950000000000000178e+00 1.010000000000000064e-01
-3.577000000000000313e+01 2.203900000000000148e+01 -2.129400000000000048e+01 1.489999999999999936e-01
-2.345599999999999952e+01 1.038299999999999912e+01 -2.401399999999999935e+01 2.260000000000000064e-01
-8.141000000000000014e+00 -6.600999999999999979e+00 -1.807799999999999940e+01 2.510000000000000009e-01
8.558999999999999275e+00 -1.998000000000000043e+01 -1.338899999999999935e+01 1.539999999999999980e-01
2.351500000000000057e+01 -1.318699999999999939e+01 -3.963000000000000078e+00 -2.199999999999999872e-02
3.393900000000000006e+01 2.150000000000000000e+01 1.399000000000000021e+01 -1.580000000000000016e-01
4.190500000000000114e+01 6.692000000000000171e+01 1.839000000000000057e+01 -2.030000000000000138e-01
4.566299999999999670e+01 8.894599999999999795e+01 -1.139300000000000068e+01 -1.749999999999999889e-01
2.760800000000000054e+01 7.093399999999999750e+01 -5.284000000000000341e+01 -6.400000000000000133e-02
-1.547100000000000009e+01 3.592000000000000171e+01 -6.020900000000000318e+01 1.120000000000000023e-01
-2.998100000000000165e+01 2.437800000000000011e+01 -2.087399999999999878e+01 2.270000000000000073e-01
3.919200000000000017e+01 5.564399999999999835e+01 3.619299999999999784e+01 2.139999999999999958e-01
1.386370000000000005e+02 1.099260000000000019e+02 7.743300000000000693e+01 1.829999999999999960e-01
1.452669999999999959e+02 1.393240000000000123e+02 8.664100000000000534e+01 1.789999999999999925e-01
4.324199999999999733e+01 1.111910000000000025e+02 6.277400000000000091e+01 8.100000000000000255e-02
-4.621500000000000341e+01 4.529399999999999693e+01 1.904899999999999949e+01 -1.069999999999999979e-01
-4.663000000000000256e+01 -1.450600000000000023e+01 -2.033399999999999963e+01 -1.950000000000000067e-01
-1.834600000000000009e+01 -5.334100000000000108e+01 -3.695000000000000284e+01 -1.439999999999999891e-01
-3.080999999999999872e+01 -8.017300000000000182e+01 -3.067099999999999937e+01 -1.079999999999999988e-01
-6.167099999999999937e+01 -9.341700000000000159e+01 -1.382300000000000040e+01 -1.419999999999999873e-01
-6.574800000000000466e+01 -8.465900000000000603e+01 1.965999999999999970e+00 -1.630000000000000060e-01
-4.870900000000000318e+01 -5.806700000000000017e+01 1.288299999999999912e+01 -1.690000000000000113e-01
-3.352700000000000102e+01 -2.641600000000000037e+01 1.922800000000000153e+01 -2.230000000000000038e-01
-1.957999999999999829e+01 -1.489999999999999991e+00 2.053300000000000125e+01 -2.770000000000000240e-01
-6.213000000000000078e+00 6.636000000000000121e+00 1.929700000000000060e+01 -2.250000000000000056e-01
-1.431700000000000017e+01 -6.024000000000000021e+00 1.798400000000000176e+01 -9.600000000000000200e-02
-5.161099999999999710e+01 -3.081400000000000006e+01 1.025500000000000078e+01 -2.500000000000000139e-02
-8.154900000000000659e+01 -5.209400000000000119e+01 -4.735000000000000320e+00 -4.499999999999999833e-02
-6.641100000000000136e+01 -6.214699999999999847e+01 -8.986000000000000654e+00 -7.000000000000000666e-02
-2.375300000000000011e+01 -6.421200000000000330e+01 4.857000000000000206e+00 -4.700000000000000011e-02
5.423000000000000043e+00 -5.774300000000000210e+01 1.223799999999999955e+01 1.899999999999999953e-02
2.643199999999999861e+01 -3.306700000000000017e+01 -2.971999999999999975e+00 1.280000000000000027e-01
7.536799999999999500e+01 7.373000000000000220e+00 -1.556400000000000006e+01 2.580000000000000071e-01
1.455600000000000023e+02 3.383400000000000318e+01 -6.119999999999999885e-01 3.810000000000000053e-01
1.868269999999999982e+02 2.017000000000000171e+01 2.183800000000000097e+01 4.610000000000000209e-01
1.698420000000000130e+02 -1.276200000000000045e+01 2.056099999999999994e+01 4.179999999999999827e-01
9.225400000000000489e+01 -2.214099999999999824e+01 2.091000000000000192e+00 1.859999999999999987e-01
-4.848899999999999721e+01 -9.657000000000000028e+00 -1.102299999999999969e+01 -1.819999999999999951e-01
-2.080109999999999957e+02 -1.054599999999999937e+01 -1.993299999999999983e+01 -5.050000000000000044e-01
-2.762649999999999864e+02 -2.450100000000000122e+01 -3.466199999999999903e+01 -5.849999999999999645e-01
-2.043909999999999911e+02 -1.750799999999999912e+01 -4.759199999999999875e+01 -3.810000000000000053e-01
-8.467700000000000671e+01 1.820799999999999841e+01 -4.650200000000000244e+01 -8.699999999999999400e-02
-1.958200000000000074e+01 5.424600000000000222e+01 -3.384499999999999886e+01 5.500000000000000028e-02
6.003000000000000114e+00 6.595000000000000284e+01 -1.667800000000000082e+01 1.899999999999999953e-02
4.868200000000000216e+01 5.611399999999999721e+01 5.878000000000000114e+00 -5.000000000000000104e-03
9.331100000000000705e+01 4.804800000000000182e+01 2.996499999999999986e+01 9.600000000000000200e-02
9.564400000000000546e+01 6.421299999999999386e+01 4.013799999999999812e+01 1.749999999999999889e-01
7.310399999999999920e+01 1.009200000000000017e+02 3.178000000000000114e+01 8.599999999999999312e-02
7.518000000000000682e+01 1.231179999999999950e+02 1.984700000000000131e+01 -2.800000000000000058e-02
9.825300000000000011e+01 9.915900000000000603e+01 1.434600000000000009e+01 1.799999999999999864e-02
9.762000000000000455e+01 3.760000000000000142e+01 9.364000000000000767e+00 9.500000000000000111e-02
6.446299999999999386e+01 -2.441499999999999915e+01 3.150000000000000022e-01 -2.000000000000000042e-02
3.260600000000000165e+01 -5.837199999999999989e+01 -7.107000000000000206e+00 -2.109999999999999931e-01
2.166000000000000014e+01 -6.026100000000000279e+01 -7.033999999999999808e+00 -1.829999999999999960e-01
1.826200000000000045e+01 -4.568099999999999739e+01 -1.889999999999999902e+00 5.500000000000000028e-02
5.913000000000000256e+00 -3.624900000000000233e+01 7.730000000000000204e-01 2.079999999999999905e-01
-1.236999999999999922e+01 -3.826700000000000301e+01 -2.721999999999999975e+00 1.439999999999999891e-01
-1.911799999999999855e+01 -3.474600000000000222e+01 -7.057999999999999829e+00 4.000000000000000083e-02
-5.068999999999999950e+00 -1.152500000000000036e+01 -3.392999999999999794e+00 8.200000000000000344e-02
1.583600000000000030e+01 1.359600000000000009e+01 8.788000000000000256e+00 2.389999999999999902e-01
1.915700000000000003e+01 8.625999999999999446e+00 1.667999999999999972e+01 3.589999999999999858e-01
-1.155599999999999916e+01 -2.839699999999999847e+01 6.440999999999999837e+00 3.290000000000000147e-01
-7.714300000000000068e+01 -6.793999999999999773e+01 -1.913299999999999912e+01 1.250000000000000000e-01
-1.485200000000000102e+02 -8.712000000000000455e+01 -4.319400000000000261e+01 -1.429999999999999882e-01
-1.685000000000000000e+02 -8.397100000000000364e+01 -5.057000000000000028e+01 -2.829999999999999738e-01
-1.057480000000000047e+02 -6.332099999999999795e+01 -3.480499999999999972e+01 -2.159999999999999976e-01
9.070000000000000284e-01 -3.288600000000000279e+01 -3.454000000000000181e+00 -5.700000000000000205e-02
8.455700000000000216e+01 -7.958999999999999631e+00 2.183099999999999952e+01 4.900000000000000189e-02
1.178209999999999980e+02 -2.251999999999999780e+00 2.601300000000000168e+01 6.900000000000000577e-02
1.104909999999999997e+02 -1.373700000000000010e+01 1.602199999999999847e+01 6.600000000000000311e-02
7.364799999999999613e+01 -2.938299999999999912e+01 5.158999999999999808e+00 9.199999999999999845e-02
2.300600000000000023e+01 -3.769899999999999807e+01 -2.895000000000000018e+00 1.209999999999999964e-01
-9.038000000000000256e+00 -2.811599999999999966e+01 -5.852000000000000313e+00 1.360000000000000098e-01
-3.955999999999999961e+00 7.399999999999999911e-01 1.576000000000000068e+00 1.580000000000000016e-01
1.083099999999999952e+01 2.246300000000000097e+01 1.442500000000000071e+01 1.469999999999999918e-01
-6.081000000000000405e+00 5.325000000000000178e+00 1.635800000000000054e+01 2.900000000000000147e-02
-5.006700000000000017e+01 -3.852499999999999858e+01 -1.320000000000000062e+00 -1.489999999999999936e-01
-7.608400000000000318e+01 -6.240100000000000335e+01 -2.909700000000000131e+01 -2.479999999999999982e-01
-6.399499999999999744e+01 -4.833299999999999841e+01 -4.935600000000000165e+01 -2.139999999999999958e-01
-4.495499999999999829e+01 -2.467200000000000060e+01 -4.966100000000000136e+01 -1.209999999999999964e-01
-4.964999999999999858e+01 -1.321700000000000053e+01 -2.835000000000000142e+01 -2.599999999999999881e-02
-5.205499999999999972e+01 7.543000000000000149e+00 1.625999999999999890e+00 8.200000000000000344e-02
-5.493000000000000327e+00 6.383800000000000097e+01 1.855699999999999861e+01 1.660000000000000087e-01
6.599899999999999523e+01 1.310380000000000109e+02 1.592800000000000082e+01 1.250000000000000000e-01
8.549299999999999500e+01 1.548580000000000041e+02 1.159900000000000020e+01 -4.700000000000000011e-02
4.620199999999999818e+01 1.237980000000000018e+02 1.935000000000000142e+01 -2.129999999999999949e-01
2.297599999999999909e+01 7.932099999999999795e+01 2.962699999999999889e+01 -2.790000000000000258e-01
5.035999999999999943e+01 5.822999999999999687e+01 3.191900000000000048e+01 -2.909999999999999809e-01
8.420099999999999341e+01 6.143999999999999773e+01 2.991600000000000037e+01 -2.750000000000000222e-01
8.368500000000000227e+01 7.108299999999999841e+01 2.416400000000000148e+01 -1.630000000000000060e-01
5.215699999999999648e+01 7.102500000000000568e+01 1.084500000000000064e+01 2.000000000000000042e-02
5.049999999999999822e+00 5.444200000000000017e+01 8.820000000000000062e-01 1.170000000000000068e-01
-4.431499999999999773e+01 2.698699999999999832e+01 7.431000000000000050e+00 8.599999999999999312e-02
-7.506199999999999761e+01 5.003999999999999559e+00 1.972500000000000142e+01 6.900000000000000577e-02
-7.228700000000000614e+01 -1.048000000000000043e+00 1.762099999999999866e+01 1.199999999999999956e-01
-4.552100000000000080e+01 -5.804000000000000270e+00 -5.190000000000000169e-01 9.400000000000000022e-02
-1.943400000000000105e+01 -3.271000000000000085e+01 -2.034400000000000119e+01 -6.800000000000000488e-02
-1.500999999999999979e+01 -7.555299999999999727e+01 -2.732799999999999940e+01 -1.759999999999999898e-01
-3.732500000000000284e+01 -1.035930000000000035e+02 -2.052499999999999858e+01 -1.000000000000000056e-01
-6.895699999999999363e+01 -1.008229999999999933e+02 -1.675700000000000145e+01 6.000000000000000125e-03
-8.423600000000000421e+01 -7.374500000000000455e+01 -2.576200000000000045e+01 -2.999999999999999889e-02
-7.395799999999999841e+01 -3.725300000000000011e+01 -2.875799999999999912e+01 -1.160000000000000059e-01
-4.537400000000000233e+01 -1.004700000000000060e+01 -7.346000000000000085e+00 -6.700000000000000400e-02
-1.260800000000000054e+01 -1.062000000000000055e+00 2.100300000000000011e+01 9.299999999999999933e-02
7.517999999999999794e+00 1.320999999999999952e+00 2.587999999999999901e+01 1.940000000000000058e-01
2.009600000000000009e+01 9.925000000000000711e+00 9.853999999999999204e+00 1.859999999999999987e-01
5.287500000000000000e+01 2.229799999999999827e+01 1.336999999999999966e+00 1.890000000000000013e-01
9.808700000000000330e+01 3.117599999999999838e+01 1.018399999999999928e+01 2.469999999999999973e-01
1.076089999999999947e+02 3.398899999999999721e+01 1.994000000000000128e+01 2.449999999999999956e-01
7.214300000000000068e+01 2.998900000000000077e+01 1.650300000000000011e+01 1.350000000000000089e-01
3.673599999999999710e+01 1.845100000000000051e+01 1.957000000000000073e+00 4.100000000000000172e-02
3.010099999999999909e+01 1.754999999999999893e+00 -9.567999999999999616e+00 7.399999999999999634e-02
3.614600000000000080e+01 -1.030599999999999916e+01 -4.249999999999999889e-01 2.049999999999999878e-01
2.997100000000000009e+01 -7.576999999999999957e+00 2.908299999999999841e+01 3.180000000000000049e-01
6.495000000000000107e+00 2.355999999999999872e+00 4.890100000000000335e+01 2.939999999999999836e-01
-1.957400000000000162e+01 -5.140000000000000124e-01 3.347200000000000131e+01 9.700000000000000289e-02
-2.807499999999999929e+01 -1.820799999999999841e+01 1.856999999999999984e+00 -1.539999999999999980e-01
-1.679200000000000159e+01 -3.424300000000000210e+01 -8.095000000000000639e+00 -2.680000000000000160e-01
-1.025999999999999979e+01 -4.519599999999999795e+01 2.862000000000000099e+00 -1.990000000000000102e-01
-2.887800000000000011e+01 -6.053000000000000114e+01 3.129999999999999893e+00 -6.700000000000000400e-02
-5.859799999999999898e+01 -7.487699999999999534e+01 -1.381000000000000050e+01 7.000000000000000146e-03
-7.139600000000000080e+01 -7.369599999999999795e+01 -2.448000000000000043e+01 -2.000000000000000042e-02
-5.824300000000000210e+01 -5.677499999999999858e+01 -1.964699999999999847e+01 -1.310000000000000053e-01
-2.694099999999999895e+01 -3.382200000000000273e+01 -1.561299999999999955e+01 -2.310000000000000109e-01
8.648999999999999133e+00 -1.500500000000000078e+01 -2.371999999999999886e+01 -2.139999999999999958e-01
2.934600000000000009e+01 -1.170100000000000051e+01 -3.445100000000000051e+01 -1.010000000000000064e-01
2.232100000000000151e+01 -2.340899999999999892e+01 -3.442999999999999972e+01 -1.899999999999999953e-02
-4.637999999999999901e+00 -3.092699999999999960e+01 -2.489300000000000068e+01 -1.000000000000000021e-02
-3.090800000000000125e+01 -1.878000000000000114e+01 -1.681800000000000139e+01 -8.000000000000000167e-03
-4.200900000000000034e+01 1.037700000000000067e+01 -1.476299999999999990e+01 -8.999999999999999320e-03
-3.632800000000000296e+01 4.712599999999999767e+01 -1.238499999999999979e+01 -8.400000000000000522e-02
-1.874699999999999989e+01 8.443399999999999750e+01 -2.579000000000000181e+00 -2.000000000000000111e-01
3.996999999999999886e+00 1.163559999999999945e+02 1.080799999999999983e+01 -2.089999999999999913e-01
2.170799999999999841e+01 1.370349999999999966e+02 1.719500000000000028e+01 -6.500000000000000222e-02
2.725700000000000145e+01 1.410120000000000005e+02 1.635500000000000043e+01 9.500000000000000111e-02
2.745499999999999829e+01 1.247660000000000053e+02 1.879100000000000037e+01 1.110000000000000014e-01
3.152100000000000080e+01 9.158400000000000318e+01 2.555699999999999861e+01 -1.099999999999999936e-02
3.357399999999999807e+01 5.281400000000000006e+01 2.164199999999999946e+01 -1.199999999999999956e-01
2.671499999999999986e+01 1.929599999999999937e+01 -1.302999999999999936e+00 -1.360000000000000098e-01
1.682000000000000028e+01 -5.435999999999999943e+00 -2.561700000000000088e+01 -1.400000000000000133e-01
4.580000000000000071e+00 -2.192899999999999849e+01 -2.706200000000000117e+01 -1.789999999999999925e-01
-1.735500000000000043e+01 -3.188599999999999923e+01 -6.926999999999999602e+00 -1.539999999999999980e-01
-4.492499999999999716e+01 -3.970000000000000284e+01 1.086999999999999922e+01 -4.399999999999999745e-02
-6.996899999999999409e+01 -5.082800000000000296e+01 7.900999999999999801e+00 -4.000000000000000083e-03
-8.957500000000000284e+01 -6.423999999999999488e+01 -1.149099999999999966e+01 -9.199999999999999845e-02
-8.587199999999999989e+01 -6.728000000000000114e+01 -2.596000000000000085e+01 -1.489999999999999936e-01
-3.503999999999999915e+01 -4.743900000000000006e+01 -2.090800000000000125e+01 -5.000000000000000278e-02
4.127300000000000324e+01 -1.373000000000000043e+01 -5.333000000000000185e+00 1.189999999999999947e-01
8.018500000000000227e+01 7.727999999999999758e+00 3.632000000000000117e+00 2.039999999999999869e-01
6.073100000000000165e+01 6.524000000000000021e+00 5.722000000000000419e+00 1.869999999999999996e-01
3.316799999999999926e+01 -1.610999999999999988e+00 1.006799999999999962e+01 1.570000000000000007e-01
3.528799999999999670e+01 -4.769999999999999574e+00 1.245800000000000018e+01 1.330000000000000071e-01
3.940899999999999892e+01 -1.338299999999999912e+01 4.293999999999999595e+00 6.700000000000000400e-02
1.671799999999999997e+01 -3.704599999999999937e+01 -4.767999999999999794e+00 -1.799999999999999864e-02
-1.013599999999999923e+01 -6.310099999999999909e+01 3.049999999999999933e-01 -4.299999999999999656e-02
-1.488899999999999935e+01 -7.466500000000000625e+01 1.233600000000000030e+01 1.799999999999999864e-02
-1.194599999999999973e+01 -7.344700000000000273e+01 1.206099999999999994e+01 1.059999999999999970e-01
-1.792699999999999960e+01 -6.512399999999999523e+01 -1.135000000000000009e+00 1.479999999999999927e-01
-1.350900000000000034e+01 -3.972999999999999687e+01 -1.000999999999999979e+01 1.140000000000000041e-01
1.604700000000000060e+01 3.790000000000000036e+00 -6.634000000000000341e+00 2.000000000000000042e-02
3.645199999999999818e+01 2.909799999999999898e+01 -2.214999999999999858e+00 -1.019999999999999934e-01
9.926999999999999602e+00 -2.638999999999999790e+00 -9.188000000000000611e+00 -2.010000000000000120e-01
-4.065599999999999881e+01 -7.699399999999999977e+01 -2.471099999999999852e+01 -2.099999999999999922e-01
-6.561499999999999488e+01 -1.365589999999999975e+02 -3.727600000000000335e+01 -1.079999999999999988e-01
-6.085300000000000153e+01 -1.391709999999999923e+02 -3.835699999999999932e+01 2.999999999999999889e-02
-4.974900000000000233e+01 -8.397799999999999443e+01 -1.798600000000000065e+01 8.899999999999999578e-02
-2.418599999999999994e+01 3.365000000000000213e+00 2.875100000000000122e+01 5.399999999999999939e-02
3.311399999999999721e+01 7.950100000000000477e+01 7.488100000000000023e+01 4.100000000000000172e-02
9.712300000000000466e+01 9.778600000000000136e+01 7.639300000000000068e+01 9.099999999999999756e-02
1.214270000000000067e+02 5.528199999999999648e+01 3.428600000000000136e+01 1.000000000000000056e-01
9.271699999999999875e+01 6.368999999999999773e+00 2.660000000000000142e+00 4.299999999999999656e-02
4.302100000000000080e+01 3.641999999999999904e+00 1.586400000000000077e+01 5.800000000000000294e-02
1.439899999999999913e+01 5.170199999999999818e+01 4.653799999999999670e+01 1.900000000000000022e-01
1.793799999999999883e+01 1.194470000000000027e+02 5.399699999999999989e+01 2.919999999999999818e-01
2.637500000000000000e+01 1.606980000000000075e+02 3.328099999999999881e+01 2.389999999999999902e-01
9.990999999999999659e+00 1.399000000000000057e+02 4.329999999999999960e-01 5.600000000000000117e-02
-1.632999999999999829e+01 7.475600000000000023e+01 -2.721499999999999986e+01 -1.199999999999999956e-01
-8.183999999999999275e+00 2.701999999999999957e+01 -3.154100000000000037e+01 -1.280000000000000027e-01
3.556499999999999773e+01 2.670400000000000063e+01 -1.394899999999999984e+01 2.599999999999999881e-02
6.488299999999999557e+01 3.981400000000000006e+01 -1.167999999999999927e+00 1.089999999999999997e-01
5.355700000000000216e+01 2.598699999999999832e+01 -6.482999999999999652e+00 -1.200000000000000025e-02
2.642200000000000060e+01 -6.921999999999999709e+00 -1.364300000000000068e+01 -1.729999999999999871e-01
7.849999999999999645e+00 -2.495499999999999829e+01 -8.162000000000000810e+00 -1.880000000000000004e-01
-7.774000000000000021e+00 -2.347299999999999898e+01 3.573999999999999844e+00 -8.400000000000000522e-02
-3.007600000000000051e+01 -3.055699999999999861e+01 7.192000000000000171e+00 1.400000000000000029e-02
-5.111899999999999977e+01 -5.682300000000000040e+01 -4.378000000000000114e+00 6.099999999999999867e-02
-5.798299999999999699e+01 -7.429099999999999682e+01 -2.326399999999999935e+01 7.299999999999999545e-02
-5.156000000000000227e+01 -5.586299999999999955e+01 -2.869200000000000017e+01 6.700000000000000400e-02
-4.147699999999999676e+01 -1.404599999999999937e+01 -9.941000000000000725e+00 6.600000000000000311e-02
-2.566600000000000037e+01 1.655699999999999861e+01 1.566200000000000081e+01 8.999999999999999667e-02
4.860000000000000320e+00 2.833899999999999864e+01 2.642699999999999960e+01 1.000000000000000056e-01
3.927199999999999847e+01 4.526700000000000301e+01 2.277199999999999847e+01 6.300000000000000044e-02
5.644599999999999795e+01 7.459600000000000364e+01 9.634999999999999787e+00 3.300000000000000155e-02
5.585000000000000142e+01 9.155599999999999739e+01 -1.769800000000000040e+01 5.199999999999999761e-02
4.215400000000000347e+01 8.162000000000000455e+01 -4.764800000000000324e+01 5.299999999999999850e-02
8.246999999999999886e+00 6.150200000000000244e+01 -4.678099999999999881e+01 5.000000000000000104e-03
-2.808899999999999864e+01 5.195700000000000074e+01 -2.523000000000000131e+00 1.200000000000000025e-02
-2.270899999999999963e+01 5.572500000000000142e+01 5.106600000000000250e+01 1.320000000000000062e-01
2.466000000000000014e+01 5.991199999999999903e+01 6.580100000000000193e+01 2.419999999999999929e-01
5.438000000000000256e+01 4.533200000000000074e+01 3.263499999999999801e+01 2.179999999999999993e-01
2.337500000000000000e+01 1.379999999999999893e+00 -1.119800000000000040e+01 9.600000000000000200e-02
-4.404399999999999693e+01 -5.791400000000000148e+01 -3.372999999999999687e+01 -5.999999999999999778e-02
-8.884999999999999432e+01 -9.695799999999999841e+01 -3.885399999999999920e+01 -2.340000000000000135e-01
-8.025499999999999545e+01 -9.107299999999999329e+01 -3.437199999999999989e+01 -3.390000000000000235e-01
-4.384100000000000108e+01 -5.714800000000000324e+01 -1.448499999999999943e+01 -2.720000000000000195e-01
-2.606599999999999895e+01 -3.402300000000000324e+01 1.087700000000000067e+01 -1.150000000000000050e-01
-3.884100000000000108e+01 -3.507099999999999795e+01 1.579400000000000048e+01 -5.399999999999999939e-02
-5.967699999999999960e+01 -4.457099999999999795e+01 2.000000000000000042e-03 -1.189999999999999947e-01
-7.437999999999999545e+01 -5.428399999999999892e+01 -9.317000000000000171e+00 -1.809999999999999942e-01
-8.324599999999999511e+01 -7.399599999999999511e+01 -3.307999999999999829e+00 -1.610000000000000042e-01
-7.256399999999999295e+01 -1.034650000000000034e+02 -1.008000000000000007e+00 -1.059999999999999970e-01
-2.651399999999999935e+01 -1.181140000000000043e+02 -9.013999999999999346e+00 -6.600000000000000311e-02
2.818799999999999883e+01 -9.703799999999999670e+01 -9.355999999999999872e+00 -7.000000000000000146e-03
3.899900000000000233e+01 -5.322200000000000131e+01 3.282999999999999918e+00 1.039999999999999952e-01
2.837000000000000188e+00 -1.710200000000000031e+01 8.095000000000000639e+00 1.880000000000000004e-01
-2.428300000000000125e+01 4.541999999999999815e+00 -4.139000000000000234e+00 1.539999999999999980e-01
-8.830000000000000071e+00 2.969600000000000151e+01 -1.511500000000000021e+01 3.400000000000000244e-02
1.907999999999999829e+01 6.324300000000000210e+01 -1.337700000000000067e+01 -8.799999999999999489e-02
2.391199999999999903e+01 8.539799999999999613e+01 -9.595000000000000639e+00 -1.920000000000000040e-01
1.369599999999999973e+01 7.708700000000000330e+01 -1.333000000000000007e+01 -2.670000000000000151e-01
5.748000000000000220e+00 3.795799999999999841e+01 -2.411700000000000088e+01 -2.540000000000000036e-01
-1.120299999999999940e+01 -1.382799999999999940e+01 -3.796500000000000341e+01 -1.499999999999999944e-01
-4.436500000000000199e+01 -5.352300000000000324e+01 -4.253699999999999903e+01 -5.299999999999999850e-02
-5.993699999999999761e+01 -6.918099999999999739e+01 -2.293299999999999983e+01 -2.800000000000000058e-02
-2.803600000000000136e+01 -6.540800000000000125e+01 1.369800000000000040e+01 -2.500000000000000139e-02
1.659299999999999997e+01 -5.015100000000000335e+01 3.835600000000000165e+01 3.000000000000000062e-03
1.896699999999999875e+01 -2.963299999999999912e+01 3.590899999999999892e+01 2.999999999999999889e-02
-1.157399999999999984e+01 -9.659000000000000696e+00 2.178900000000000148e+01 4.000000000000000083e-02
-2.620799999999999841e+01 7.419999999999999929e+00 1.327999999999999936e+01 4.599999999999999922e-02
-1.402899999999999991e+01 2.237399999999999878e+01 4.883000000000000007e+00 3.899999999999999994e-02
6.334999999999999964e+00 3.763799999999999812e+01 -1.297100000000000009e+01 2.299999999999999961e-02
2.916499999999999915e+01 5.945400000000000063e+01 -2.805199999999999960e+01 2.999999999999999889e-02
4.815200000000000102e+01 8.977899999999999636e+01 -2.065099999999999980e+01 8.599999999999999312e-02
4.617399999999999949e+01 1.122019999999999982e+02 3.241999999999999993e+00 1.769999999999999907e-01
2.580600000000000094e+01 1.036889999999999930e+02 1.464300000000000068e+01 2.489999999999999991e-01
1.060899999999999999e+01 6.979099999999999682e+01 -1.153999999999999915e+00 2.580000000000000071e-01
7.511000000000000121e+00 4.705899999999999750e+01 -2.667699999999999960e+01 2.320000000000000118e-01
-1.185000000000000053e+00 5.341599999999999682e+01 -3.494400000000000261e+01 2.270000000000000073e-01
-2.147400000000000020e+01 6.427500000000000568e+01 -1.676399999999999935e+01 2.129999999999999949e-01
-2.544399999999999906e+01 5.967399999999999949e+01 1.687999999999999901e+01 1.079999999999999988e-01
1.113599999999999923e+01 5.294599999999999795e+01 4.512700000000000244e+01 -6.099999999999999867e-02
5.993099999999999739e+01 4.689600000000000080e+01 4.742199999999999704e+01 -1.789999999999999925e-01
7.027299999999999613e+01 1.340900000000000070e+01 2.094699999999999918e+01 -1.990000000000000102e-01
4.405299999999999727e+01 -5.419400000000000261e+01 -9.689000000000000057e+00 -1.499999999999999944e-01
2.813200000000000145e+01 -1.132270000000000039e+02 -1.612000000000000099e+01 -5.299999999999999850e-02
4.054800000000000182e+01 -1.186730000000000018e+02 3.188000000000000167e+00 3.699999999999999817e-02
5.830100000000000193e+01 -7.235899999999999466e+01 2.721799999999999997e+01 2.599999999999999881e-02
6.393699999999999761e+01 -1.762999999999999901e+01 3.784000000000000341e+01 -5.899999999999999689e-02
6.392099999999999937e+01 6.442000000000000171e+00 3.227000000000000313e+01 -6.800000000000000488e-02
7.061199999999999477e+01 1.612000000000000099e+00 1.839900000000000091e+01 1.400000000000000029e-02
7.984300000000000352e+01 -8.474000000000000199e+00 5.336000000000000298e+00 2.599999999999999881e-02
6.975499999999999545e+01 -2.126099999999999923e+01 -1.711000000000000076e+00 -8.300000000000000433e-02
3.445900000000000318e+01 -4.722099999999999653e+01 -1.280000000000000027e-01 -1.449999999999999900e-01
5.024000000000000021e+00 -7.149599999999999511e+01 1.063299999999999912e+01 -5.000000000000000278e-02
7.700000000000000178e+00 -6.629500000000000171e+01 2.299899999999999878e+01 1.019999999999999934e-01
2.044000000000000128e+01 -3.529399999999999693e+01 2.163500000000000156e+01 1.479999999999999927e-01
7.860000000000000320e+00 -9.457000000000000739e+00 1.538000000000000034e+00 4.100000000000000172e-02
-2.345899999999999963e+01 -6.881999999999999673e+00 -2.166000000000000014e+01 -1.290000000000000036e-01
-4.286399999999999721e+01 -1.978000000000000114e+01 -3.056099999999999994e+01 -2.389999999999999902e-01
-4.434400000000000119e+01 -2.737099999999999866e+01 -2.427599999999999980e+01 -2.320000000000000118e-01
-4.376800000000000068e+01 -1.665399999999999991e+01 -1.303700000000000081e+01 -1.380000000000000115e-01
-4.762400000000000233e+01 -1.526999999999999913e+00 -7.169999999999999929e+00 -8.799999999999999489e-02
-4.929399999999999693e+01 -2.918000000000000149e+00 -9.259999999999999787e+00 -1.580000000000000016e-01
-4.518099999999999739e+01 -7.846000000000000085e+00 -9.394999999999999574e+00 -2.049999999999999878e-01
-3.685199999999999676e+01 1.550900000000000034e+01 4.097000000000000419e+00 -6.500000000000000222e-02
-2.397899999999999920e+01 6.096399999999999864e+01 2.546099999999999852e+01 1.429999999999999882e-01
-1.255499999999999972e+01 8.034499999999999886e+01 3.301299999999999812e+01 1.729999999999999871e-01
-1.943299999999999983e+01 4.761800000000000210e+01 1.582199999999999918e+01 1.799999999999999864e-02
-4.810300000000000153e+01 -3.564999999999999947e+00 -1.033500000000000085e+01 -1.140000000000000041e-01
-7.565099999999999625e+01 -2.692299999999999827e+01 -2.328300000000000125e+01 -1.219999999999999973e-01
-8.161799999999999500e+01 -1.786799999999999855e+01 -2.073400000000000176e+01 -8.200000000000000344e-02
-7.071299999999999386e+01 1.029999999999999943e-01 -1.585899999999999999e+01 -5.800000000000000294e-02
-5.594800000000000040e+01 8.500000000000000000e+00 -1.776999999999999957e+01 -2.000000000000000042e-02
-4.158500000000000085e+01 -1.584000000000000075e+00 -2.359100000000000108e+01 4.200000000000000261e-02
-3.245600000000000307e+01 -2.512600000000000122e+01 -2.073300000000000054e+01 7.799999999999999989e-02
-4.168900000000000006e+01 -3.887800000000000011e+01 -7.189999999999999725e-01 8.999999999999999667e-02
-7.053400000000000603e+01 -2.810800000000000054e+01 2.075400000000000134e+01 1.370000000000000107e-01
-7.985500000000000398e+01 -9.973000000000000753e+00 1.558300000000000018e+01 1.970000000000000084e-01
-2.020599999999999952e+01 -8.026999999999999247e+00 -1.351299999999999990e+01 2.030000000000000138e-01
7.994100000000000250e+01 -2.182400000000000162e+01 -2.999500000000000099e+01 1.829999999999999960e-01
1.204879999999999995e+02 -3.581700000000000017e+01 -1.402100000000000080e+01 1.749999999999999889e-01
7.338400000000000034e+01 -3.132700000000000173e+01 1.798100000000000165e+01 1.140000000000000041e-01
3.274900000000000233e+01 6.900000000000000355e+00 4.580799999999999983e+01 -8.000000000000000167e-03
6.958199999999999363e+01 6.445699999999999363e+01 6.110600000000000165e+01 -6.099999999999999867e-02
1.313110000000000070e+02 9.928400000000000603e+01 5.686500000000000199e+01 6.000000000000000125e-03
1.332170000000000130e+02 9.338500000000000512e+01 3.264999999999999858e+01 9.199999999999999845e-02
7.046999999999999886e+01 6.879300000000000637e+01 2.158999999999999808e+00 1.360000000000000098e-01
1.542000000000000037e+00 4.556499999999999773e+01 -2.044800000000000040e+01 1.459999999999999909e-01
-2.603600000000000136e+01 2.552599999999999980e+01 -2.952799999999999869e+01 1.280000000000000027e-01
-7.076999999999999957e+00 1.524000000000000021e+01 -2.133500000000000085e+01 1.130000000000000032e-01
2.977700000000000102e+01 2.351800000000000068e+01 1.457999999999999963e+00 1.600000000000000033e-01
4.556300000000000239e+01 3.711099999999999710e+01 1.995899999999999963e+01 2.089999999999999913e-01
2.442200000000000060e+01 3.005699999999999861e+01 1.450999999999999979e+01 1.179999999999999938e-01
-1.530000000000000071e+01 -3.262999999999999901e+00 -1.172600000000000087e+01 -9.500000000000000111e-02
-5.022399999999999665e+01 -4.269899999999999807e+01 -3.671200000000000330e+01 -2.359999999999999876e-01
-7.498300000000000409e+01 -6.876200000000000045e+01 -4.128399999999999892e+01 -1.990000000000000102e-01
-8.866700000000000159e+01 -8.363500000000000512e+01 -2.272299999999999898e+01 -6.700000000000000400e-02
-8.092499999999999716e+01 -9.943300000000000693e+01 5.193999999999999950e+00 5.099999999999999672e-02
-4.938700000000000045e+01 -1.103640000000000043e+02 2.375799999999999912e+01 1.350000000000000089e-01
-1.825900000000000034e+01 -9.596500000000000341e+01 2.442599999999999838e+01 1.839999999999999969e-01
-1.323199999999999932e+01 -5.597899999999999920e+01 1.283799999999999919e+01 1.610000000000000042e-01
-2.260099999999999909e+01 -1.767500000000000071e+01 9.429999999999999494e-01 5.899999999999999689e-02
-1.644200000000000017e+01 -3.091000000000000192e+00 -3.432999999999999829e+00 -3.400000000000000244e-02
1.044999999999999929e+00 -8.759000000000000341e+00 -3.283999999999999808e+00 -3.200000000000000067e-02
-4.969999999999999973e-01 -1.488299999999999912e+01 -7.256000000000000227e+00 -3.000000000000000062e-03
-2.450400000000000134e+01 -5.221000000000000085e+00 -1.668299999999999983e+01 -7.599999999999999811e-02
-4.595000000000000284e+01 1.402899999999999991e+01 -2.467099999999999937e+01 -2.260000000000000064e-01
-5.254699999999999704e+01 2.248400000000000176e+01 -2.544500000000000028e+01 -3.180000000000000049e-01
-4.995499999999999829e+01 1.953000000000000114e+01 -1.682400000000000162e+01 -2.819999999999999729e-01
-4.286099999999999710e+01 2.714300000000000068e+01 -1.705000000000000071e+00 -1.570000000000000007e-01
-3.803799999999999670e+01 5.211899999999999977e+01 7.410999999999999588e+00 -2.800000000000000058e-02
-4.222099999999999653e+01 7.206999999999999318e+01 -1.320000000000000062e+00 8.999999999999999320e-03
-4.060600000000000165e+01 6.844799999999999329e+01 -2.133200000000000074e+01 -5.899999999999999689e-02
-6.897999999999999687e+00 5.348100000000000165e+01 -3.406900000000000261e+01 -9.299999999999999933e-02
5.851400000000000290e+01 5.192199999999999704e+01 -3.238199999999999790e+01 6.099999999999999867e-02
1.250229999999999961e+02 6.821099999999999852e+01 -2.505099999999999838e+01 3.240000000000000102e-01
1.556049999999999898e+02 8.360099999999999909e+01 -2.089000000000000057e+01 4.309999999999999942e-01
1.260169999999999959e+02 7.800300000000000011e+01 -1.747200000000000131e+01 2.550000000000000044e-01
5.911500000000000199e+01 5.341899999999999693e+01 -2.823999999999999844e+00 -5.500000000000000028e-02
2.859100000000000108e+01 4.186200000000000188e+01 3.278900000000000148e+01 -2.620000000000000107e-01
6.438100000000000023e+01 6.557299999999999329e+01 7.580200000000000671e+01 -2.560000000000000053e-01
9.041299999999999670e+01 8.448499999999999943e+01 8.491599999999999682e+01 -1.260000000000000009e-01
3.774000000000000199e+01 4.027100000000000080e+01 3.674600000000000222e+01 -4.100000000000000172e-02
-4.162599999999999767e+01 -4.626899999999999835e+01 -2.915399999999999991e+01 -5.899999999999999689e-02
-6.138100000000000023e+01 -9.847799999999999443e+01 -5.294100000000000250e+01 -1.029999999999999943e-01
-2.799399999999999977e+01 -9.473399999999999466e+01 -3.131299999999999883e+01 -1.089999999999999997e-01
-8.319999999999999618e-01 -7.913500000000000512e+01 -5.825999999999999623e+00 -8.699999999999999400e-02
4.689000000000000057e+00 -8.177800000000000580e+01 4.059999999999999609e+00 -6.300000000000000044e-02
9.864000000000000767e+00 -9.116500000000000625e+01 9.833999999999999631e+00 -5.600000000000000117e-02
2.591499999999999915e+01 -8.364000000000000057e+01 1.732400000000000162e+01 -8.799999999999999489e-02
5.431099999999999994e+01 -4.489699999999999847e+01 2.051999999999999957e+01 -1.280000000000000027e-01
8.642799999999999727e+01 1.438199999999999967e+01 1.900300000000000011e+01 -9.900000000000000466e-02
9.002899999999999636e+01 5.799799999999999756e+01 1.768100000000000094e+01 6.000000000000000125e-03
4.255199999999999960e+01 6.235600000000000165e+01 1.618199999999999861e+01 8.699999999999999400e-02
-2.718900000000000006e+01 4.143900000000000006e+01 7.849999999999999645e+00 6.199999999999999956e-02
-7.064799999999999613e+01 1.968799999999999883e+01 -9.766999999999999460e+00 -5.700000000000000205e-02
-7.394499999999999318e+01 6.179000000000000270e+00 -2.280099999999999838e+01 -2.069999999999999896e-01
-5.570199999999999818e+01 2.471000000000000085e+00 -1.399699999999999989e+01 -2.919999999999999818e-01
-3.775000000000000000e+01 1.234699999999999953e+01 8.297000000000000597e+00 -2.169999999999999984e-01
-2.567599999999999838e+01 3.934799999999999898e+01 1.930999999999999872e+01 2.000000000000000042e-03
-2.053999999999999826e+00 7.757200000000000273e+01 1.425900000000000034e+01 2.119999999999999940e-01
4.274000000000000199e+01 1.026059999999999945e+02 9.375000000000000000e+00 2.969999999999999862e-01
7.403100000000000591e+01 8.925700000000000500e+01 1.545899999999999963e+01 2.570000000000000062e-01
4.980599999999999739e+01 4.479800000000000182e+01 2.846999999999999886e+01 1.479999999999999927e-01
-1.615700000000000003e+01 -9.929999999999999938e-01 3.551800000000000068e+01 3.699999999999999817e-02
-7.279999999999999716e+01 -3.586500000000000199e+01 2.472899999999999920e+01 -2.199999999999999872e-02
-9.432200000000000273e+01 -6.616400000000000148e+01 2.129999999999999949e-01 -3.200000000000000067e-02
-8.902299999999999613e+01 -9.008100000000000307e+01 -1.814399999999999835e+01 -5.700000000000000205e-02
-6.935200000000000387e+01 -9.718300000000000693e+01 -2.000300000000000011e+01 -1.310000000000000053e-01
-4.329999999999999716e+01 -8.542600000000000193e+01 -1.618900000000000006e+01 -1.829999999999999960e-01
-2.395200000000000173e+01 -6.571899999999999409e+01 -1.788899999999999935e+01 -1.039999999999999952e-01
-2.479899999999999949e+01 -5.454500000000000171e+01 -2.290800000000000125e+01 8.500000000000000611e-02
-4.185600000000000165e+01 -5.800900000000000034e+01 -2.637099999999999866e+01 2.129999999999999949e-01
-5.374199999999999733e+01 -6.144899999999999807e+01 -2.642500000000000071e+01 1.920000000000000040e-01
-4.466700000000000159e+01 -4.896399999999999864e+01 -1.897700000000000031e+01 1.519999999999999962e-01
-1.583099999999999952e+01 -2.940299999999999869e+01 -3.951999999999999957e+00 2.230000000000000038e-01
2.058399999999999963e+01 -2.305699999999999861e+01 4.679000000000000270e+00 3.250000000000000111e-01
4.227700000000000102e+01 -2.806599999999999895e+01 -6.758000000000000007e+00 3.099999999999999978e-01
3.007199999999999918e+01 -2.108299999999999841e+01 -2.630399999999999849e+01 1.559999999999999998e-01
-2.580000000000000071e-01 8.400999999999999801e+00 -2.463200000000000145e+01 -3.500000000000000333e-02
-6.350999999999999979e+00 3.997699999999999676e+01 5.455000000000000071e+00 -1.570000000000000007e-01
2.406899999999999906e+01 4.689000000000000057e+01 3.585300000000000153e+01 -1.839999999999999969e-01
5.348599999999999710e+01 3.042699999999999960e+01 3.833700000000000330e+01 -1.900000000000000022e-01
4.455799999999999983e+01 1.479700000000000060e+01 1.628900000000000148e+01 -2.149999999999999967e-01
6.235000000000000320e+00 1.430400000000000027e+01 -7.974000000000000199e+00 -2.039999999999999869e-01
-2.306700000000000017e+01 2.488500000000000156e+01 -2.016100000000000136e+01 -1.320000000000000062e-01
-2.043799999999999883e+01 3.770100000000000051e+01 -1.745100000000000051e+01 -7.199999999999999456e-02
7.293999999999999595e+00 4.201299999999999812e+01 -3.810000000000000053e+00 -5.999999999999999778e-02
3.824300000000000210e+01 2.984299999999999997e+01 7.187000000000000277e+00 -5.500000000000000028e-02
5.191499999999999915e+01 1.009299999999999997e+01 4.948999999999999844e+00 -2.999999999999999889e-02
4.251899999999999835e+01 -1.079999999999999988e-01 -6.520000000000000240e-01 1.400000000000000029e-02
2.073999999999999844e+01 -2.959999999999999853e-01 2.383999999999999897e+00 7.900000000000000078e-02
1.000000000000000056e-01 -4.844999999999999751e+00 4.761999999999999567e+00 1.390000000000000124e-01
-1.316799999999999926e+01 -1.976699999999999946e+01 -4.804999999999999716e+00 1.469999999999999918e-01
-2.163899999999999935e+01 -3.589600000000000080e+01 -1.843799999999999883e+01 1.039999999999999952e-01
-3.499600000000000222e+01 -4.372800000000000153e+01 -2.561899999999999977e+01 3.400000000000000244e-02
-5.708200000000000074e+01 -4.494899999999999807e+01 -2.788500000000000156e+01 -6.400000000000000133e-02
-7.368699999999999761e+01 -4.453399999999999892e+01 -2.632300000000000040e+01 -1.630000000000000060e-01
-6.485800000000000409e+01 -3.706400000000000006e+01 -1.392900000000000027e+01 -1.610000000000000042e-01
-2.618599999999999994e+01 -1.305400000000000027e+01 1.143200000000000038e+01 -4.000000000000000083e-03
2.712199999999999989e+01 1.898199999999999932e+01 3.712199999999999989e+01 1.980000000000000093e-01
6.824200000000000443e+01 3.527499999999999858e+01 4.640899999999999892e+01 2.560000000000000053e-01
7.353799999999999670e+01 2.896699999999999875e+01 3.653699999999999903e+01 1.120000000000000023e-01
4.939099999999999824e+01 1.587100000000000044e+01 1.856400000000000006e+01 -9.500000000000000111e-02
3.717600000000000193e+01 6.613999999999999879e+00 3.552999999999999936e+00 -1.930000000000000049e-01
5.703300000000000125e+01 -1.328000000000000069e+00 -1.574999999999999956e+00 -1.290000000000000036e-01
6.388900000000000290e+01 -1.062899999999999956e+01 2.645000000000000018e+00 2.000000000000000042e-02
1.353299999999999947e+01 -1.839000000000000057e+01 1.568000000000000060e+00 1.320000000000000062e-01
-5.657500000000000284e+01 -1.714799999999999969e+01 -1.619600000000000151e+01 1.489999999999999936e-01
-7.798799999999999955e+01 -6.717999999999999972e+00 -3.444800000000000040e+01 1.150000000000000050e-01
-4.690999999999999659e+01 -3.786999999999999922e+00 -2.895200000000000173e+01 5.500000000000000028e-02
-9.891000000000000014e+00 -1.791900000000000048e+01 -4.341999999999999638e+00 -6.700000000000000400e-02
8.018000000000000682e+00 -2.646099999999999852e+01 1.799699999999999989e+01 -2.290000000000000091e-01
1.107900000000000063e+01 -5.171999999999999709e+00 3.258299999999999841e+01 -2.959999999999999853e-01
-1.155999999999999917e+00 2.377199999999999847e+01 4.167099999999999937e+01 -2.089999999999999913e-01
-2.973199999999999932e+01 1.422199999999999953e+01 4.040500000000000114e+01 -7.499999999999999722e-02
-4.998499999999999943e+01 -3.065399999999999991e+01 2.984799999999999898e+01 -2.000000000000000042e-03
-2.949200000000000088e+01 -5.443500000000000227e+01 1.707199999999999918e+01 4.000000000000000083e-02
2.652199999999999847e+01 -3.046300000000000097e+01 1.616999999999999993e+00 1.049999999999999961e-01
7.518200000000000216e+01 2.641000000000000014e+00 -1.422300000000000075e+01 1.890000000000000013e-01
8.151999999999999602e+01 6.586999999999999744e+00 -1.763700000000000045e+01 2.670000000000000151e-01
4.935000000000000142e+01 -4.448000000000000398e+00 -5.700000000000000178e+00 2.869999999999999774e-01
8.986000000000000654e+00 7.399999999999999911e-01 5.442999999999999616e+00 2.030000000000000138e-01
-1.758899999999999864e+01 1.871699999999999875e+01 1.687000000000000055e+00 6.099999999999999867e-02
-2.836599999999999966e+01 2.515299999999999869e+01 -1.221000000000000085e+01 -4.499999999999999833e-02
-2.061299999999999955e+01 2.031200000000000117e+01 -2.211299999999999955e+01 -8.599999999999999312e-02
8.941000000000000725e+00 2.282900000000000063e+01 -2.389699999999999847e+01 -8.699999999999999400e-02
3.649900000000000233e+01 3.063299999999999912e+01 -2.575499999999999901e+01 -7.099999999999999367e-02
2.801500000000000057e+01 3.112199999999999989e+01 -3.098999999999999844e+01 -5.700000000000000205e-02
-4.240999999999999659e+00 3.739399999999999835e+01 -2.955699999999999861e+01 -2.999999999999999889e-02
-1.075500000000000078e+01 6.768200000000000216e+01 -1.341799999999999926e+01 3.500000000000000333e-02
2.009799999999999898e+01 1.020520000000000067e+02 9.782999999999999474e+00 1.100000000000000006e-01
5.288000000000000256e+01 1.068629999999999995e+02 2.716000000000000014e+01 1.370000000000000107e-01
7.068300000000000693e+01 8.827299999999999613e+01 3.567600000000000193e+01 1.559999999999999998e-01
8.206699999999999307e+01 7.760999999999999943e+01 3.717900000000000205e+01 2.389999999999999902e-01
7.519199999999999307e+01 8.026399999999999579e+01 2.869999999999999929e+01 3.250000000000000111e-01
3.404999999999999716e+01 7.687399999999999523e+01 9.012000000000000455e+00 2.949999999999999845e-01
-2.079599999999999937e+01 5.759000000000000341e+01 -1.520599999999999952e+01 1.640000000000000069e-01
-5.734100000000000108e+01 2.965500000000000114e+01 -3.488400000000000034e+01 3.799999999999999906e-02
-7.248900000000000432e+01 8.515000000000000568e+00 -3.970900000000000318e+01 -4.700000000000000011e-02
-8.230500000000000682e+01 8.942000000000000171e+00 -2.034499999999999886e+01 -1.499999999999999944e-01
-8.986400000000000432e+01 2.598799999999999955e+01 1.535800000000000054e+01 -3.089999999999999969e-01
-7.665000000000000568e+01 3.180699999999999861e+01 3.737800000000000011e+01 -4.570000000000000173e-01
-2.967099999999999937e+01 9.196999999999999176e+00 2.301000000000000156e+01 -4.540000000000000147e-01
2.637300000000000111e+01 -2.774299999999999855e+01 -1.283500000000000085e+01 -2.280000000000000082e-01
4.198199999999999932e+01 -5.894299999999999784e+01 -3.560600000000000165e+01 5.099999999999999672e-02
2.861000000000000210e+00 -8.054600000000000648e+01 -3.353900000000000148e+01 1.000000000000000056e-01
-4.308899999999999864e+01 -9.150300000000000011e+01 -2.021000000000000085e+01 -8.500000000000000611e-02
-4.997500000000000142e+01 -8.407599999999999341e+01 -6.903999999999999915e+00 -2.000000000000000111e-01
-3.610999999999999943e+01 -6.048100000000000165e+01 3.435999999999999943e+00 -1.059999999999999970e-01
-4.079299999999999926e+01 -4.184499999999999886e+01 6.990999999999999659e+00 3.000000000000000062e-03
-6.039300000000000068e+01 -4.837700000000000244e+01 1.094999999999999973e+00 -4.599999999999999922e-02
-7.035099999999999909e+01 -7.471699999999999875e+01 -1.056400000000000006e+01 -1.610000000000000042e-01
-6.876500000000000057e+01 -9.226399999999999579e+01 -1.900499999999999901e+01 -1.869999999999999996e-01
-6.417700000000000671e+01 -7.988200000000000500e+01 -1.580199999999999960e+01 -1.029999999999999943e-01
-5.415899999999999892e+01 -4.835600000000000165e+01 -2.842999999999999972e+00 -6.000000000000000125e-03
-3.998100000000000165e+01 -2.705799999999999983e+01 7.716000000000000192e+00 2.999999999999999889e-02
-3.256700000000000017e+01 -2.832900000000000063e+01 1.044200000000000017e+01 3.799999999999999906e-02
-2.519500000000000028e+01 -3.493800000000000239e+01 1.366300000000000026e+01 8.899999999999999578e-02
2.568000000000000060e+00 -2.673300000000000054e+01 2.222200000000000131e+01 1.529999999999999971e-01
4.059599999999999653e+01 -7.778999999999999915e+00 2.858500000000000085e+01 1.300000000000000044e-01
5.747299999999999898e+01 2.814999999999999947e+00 2.831899999999999906e+01 4.599999999999999922e-02
5.620700000000000074e+01 -4.982000000000000206e+00 2.739099999999999824e+01 -1.000000000000000021e-03
6.382500000000000284e+01 -2.289199999999999946e+01 2.837800000000000011e+01 -4.800000000000000100e-02
7.551999999999999602e+01 -2.861100000000000065e+01 2.416600000000000037e+01 -1.539999999999999980e-01
6.579000000000000625e+01 -5.616999999999999993e+00 9.551999999999999602e+00 -1.869999999999999996e-01
4.153799999999999670e+01 3.333200000000000074e+01 -1.057099999999999973e+01 -2.500000000000000139e-02
3.769200000000000017e+01 5.779299999999999926e+01 -2.515899999999999892e+01 1.900000000000000022e-01
6.824800000000000466e+01 5.956000000000000227e+01 -2.297700000000000031e+01 2.560000000000000053e-01
1.076449999999999960e+02 5.818399999999999750e+01 -2.069999999999999840e+00 2.039999999999999869e-01
1.170979999999999990e+02 6.014500000000000313e+01 1.990899999999999892e+01 1.719999999999999862e-01
8.310099999999999909e+01 4.538499999999999801e+01 2.005600000000000094e+01 1.620000000000000051e-01
3.102899999999999991e+01 9.064999999999999503e+00 6.159999999999999920e-01 1.079999999999999988e-01
-5.318999999999999950e+00 -2.025400000000000134e+01 -1.549200000000000088e+01 -1.000000000000000021e-03
-2.393599999999999994e+01 -2.177700000000000102e+01 -2.010099999999999909e+01 -1.270000000000000018e-01
-4.724000000000000199e+01 -8.946999999999999176e+00 -2.528200000000000003e+01 -2.260000000000000064e-01
-7.878700000000000614e+01 -3.104999999999999982e+00 -3.482900000000000063e+01 -2.670000000000000151e-01
-9.094100000000000250e+01 -8.778000000000000469e+00 -3.564300000000000068e+01 -2.210000000000000020e-01
-5.866499999999999915e+01 -2.007199999999999918e+01 -1.827499999999999858e+01 -6.800000000000000488e-02
6.589000000000000412e+00 -2.659299999999999997e+01 1.029400000000000048e+01 1.260000000000000009e-01
6.069500000000000028e+01 -1.516600000000000037e+01 3.318200000000000216e+01 2.129999999999999949e-01
6.821699999999999875e+01 1.130799999999999983e+01 3.671300000000000097e+01 1.310000000000000053e-01
3.373499999999999943e+01 2.796799999999999997e+01 2.128200000000000003e+01 -1.799999999999999864e-02
-1.741700000000000159e+01 1.822899999999999920e+01 -9.569999999999999618e-01 -1.120000000000000023e-01
-6.489199999999999591e+01 -7.238999999999999879e+00 -1.958699999999999974e+01 -1.429999999999999882e-01
-8.641200000000000614e+01 -2.728099999999999881e+01 -2.962199999999999989e+01 -1.449999999999999900e-01
-6.493600000000000705e+01 -2.997800000000000153e+01 -2.613899999999999935e+01 -1.199999999999999956e-01
-1.854899999999999949e+01 -1.886799999999999855e+01 -9.541000000000000369e+00 -6.099999999999999867e-02
9.500999999999999446e+00 -9.586000000000000298e+00 4.969000000000000306e+00 2.500000000000000139e-02
1.590000000000000024e-01 -1.483699999999999974e+01 -7.269999999999999796e-01 1.130000000000000032e-01
-1.987800000000000011e+01 -2.468599999999999994e+01 -1.950199999999999889e+01 1.590000000000000024e-01
-1.500699999999999967e+01 -1.082499999999999929e+01 -2.050000000000000000e+01 1.330000000000000071e-01
8.730000000000000426e+00 3.192899999999999849e+01 7.022999999999999687e+00 6.900000000000000577e-02
1.342999999999999972e+01 6.042499999999999716e+01 3.157600000000000051e+01 1.000000000000000021e-03
-9.800000000000000711e+00 3.183999999999999986e+01 2.175199999999999889e+01 -7.799999999999999989e-02
-2.621499999999999986e+01 -3.074899999999999878e+01 -7.179000000000000270e+00 -1.300000000000000044e-01
-1.070800000000000018e+01 -6.159400000000000119e+01 -1.563700000000000045e+01 -7.799999999999999989e-02
1.934199999999999875e+01 -3.703499999999999659e+01 2.873000000000000220e+00 5.000000000000000278e-02
2.992200000000000060e+01 3.314999999999999947e+00 1.696799999999999997e+01 1.400000000000000133e-01
4.698999999999999844e+00 1.693900000000000006e+01 5.291999999999999815e+00 1.229999999999999982e-01
-3.834400000000000119e+01 6.371000000000000441e+00 -1.520700000000000074e+01 2.400000000000000050e-02
-5.164999999999999858e+01 3.802000000000000046e+00 -1.158000000000000007e+01 -5.000000000000000278e-02
-8.446999999999999176e+00 2.252899999999999991e+01 1.981099999999999994e+01 -1.799999999999999864e-02
4.957399999999999807e+01 4.198599999999999710e+01 4.109100000000000108e+01 3.599999999999999728e-02
6.160499999999999687e+01 4.864000000000000057e+01 2.364399999999999835e+01 -8.000000000000000167e-03
3.162000000000000099e+01 5.667099999999999937e+01 -9.381999999999999673e+00 -8.599999999999999312e-02
4.536999999999999922e+00 7.055500000000000682e+01 -2.243799999999999883e+01 -7.399999999999999634e-02
-1.352500000000000036e+01 6.982599999999999341e+01 -1.906800000000000139e+01 1.400000000000000029e-02
-4.426200000000000045e+01 4.654899999999999949e+01 -1.953200000000000003e+01 8.200000000000000344e-02
-7.172599999999999909e+01 2.142699999999999960e+01 -1.974800000000000111e+01 8.100000000000000255e-02
-5.412400000000000233e+01 1.334800000000000075e+01 -5.679999999999999716e+00 1.700000000000000122e-02
1.889000000000000012e+00 1.528400000000000070e+01 1.376600000000000001e+01 -4.000000000000000083e-02
3.333800000000000097e+01 5.362000000000000099e+00 1.472700000000000031e+01 -3.400000000000000244e-02
1.104700000000000060e+01 -1.977499999999999858e+01 -5.578000000000000291e+00 1.200000000000000025e-02
-8.083999999999999631e+00 -2.860399999999999920e+01 -1.814399999999999835e+01 8.400000000000000522e-02
3.274499999999999744e+01 3.419999999999999929e+00 1.600000000000000033e-02 2.010000000000000120e-01
9.835399999999999920e+01 4.757399999999999807e+01 3.205100000000000193e+01 2.770000000000000240e-01
1.215759999999999934e+02 5.963900000000000290e+01 4.934199999999999875e+01 1.809999999999999942e-01
1.024749999999999943e+02 4.136599999999999966e+01 4.962599999999999767e+01 -1.000000000000000021e-02
7.845999999999999375e+01 1.982600000000000051e+01 3.922500000000000142e+01 -8.699999999999999400e-02
5.385499999999999687e+01 -1.185000000000000053e+00 1.357300000000000040e+01 -2.699999999999999969e-02
2.033099999999999952e+01 -2.647700000000000031e+01 -1.969300000000000139e+01 3.500000000000000333e-02
-5.631000000000000227e+00 -3.965100000000000335e+01 -3.520600000000000307e+01 3.799999999999999906e-02
-7.775000000000000355e+00 -2.508800000000000097e+01 -2.253099999999999881e+01 2.000000000000000042e-03
4.149999999999999800e-01 3.697000000000000064e+00 1.747999999999999998e+00 -5.999999999999999778e-02
-1.188799999999999990e+01 1.920299999999999940e+01 1.685999999999999943e+01 -1.199999999999999956e-01
-5.750900000000000034e+01 8.948999999999999844e+00 1.489000000000000057e+01 -1.419999999999999873e-01
-1.049120000000000061e+02 -1.537400000000000055e+01 -5.060000000000000053e-01 -1.439999999999999891e-01
-1.017259999999999991e+02 -3.151099999999999923e+01 -1.760000000000000142e+01 -1.400000000000000133e-01
-3.938000000000000256e+01 -3.081800000000000139e+01 -2.347599999999999909e+01 -9.800000000000000377e-02
2.651500000000000057e+01 -2.389399999999999835e+01 -1.835300000000000153e+01 -1.799999999999999864e-02
3.783899999999999864e+01 -2.174599999999999866e+01 -1.694900000000000162e+01 5.099999999999999672e-02
-2.093999999999999861e+00 -2.336700000000000088e+01 -2.537500000000000000e+01 7.299999999999999545e-02
-4.260000000000000142e+01 -2.371799999999999997e+01 -2.750300000000000011e+01 4.700000000000000011e-02
-4.615599999999999881e+01 -2.413899999999999935e+01 -1.072499999999999964e+01 -3.699999999999999817e-02
-2.059900000000000020e+01 -2.949599999999999866e+01 8.853999999999999204e+00 -1.459999999999999909e-01
-3.083000000000000185e+00 -3.989900000000000091e+01 1.019899999999999984e+01 -1.680000000000000104e-01
-1.056900000000000084e+01 -4.861399999999999721e+01 3.047000000000000153e+00 -5.299999999999999850e-02
-1.056700000000000017e+01 -4.512199999999999989e+01 1.047600000000000087e+01 9.900000000000000466e-02
2.233299999999999841e+01 -2.638100000000000023e+01 2.536599999999999966e+01 1.920000000000000040e-01
4.580700000000000216e+01 -7.326999999999999957e+00 2.198900000000000077e+01 2.580000000000000071e-01
1.631800000000000139e+01 -5.078000000000000291e+00 5.419999999999999929e+00 3.220000000000000084e-01
-2.444300000000000139e+01 -1.505700000000000038e+01 5.610999999999999766e+00 3.069999999999999951e-01
-9.973000000000000753e+00 -2.148900000000000077e+01 2.474099999999999966e+01 1.749999999999999889e-01
5.090899999999999892e+01 -2.241900000000000048e+01 3.355899999999999750e+01 3.300000000000000155e-02
9.894499999999999318e+01 -2.475199999999999889e+01 2.035500000000000043e+01 0.000000000000000000e+00
9.835599999999999454e+01 -2.696600000000000108e+01 3.375000000000000000e+00 3.400000000000000244e-02
3.951800000000000068e+01 -2.536499999999999844e+01 -6.682999999999999829e+00 -1.600000000000000033e-02
-7.238899999999999579e+01 -2.671799999999999997e+01 -1.934499999999999886e+01 -2.030000000000000138e-01
-1.894499999999999886e+02 -3.927400000000000091e+01 -3.864000000000000057e+01 -4.209999999999999853e-01
-2.363830000000000098e+02 -5.659799999999999898e+01 -5.264399999999999835e+01 -5.110000000000000098e-01
-1.872319999999999993e+02 -6.030100000000000193e+01 -4.917099999999999937e+01 -4.089999999999999747e-01
-9.215900000000000603e+01 -3.794200000000000017e+01 -2.843499999999999872e+01 -1.920000000000000040e-01
-1.846600000000000108e+01 2.810999999999999943e+00 -1.939999999999999947e+00 -6.000000000000000125e-03
8.426000000000000156e+00 3.510300000000000153e+01 1.465199999999999925e+01 6.700000000000000400e-02
6.269999999999999574e+00 3.594200000000000017e+01 1.017200000000000060e+01 7.299999999999999545e-02
6.560000000000000275e-01 1.305000000000000071e+01 -1.133300000000000018e+01 8.899999999999999578e-02
-8.269999999999999574e-01 -2.721000000000000085e+00 -2.969000000000000128e+01 1.079999999999999988e-01
-7.970000000000000417e-01 8.108000000000000540e+00 -3.143199999999999861e+01 9.700000000000000289e-02
7.499999999999999722e-02 3.482000000000000028e+01 -3.060000000000000142e+01 9.600000000000000200e-02
-6.395999999999999908e+00 4.994700000000000273e+01 -4.506700000000000017e+01 1.330000000000000071e-01
-2.339000000000000057e+01 4.313499999999999801e+01 -5.459400000000000119e+01 1.069999999999999979e-01
-1.666600000000000037e+01 3.701500000000000057e+01 -1.851899999999999835e+01 -5.000000000000000278e-02
4.702600000000000335e+01 5.349600000000000222e+01 5.632999999999999829e+01 -1.799999999999999933e-01
1.254839999999999947e+02 7.391800000000000637e+01 1.053760000000000048e+02 -8.599999999999999312e-02
1.402359999999999900e+02 6.205199999999999960e+01 8.507999999999999829e+01 1.120000000000000023e-01
8.890600000000000591e+01 2.108899999999999864e+01 3.126300000000000168e+01 1.079999999999999988e-01
4.357099999999999795e+01 -1.095199999999999996e+01 9.496000000000000441e+00 -1.310000000000000053e-01
4.357900000000000063e+01 -2.001899999999999835e+01 2.996499999999999986e+01 -3.260000000000000120e-01
5.933800000000000097e+01 -2.492500000000000071e+01 4.947800000000000153e+01 -2.790000000000000258e-01
5.719800000000000040e+01 -3.226800000000000068e+01 4.097999999999999687e+01 -8.000000000000000167e-02
3.995199999999999818e+01 -2.895100000000000051e+01 1.865500000000000114e+01 7.099999999999999367e-02
2.266600000000000037e+01 -1.503700000000000081e+01 3.862999999999999989e+00 8.799999999999999489e-02
1.370800000000000018e+01 -6.317000000000000171e+00 1.016000000000000014e+00 2.199999999999999872e-02
2.057900000000000063e+01 -7.690999999999999837e+00 2.418000000000000149e+00 -2.599999999999999881e-02
4.040200000000000102e+01 -1.007900000000000063e+01 -1.399000000000000021e+00 6.000000000000000125e-03
4.801800000000000068e+01 -7.692000000000000171e+00 -1.146700000000000053e+01 1.000000000000000056e-01
2.633999999999999986e+01 3.692000000000000171e+00 -1.796300000000000097e+01 1.789999999999999925e-01
4.560000000000000164e-01 3.623299999999999699e+01 -1.303100000000000058e+01 1.980000000000000093e-01
2.463999999999999968e+00 9.027100000000000080e+01 -7.449999999999999956e-01 1.859999999999999987e-01
1.448799999999999955e+01 1.325449999999999875e+02 7.743999999999999773e+00 1.690000000000000113e-01
-4.206000000000000405e+00 1.275199999999999960e+02 5.355000000000000426e+00 1.189999999999999947e-01
-4.577799999999999869e+01 8.413599999999999568e+01 -2.439000000000000057e+00 2.800000000000000058e-02
-6.455500000000000682e+01 3.636999999999999744e+01 -3.773000000000000131e+00 -2.699999999999999969e-02
-4.689800000000000324e+01 -5.905000000000000249e+00 8.449999999999999734e-01 1.600000000000000033e-02
-1.830799999999999983e+01 -4.452700000000000102e+01 -2.633999999999999897e+00 9.500000000000000111e-02
2.407000000000000028e+00 -5.759300000000000352e+01 -1.841100000000000136e+01 8.400000000000000522e-02
1.457799999999999940e+01 -2.528500000000000014e+01 -3.057600000000000051e+01 -5.299999999999999850e-02
2.455300000000000082e+01 3.050300000000000011e+01 -2.385999999999999943e+01 -2.049999999999999878e-01
4.744800000000000040e+01 6.948600000000000421e+01 -3.980999999999999872e+00 -2.139999999999999958e-01
8.891299999999999670e+01 7.684199999999999875e+01 1.063100000000000023e+01 -3.799999999999999906e-02
1.160220000000000056e+02 6.351500000000000057e+01 1.108399999999999963e+01 1.719999999999999862e-01
8.617199999999999704e+01 4.114999999999999858e+01 2.266999999999999904e+00 2.270000000000000073e-01
1.068200000000000038e+01 1.280100000000000016e+01 -9.461999999999999744e+00 1.150000000000000050e-01
-5.207800000000000296e+01 -1.875100000000000122e+01 -1.994300000000000139e+01 6.000000000000000125e-03
-7.235399999999999920e+01 -4.739200000000000301e+01 -2.580900000000000105e+01 2.999999999999999889e-02
-7.404300000000000637e+01 -6.837300000000000466e+01 -2.885099999999999909e+01 1.140000000000000041e-01
-7.930800000000000693e+01 -7.812300000000000466e+01 -3.207699999999999818e+01 1.140000000000000041e-01
-8.088599999999999568e+01 -7.697299999999999898e+01 -3.387199999999999989e+01 1.000000000000000021e-02
-7.855500000000000682e+01 -7.749800000000000466e+01 -3.629800000000000182e+01 -1.059999999999999970e-01
-8.411299999999999955e+01 -9.149299999999999500e+01 -4.307900000000000063e+01 -1.590000000000000024e-01
-7.946099999999999852e+01 -1.039590000000000032e+02 -4.182800000000000296e+01 -1.449999999999999900e-01
-3.098400000000000176e+01 -8.506000000000000227e+01 -1.428999999999999915e+01 -1.000000000000000056e-01
4.182900000000000063e+01 -3.706400000000000006e+01 2.914900000000000091e+01 -4.599999999999999922e-02
7.154099999999999682e+01 -3.222999999999999865e+00 5.274000000000000199e+01 1.200000000000000025e-02
3.371900000000000119e+01 -9.509000000000000341e+00 4.072699999999999676e+01 3.400000000000000244e-02
-2.204799999999999827e+01 -2.392500000000000071e+01 1.569200000000000017e+01 -3.599999999999999728e-02
-4.612100000000000222e+01 -6.740999999999999659e+00 5.392999999999999794e+00 -1.749999999999999889e-01
-4.040899999999999892e+01 2.606599999999999895e+01 1.127599999999999980e+01 -2.399999999999999911e-01
-3.206900000000000261e+01 3.041900000000000048e+01 1.466099999999999959e+01 -1.250000000000000000e-01
-3.749300000000000210e+01 6.052999999999999936e+00 4.714999999999999858e+00 6.099999999999999867e-02
-4.982200000000000273e+01 -2.303999999999999826e+00 -3.896999999999999797e+00 1.300000000000000044e-01
-4.997899999999999920e+01 2.285300000000000153e+01 7.866999999999999993e+00 5.299999999999999850e-02
-3.115599999999999881e+01 4.242499999999999716e+01 2.740200000000000102e+01 -6.400000000000000133e-02
-1.895000000000000018e+00 2.634600000000000009e+01 2.567500000000000071e+01 -1.209999999999999964e-01
2.660000000000000142e+01 2.838000000000000078e+00 6.067999999999999616e+00 -4.000000000000000083e-02
4.397500000000000142e+01 8.131000000000000227e+00 -1.943999999999999950e+00 1.680000000000000104e-01
4.306099999999999994e+01 3.018400000000000105e+01 6.466000000000000192e+00 3.420000000000000262e-01
2.312199999999999989e+01 3.641100000000000136e+01 9.080000000000000071e+00 3.220000000000000084e-01
-9.733000000000000540e+00 2.206599999999999895e+01 -1.471999999999999975e+00 1.370000000000000107e-01
-4.177000000000000313e+01 2.101999999999999869e+00 -1.174200000000000088e+01 -7.000000000000000666e-02
-5.605700000000000216e+01 -1.860099999999999909e+01 -1.525000000000000000e+01 -2.139999999999999958e-01
-4.175200000000000244e+01 -3.920400000000000063e+01 -1.504400000000000048e+01 -2.740000000000000213e-01
-4.910999999999999588e+00 -4.410199999999999676e+01 -8.771000000000000796e+00 -2.399999999999999911e-01
2.320200000000000173e+01 -2.173699999999999832e+01 4.987000000000000099e+00 -1.479999999999999927e-01
9.855999999999999872e+00 6.059999999999999609e+00 1.711599999999999966e+01 -7.399999999999999634e-02
-2.903600000000000136e+01 7.594999999999999751e+00 1.995599999999999952e+01 -5.500000000000000028e-02
-3.874699999999999989e+01 -1.284699999999999953e+01 1.623900000000000077e+01 -4.700000000000000011e-02
-7.198000000000000398e+00 -2.566300000000000026e+01 9.009999999999999787e+00 1.000000000000000021e-03
1.343699999999999939e+01 -2.230499999999999972e+01 -5.386999999999999567e+00 6.800000000000000488e-02
-8.541000000000000369e+00 -1.908699999999999974e+01 -2.664499999999999957e+01 8.799999999999999489e-02
-3.094399999999999906e+01 -2.100499999999999901e+01 -3.771500000000000341e+01 2.999999999999999889e-02
-2.725999999999999979e+00 -1.098900000000000077e+01 -1.900199999999999889e+01 -2.699999999999999969e-02
5.766899999999999693e+01 1.904899999999999949e+01 1.917899999999999849e+01 1.099999999999999936e-02
8.890999999999999659e+01 4.623499999999999943e+01 3.873599999999999710e+01 9.600000000000000200e-02
7.119700000000000273e+01 4.147899999999999920e+01 1.823799999999999955e+01 7.099999999999999367e-02
4.642600000000000193e+01 8.657999999999999474e+00 -2.047100000000000009e+01 -7.900000000000000078e-02
5.474099999999999966e+01 -1.871799999999999997e+01 -3.867300000000000182e+01 -1.819999999999999951e-01
8.092300000000000182e+01 -1.814399999999999835e+01 -2.363299999999999912e+01 -1.039999999999999952e-01
8.286700000000000443e+01 -7.299999999999999545e-02 4.293000000000000149e+00 8.500000000000000611e-02
5.301700000000000301e+01 8.336999999999999744e+00 2.033299999999999841e+01 2.210000000000000020e-01
2.033899999999999864e+01 -8.845000000000000639e+00 1.900199999999999889e+01 2.389999999999999902e-01
6.129999999999999893e+00 -4.027400000000000091e+01 1.127599999999999980e+01 1.690000000000000113e-01
9.474999999999999645e+00 -5.547500000000000142e+01 6.887999999999999901e+00 5.099999999999999672e-02
2.072500000000000142e+01 -3.536999999999999744e+01 4.190999999999999837e+00 -4.700000000000000011e-02
2.501000000000000156e+01 4.589999999999999858e+00 -8.010000000000000453e-01 -5.700000000000000205e-02
1.025300000000000011e+01 2.924500000000000099e+01 -4.269000000000000128e+00 -1.400000000000000029e-02
-1.544299999999999962e+01 2.399099999999999966e+01 -3.842999999999999972e+00 -1.000000000000000021e-02
-3.104500000000000171e+01 9.980000000000000426e+00 -6.915000000000000036e+00 -5.800000000000000294e-02
-2.738200000000000145e+01 1.261500000000000021e+01 -1.616000000000000014e+01 -8.799999999999999489e-02
-1.128100000000000058e+01 2.946499999999999986e+01 -1.998300000000000054e+01 -5.000000000000000278e-02
5.485999999999999766e+00 4.037599999999999767e+01 -1.158699999999999974e+01 3.400000000000000244e-02
1.097600000000000087e+01 3.546999999999999886e+01 -2.782999999999999918e+00 1.089999999999999997e-01
2.580000000000000071e-01 2.184199999999999875e+01 -4.330000000000000071e+00 1.330000000000000071e-01
-1.415099999999999980e+01 1.360599999999999987e+01 -5.764000000000000234e+00 1.029999999999999943e-01
-1.431300000000000061e+01 2.274899999999999878e+01 1.021400000000000041e+01 3.400000000000000244e-02
-6.703999999999999737e+00 4.518999999999999773e+01 3.796699999999999875e+01 -4.800000000000000100e-02
-1.641700000000000159e+01 5.385900000000000176e+01 4.873299999999999699e+01 -1.260000000000000009e-01
-4.030100000000000193e+01 2.748999999999999844e+01 2.668400000000000105e+01 -1.749999999999999889e-01
-4.422500000000000142e+01 -1.675900000000000034e+01 -8.672000000000000597e+00 -1.509999999999999953e-01
-2.195299999999999940e+01 -4.129599999999999937e+01 -2.630799999999999983e+01 -5.299999999999999850e-02
-5.402999999999999581e+00 -3.088700000000000045e+01 -1.681400000000000006e+01 3.599999999999999728e-02
-2.951000000000000068e+00 2.800000000000000058e-02 5.288999999999999702e+00 4.599999999999999922e-02
1.275699999999999967e+01 3.227400000000000091e+01 1.900400000000000134e+01 3.000000000000000062e-03
4.267900000000000205e+01 5.682000000000000028e+01 1.350799999999999912e+01 -2.900000000000000147e-02
4.940299999999999869e+01 7.165900000000000603e+01 -1.778000000000000025e+00 -2.400000000000000050e-02
2.350300000000000011e+01 7.746200000000000330e+01 -7.650000000000000355e+00 1.899999999999999953e-02
2.915000000000000036e+00 7.460500000000000398e+01 -1.514000000000000012e+00 7.699999999999999900e-02
8.596999999999999531e+00 6.198199999999999932e+01 1.558999999999999941e+00 9.600000000000000200e-02
1.710300000000000153e+01 4.091700000000000159e+01 -2.645000000000000018e+00 4.100000000000000172e-02
1.254100000000000037e+01 1.713400000000000034e+01 -2.369999999999999885e-01 -5.800000000000000294e-02
6.572000000000000064e+00 -4.584999999999999964e+00 1.401800000000000068e+01 -1.199999999999999956e-01
-5.280000000000000249e+00 -2.536599999999999966e+01 2.387900000000000134e+01 -8.200000000000000344e-02
-4.351800000000000068e+01 -4.805100000000000193e+01 1.542699999999999960e+01 3.500000000000000333e-02
-9.170799999999999841e+01 -6.979500000000000171e+01 -2.250000000000000000e+00 1.390000000000000124e-01
-1.014849999999999994e+02 -8.213500000000000512e+01 -1.129400000000000048e+01 1.710000000000000131e-01
-5.591599999999999682e+01 -7.606300000000000239e+01 -7.418999999999999595e+00 1.670000000000000095e-01
1.197700000000000031e+01 -4.946699999999999875e+01 8.549999999999999822e-01 1.650000000000000078e-01
5.753000000000000114e+01 -1.590900000000000070e+01 4.993999999999999773e+00 1.170000000000000068e-01
5.407900000000000063e+01 1.106000000000000094e+00 2.124000000000000110e+00 -2.199999999999999872e-02
2.810000000000000053e+00 -6.766000000000000014e+00 -5.012999999999999901e+00 -1.789999999999999925e-01
-6.085900000000000176e+01 -2.031599999999999895e+01 -9.853999999999999204e+00 -2.250000000000000056e-01
-8.629600000000000648e+01 -1.828900000000000148e+01 -8.002000000000000668e+00 -1.340000000000000080e-01
-5.505299999999999727e+01 -6.506999999999999673e+00 -2.314999999999999947e+00 -1.000000000000000021e-03
-2.016999999999999904e+00 -4.967999999999999972e+00 9.459999999999999520e-01 8.000000000000000167e-02
2.378000000000000114e+01 -1.758999999999999986e+01 -1.400000000000000133e-01 9.400000000000000022e-02
9.314000000000000057e+00 -3.367600000000000193e+01 -3.299999999999999822e+00 7.299999999999999545e-02
-2.300300000000000011e+01 -4.757200000000000273e+01 -7.931000000000000050e+00 2.699999999999999969e-02
-4.915699999999999648e+01 -5.932300000000000040e+01 -1.415700000000000003e+01 -4.599999999999999922e-02
-5.906000000000000227e+01 -6.424699999999999989e+01 -1.873199999999999932e+01 -1.089999999999999997e-01
-4.969899999999999807e+01 -5.660300000000000153e+01 -1.955699999999999861e+01 -1.140000000000000041e-01
-2.421399999999999864e+01 -4.168099999999999739e+01 -2.141199999999999903e+01 -8.699999999999999400e-02
4.949999999999999956e-01 -3.385900000000000176e+01 -3.044099999999999895e+01 -8.500000000000000611e-02
5.761000000000000121e+00 -3.925399999999999778e+01 -4.194400000000000261e+01 -9.800000000000000377e-02
-2.624000000000000110e+00 -4.491499999999999915e+01 -3.834199999999999875e+01 -6.800000000000000488e-02
-1.104000000000000092e+00 -2.980000000000000071e+01 -9.000000000000000000e+00 -1.000000000000000021e-03
1.579599999999999937e+01 1.120599999999999952e+01 2.725700000000000145e+01 3.599999999999999728e-02
3.019500000000000028e+01 5.417600000000000193e+01 3.698100000000000165e+01 1.200000000000000025e-02
3.251899999999999835e+01 6.360000000000000142e+01 1.625499999999999901e+01 -3.699999999999999817e-02
3.305899999999999750e+01 3.029299999999999926e+01 -3.232000000000000206e+00 -8.400000000000000522e-02
3.824799999999999756e+01 -1.478700000000000081e+01 -1.417999999999999927e+00 -1.100000000000000006e-01
3.871099999999999852e+01 -3.653900000000000148e+01 6.753999999999999559e+00 -7.900000000000000078e-02
2.607999999999999829e+01 -3.537299999999999756e+01 5.673000000000000043e+00 -8.999999999999999320e-03
4.376000000000000334e+00 -3.281199999999999761e+01 1.729000000000000092e+00 2.299999999999999961e-02
-1.560800000000000054e+01 -3.314399999999999835e+01 -4.500000000000000111e-01 2.299999999999999961e-02
-2.073600000000000065e+01 -2.351399999999999935e+01 -7.660000000000000142e+00 6.600000000000000311e-02
-5.779999999999999583e-01 2.705000000000000071e+00 -1.278200000000000003e+01 1.509999999999999953e-01
3.656900000000000261e+01 3.964699999999999847e+01 1.542000000000000037e+00 2.030000000000000138e-01
5.755599999999999739e+01 7.209000000000000341e+01 2.492099999999999937e+01 2.020000000000000129e-01
3.689699999999999847e+01 8.098300000000000409e+01 2.491700000000000159e+01 1.910000000000000031e-01
-1.931000000000000050e+00 6.178399999999999892e+01 -1.108999999999999986e+00 1.940000000000000058e-01
-4.681000000000000050e+00 3.825600000000000023e+01 -1.683800000000000097e+01 1.869999999999999996e-01
4.592399999999999949e+01 4.211099999999999710e+01 1.306000000000000050e+00 1.610000000000000042e-01
1.060750000000000028e+02 7.244100000000000250e+01 3.355100000000000193e+01 1.310000000000000053e-01
1.226599999999999966e+02 9.174099999999999966e+01 4.830299999999999727e+01 7.199999999999999456e-02
8.824599999999999511e+01 7.386599999999999966e+01 4.046300000000000097e+01 -5.700000000000000205e-02
3.624699999999999989e+01 3.377600000000000335e+01 2.348300000000000054e+01 -1.980000000000000093e-01
-3.556999999999999940e+00 -3.749000000000000110e+00 1.961999999999999966e+00 -2.650000000000000133e-01
-2.538599999999999923e+01 -3.164600000000000080e+01 -2.312000000000000099e+01 -2.790000000000000258e-01
-2.412600000000000122e+01 -4.195900000000000318e+01 -3.375000000000000000e+01 -2.680000000000000160e-01
1.137100000000000044e+01 -1.981299999999999883e+01 -1.188000000000000078e+01 -1.710000000000000131e-01
6.070799999999999841e+01 2.341799999999999926e+01 2.597200000000000131e+01 1.000000000000000021e-02
7.267400000000000659e+01 4.534899999999999665e+01 4.087100000000000222e+01 1.089999999999999997e-01
3.071799999999999997e+01 2.522200000000000131e+01 2.031700000000000017e+01 2.299999999999999961e-02
-2.799899999999999878e+01 -8.292999999999999261e+00 -9.356999999999999318e+00 -1.059999999999999970e-01
-6.904000000000000625e+01 -2.404200000000000159e+01 -2.333599999999999852e+01 -1.089999999999999997e-01
-8.967199999999999704e+01 -2.913500000000000156e+01 -2.668900000000000006e+01 -1.600000000000000033e-02
-9.705200000000000671e+01 -4.100600000000000023e+01 -3.244400000000000261e+01 7.099999999999999367e-02
-8.921200000000000330e+01 -4.881700000000000017e+01 -3.278199999999999648e+01 1.610000000000000042e-01
-5.418299999999999983e+01 -2.850199999999999889e+01 -1.147100000000000009e+01 2.720000000000000195e-01
6.653999999999999915e+00 1.359399999999999942e+01 2.278500000000000014e+01 3.099999999999999978e-01
5.777300000000000324e+01 4.122299999999999898e+01 3.805799999999999983e+01 1.880000000000000004e-01
6.467600000000000193e+01 3.847800000000000153e+01 2.063800000000000168e+01 -1.799999999999999864e-02
3.876500000000000057e+01 2.692200000000000060e+01 -5.677999999999999936e+00 -1.250000000000000000e-01
1.227699999999999925e+01 2.400700000000000145e+01 -1.369299999999999962e+01 -6.600000000000000311e-02
-9.909000000000000696e+00 1.958200000000000074e+01 -6.844000000000000306e+00 2.599999999999999881e-02
-4.010000000000000142e+01 3.392999999999999794e+00 -4.812999999999999723e+00 3.000000000000000062e-03
-7.062699999999999534e+01 -1.219999999999999929e+01 -1.094999999999999929e+01 -9.299999999999999933e-02
-7.999399999999999977e+01 -9.654999999999999361e+00 -1.107600000000000051e+01 -1.170000000000000068e-01
-6.916700000000000159e+01 6.110999999999999766e+00 -7.059999999999999609e-01 -4.599999999999999922e-02
-6.542100000000000648e+01 9.891999999999999460e+00 3.501999999999999780e+00 1.000000000000000021e-02
-8.176999999999999602e+01 -1.136999999999999922e+01 -1.080799999999999983e+01 -2.199999999999999872e-02
-9.059499999999999886e+01 -3.717699999999999960e+01 -2.885600000000000165e+01 -1.199999999999999956e-01
-5.975500000000000256e+01 -3.711099999999999710e+01 -2.816900000000000048e+01 -2.600000000000000089e-01
-3.876999999999999780e+00 -9.817999999999999616e+00 -1.008399999999999963e+01 -4.219999999999999862e-01
3.316599999999999682e+01 1.914300000000000068e+01 4.036999999999999922e+00 -5.200000000000000178e-01
3.872699999999999676e+01 3.020299999999999940e+01 7.940000000000000391e-01 -4.269999999999999907e-01
3.318699999999999761e+01 2.121300000000000097e+01 -1.114199999999999946e+01 -1.350000000000000089e-01
2.231800000000000139e+01 6.470000000000000195e-01 -1.328899999999999970e+01 1.729999999999999871e-01
-2.580000000000000071e+00 -1.403400000000000070e+01 -9.949999999999999956e-01 2.889999999999999791e-01
-2.719500000000000028e+01 -9.327999999999999403e+00 1.155799999999999983e+01 1.950000000000000067e-01
-2.264300000000000068e+01 6.905000000000000249e+00 1.217300000000000004e+01 3.500000000000000333e-02
1.353200000000000003e+01 1.623900000000000077e+01 2.907999999999999918e+00 -7.599999999999999811e-02
4.928300000000000125e+01 1.225099999999999945e+01 -8.320000000000000284e+00 -1.140000000000000041e-01
5.180599999999999739e+01 3.109999999999999876e+00 -1.077899999999999991e+01 -6.400000000000000133e-02
2.706200000000000117e+01 4.359999999999999987e-01 5.815999999999999837e+00 6.199999999999999956e-02
1.332799999999999940e+01 8.064000000000000057e+00 3.240200000000000102e+01 1.779999999999999916e-01
2.631299999999999883e+01 1.628300000000000125e+01 4.096500000000000341e+01 2.049999999999999878e-01
4.163100000000000023e+01 1.131600000000000072e+01 2.059400000000000119e+01 1.640000000000000069e-01
4.463400000000000034e+01 -5.817000000000000171e+00 -4.381999999999999673e+00 1.199999999999999956e-01
4.911399999999999721e+01 -2.034499999999999886e+01 -6.730999999999999872e+00 8.899999999999999578e-02
5.302100000000000080e+01 -2.788200000000000145e+01 7.943999999999999950e+00 6.400000000000000133e-02
3.313300000000000267e+01 -3.983100000000000307e+01 1.344999999999999929e+01 6.500000000000000222e-02
-5.384000000000000341e+00 -5.864999999999999858e+01 1.237999999999999989e+00 9.500000000000000111e-02
-2.777400000000000091e+01 -6.925400000000000489e+01 -1.250300000000000011e+01 1.069999999999999979e-01
-2.069600000000000151e+01 -6.280299999999999727e+01 -1.382799999999999940e+01 7.499999999999999722e-02
-3.052999999999999936e+00 -5.187400000000000233e+01 -6.812000000000000277e+00 2.999999999999999889e-02
7.570999999999999730e+00 -5.403000000000000114e+01 -2.843999999999999861e+00 -2.000000000000000042e-03
6.426999999999999602e+00 -7.008499999999999375e+01 -6.012999999999999901e+00 0.000000000000000000e+00
-1.180100000000000016e+01 -8.591400000000000148e+01 -1.014899999999999913e+01 6.600000000000000311e-02
-4.758800000000000097e+01 -8.833199999999999363e+01 -7.908000000000000362e+00 1.739999999999999880e-01
-8.051500000000000057e+01 -7.046200000000000330e+01 6.700000000000000400e-02 2.409999999999999920e-01
-8.075000000000000000e+01 -3.022299999999999898e+01 9.830000000000000071e+00 2.240000000000000047e-01
-3.764000000000000057e+01 2.158500000000000085e+01 2.065299999999999869e+01 1.519999999999999962e-01
2.930199999999999960e+01 5.869599999999999795e+01 2.825000000000000000e+01 5.899999999999999689e-02
8.162800000000000011e+01 6.279800000000000182e+01 2.400499999999999901e+01 -1.799999999999999864e-02
8.344599999999999795e+01 4.344700000000000273e+01 9.944000000000000838e+00 -1.899999999999999953e-02
2.578300000000000125e+01 2.307900000000000063e+01 -1.624000000000000110e+00 2.100000000000000130e-02
-6.225900000000000034e+01 1.427100000000000080e+01 -7.956999999999999851e+00 -2.100000000000000130e-02
-1.336699999999999875e+02 1.746799999999999997e+01 -1.589199999999999946e+01 -1.680000000000000104e-01
-1.556810000000000116e+02 2.725199999999999889e+01 -2.235000000000000142e+01 -3.109999999999999987e-01
-1.176260000000000048e+02 3.895799999999999841e+01 -1.643799999999999883e+01 -3.569999999999999840e-01
-2.743100000000000094e+01 5.584300000000000352e+01 5.320000000000000284e-01 -2.750000000000000222e-01
7.580400000000000205e+01 8.196500000000000341e+01 1.551500000000000057e+01 -7.399999999999999634e-02
1.311500000000000057e+02 1.058640000000000043e+02 2.105999999999999872e+01 1.409999999999999865e-01
1.160229999999999961e+02 1.081569999999999965e+02 1.819500000000000028e+01 2.129999999999999949e-01
7.697700000000000387e+01 8.875499999999999545e+01 7.745000000000000107e+00 1.360000000000000098e-01
6.908799999999999386e+01 6.913500000000000512e+01 -7.833000000000000185e+00 6.500000000000000222e-02
8.825199999999999534e+01 6.097500000000000142e+01 -1.930399999999999849e+01 8.300000000000000433e-02
9.197199999999999420e+01 4.677300000000000324e+01 -2.096600000000000108e+01 1.079999999999999988e-01
6.270199999999999818e+01 4.277999999999999581e+00 -2.156599999999999895e+01 7.599999999999999811e-02
1.410800000000000054e+01 -5.418800000000000239e+01 -3.056899999999999906e+01 3.599999999999999728e-02
-4.046999999999999886e+01 -7.940600000000000591e+01 -3.589999999999999858e+01 1.400000000000000029e-02
-7.968800000000000239e+01 -3.678199999999999648e+01 -1.403100000000000058e+01 -4.399999999999999745e-02
-7.162800000000000011e+01 3.903399999999999892e+01 3.020299999999999940e+01 -1.140000000000000041e-01
-2.771000000000000085e+01 7.055500000000000682e+01 5.717600000000000193e+01 -9.900000000000000466e-02
-6.389000000000000234e+00 2.970400000000000063e+01 4.523299999999999699e+01 -3.699999999999999817e-02
-2.797400000000000020e+01 -3.050799999999999912e+01 2.173199999999999932e+01 -4.800000000000000100e-02
-4.848100000000000165e+01 -4.716100000000000136e+01 1.722400000000000020e+01 -9.500000000000000111e-02
-3.563300000000000267e+01 -1.787900000000000134e+01 2.207400000000000162e+01 -6.600000000000000311e-02
-9.333999999999999631e+00 1.356300000000000061e+01 1.377800000000000047e+01 -1.400000000000000029e-02
1.370999999999999996e+00 1.768100000000000094e+01 -4.251999999999999780e+00 -4.499999999999999833e-02
-6.690000000000000391e+00 1.457999999999999963e+00 -1.481000000000000050e+01 -9.700000000000000289e-02
-2.119099999999999895e+01 -1.635500000000000043e+01 -1.389000000000000057e+01 -5.500000000000000028e-02
-2.894600000000000151e+01 -2.542599999999999838e+01 -7.453000000000000291e+00 4.499999999999999833e-02
-2.522299999999999898e+01 -2.698000000000000043e+01 -8.549999999999999822e-01 6.600000000000000311e-02
-2.039499999999999957e+01 -3.287800000000000011e+01 -1.870000000000000107e+00 -1.700000000000000122e-02
-2.261400000000000077e+01 -5.136599999999999966e+01 -1.377999999999999936e+01 -1.010000000000000064e-01
-2.064099999999999824e+01 -7.021800000000000352e+01 -2.394200000000000017e+01 -9.500000000000000111e-02
-4.112000000000000099e+00 -6.973999999999999488e+01 -1.953800000000000026e+01 -1.600000000000000033e-02
2.043400000000000105e+01 -5.040899999999999892e+01 -6.389000000000000234e+00 4.599999999999999922e-02
4.823100000000000165e+01 -3.066499999999999915e+01 4.084999999999999964e+00 5.500000000000000028e-02
7.897899999999999920e+01 -2.325400000000000134e+01 9.785999999999999588e+00 8.599999999999999312e-02
9.765600000000000591e+01 -2.882999999999999829e+01 9.993000000000000327e+00 1.869999999999999996e-01
8.644599999999999795e+01 -4.312299999999999756e+01 2.563000000000000167e+00 2.650000000000000133e-01
4.682900000000000063e+01 -5.999399999999999977e+01 -8.949999999999999289e+00 2.210000000000000020e-01
-9.634999999999999787e+00 -7.556499999999999773e+01 -2.057900000000000063e+01 9.700000000000000289e-02
-6.529000000000000625e+01 -8.705599999999999739e+01 -3.158200000000000074e+01 -1.899999999999999953e-02
-8.806699999999999307e+01 -8.279800000000000182e+01 -3.589999999999999858e+01 -8.100000000000000255e-02
-5.787500000000000000e+01 -5.019700000000000273e+01 -2.766700000000000159e+01 -7.699999999999999900e-02
-7.439999999999999947e-01 7.419999999999999929e-01 -1.589499999999999957e+01 -2.299999999999999961e-02
3.207399999999999807e+01 4.139699999999999847e+01 -1.472799999999999976e+01 3.099999999999999978e-02
1.779299999999999926e+01 5.731600000000000250e+01 -2.236799999999999855e+01 2.599999999999999881e-02
-1.983200000000000074e+01 6.186999999999999744e+01 -2.348100000000000165e+01 -6.199999999999999956e-02
-4.211699999999999733e+01 7.167300000000000182e+01 -9.516000000000000014e+00 -1.839999999999999969e-01
-3.066900000000000048e+01 8.068899999999999295e+01 9.829000000000000625e+00 -2.590000000000000080e-01
6.756000000000000227e+00 7.271299999999999386e+01 1.887800000000000011e+01 -2.570000000000000062e-01
4.580499999999999972e+01 5.277000000000000313e+01 1.789300000000000068e+01 -1.980000000000000093e-01
5.970600000000000307e+01 4.379200000000000159e+01 1.937399999999999878e+01 -9.600000000000000200e-02
4.255700000000000216e+01 5.207800000000000296e+01 2.401699999999999946e+01 2.999999999999999889e-02
1.600400000000000134e+01 5.904500000000000171e+01 2.050400000000000134e+01 1.150000000000000050e-01
2.157999999999999918e+00 4.963799999999999812e+01 7.357999999999999652e+00 9.400000000000000022e-02
-3.240000000000000102e-01 2.736499999999999844e+01 -5.483999999999999986e+00 -2.900000000000000147e-02
-1.102299999999999969e+01 -1.455999999999999961e+00 -1.543699999999999939e+01 -1.769999999999999907e-01
-4.285099999999999909e+01 -3.348400000000000176e+01 -2.617599999999999838e+01 -2.510000000000000009e-01
-7.476999999999999602e+01 -5.208100000000000307e+01 -2.690200000000000102e+01 -1.950000000000000067e-01
-6.348400000000000176e+01 -3.644500000000000028e+01 -8.080000000000000515e-01 -4.499999999999999833e-02
-4.660000000000000142e+00 6.550000000000000266e-01 3.867099999999999937e+01 7.299999999999999545e-02
4.257200000000000273e+01 1.686400000000000077e+01 5.218599999999999994e+01 6.900000000000000577e-02
2.692800000000000082e+01 -7.017999999999999794e+00 2.682000000000000028e+01 5.000000000000000104e-03
-2.478000000000000114e+01 -4.536800000000000210e+01 -5.158999999999999808e+00 4.000000000000000083e-03
-4.653099999999999881e+01 -6.131900000000000261e+01 -1.100000000000000000e+01 5.399999999999999939e-02
-1.533699999999999974e+01 -4.415999999999999659e+01 5.713000000000000078e+00 3.599999999999999728e-02
3.842300000000000182e+01 -1.514600000000000080e+01 2.287500000000000000e+01 -6.500000000000000222e-02
7.452299999999999613e+01 -3.307999999999999829e+00 2.875300000000000011e+01 -1.140000000000000041e-01
7.412800000000000011e+01 -1.617800000000000082e+01 2.381299999999999883e+01 -3.099999999999999978e-02
5.023199999999999932e+01 -3.518599999999999994e+01 1.467900000000000027e+01 8.000000000000000167e-02
3.574799999999999756e+01 -3.666100000000000136e+01 1.042399999999999949e+01 9.900000000000000466e-02
4.579399999999999693e+01 -1.460999999999999943e+01 1.175399999999999956e+01 4.900000000000000189e-02
5.389500000000000313e+01 1.459699999999999953e+01 8.349000000000000199e+00 2.999999999999999889e-02
2.460999999999999943e+01 2.955300000000000082e+01 -5.317999999999999616e+00 7.399999999999999634e-02
-3.398400000000000176e+01 2.426399999999999935e+01 -2.192099999999999937e+01 1.179999999999999938e-01
-7.890300000000000580e+01 7.440999999999999837e+00 -3.337700000000000244e+01 9.900000000000000466e-02
-8.830200000000000671e+01 -8.009999999999999787e+00 -3.701400000000000290e+01 2.800000000000000058e-02
-7.173199999999999932e+01 -3.986000000000000210e+00 -2.720200000000000173e+01 -1.200000000000000025e-02
-3.700200000000000244e+01 3.427199999999999847e+01 1.435000000000000053e+00 2.100000000000000130e-02
6.097000000000000419e+00 9.159099999999999397e+01 3.587500000000000000e+01 6.700000000000000400e-02
2.505999999999999872e+01 1.249369999999999976e+02 4.596900000000000119e+01 4.399999999999999745e-02
-1.707000000000000073e+00 1.084230000000000018e+02 1.756599999999999895e+01 -5.700000000000000205e-02
-4.403499999999999659e+01 6.342099999999999937e+01 -2.479200000000000159e+01 -1.680000000000000104e-01
-5.274799999999999756e+01 3.447500000000000142e+01 -4.362800000000000011e+01 -2.230000000000000038e-01
-2.154899999999999949e+01 4.224900000000000233e+01 -3.071999999999999886e+01 -1.859999999999999987e-01
6.416000000000000369e+00 6.427899999999999636e+01 -8.560999999999999943e+00 -5.500000000000000028e-02
-7.719000000000000306e+00 6.247200000000000131e+01 4.464999999999999858e+00 9.800000000000000377e-02
-4.280700000000000216e+01 3.019200000000000017e+01 1.282499999999999929e+01 1.539999999999999980e-01
-3.988799999999999812e+01 2.572999999999999954e+00 2.618799999999999883e+01 1.140000000000000041e-01
1.110599999999999987e+01 1.284299999999999997e+01 3.960900000000000176e+01 1.229999999999999982e-01
5.864800000000000324e+01 4.929200000000000159e+01 4.094700000000000273e+01 2.399999999999999911e-01
7.324200000000000443e+01 6.600100000000000477e+01 2.753600000000000136e+01 3.320000000000000173e-01
7.933199999999999363e+01 3.424399999999999977e+01 7.389000000000000234e+00 3.019999999999999907e-01
9.596999999999999886e+01 -2.409299999999999997e+01 -9.569000000000000838e+00 2.119999999999999940e-01
1.015420000000000016e+02 -6.236999999999999744e+01 -1.892099999999999937e+01 1.499999999999999944e-01
7.609999999999999432e+01 -6.252700000000000102e+01 -2.330699999999999861e+01 1.519999999999999962e-01
4.399000000000000199e+01 -4.658400000000000318e+01 -2.445700000000000074e+01 1.950000000000000067e-01
3.893500000000000227e+01 -4.217300000000000182e+01 -1.796399999999999864e+01 2.020000000000000129e-01
4.502400000000000091e+01 -5.656199999999999761e+01 -3.380999999999999783e+00 1.089999999999999997e-01
2.049099999999999966e+01 -7.747199999999999420e+01 9.422000000000000597e+00 -6.099999999999999867e-02
-2.748999999999999844e+01 -8.238100000000000023e+01 1.311299999999999955e+01 -2.089999999999999913e-01
-4.783299999999999841e+01 -5.785999999999999943e+01 1.177200000000000024e+01 -2.330000000000000127e-01
-2.892399999999999949e+01 -2.226500000000000057e+01 9.195000000000000284e+00 -1.140000000000000041e-01
-1.590399999999999991e+01 -9.792999999999999261e+00 3.719999999999999973e-01 2.800000000000000058e-02
-3.258400000000000318e+01 -2.311299999999999955e+01 -1.544899999999999984e+01 4.499999999999999833e-02
-5.036800000000000210e+01 -3.147200000000000131e+01 -2.463200000000000145e+01 -7.099999999999999367e-02
-5.130700000000000216e+01 -2.336299999999999955e+01 -1.700300000000000011e+01 -1.809999999999999942e-01
-5.731499999999999773e+01 -2.326000000000000156e+01 -4.958999999999999631e+00 -1.890000000000000013e-01
-7.477899999999999636e+01 -4.347500000000000142e+01 -4.634000000000000341e+00 -1.590000000000000024e-01
-7.119599999999999795e+01 -5.827300000000000324e+01 -6.697000000000000064e+00 -1.690000000000000113e-01
-3.523499999999999943e+01 -4.759199999999999875e+01 5.485000000000000320e+00 -1.789999999999999925e-01
-5.397999999999999687e+00 -3.332000000000000028e+01 1.796499999999999986e+01 -1.189999999999999947e-01
-1.111700000000000088e+01 -4.440800000000000125e+01 4.011999999999999567e+00 -1.899999999999999953e-02
-3.583700000000000330e+01 -7.286899999999999977e+01 -2.927400000000000091e+01 4.800000000000000100e-02
-5.742900000000000205e+01 -9.017100000000000648e+01 -4.902400000000000091e+01 5.600000000000000117e-02
-7.346399999999999864e+01 -8.452800000000000580e+01 -3.977400000000000091e+01 2.999999999999999889e-02
-7.475199999999999534e+01 -6.449399999999999977e+01 -1.161999999999999922e+01 -1.299999999999999940e-02
-4.625200000000000244e+01 -4.450600000000000023e+01 1.761799999999999855e+01 -7.299999999999999545e-02
-3.100999999999999979e+00 -3.307300000000000040e+01 3.048799999999999955e+01 -8.999999999999999667e-02
2.295899999999999963e+01 -1.925100000000000122e+01 2.031800000000000139e+01 -2.000000000000000042e-03
3.049200000000000088e+01 1.895200000000000173e+01 2.521999999999999797e+00 1.199999999999999956e-01
3.313700000000000045e+01 7.090099999999999625e+01 -5.208999999999999631e+00 1.340000000000000080e-01
2.244800000000000040e+01 8.762099999999999511e+01 -7.594999999999999751e+00 5.099999999999999672e-02
-4.189999999999999836e-01 5.417900000000000205e+01 -1.327399999999999913e+01 3.099999999999999978e-02
2.236000000000000210e+00 2.498000000000000043e+01 -1.302800000000000047e+01 1.360000000000000098e-01
4.689500000000000313e+01 4.528399999999999892e+01 -8.999999999999999667e-02 2.429999999999999938e-01
8.832599999999999341e+01 8.591100000000000136e+01 1.447000000000000064e+01 2.419999999999999929e-01
7.971099999999999852e+01 9.508499999999999375e+01 2.022500000000000142e+01 1.459999999999999909e-01
3.313100000000000023e+01 6.798199999999999932e+01 1.616600000000000037e+01 1.400000000000000029e-02
-1.209399999999999942e+01 3.424900000000000233e+01 2.494000000000000217e+00 -1.049999999999999961e-01
-4.309100000000000108e+01 1.599099999999999966e+01 -1.464700000000000024e+01 -1.620000000000000051e-01
-5.990699999999999648e+01 2.046799999999999997e+01 -1.915800000000000125e+01 -1.819999999999999951e-01
-3.588199999999999790e+01 4.843299999999999983e+01 -2.068000000000000060e+00 -2.310000000000000109e-01
5.798899999999999721e+01 8.927100000000000080e+01 2.436799999999999855e+01 -2.670000000000000151e-01
1.817930000000000064e+02 1.150699999999999932e+02 3.840400000000000347e+01 -2.020000000000000129e-01
2.308729999999999905e+02 9.792000000000000171e+01 2.960300000000000153e+01 -1.039999999999999952e-01
1.539979999999999905e+02 4.184899999999999665e+01 5.033000000000000362e+00 -1.010000000000000064e-01
2.702499999999999858e+01 -1.408399999999999963e+01 -1.857100000000000151e+01 -1.610000000000000042e-01
-4.317999999999999972e+01 -3.695900000000000318e+01 -2.593100000000000094e+01 -1.559999999999999998e-01
-4.325099999999999767e+01 -3.263199999999999790e+01 -1.172300000000000075e+01 -8.000000000000000167e-02
-3.341400000000000148e+01 -2.647599999999999909e+01 1.496700000000000053e+01 -3.500000000000000333e-02
-5.274600000000000222e+01 -3.046199999999999974e+01 3.248599999999999710e+01 -5.299999999999999850e-02
-8.700100000000000477e+01 -3.971900000000000119e+01 2.498499999999999943e+01 -5.000000000000000278e-02
-1.023439999999999941e+02 -4.277600000000000335e+01 4.362000000000000099e+00 2.500000000000000139e-02
-8.666899999999999693e+01 -3.194399999999999906e+01 -4.980999999999999872e+00 9.700000000000000289e-02
-5.896300000000000097e+01 -1.487700000000000067e+01 -2.134999999999999787e+00 8.200000000000000344e-02
-4.222800000000000153e+01 -7.554999999999999716e+00 -3.661000000000000032e+00 2.299999999999999961e-02
-4.005199999999999960e+01 -1.233699999999999974e+01 -1.133799999999999919e+01 1.700000000000000122e-02
-4.540299999999999869e+01 -1.869699999999999918e+01 -1.536100000000000065e+01 7.799999999999999989e-02
-5.455599999999999739e+01 -2.441700000000000159e+01 -1.684700000000000131e+01 1.280000000000000027e-01
-6.343399999999999750e+01 -3.651700000000000301e+01 -2.295899999999999963e+01 1.189999999999999947e-01
-6.662099999999999511e+01 -5.225399999999999778e+01 -3.146600000000000108e+01 7.499999999999999722e-02
-6.489300000000000068e+01 -5.881799999999999784e+01 -3.493800000000000239e+01 2.599999999999999881e-02
-5.951299999999999812e+01 -5.066199999999999903e+01 -2.869699999999999918e+01 -2.000000000000000042e-02
-4.274499999999999744e+01 -3.251500000000000057e+01 -1.009600000000000009e+01 -2.500000000000000139e-02
-9.869999999999999218e+00 -1.384299999999999997e+01 1.393099999999999916e+01 4.200000000000000261e-02
2.575499999999999901e+01 -7.828000000000000291e+00 2.295499999999999829e+01 1.239999999999999991e-01
4.532000000000000028e+01 -1.859199999999999875e+01 8.041000000000000369e+00 1.229999999999999982e-01
4.531499999999999773e+01 -2.921999999999999886e+01 -1.147600000000000087e+01 5.000000000000000104e-03
3.217099999999999937e+01 -2.084600000000000009e+01 -1.631099999999999994e+01 -1.630000000000000060e-01
1.317800000000000082e+01 1.893000000000000016e+00 -1.302100000000000080e+01 -2.540000000000000036e-01
7.565999999999999837e+00 1.750499999999999901e+01 -1.563199999999999967e+01 -1.970000000000000084e-01
3.222899999999999920e+01 1.452299999999999969e+01 -2.042800000000000082e+01 -5.999999999999999778e-02
6.197800000000000153e+01 5.065999999999999837e+00 -1.236500000000000021e+01 3.300000000000000155e-02
5.553699999999999903e+01 1.161100000000000065e+01 1.274399999999999977e+01 6.099999999999999867e-02
2.800000000000000000e+01 4.116799999999999926e+01 4.095499999999999829e+01 8.899999999999999578e-02
3.141499999999999915e+01 7.498199999999999932e+01 5.257600000000000051e+01 1.380000000000000115e-01
6.365400000000000347e+01 8.651900000000000546e+01 3.912299999999999756e+01 1.580000000000000016e-01
7.144100000000000250e+01 6.993099999999999739e+01 1.138100000000000023e+01 1.140000000000000041e-01
4.162199999999999989e+01 4.643500000000000227e+01 -7.576999999999999957e+00 6.099999999999999867e-02
1.594899999999999984e+01 3.745600000000000307e+01 -3.339999999999999858e+00 8.400000000000000522e-02
1.959100000000000108e+01 3.732300000000000040e+01 1.348099999999999987e+01 1.650000000000000078e-01
3.506799999999999784e+01 2.340099999999999980e+01 2.031700000000000017e+01 1.970000000000000084e-01
3.835600000000000165e+01 -1.038899999999999935e+01 1.224300000000000033e+01 1.209999999999999964e-01
2.366499999999999915e+01 -4.319100000000000250e+01 5.048000000000000043e+00 -1.200000000000000025e-02
2.680000000000000160e+00 -5.284700000000000131e+01 8.476000000000000867e+00 -9.900000000000000466e-02
-8.150000000000000355e+00 -3.776700000000000301e+01 1.337899999999999956e+01 -7.900000000000000078e-02
-6.264999999999999680e+00 -4.793000000000000149e+00 1.092399999999999949e+01 4.000000000000000083e-03
-4.298000000000000043e+00 4.171500000000000341e+01 6.790000000000000036e+00 6.900000000000000577e-02
-9.702999999999999403e+00 8.577200000000000557e+01 7.573000000000000398e+00 8.500000000000000611e-02
-1.615700000000000003e+01 1.046050000000000040e+02 1.197799999999999976e+01 5.399999999999999939e-02
-1.905000000000000071e+01 9.577899999999999636e+01 1.870499999999999829e+01 -6.000000000000000125e-03
-2.241799999999999926e+01 7.230599999999999739e+01 2.285300000000000153e+01 -4.100000000000000172e-02
-2.446999999999999886e+01 3.760799999999999699e+01 1.237700000000000067e+01 -1.299999999999999940e-02
-1.591099999999999959e+01 -6.048000000000000043e+00 -1.062299999999999933e+01 6.000000000000000125e-03
3.560999999999999943e+00 -3.503399999999999892e+01 -1.942899999999999849e+01 -7.099999999999999367e-02
2.386599999999999966e+01 -2.382799999999999940e+01 4.636000000000000121e+00 -1.630000000000000060e-01
3.494599999999999795e+01 1.164899999999999913e+01 3.967300000000000182e+01 -1.100000000000000006e-01
3.380899999999999750e+01 2.429299999999999926e+01 4.484700000000000131e+01 4.800000000000000100e-02
3.282500000000000284e+01 1.044999999999999929e+00 1.329100000000000037e+01 1.100000000000000006e-01
4.699199999999999733e+01 -2.131200000000000117e+01 -1.819999999999999929e+01 4.200000000000000261e-02
6.295900000000000318e+01 -2.098199999999999932e+01 -1.977299999999999969e+01 1.200000000000000025e-02
5.075500000000000256e+01 -2.313899999999999935e+01 -6.097999999999999865e+00 7.699999999999999900e-02
1.281600000000000072e+01 -4.641299999999999670e+01 -7.206000000000000405e+00 9.900000000000000466e-02
-1.077699999999999925e+01 -6.484799999999999898e+01 -2.223400000000000176e+01 -2.000000000000000042e-03
2.571000000000000174e+00 -5.234400000000000119e+01 -2.783999999999999986e+01 -1.209999999999999964e-01
2.138500000000000156e+01 -3.261500000000000199e+01 -1.995599999999999952e+01 -1.650000000000000078e-01
3.414000000000000146e+00 -4.775800000000000267e+01 -1.730300000000000082e+01 -1.640000000000000069e-01
-4.413600000000000279e+01 -9.311100000000000421e+01 -2.802899999999999991e+01 -1.680000000000000104e-01
-8.296599999999999397e+01 -1.234569999999999936e+02 -3.880400000000000205e+01 -1.710000000000000131e-01
-9.648699999999999477e+01 -1.162409999999999997e+02 -3.658800000000000097e+01 -1.370000000000000107e-01
-8.885899999999999466e+01 -9.128900000000000148e+01 -2.428099999999999881e+01 -4.499999999999999833e-02
-6.581399999999999295e+01 -7.207200000000000273e+01 -1.362100000000000044e+01 7.599999999999999811e-02
-4.222099999999999653e+01 -5.779299999999999926e+01 -9.548999999999999488e+00 1.509999999999999953e-01
-3.434100000000000108e+01 -3.623799999999999955e+01 -6.262999999999999901e+00 1.600000000000000033e-01
-3.305299999999999727e+01 -7.187000000000000277e+00 -1.118000000000000105e+00 1.499999999999999944e-01
-1.127100000000000080e+01 1.564100000000000001e+01 -1.169000000000000039e+00 1.260000000000000009e-01
3.393500000000000227e+01 2.306099999999999994e+01 -7.365999999999999659e+00 4.700000000000000011e-02
6.356199999999999761e+01 2.174899999999999878e+01 -8.933999999999999275e+00 -6.199999999999999956e-02
4.177199999999999847e+01 2.216700000000000159e+01 -2.415000000000000036e+00 -1.199999999999999956e-01
-1.154599999999999937e+01 2.100400000000000134e+01 1.778999999999999915e+00 -1.100000000000000006e-01
-4.671999999999999886e+01 5.775000000000000355e+00 -2.584999999999999964e+00 -7.399999999999999634e-02
-5.017900000000000205e+01 -2.361400000000000077e+01 -9.778999999999999915e+00 -3.500000000000000333e-02
-4.465800000000000125e+01 -4.984599999999999653e+01 -1.369699999999999918e+01 -7.000000000000000146e-03
-4.056499999999999773e+01 -5.663900000000000290e+01 -1.219500000000000028e+01 -0.000000000000000000e+00
-2.765800000000000125e+01 -4.144899999999999807e+01 -3.009999999999999787e+00 7.000000000000000146e-03
-3.859999999999999876e+00 -9.239000000000000767e+00 1.124300000000000033e+01 5.399999999999999939e-02
1.523199999999999932e+01 3.386599999999999966e+01 2.036599999999999966e+01 9.400000000000000022e-02
1.414000000000000057e+01 7.701900000000000546e+01 1.780399999999999849e+01 3.699999999999999817e-02
-1.685000000000000053e+00 1.081760000000000019e+02 7.443999999999999950e+00 -9.400000000000000022e-02
-6.508000000000000007e+00 1.275310000000000059e+02 -2.216000000000000192e+00 -1.739999999999999880e-01
1.916199999999999903e+01 1.430600000000000023e+02 -4.591999999999999638e+00 -1.439999999999999891e-01
6.867199999999999704e+01 1.507179999999999893e+02 1.006999999999999895e+00 -3.599999999999999728e-02
1.181979999999999933e+02 1.392640000000000100e+02 8.878000000000000114e+00 9.900000000000000466e-02
1.449250000000000114e+02 1.132120000000000033e+02 1.295400000000000063e+01 1.859999999999999987e-01
1.369720000000000084e+02 8.802200000000000557e+01 1.144100000000000072e+01 1.519999999999999962e-01
9.751999999999999602e+01 6.380199999999999960e+01 5.121000000000000441e+00 2.400000000000000050e-02
4.114300000000000068e+01 2.550600000000000023e+01 -3.504000000000000004e+00 -8.799999999999999489e-02
-1.687300000000000111e+01 -2.677799999999999869e+01 -9.099000000000000199e+00 -1.229999999999999982e-01
-6.312500000000000000e+01 -6.685999999999999943e+01 -6.358999999999999986e+00 -1.059999999999999970e-01
-8.325799999999999557e+01 -7.625499999999999545e+01 3.337000000000000188e+00 -5.500000000000000028e-02
-7.449800000000000466e+01 -7.437999999999999545e+01 9.358000000000000540e+00 2.400000000000000050e-02
-5.732600000000000051e+01 -9.005800000000000693e+01 3.067000000000000171e+00 8.000000000000000167e-02
-5.614300000000000068e+01 -1.142409999999999997e+02 -7.229000000000000092e+00 5.399999999999999939e-02
-7.290600000000000591e+01 -1.132519999999999953e+02 -4.929000000000000270e+00 -2.500000000000000139e-02
-9.021800000000000352e+01 -8.063200000000000500e+01 1.034600000000000009e+01 -5.800000000000000294e-02
-9.604600000000000648e+01 -4.444200000000000017e+01 2.160999999999999943e+01 -0.000000000000000000e+00
-9.934199999999999875e+01 -2.871600000000000108e+01 1.783599999999999852e+01 7.000000000000000666e-02
-1.102579999999999956e+02 -3.092299999999999827e+01 7.190999999999999837e+00 7.099999999999999367e-02
-1.069819999999999993e+02 -3.247099999999999653e+01 6.408000000000000362e+00 3.500000000000000333e-02
-5.680799999999999983e+01 -1.790099999999999980e+01 1.892899999999999849e+01 3.599999999999999728e-02
2.386899999999999977e+01 1.105499999999999972e+01 2.703300000000000125e+01 5.700000000000000205e-02
7.541299999999999670e+01 3.570199999999999818e+01 1.498600000000000065e+01 4.599999999999999922e-02
6.845399999999999352e+01 3.617099999999999937e+01 -6.793999999999999595e+00 2.500000000000000139e-02
3.307800000000000296e+01 8.715999999999999304e+00 -1.586899999999999977e+01 4.800000000000000100e-02
1.577599999999999980e+01 -2.331500000000000128e+01 -7.187999999999999723e+00 9.400000000000000022e-02
3.310699999999999932e+01 -2.372700000000000031e+01 4.383000000000000007e+00 1.219999999999999973e-01
6.126599999999999824e+01 8.746000000000000441e+00 2.149999999999999911e+00 1.529999999999999971e-01
6.387199999999999989e+01 2.833399999999999963e+01 -1.756599999999999895e+01 2.129999999999999949e-01
3.571600000000000108e+01 8.281000000000000583e+00 -4.068999999999999773e+01 2.580000000000000071e-01
5.639000000000000234e+00 -1.805999999999999872e+01 -4.525399999999999778e+01 2.369999999999999885e-01
-8.522000000000000242e+00 -1.463100000000000023e+01 -2.100100000000000122e+01 1.499999999999999944e-01
-1.680699999999999861e+01 5.432999999999999829e+00 2.187300000000000111e+01 1.700000000000000122e-02
-2.257799999999999940e+01 1.515199999999999925e+01 5.878300000000000125e+01 -1.469999999999999918e-01
-1.283399999999999963e+01 1.634400000000000119e+01 6.422799999999999443e+01 -3.370000000000000218e-01
8.733999999999999986e+00 2.077700000000000102e+01 3.391400000000000148e+01 -5.370000000000000329e-01
2.223499999999999943e+01 2.425799999999999912e+01 -4.110999999999999766e+00 -6.330000000000000071e-01
2.730099999999999838e+01 2.208599999999999852e+01 -1.523700000000000010e+01 -4.919999999999999929e-01
3.579999999999999716e+01 2.239300000000000068e+01 3.636000000000000121e+00 -2.079999999999999905e-01
3.920799999999999841e+01 2.853000000000000114e+01 2.326999999999999957e+01 -3.500000000000000333e-02
2.653900000000000148e+01 3.184199999999999875e+01 1.839799999999999969e+01 -3.200000000000000067e-02
1.298900000000000077e+01 2.943900000000000006e+01 -6.998999999999999666e+00 -3.500000000000000333e-02
1.099799999999999933e+01 3.068499999999999872e+01 -3.121199999999999974e+01 3.899999999999999994e-02
2.153000000000000025e+00 4.228199999999999648e+01 -3.916700000000000159e+01 1.229999999999999982e-01
-2.605799999999999983e+01 5.914399999999999835e+01 -2.999200000000000088e+01 1.610000000000000042e-01
-4.635300000000000153e+01 7.065099999999999625e+01 -1.111400000000000077e+01 1.400000000000000133e-01
-3.261899999999999977e+01 6.502200000000000557e+01 5.687000000000000277e+00 4.100000000000000172e-02
-2.516000000000000014e+00 3.467900000000000205e+01 1.153700000000000081e+01 -1.300000000000000044e-01
2.120799999999999841e+01 -8.063000000000000611e+00 1.067300000000000004e+01 -2.650000000000000133e-01
4.859799999999999898e+01 -3.428300000000000125e+01 1.225999999999999979e+01 -2.389999999999999902e-01
8.356799999999999784e+01 -3.019500000000000028e+01 1.408600000000000030e+01 -6.400000000000000133e-02
9.924599999999999511e+01 -1.155199999999999960e+01 9.505000000000000782e+00 1.079999999999999988e-01
7.952400000000000091e+01 -2.282999999999999918e+00 1.419999999999999929e+00 1.620000000000000051e-01
4.123799999999999955e+01 -9.807000000000000384e+00 -4.301999999999999602e+00 1.100000000000000006e-01
1.000200000000000067e+01 -1.974399999999999977e+01 -7.131999999999999673e+00 3.099999999999999978e-02
6.375000000000000000e+00 -8.747999999999999332e+00 -5.817999999999999616e+00 -5.000000000000000104e-03
4.026400000000000290e+01 3.208500000000000085e+01 2.373000000000000220e+00 4.100000000000000172e-02
8.926200000000000045e+01 8.162000000000000455e+01 1.217699999999999960e+01 1.380000000000000115e-01
1.048550000000000040e+02 1.038280000000000030e+02 1.350999999999999979e+01 2.039999999999999869e-01
6.764499999999999602e+01 8.425300000000000011e+01 6.714000000000000412e+00 2.139999999999999958e-01
1.435200000000000031e+01 4.404599999999999937e+01 2.029999999999999805e+00 2.250000000000000056e-01
-1.060699999999999932e+01 1.350699999999999967e+01 3.846000000000000085e+00 2.469999999999999973e-01
-7.480999999999999872e+00 -4.229999999999999871e-01 7.083999999999999631e+00 2.190000000000000002e-01
-9.480000000000000426e+00 -1.505499999999999972e+01 5.509000000000000341e+00 1.270000000000000018e-01
-3.668599999999999994e+01 -4.448700000000000188e+01 -5.336999999999999744e+00 4.299999999999999656e-02
-7.366700000000000159e+01 -7.697799999999999443e+01 -2.349299999999999855e+01 1.799999999999999864e-02
-8.876399999999999579e+01 -8.498199999999999932e+01 -3.431400000000000006e+01 2.999999999999999889e-02
-7.240900000000000603e+01 -6.113199999999999790e+01 -2.684799999999999898e+01 3.599999999999999728e-02
-4.830400000000000205e+01 -3.437299999999999756e+01 -1.417699999999999960e+01 1.000000000000000021e-03
-4.114999999999999858e+01 -3.619800000000000040e+01 -1.389899999999999913e+01 -9.400000000000000022e-02
-4.758899999999999864e+01 -6.270300000000000296e+01 -1.990500000000000114e+01 -1.930000000000000049e-01
-5.003199999999999648e+01 -8.845300000000000296e+01 -1.774299999999999855e+01 -2.149999999999999967e-01
-4.556600000000000250e+01 -9.991200000000000614e+01 -9.849000000000000199e+00 -1.620000000000000051e-01
-4.520300000000000296e+01 -9.444199999999999307e+01 -4.740999999999999659e+00 -8.300000000000000433e-02
-5.194899999999999807e+01 -6.900000000000000000e+01 1.779999999999999916e-01 7.000000000000000146e-03
-6.021500000000000341e+01 -3.307399999999999807e+01 6.410999999999999588e+00 8.300000000000000433e-02
-7.550799999999999557e+01 -1.404700000000000060e+01 -7.830000000000000293e-01 8.200000000000000344e-02
-1.072579999999999956e+02 -2.725000000000000000e+01 -3.239999999999999858e+01 2.400000000000000050e-02
-1.337529999999999859e+02 -4.851400000000000290e+01 -6.395400000000000063e+01 1.099999999999999936e-02
-1.075879999999999939e+02 -3.822200000000000131e+01 -5.297500000000000142e+01 6.500000000000000222e-02
-1.977799999999999869e+01 2.495000000000000107e+00 1.342999999999999972e+00 8.300000000000000433e-02
7.132200000000000273e+01 2.714499999999999957e+01 4.725500000000000256e+01 -3.000000000000000062e-03
1.056940000000000026e+02 1.173199999999999932e+01 4.647800000000000153e+01 -1.029999999999999943e-01
8.938500000000000512e+01 -9.887999999999999901e+00 1.906099999999999994e+01 -5.700000000000000205e-02
6.529500000000000171e+01 -2.248000000000000220e+00 5.525000000000000355e+00 1.310000000000000053e-01
4.850500000000000256e+01 2.111700000000000088e+01 1.525799999999999912e+01 2.560000000000000053e-01
2.585600000000000165e+01 2.747299999999999898e+01 2.804700000000000060e+01 1.670000000000000095e-01
-8.916999999999999815e+00 1.115700000000000003e+01 2.605900000000000105e+01 -3.599999999999999728e-02
-4.604800000000000182e+01 -8.721999999999999531e+00 1.169500000000000028e+01 -1.509999999999999953e-01
-6.730500000000000682e+01 -1.641100000000000136e+01 -1.439999999999999891e-01 -1.199999999999999956e-01
-5.679099999999999682e+01 -1.199000000000000021e+01 4.299999999999999933e-01 -4.599999999999999922e-02
-1.836799999999999855e+01 -3.568000000000000060e+00 1.026500000000000057e+01 -2.699999999999999969e-02
2.345499999999999829e+01 4.166999999999999815e+00 1.899899999999999878e+01 -2.999999999999999889e-02
4.893399999999999750e+01 1.332000000000000028e+01 2.045400000000000063e+01 3.699999999999999817e-02
5.652700000000000102e+01 2.344999999999999929e+01 1.596000000000000085e+01 1.539999999999999980e-01
4.924499999999999744e+01 2.381099999999999994e+01 7.766000000000000014e+00 1.910000000000000031e-01
2.764099999999999824e+01 7.892000000000000348e+00 -2.858999999999999986e+00 9.700000000000000289e-02
-6.430000000000000160e-01 -1.173300000000000054e+01 -1.165600000000000058e+01 -3.099999999999999978e-02
-1.897800000000000153e+01 -1.598099999999999987e+01 -1.431300000000000061e+01 -9.099999999999999756e-02
-1.531799999999999962e+01 3.634999999999999787e+00 -1.325600000000000023e+01 -1.069999999999999979e-01
6.230999999999999872e+00 4.442699999999999960e+01 -1.507499999999999929e+01 -1.630000000000000060e-01
3.168700000000000117e+01 9.577100000000000080e+01 -2.066000000000000014e+01 -2.359999999999999876e-01
4.890599999999999881e+01 1.400109999999999957e+02 -2.446600000000000108e+01 -1.950000000000000067e-01
4.952799999999999869e+01 1.584610000000000127e+02 -2.301000000000000156e+01 -1.400000000000000029e-02
3.687700000000000244e+01 1.438379999999999939e+02 -1.456400000000000006e+01 1.350000000000000089e-01
3.171199999999999974e+01 1.071590000000000060e+02 3.636000000000000121e+00 1.350000000000000089e-01
4.202300000000000324e+01 6.518300000000000693e+01 2.428399999999999892e+01 8.500000000000000611e-02
3.915599999999999881e+01 2.182199999999999918e+01 2.922400000000000020e+01 7.399999999999999634e-02
1.258000000000000007e+00 -2.529299999999999926e+01 1.594899999999999984e+01 3.599999999999999728e-02
-4.097299999999999898e+01 -6.390299999999999869e+01 5.875000000000000000e+00 -5.000000000000000278e-02
-4.508700000000000330e+01 -7.709999999999999432e+01 1.061599999999999966e+01 -9.700000000000000289e-02
-2.226000000000000156e+01 -7.156100000000000705e+01 1.457799999999999940e+01 -7.799999999999999989e-02
-1.703399999999999892e+01 -6.838299999999999557e+01 5.025000000000000355e+00 -6.099999999999999867e-02
-3.581799999999999784e+01 -7.105899999999999750e+01 -6.786999999999999922e+00 -7.599999999999999811e-02
-4.012100000000000222e+01 -6.555400000000000205e+01 -6.524000000000000021e+00 -1.010000000000000064e-01
-9.442999999999999616e+00 -4.460399999999999920e+01 2.285000000000000142e+00 -1.170000000000000068e-01
2.760200000000000031e+01 -1.819399999999999906e+01 6.472999999999999865e+00 -1.250000000000000000e-01
3.617699999999999960e+01 -2.986000000000000210e+00 6.089999999999999858e-01 -1.400000000000000133e-01
2.153000000000000114e+01 -3.271999999999999797e+00 -5.639999999999999680e+00 -1.449999999999999900e-01
1.248300000000000054e+01 -6.721000000000000085e+00 3.924999999999999822e+00 -7.900000000000000078e-02
1.841000000000000014e+01 -3.342999999999999972e+00 2.809499999999999886e+01 7.199999999999999456e-02
3.010600000000000165e+01 2.734999999999999876e+00 3.874399999999999977e+01 2.059999999999999887e-01
4.859199999999999875e+01 3.923000000000000043e+00 1.525900000000000034e+01 2.039999999999999869e-01
7.681300000000000239e+01 -2.600000000000000089e+00 -1.951500000000000057e+01 8.500000000000000611e-02
9.012500000000000000e+01 -1.611100000000000065e+01 -2.935800000000000054e+01 -5.800000000000000294e-02
5.742499999999999716e+01 -2.898300000000000054e+01 -1.927899999999999991e+01 -1.890000000000000013e-01
-6.161999999999999922e+00 -2.832799999999999940e+01 -1.817899999999999849e+01 -2.760000000000000231e-01
-4.959100000000000108e+01 -1.212400000000000055e+01 -2.476000000000000156e+01 -2.260000000000000064e-01
-5.296999999999999886e+01 3.757000000000000117e+00 -1.689499999999999957e+01 -2.699999999999999969e-02
-4.429200000000000159e+01 3.927000000000000046e+00 3.374000000000000110e+00 1.449999999999999900e-01
-4.827799999999999869e+01 -5.977999999999999758e+00 1.284900000000000020e+01 1.189999999999999947e-01
-5.390800000000000125e+01 -4.206000000000000405e+00 3.254999999999999893e+00 -3.799999999999999906e-02
-3.812500000000000000e+01 1.949099999999999966e+01 -1.105300000000000082e+01 -1.170000000000000068e-01
-1.967000000000000082e+00 4.452199999999999847e+01 -1.536599999999999966e+01 -5.399999999999999939e-02
3.095700000000000074e+01 4.225999999999999801e+01 -7.086000000000000298e+00 3.899999999999999994e-02
4.393399999999999750e+01 1.731400000000000006e+01 8.792999999999999261e+00 9.900000000000000466e-02
3.402100000000000080e+01 -3.435000000000000053e+00 2.120799999999999841e+01 1.469999999999999918e-01
3.899999999999999911e+00 -1.674599999999999866e+01 1.774299999999999855e+01 1.789999999999999925e-01
-2.796099999999999852e+01 -3.539200000000000301e+01 1.155000000000000027e+00 1.829999999999999960e-01
-3.398799999999999955e+01 -4.716400000000000148e+01 -8.856999999999999318e+00 1.990000000000000102e-01
-1.382499999999999929e+01 -2.827499999999999858e+01 -7.189999999999999725e-01 2.349999999999999867e-01
2.063000000000000167e+00 8.996999999999999886e+00 1.293900000000000006e+01 2.379999999999999893e-01
-1.010399999999999920e+01 2.062900000000000134e+01 1.245800000000000018e+01 1.719999999999999862e-01
-4.539800000000000324e+01 -1.000799999999999912e+01 -3.794000000000000039e+00 5.199999999999999761e-02
-7.988100000000000023e+01 -4.517499999999999716e+01 -1.767099999999999937e+01 -6.900000000000000577e-02
-9.272799999999999443e+01 -4.407300000000000040e+01 -1.387599999999999945e+01 -1.419999999999999873e-01
-8.314799999999999613e+01 -1.757799999999999940e+01 -5.360000000000000320e-01 -1.859999999999999987e-01
-6.719700000000000273e+01 -3.887999999999999901e+00 1.879000000000000004e+00 -2.560000000000000053e-01
-5.791899999999999693e+01 -1.013299999999999912e+01 -1.079700000000000060e+01 -3.109999999999999987e-01
-4.684799999999999898e+01 -8.278000000000000469e+00 -2.273100000000000165e+01 -2.459999999999999964e-01
-9.066000000000000725e+00 2.286700000000000088e+01 -1.990200000000000102e+01 -8.000000000000000167e-02
5.822399999999999665e+01 7.029200000000000159e+01 -5.964000000000000412e+00 8.400000000000000522e-02
1.131159999999999997e+02 9.820900000000000318e+01 3.049999999999999822e+00 2.119999999999999940e-01
1.157609999999999957e+02 8.555299999999999727e+01 -1.548999999999999932e+00 3.170000000000000040e-01
8.181100000000000705e+01 5.011299999999999955e+01 -1.233099999999999952e+01 3.410000000000000253e-01
5.334499999999999886e+01 2.791900000000000048e+01 -1.725600000000000023e+01 2.340000000000000135e-01
3.893200000000000216e+01 3.432399999999999807e+01 -8.630000000000000782e+00 7.000000000000000666e-02
2.103500000000000014e+01 5.018999999999999773e+01 1.107499999999999929e+01 -2.000000000000000042e-02
5.190000000000000391e+00 4.410300000000000153e+01 2.498100000000000165e+01 -4.299999999999999656e-02
1.925199999999999889e+01 1.207699999999999996e+01 2.411499999999999844e+01 -1.290000000000000036e-01
5.861699999999999733e+01 -1.634799999999999898e+01 2.344900000000000162e+01 -2.610000000000000098e-01
7.588899999999999579e+01 -2.129700000000000060e+01 3.006700000000000017e+01 -2.580000000000000071e-01
4.889099999999999824e+01 -1.432799999999999940e+01 2.749299999999999855e+01 -1.000000000000000056e-01
1.102599999999999980e+01 -9.093999999999999417e+00 1.189300000000000068e+01 2.000000000000000042e-03
-9.919000000000000483e+00 -5.584999999999999964e+00 1.086000000000000076e+00 -5.800000000000000294e-02
-2.732000000000000028e+01 -8.246999999999999886e+00 -1.548999999999999932e+00 -1.499999999999999944e-01
-5.337400000000000233e+01 -2.696399999999999864e+01 -1.121599999999999930e+01 -1.570000000000000007e-01
-7.557699999999999818e+01 -5.427700000000000102e+01 -3.003900000000000148e+01 -1.350000000000000089e-01
-8.592100000000000648e+01 -6.597599999999999909e+01 -4.351500000000000057e+01 -1.620000000000000051e-01
-8.939600000000000080e+01 -4.888199999999999790e+01 -4.217900000000000205e+01 -1.910000000000000031e-01
-7.763400000000000034e+01 -1.031700000000000017e+01 -2.449399999999999977e+01 -1.120000000000000023e-01
-3.066000000000000014e+01 3.509599999999999653e+01 7.389999999999999680e+00 6.300000000000000044e-02
4.254500000000000171e+01 7.146099999999999852e+01 3.860099999999999909e+01 1.690000000000000113e-01
8.936599999999999966e+01 8.672199999999999420e+01 4.841400000000000148e+01 1.019999999999999934e-01
6.602100000000000080e+01 8.203400000000000603e+01 3.541499999999999915e+01 -2.900000000000000147e-02
-3.362999999999999989e+00 6.670799999999999841e+01 1.660399999999999920e+01 -7.299999999999999545e-02
-5.496999999999999886e+01 4.883800000000000097e+01 3.096999999999999975e+00 -2.699999999999999969e-02
-6.529000000000000625e+01 3.406099999999999994e+01 -5.349999999999999645e+00 3.200000000000000067e-02
-6.050900000000000034e+01 2.215299999999999869e+01 -8.829000000000000625e+00 6.800000000000000488e-02
-5.803199999999999648e+01 9.653999999999999915e+00 -6.650999999999999801e+00 9.800000000000000377e-02
-4.748499999999999943e+01 -2.280000000000000082e-01 -3.092000000000000082e+00 1.320000000000000062e-01
-2.632300000000000040e+01 -4.221000000000000085e+00 -2.475999999999999979e+00 1.400000000000000133e-01
-1.217699999999999960e+01 -1.217699999999999960e+01 -2.746999999999999886e+00 8.300000000000000433e-02
-1.196799999999999997e+01 -3.496399999999999864e+01 -7.930000000000000382e-01 -1.099999999999999936e-02
-5.876000000000000334e+00 -6.011200000000000188e+01 1.193000000000000060e+00 -4.599999999999999922e-02
2.736499999999999844e+01 -5.800200000000000244e+01 5.669999999999999485e-01 2.999999999999999889e-02
8.052800000000000580e+01 -2.238700000000000045e+01 1.069999999999999979e-01 1.489999999999999936e-01
1.155849999999999937e+02 9.692000000000000171e+00 2.501999999999999780e+00 2.200000000000000011e-01
9.487300000000000466e+01 -1.100000000000000006e-01 3.729000000000000092e+00 2.200000000000000011e-01
2.798400000000000176e+01 -4.156700000000000017e+01 -1.663999999999999924e+00 1.640000000000000069e-01
-2.711599999999999966e+01 -7.604800000000000182e+01 -1.200399999999999956e+01 7.000000000000000666e-02
-3.415999999999999659e+01 -8.955100000000000193e+01 -1.830099999999999838e+01 -6.000000000000000125e-03
-2.172400000000000020e+01 -9.327500000000000568e+01 -1.063899999999999935e+01 -1.600000000000000033e-02
-2.596199999999999974e+01 -9.274299999999999500e+01 1.221299999999999919e+01 1.499999999999999944e-02
-3.419899999999999807e+01 -8.729999999999999716e+01 3.477600000000000335e+01 2.299999999999999961e-02
-2.285800000000000054e+01 -8.044700000000000273e+01 3.444800000000000040e+01 1.000000000000000021e-02
-4.410000000000000142e+00 -7.109699999999999420e+01 8.740000000000000213e+00 3.200000000000000067e-02
4.380000000000000004e-01 -5.364800000000000324e+01 -1.756500000000000128e+01 9.900000000000000466e-02
1.276000000000000023e+00 -3.213600000000000279e+01 -2.073999999999999844e+01 1.400000000000000133e-01
1.824899999999999878e+01 -1.555000000000000071e+01 -4.919999999999999929e-01 1.039999999999999952e-01
4.322399999999999665e+01 -4.865999999999999659e+00 2.646900000000000119e+01 6.300000000000000044e-02
4.722599999999999909e+01 2.899999999999999800e-01 3.989699999999999847e+01 9.800000000000000377e-02
2.225000000000000000e+01 -4.963000000000000078e+00 2.823000000000000043e+01 1.580000000000000016e-01
-4.681000000000000050e+00 -1.882600000000000051e+01 4.319999999999999951e-01 1.439999999999999891e-01
2.879999999999999782e-01 -2.661499999999999844e+01 -2.033399999999999963e+01 4.399999999999999745e-02
4.569200000000000017e+01 -1.542399999999999949e+01 -2.121699999999999875e+01 -7.299999999999999545e-02
1.049369999999999976e+02 1.118999999999999950e+01 -1.067300000000000004e+01 -1.199999999999999956e-01
1.321930000000000121e+02 3.558800000000000097e+01 -3.583000000000000185e+00 -4.700000000000000011e-02
1.010100000000000051e+02 4.171600000000000108e+01 -4.972999999999999865e+00 6.400000000000000133e-02
3.606400000000000006e+01 3.103999999999999915e+01 -1.033999999999999986e+01 6.400000000000000133e-02
-1.068699999999999939e+01 1.908500000000000085e+01 -1.438899999999999935e+01 -4.900000000000000189e-02
-2.385500000000000043e+01 1.245599999999999952e+01 -1.660800000000000054e+01 -1.340000000000000080e-01
-3.789600000000000080e+01 7.520000000000000018e-01 -2.015399999999999991e+01 -1.360000000000000098e-01
-7.520600000000000307e+01 -2.180199999999999960e+01 -2.629700000000000060e+01 -1.229999999999999982e-01
-1.070909999999999940e+02 -4.108200000000000074e+01 -3.084799999999999898e+01 -1.400000000000000133e-01
-9.827200000000000557e+01 -4.101700000000000301e+01 -2.655799999999999983e+01 -1.469999999999999918e-01
-5.797699999999999676e+01 -2.493100000000000094e+01 -1.154700000000000060e+01 -1.280000000000000027e-01
-1.882900000000000063e+01 -4.320999999999999730e+00 3.571000000000000174e+00 -1.439999999999999891e-01
1.212899999999999956e+01 2.217999999999999972e+01 4.737000000000000099e+00 -1.920000000000000040e-01
4.974699999999999989e+01 5.801899999999999835e+01 -6.355000000000000426e+00 -1.219999999999999973e-01
8.798999999999999488e+01 8.839199999999999591e+01 -1.243299999999999983e+01 1.320000000000000062e-01
9.391100000000000136e+01 9.620099999999999341e+01 -3.476999999999999869e+00 3.689999999999999947e-01
5.456300000000000239e+01 8.924899999999999523e+01 1.063299999999999912e+01 3.679999999999999938e-01
4.996000000000000441e+00 8.760699999999999932e+01 1.464100000000000001e+01 1.829999999999999960e-01
-1.565000000000000036e+01 9.082399999999999807e+01 6.211999999999999744e+00 1.099999999999999936e-02
-1.653099999999999881e+01 8.086299999999999955e+01 -6.943999999999999950e+00 -8.899999999999999578e-02
-2.902499999999999858e+01 5.541400000000000148e+01 -1.851999999999999957e+01 -1.660000000000000087e-01
-4.905700000000000216e+01 3.568500000000000227e+01 -2.303699999999999903e+01 -2.169999999999999984e-01
-4.882500000000000284e+01 3.788000000000000256e+01 -1.448900000000000077e+01 -2.200000000000000011e-01
-2.870200000000000173e+01 5.366199999999999903e+01 4.722999999999999865e+00 -2.030000000000000138e-01
-1.430599999999999916e+01 6.249499999999999744e+01 2.169999999999999929e+01 -1.729999999999999871e-01
-1.665500000000000114e+01 5.202100000000000080e+01 2.575600000000000023e+01 -1.150000000000000050e-01
-2.877700000000000102e+01 2.318299999999999983e+01 1.670899999999999963e+01 -8.200000000000000344e-02
-4.332600000000000051e+01 -1.395400000000000063e+01 -1.400000000000000029e-02 -1.409999999999999865e-01
-5.164800000000000324e+01 -4.326500000000000057e+01 -1.749299999999999855e+01 -2.459999999999999964e-01
-4.736500000000000199e+01 -5.149199999999999733e+01 -2.666900000000000048e+01 -2.660000000000000142e-01
-3.913700000000000045e+01 -3.991899999999999693e+01 -1.964499999999999957e+01 -1.670000000000000095e-01
-3.552300000000000324e+01 -1.805000000000000071e+01 4.352000000000000313e+00 -4.599999999999999922e-02
-2.681200000000000117e+01 9.192999999999999616e+00 3.503999999999999915e+01 1.499999999999999944e-02
-1.228500000000000014e+01 3.080799999999999983e+01 5.249300000000000210e+01 2.400000000000000050e-02
-1.756800000000000139e+01 2.402299999999999969e+01 4.159300000000000352e+01 -4.000000000000000083e-03
-4.838600000000000279e+01 -1.213899999999999935e+01 1.066600000000000037e+01 -9.900000000000000466e-02
-6.675300000000000011e+01 -4.140999999999999659e+01 -1.345800000000000018e+01 -2.489999999999999991e-01
-4.886899999999999977e+01 -3.676299999999999812e+01 -1.574099999999999966e+01 -3.499999999999999778e-01
-2.439799999999999969e+01 -1.502999999999999936e+01 -9.554999999999999716e+00 -2.829999999999999738e-01
-2.921699999999999875e+01 -5.875000000000000000e+00 -1.340700000000000003e+01 -8.400000000000000522e-02
-5.497399999999999665e+01 -1.311599999999999966e+01 -2.065800000000000125e+01 5.700000000000000205e-02
-6.231199999999999761e+01 -1.644500000000000028e+01 -1.011200000000000010e+01 1.700000000000000122e-02
-2.126599999999999824e+01 6.929999999999999716e+00 1.960000000000000142e+01 -9.700000000000000289e-02
5.846900000000000119e+01 5.965500000000000114e+01 4.671399999999999864e+01 -9.900000000000000466e-02
1.243020000000000067e+02 1.119969999999999999e+02 5.255499999999999972e+01 6.199999999999999956e-02
1.283710000000000093e+02 1.234779999999999944e+02 3.549499999999999744e+01 2.570000000000000062e-01
8.429600000000000648e+01 8.434799999999999898e+01 7.123999999999999666e+00 3.240000000000000102e-01
4.653600000000000136e+01 2.389799999999999969e+01 -1.600900000000000034e+01 2.550000000000000044e-01
3.832399999999999807e+01 -2.505999999999999872e+01 -2.444000000000000128e+01 2.049999999999999878e-01
3.778699999999999903e+01 -5.418599999999999994e+01 -2.072200000000000131e+01 2.879999999999999782e-01
2.617599999999999838e+01 -6.895900000000000318e+01 -1.133300000000000018e+01 4.020000000000000240e-01
1.105199999999999960e+01 -7.268699999999999761e+01 -3.001999999999999780e+00 3.699999999999999956e-01
4.599000000000000199e+00 -7.079800000000000182e+01 -3.894000000000000128e+00 1.849999999999999978e-01
5.543999999999999595e+00 -7.008499999999999375e+01 -1.332900000000000063e+01 1.099999999999999936e-02
5.841000000000000192e+00 -6.532899999999999352e+01 -1.532099999999999973e+01 -2.500000000000000139e-02
7.714000000000000412e+00 -4.496699999999999875e+01 1.302999999999999936e+00 1.600000000000000033e-02
3.011299999999999955e+01 -1.253999999999999915e+01 2.453300000000000125e+01 -0.000000000000000000e+00
8.043899999999999295e+01 1.355599999999999916e+01 3.558899999999999864e+01 -5.399999999999999939e-02
1.177510000000000048e+02 1.826699999999999946e+01 2.950000000000000000e+01 4.000000000000000083e-03
8.981900000000000261e+01 -1.159999999999999920e+00 1.115700000000000003e+01 1.749999999999999889e-01
1.339799999999999969e+01 -3.438799999999999812e+01 -9.080000000000000071e+00 2.670000000000000151e-01
-4.219899999999999807e+01 -6.321500000000000341e+01 -1.641499999999999915e+01 1.900000000000000022e-01
-4.605199999999999960e+01 -7.463599999999999568e+01 -6.262999999999999901e+00 7.499999999999999722e-02
-2.256099999999999994e+01 -6.740399999999999636e+01 8.330999999999999517e+00 4.700000000000000011e-02
-2.029999999999999805e+00 -4.977900000000000347e+01 1.086299999999999955e+01 6.700000000000000400e-02
-1.921000000000000041e+00 -3.768500000000000227e+01 -5.314000000000000057e+00 2.800000000000000058e-02
-2.832799999999999940e+01 -4.411299999999999955e+01 -3.383200000000000074e+01 -7.799999999999999989e-02
-6.321300000000000097e+01 -5.873499999999999943e+01 -5.539900000000000091e+01 -1.680000000000000104e-01
-7.246599999999999397e+01 -5.213600000000000279e+01 -4.958800000000000097e+01 -1.769999999999999907e-01
-4.581000000000000227e+01 -1.686199999999999832e+01 -1.738599999999999923e+01 -1.140000000000000041e-01
-9.367000000000000881e+00 1.520500000000000007e+01 1.848199999999999932e+01 -1.700000000000000122e-02
1.291399999999999970e+01 1.924200000000000088e+01 4.105899999999999750e+01 9.600000000000000200e-02
2.376899999999999835e+01 1.578700000000000081e+01 4.784799999999999898e+01 1.769999999999999907e-01
2.985800000000000054e+01 3.467799999999999727e+01 3.537700000000000244e+01 1.360000000000000098e-01
3.072299999999999898e+01 6.634600000000000364e+01 6.147000000000000242e+00 -2.500000000000000139e-02
3.655499999999999972e+01 7.846099999999999852e+01 -1.680799999999999983e+01 -1.630000000000000060e-01
5.845400000000000063e+01 6.278300000000000125e+01 -1.316300000000000026e+01 -1.859999999999999987e-01
7.799500000000000455e+01 3.877199999999999847e+01 8.028000000000000469e+00 -1.449999999999999900e-01
6.131000000000000227e+01 2.064699999999999847e+01 2.329100000000000037e+01 -8.999999999999999667e-02
8.914999999999999147e+00 4.288000000000000256e+00 2.097100000000000009e+01 -1.400000000000000029e-02
-3.893399999999999750e+01 -1.646600000000000108e+01 5.533000000000000362e+00 6.400000000000000133e-02
-5.676400000000000290e+01 -3.961200000000000188e+01 -1.050099999999999945e+01 1.039999999999999952e-01
-6.232500000000000284e+01 -6.274399999999999977e+01 -1.679700000000000060e+01 9.500000000000000111e-02
-7.679099999999999682e+01 -8.696500000000000341e+01 -1.248000000000000043e+01 6.800000000000000488e-02
-9.117199999999999704e+01 -1.080190000000000055e+02 -4.304999999999999716e+00 4.700000000000000011e-02
-9.024599999999999511e+01 -1.133149999999999977e+02 -2.530000000000000027e-01 2.100000000000000130e-02
-7.924099999999999966e+01 -9.428700000000000614e+01 -3.565999999999999837e+00 -2.599999999999999881e-02
-6.830200000000000671e+01 -5.675500000000000256e+01 -1.140099999999999980e+01 -7.799999999999999989e-02
-5.349099999999999966e+01 -1.541900000000000048e+01 -2.171699999999999875e+01 -9.800000000000000377e-02
-2.785500000000000043e+01 1.744699999999999918e+01 -3.508700000000000330e+01 -5.999999999999999778e-02
6.839000000000000412e+00 3.848599999999999710e+01 -4.425300000000000011e+01 2.500000000000000139e-02
4.730899999999999750e+01 5.798799999999999955e+01 -3.281400000000000006e+01 1.250000000000000000e-01
8.546399999999999864e+01 9.158499999999999375e+01 5.801999999999999602e+00 2.200000000000000011e-01
9.327599999999999625e+01 1.289639999999999986e+02 5.030899999999999750e+01 2.630000000000000115e-01
4.721000000000000085e+01 1.304139999999999873e+02 6.339200000000000301e+01 1.789999999999999925e-01
-2.112199999999999989e+01 8.603100000000000591e+01 3.355700000000000216e+01 -7.000000000000000146e-03
-4.408200000000000074e+01 4.528000000000000114e+01 -4.964999999999999858e+00 -1.439999999999999891e-01
-2.595000000000000195e+00 4.951100000000000279e+01 -1.268900000000000006e+01 -1.429999999999999882e-01
5.146999999999999886e+01 7.420300000000000296e+01 6.974999999999999645e+00 -4.399999999999999745e-02
6.745000000000000284e+01 7.042600000000000193e+01 1.954899999999999949e+01 8.300000000000000433e-02
5.165200000000000102e+01 2.902499999999999858e+01 7.490000000000000213e+00 1.509999999999999953e-01
3.740100000000000335e+01 -1.818199999999999861e+01 -1.440799999999999947e+01 6.400000000000000133e-02
3.301100000000000279e+01 -3.811699999999999733e+01 -2.655699999999999861e+01 -1.489999999999999936e-01
2.737900000000000134e+01 -2.403699999999999903e+01 -2.689900000000000091e+01 -3.059999999999999942e-01
2.263100000000000023e+01 4.911999999999999922e+00 -2.262199999999999989e+01 -2.610000000000000098e-01
2.739600000000000080e+01 2.534299999999999997e+01 -1.635399999999999920e+01 -8.300000000000000433e-02
3.461399999999999721e+01 3.291599999999999682e+01 -7.676000000000000156e+00 2.900000000000000147e-02
3.371900000000000119e+01 3.819100000000000250e+01 1.167999999999999927e+00 -1.000000000000000021e-03
3.229500000000000171e+01 4.106099999999999994e+01 6.073999999999999844e+00 -5.099999999999999672e-02
3.927700000000000102e+01 3.014499999999999957e+01 5.280999999999999694e+00 1.000000000000000021e-03
3.128000000000000114e+01 1.005100000000000016e+01 2.218999999999999861e+00 1.089999999999999997e-01
-2.596699999999999875e+01 4.400000000000000022e-01 8.159999999999999476e-01 1.330000000000000071e-01
-1.106170000000000044e+02 2.016999999999999904e+00 -1.489000000000000101e+00 8.000000000000000167e-03
-1.476610000000000014e+02 -3.972999999999999865e+00 -7.043000000000000149e+00 -1.829999999999999960e-01
-1.038769999999999953e+02 -1.701999999999999957e+01 -9.496000000000000441e+00 -2.829999999999999738e-01
-3.314300000000000068e+01 -1.520599999999999952e+01 -4.655999999999999694e+00 -2.240000000000000047e-01
-3.633000000000000007e+00 2.976999999999999869e+00 -8.389999999999999680e-01 -8.999999999999999667e-02
-1.974200000000000088e+01 1.448600000000000065e+01 -7.078000000000000291e+00 -1.600000000000000033e-02
-3.503099999999999881e+01 1.504499999999999993e+01 -1.840399999999999991e+01 -3.099999999999999978e-02
-1.687999999999999901e+01 2.385200000000000031e+01 -2.049299999999999855e+01 -4.299999999999999656e-02
1.739300000000000068e+01 3.849000000000000199e+01 -8.297000000000000597e+00 2.500000000000000139e-02
2.570299999999999940e+01 3.057100000000000151e+01 5.708999999999999631e+00 1.019999999999999934e-01
-2.483000000000000096e+00 -4.443999999999999950e+00 8.696999999999999176e+00 6.700000000000000400e-02
-3.105999999999999872e+01 -3.363199999999999790e+01 5.541999999999999815e+00 -7.299999999999999545e-02
-3.078200000000000003e+01 -3.479299999999999926e+01 6.602999999999999758e+00 -1.920000000000000040e-01
-2.195200000000000173e+01 -2.790099999999999980e+01 7.269999999999999574e+00 -2.190000000000000002e-01
-3.495700000000000074e+01 -4.126899999999999835e+01 -1.602000000000000091e+00 -1.950000000000000067e-01
-5.545300000000000296e+01 -6.782999999999999829e+01 -1.216999999999999993e+01 -1.650000000000000078e-01
-4.832500000000000284e+01 -7.897599999999999909e+01 -9.054000000000000270e+00 -1.330000000000000071e-01
-1.653099999999999881e+01 -6.728799999999999670e+01 7.881999999999999673e+00 -1.100000000000000006e-01
2.387000000000000011e+00 -5.246099999999999852e+01 2.685699999999999932e+01 -1.089999999999999997e-01
-1.120199999999999996e+01 -5.409400000000000119e+01 3.870900000000000318e+01 -9.600000000000000200e-02
-3.834599999999999653e+01 -7.376099999999999568e+01 3.695400000000000063e+01 -3.899999999999999994e-02
-5.054299999999999926e+01 -9.950799999999999557e+01 1.947899999999999920e+01 2.100000000000000130e-02
-4.137299999999999756e+01 -1.165919999999999987e+02 -2.766999999999999904e+00 2.500000000000000139e-02
-2.104400000000000048e+01 -1.120120000000000005e+02 -1.313199999999999967e+01 -1.000000000000000021e-03
1.253400000000000070e+01 -7.988100000000000023e+01 -6.669999999999999929e+00 2.900000000000000147e-02
6.948799999999999955e+01 -2.841799999999999926e+01 7.567999999999999616e+00 1.429999999999999882e-01
1.281150000000000091e+02 2.392200000000000060e+01 1.640200000000000102e+01 2.780000000000000249e-01
1.429050000000000011e+02 6.123100000000000165e+01 1.160299999999999976e+01 3.569999999999999840e-01
1.091299999999999955e+02 7.971999999999999886e+01 -3.657000000000000028e+00 3.459999999999999742e-01
7.110699999999999932e+01 8.815300000000000580e+01 -1.656500000000000128e+01 2.550000000000000044e-01
5.593599999999999994e+01 9.725600000000000023e+01 -1.732900000000000063e+01 1.310000000000000053e-01
4.791299999999999670e+01 1.051219999999999999e+02 -8.928000000000000824e+00 5.099999999999999672e-02
2.986899999999999977e+01 9.615600000000000591e+01 -2.068999999999999950e+00 4.499999999999999833e-02
9.416999999999999815e+00 6.158599999999999852e+01 -3.326000000000000068e+00 6.600000000000000311e-02
2.245000000000000107e+00 1.715599999999999881e+01 -1.126200000000000045e+01 6.600000000000000311e-02
1.083300000000000018e+01 -1.311999999999999922e+01 -1.974299999999999855e+01 4.100000000000000172e-02
2.536899999999999977e+01 -2.319300000000000139e+01 -1.939499999999999957e+01 1.400000000000000029e-02
3.343800000000000239e+01 -1.807900000000000063e+01 -2.930000000000000160e+00 1.499999999999999944e-02
1.904599999999999937e+01 -1.979000000000000092e+00 2.131500000000000128e+01 5.800000000000000294e-02
-2.974399999999999977e+01 6.847000000000000419e+00 2.933299999999999841e+01 8.899999999999999578e-02
-9.698999999999999488e+01 -1.566300000000000026e+01 8.724999999999999645e+00 5.000000000000000278e-02
-1.395449999999999875e+02 -5.627199999999999847e+01 -2.047899999999999920e+01 -1.099999999999999936e-02
-1.223850000000000051e+02 -6.901699999999999591e+01 -2.705199999999999960e+01 3.000000000000000062e-03
-5.162500000000000000e+01 -3.657800000000000296e+01 -5.411999999999999922e+00 1.000000000000000056e-01
2.262000000000000099e+01 9.548999999999999488e+00 2.187300000000000111e+01 2.020000000000000129e-01
4.793999999999999773e+01 3.563199999999999790e+01 3.394899999999999807e+01 2.419999999999999929e-01
2.549899999999999878e+01 3.750099999999999767e+01 2.978399999999999892e+01 1.719999999999999862e-01
4.739999999999999769e-01 2.363299999999999912e+01 1.605399999999999849e+01 -2.000000000000000042e-02
-4.108999999999999986e+00 3.088000000000000078e+00 -4.009000000000000341e+00 -2.600000000000000089e-01
-3.274999999999999911e+00 -6.259999999999999787e+00 -2.228900000000000148e+01 -3.890000000000000124e-01
-5.950000000000000178e+00 9.242000000000000881e+00 -2.682100000000000151e+01 -3.170000000000000040e-01
-1.941999999999999948e+00 3.716199999999999903e+01 -1.866700000000000159e+01 -1.539999999999999980e-01
8.624000000000000554e+00 5.407699999999999818e+01 -1.041600000000000037e+01 -7.000000000000000666e-02
9.657000000000000028e+00 5.488000000000000256e+01 -5.887999999999999901e+00 -7.900000000000000078e-02
-5.089000000000000412e+00 4.841599999999999682e+01 3.523000000000000131e+00 -9.099999999999999756e-02
-2.658899999999999864e+01 3.530299999999999727e+01 2.047100000000000009e+01 -9.500000000000000111e-02
-5.014999999999999858e+01 9.679999999999999716e+00 3.088100000000000023e+01 -1.400000000000000133e-01
-7.446399999999999864e+01 -2.239799999999999969e+01 1.903900000000000148e+01 -2.000000000000000111e-01
-8.052299999999999613e+01 -4.120400000000000063e+01 -7.937999999999999723e+00 -1.970000000000000084e-01
-3.948499999999999943e+01 -2.988899999999999935e+01 -2.064199999999999946e+01 -1.140000000000000041e-01
4.033100000000000307e+01 5.679000000000000270e+00 -3.044999999999999929e+00 -3.000000000000000062e-03
9.454999999999999716e+01 3.154400000000000048e+01 2.082999999999999829e+01 6.500000000000000222e-02
7.552200000000000557e+01 2.071499999999999986e+01 1.839900000000000091e+01 3.899999999999999994e-02
3.085900000000000176e+01 -3.600999999999999979e+00 -1.000999999999999890e+00 -5.099999999999999672e-02
4.112100000000000222e+01 3.077999999999999847e+00 -1.536999999999999922e+00 -7.099999999999999367e-02
9.645000000000000284e+01 3.514999999999999858e+01 1.930900000000000105e+01 4.900000000000000189e-02
1.197120000000000033e+02 4.411500000000000199e+01 2.896300000000000097e+01 1.739999999999999880e-01
9.068300000000000693e+01 1.474900000000000055e+01 1.507300000000000040e+01 1.779999999999999916e-01
5.775699999999999790e+01 -1.810399999999999920e+01 -1.469999999999999918e-01 1.300000000000000044e-01
4.368200000000000216e+01 -2.824500000000000099e+01 -3.890000000000000124e-01 1.380000000000000115e-01
2.307600000000000051e+01 -2.746699999999999875e+01 6.017999999999999794e+00 1.729999999999999871e-01
-1.301200000000000045e+01 -3.194500000000000028e+01 7.559999999999999609e+00 1.499999999999999944e-01
-3.802900000000000347e+01 -3.764300000000000068e+01 3.216000000000000192e+00 8.599999999999999312e-02
-3.593200000000000216e+01 -3.983400000000000318e+01 -5.945999999999999730e+00 8.200000000000000344e-02
-1.889000000000000057e+01 -4.431400000000000006e+01 -2.152400000000000091e+01 1.610000000000000042e-01
-5.209999999999999964e+00 -4.700399999999999778e+01 -3.984899999999999665e+01 2.260000000000000064e-01
-1.197499999999999964e+01 -3.607999999999999829e+01 -4.861899999999999977e+01 2.089999999999999913e-01
-4.633599999999999852e+01 -2.293799999999999883e+01 -3.998799999999999955e+01 1.340000000000000080e-01
-7.945699999999999363e+01 -3.170899999999999963e+01 -2.170499999999999829e+01 3.899999999999999994e-02
-6.697100000000000364e+01 -5.675800000000000267e+01 -3.540999999999999925e+00 -4.100000000000000172e-02
-1.283300000000000018e+01 -6.870600000000000307e+01 1.879400000000000048e+01 -7.799999999999999989e-02
3.110999999999999943e+01 -5.020199999999999818e+01 4.744100000000000250e+01 -7.900000000000000078e-02
3.502600000000000335e+01 -5.612000000000000099e+00 6.190699999999999648e+01 -7.299999999999999545e-02
1.320199999999999996e+01 3.360199999999999676e+01 4.116499999999999915e+01 -7.499999999999999722e-02
-1.623000000000000043e+01 2.223499999999999943e+01 -2.318000000000000060e+00 -1.019999999999999934e-01
-4.272899999999999920e+01 -3.600699999999999790e+01 -3.567799999999999727e+01 -1.570000000000000007e-01
-4.827199999999999847e+01 -7.043999999999999773e+01 -4.346800000000000352e+01 -1.980000000000000093e-01
-2.547700000000000031e+01 -2.964900000000000091e+01 -3.185300000000000153e+01 -1.779999999999999916e-01
2.330999999999999961e+00 5.056000000000000227e+01 -1.087100000000000044e+01 -9.199999999999999845e-02
9.805999999999999162e+00 9.792900000000000205e+01 7.556000000000000050e+00 8.000000000000000167e-03
4.725999999999999979e+00 9.249599999999999511e+01 1.128500000000000014e+01 5.199999999999999761e-02
8.615000000000000213e+00 7.330599999999999739e+01 3.398000000000000131e+00 3.799999999999999906e-02
1.658899999999999864e+01 7.301900000000000546e+01 5.550000000000000488e-01 2.000000000000000042e-02
7.862000000000000099e+00 8.048499999999999943e+01 7.780999999999999694e+00 1.600000000000000033e-02
-1.540199999999999925e+01 7.015600000000000591e+01 1.063299999999999912e+01 -1.899999999999999953e-02
-3.457999999999999829e+01 4.178900000000000148e+01 -1.993999999999999995e+00 -8.999999999999999667e-02
-4.751899999999999835e+01 1.735000000000000142e+01 -2.245400000000000063e+01 -1.360000000000000098e-01
-5.915800000000000125e+01 1.124799999999999933e+01 -3.703499999999999659e+01 -1.300000000000000044e-01
-5.651400000000000290e+01 1.709400000000000119e+01 -4.056300000000000239e+01 -1.130000000000000032e-01
-2.858299999999999841e+01 1.963299999999999912e+01 -3.412400000000000233e+01 -9.500000000000000111e-02
4.841999999999999638e+00 1.325099999999999945e+01 -1.865599999999999881e+01 -3.599999999999999728e-02
1.532499999999999929e+01 7.929999999999999716e+00 5.325000000000000178e+00 5.800000000000000294e-02
9.551000000000000156e+00 1.313199999999999967e+01 3.322299999999999898e+01 1.250000000000000000e-01
1.856700000000000017e+01 1.886299999999999955e+01 5.165100000000000335e+01 1.499999999999999944e-01
3.700099999999999767e+01 3.600999999999999979e+00 4.665500000000000114e+01 1.700000000000000122e-01
1.746499999999999986e+01 -3.883700000000000330e+01 2.219300000000000139e+01 1.680000000000000104e-01
-5.038900000000000290e+01 -8.823099999999999454e+01 -1.391000000000000014e+00 9.800000000000000377e-02
-1.068970000000000056e+02 -1.187210000000000036e+02 -1.141300000000000026e+01 2.000000000000000042e-03
-1.030900000000000034e+02 -1.283249999999999886e+02 -1.312299999999999933e+01 -4.000000000000000083e-02
-6.389900000000000091e+01 -1.352800000000000011e+02 -1.534500000000000064e+01 -2.699999999999999969e-02
-3.603999999999999915e+01 -1.433180000000000121e+02 -1.782900000000000063e+01 -4.000000000000000083e-03
-1.710600000000000165e+01 -1.298770000000000095e+02 -1.460200000000000031e+01 3.200000000000000067e-02
2.721699999999999875e+01 -7.773499999999999943e+01 -3.446000000000000174e+00 8.999999999999999667e-02
9.504399999999999693e+01 -5.512999999999999901e+00 9.167999999999999261e+00 1.239999999999999991e-01
1.321310000000000002e+02 4.524399999999999977e+01 1.318500000000000050e+01 8.899999999999999578e-02
1.001490000000000009e+02 5.415800000000000125e+01 6.317000000000000171e+00 6.000000000000000125e-03
3.495700000000000074e+01 4.438400000000000034e+01 -3.795999999999999819e+00 -4.499999999999999833e-02
5.299999999999999850e-02 5.399300000000000210e+01 -8.973000000000000753e+00 -1.400000000000000029e-02
9.654999999999999361e+00 9.480500000000000682e+01 -4.796999999999999709e+00 7.099999999999999367e-02
3.594599999999999795e+01 1.457969999999999970e+02 1.034800000000000075e+01 1.310000000000000053e-01
5.658700000000000330e+01 1.726239999999999952e+02 2.860200000000000031e+01 1.089999999999999997e-01
6.618000000000000682e+01 1.517949999999999875e+02 3.296600000000000108e+01 4.000000000000000083e-02
6.936400000000000432e+01 9.653900000000000148e+01 1.627700000000000102e+01 1.700000000000000122e-02
7.078100000000000591e+01 5.679500000000000171e+01 -9.810999999999999943e+00 1.799999999999999864e-02
6.214600000000000080e+01 6.834300000000000352e+01 -2.762000000000000099e+01 -8.200000000000000344e-02
3.403699999999999903e+01 1.059569999999999936e+02 -2.686499999999999844e+01 -2.469999999999999973e-01
-2.617999999999999883e+00 1.120370000000000061e+02 -1.215300000000000047e+01 -2.849999999999999756e-01
-2.941300000000000026e+01 6.604000000000000625e+01 1.108000000000000096e+00 -1.829999999999999960e-01
-4.548599999999999710e+01 -9.030000000000000249e-01 5.336999999999999744e+00 -1.310000000000000053e-01
-6.317999999999999972e+01 -5.441599999999999682e+01 7.291000000000000369e+00 -1.829999999999999960e-01
-8.897499999999999432e+01 -8.722199999999999420e+01 1.310699999999999932e+01 -2.109999999999999931e-01
-1.150810000000000031e+02 -1.034449999999999932e+02 1.769399999999999906e+01 -1.670000000000000095e-01
-1.232750000000000057e+02 -1.038640000000000043e+02 1.048900000000000077e+01 -1.209999999999999964e-01
-1.003799999999999955e+02 -8.777700000000000102e+01 -1.046899999999999942e+01 -1.049999999999999961e-01
-5.428600000000000136e+01 -5.550000000000000000e+01 -3.070499999999999829e+01 -9.600000000000000200e-02
-7.964000000000000412e+00 -1.697700000000000031e+01 -3.301700000000000301e+01 -7.799999999999999989e-02
2.488200000000000145e+01 4.628999999999999559e+00 -1.819500000000000028e+01 -2.800000000000000058e-02
5.300500000000000256e+01 -2.535000000000000142e+00 -1.377000000000000002e+00 9.800000000000000377e-02
8.888800000000000523e+01 -2.216700000000000159e+01 7.067000000000000171e+00 2.899999999999999800e-01
1.155759999999999934e+02 -3.689399999999999835e+01 6.488000000000000433e+00 4.460000000000000075e-01
9.733799999999999386e+01 -4.936399999999999721e+01 2.900000000000000147e-02 4.580000000000000182e-01
3.847800000000000153e+01 -6.030299999999999727e+01 -7.504999999999999893e+00 3.260000000000000120e-01
-6.669999999999999929e+00 -5.614699999999999847e+01 -1.156600000000000072e+01 1.390000000000000124e-01
-5.009000000000000341e+00 -3.435799999999999699e+01 -1.252599999999999980e+01 -2.000000000000000042e-03
1.254800000000000004e+01 -1.730099999999999838e+01 -1.562700000000000067e+01 -3.599999999999999728e-02
1.294999999999999929e+00 -2.609700000000000131e+01 -2.268100000000000094e+01 1.200000000000000025e-02
-3.508299999999999841e+01 -5.011099999999999710e+01 -2.571199999999999974e+01 2.299999999999999961e-02
-5.663799999999999812e+01 -5.768500000000000227e+01 -1.451699999999999946e+01 -9.299999999999999933e-02
-4.431000000000000227e+01 -3.958400000000000318e+01 9.092000000000000526e+00 -2.939999999999999836e-01
-1.914799999999999969e+01 -2.233800000000000097e+01 2.903600000000000136e+01 -4.680000000000000271e-01
-7.317000000000000171e+00 -2.847400000000000020e+01 3.006200000000000117e+01 -5.140000000000000124e-01
-6.360999999999999766e+00 -4.710199999999999676e+01 1.300500000000000078e+01 -3.709999999999999964e-01
3.346999999999999975e+00 -5.778900000000000148e+01 -9.686999999999999389e+00 -8.599999999999999312e-02
2.094699999999999918e+01 -5.724399999999999977e+01 -2.706400000000000006e+01 1.509999999999999953e-01
2.212099999999999866e+01 -4.641499999999999915e+01 -2.917399999999999949e+01 1.839999999999999969e-01
2.105999999999999872e+00 -1.655499999999999972e+01 -5.700999999999999623e+00 7.299999999999999545e-02
-9.205999999999999517e+00 3.356700000000000017e+01 3.757900000000000063e+01 -3.000000000000000062e-03
9.779999999999999361e+00 8.031900000000000261e+01 7.085699999999999932e+01 1.200000000000000025e-02
4.095400000000000063e+01 9.044199999999999307e+01 6.893899999999999295e+01 2.699999999999999969e-02
4.567399999999999949e+01 5.517799999999999727e+01 4.063300000000000267e+01 -1.000000000000000021e-03
5.881999999999999673e+00 2.487999999999999989e+00 1.446000000000000085e+01 -1.099999999999999936e-02
-5.079899999999999949e+01 -2.969099999999999895e+01 6.608999999999999986e+00 2.400000000000000050e-02
-7.614400000000000546e+01 -2.656599999999999895e+01 1.429100000000000037e+01 5.399999999999999939e-02
-5.609199999999999875e+01 -6.300000000000000044e-02 2.706099999999999994e+01 7.799999999999999989e-02
-2.288899999999999935e+01 2.840200000000000102e+01 3.275200000000000244e+01 1.449999999999999900e-01
-1.256099999999999994e+01 4.256600000000000250e+01 1.993900000000000006e+01 2.489999999999999991e-01
-2.412999999999999901e+01 4.172099999999999653e+01 -1.073700000000000010e+01 3.119999999999999996e-01
-2.247200000000000131e+01 4.229200000000000159e+01 -3.489500000000000313e+01 2.740000000000000213e-01
1.450000000000000000e+01 5.578699999999999903e+01 -2.362800000000000011e+01 1.320000000000000062e-01
5.725300000000000011e+01 6.684699999999999420e+01 1.317999999999999972e+01 -5.700000000000000205e-02
5.771500000000000341e+01 5.413600000000000279e+01 3.024299999999999855e+01 -2.079999999999999905e-01
1.516699999999999982e+01 2.732499999999999929e+01 1.042399999999999949e+01 -2.590000000000000080e-01
-2.322500000000000142e+01 1.505400000000000027e+01 -1.298799999999999955e+01 -1.970000000000000084e-01
-2.506099999999999994e+01 1.970100000000000051e+01 -1.401399999999999935e+01 -6.199999999999999956e-02
-5.559999999999999609e+00 1.543999999999999950e+01 -8.192000000000000171e+00 3.500000000000000333e-02
4.235000000000000320e+00 -6.724999999999999645e+00 -1.289300000000000068e+01 2.199999999999999872e-02
-5.951999999999999957e+00 -2.426399999999999935e+01 -1.846399999999999864e+01 -4.000000000000000083e-02
-2.729299999999999926e+01 -2.151899999999999835e+01 -1.582799999999999940e+01 -6.199999999999999956e-02
-4.376500000000000057e+01 -1.139400000000000013e+01 -1.565600000000000058e+01 -6.199999999999999956e-02
-3.324799999999999756e+01 -6.605999999999999872e+00 -2.322599999999999909e+01 -7.699999999999999900e-02
1.532900000000000063e+01 1.058999999999999941e+00 -2.377100000000000080e+01 -5.500000000000000028e-02
7.152100000000000080e+01 1.742899999999999849e+01 -9.253999999999999559e+00 3.699999999999999817e-02
8.252100000000000080e+01 2.700600000000000023e+01 4.559000000000000163e+00 1.219999999999999973e-01
4.099699999999999989e+01 1.293399999999999928e+01 2.507000000000000117e+00 1.350000000000000089e-01
-2.979999999999999982e+00 -2.027499999999999858e+01 -8.984999999999999432e+00 1.219999999999999973e-01
-1.079700000000000060e+01 -5.139399999999999835e+01 -1.561899999999999977e+01 1.429999999999999882e-01
4.551000000000000156e+00 -6.086599999999999966e+01 -1.249799999999999933e+01 1.799999999999999933e-01
1.507499999999999929e+01 -4.537599999999999767e+01 -2.814999999999999947e+00 1.940000000000000058e-01
1.650100000000000122e+01 -1.687000000000000099e+01 6.863999999999999879e+00 1.869999999999999996e-01
1.767399999999999949e+01 1.247199999999999953e+01 8.409000000000000696e+00 1.580000000000000016e-01
1.463700000000000045e+01 3.568299999999999983e+01 -1.419000000000000039e+00 9.900000000000000466e-02
-6.346000000000000085e+00 4.504299999999999926e+01 -1.624500000000000099e+01 3.699999999999999817e-02
-4.468699999999999761e+01 3.807999999999999829e+01 -2.661700000000000088e+01 -8.000000000000000167e-03
-7.632399999999999807e+01 2.708500000000000085e+01 -2.836299999999999955e+01 -5.099999999999999672e-02
-7.005500000000000682e+01 2.674699999999999989e+01 -2.156500000000000128e+01 -1.089999999999999997e-01
-1.587599999999999945e+01 3.096399999999999864e+01 -7.442000000000000171e+00 -1.559999999999999998e-01
5.610600000000000165e+01 1.312899999999999956e+01 8.403000000000000469e+00 -1.549999999999999989e-01
9.726200000000000045e+01 -3.848899999999999721e+01 1.468599999999999994e+01 -1.189999999999999947e-01
8.808299999999999841e+01 -9.196699999999999875e+01 5.459999999999999964e+00 -6.700000000000000400e-02
4.628300000000000125e+01 -1.040570000000000022e+02 -9.464999999999999858e+00 1.099999999999999936e-02
-4.144999999999999574e+00 -7.819299999999999784e+01 -1.676200000000000045e+01 9.600000000000000200e-02
-4.271999999999999886e+01 -5.734799999999999898e+01 -1.768900000000000006e+01 1.209999999999999964e-01
-4.597699999999999676e+01 -6.104200000000000159e+01 -1.748400000000000176e+01 5.299999999999999850e-02
-6.931000000000000050e+00 -6.185699999999999932e+01 -9.041999999999999815e+00 -9.299999999999999933e-02
4.215400000000000347e+01 -2.923300000000000054e+01 1.093999999999999950e+01 -2.510000000000000009e-01
5.626400000000000290e+01 2.641799999999999926e+01 2.799800000000000111e+01 -2.919999999999999818e-01
2.837399999999999878e+01 6.753400000000000603e+01 3.067999999999999972e+01 -1.710000000000000131e-01
-1.148000000000000043e+01 7.909399999999999409e+01 2.480000000000000071e+01 -2.699999999999999969e-02
-3.818099999999999739e+01 8.628700000000000614e+01 2.027899999999999991e+01 2.199999999999999872e-02
-4.289600000000000080e+01 1.165739999999999981e+02 1.985000000000000142e+01 4.800000000000000100e-02
-2.545200000000000173e+01 1.577369999999999948e+02 1.788599999999999923e+01 1.340000000000000080e-01
-7.818999999999999950e+00 1.668950000000000102e+02 6.565999999999999837e+00 2.059999999999999887e-01
-2.015399999999999991e+01 1.185840000000000032e+02 -1.038199999999999967e+01 1.849999999999999978e-01
-4.788499999999999801e+01 3.743200000000000216e+01 -1.599799999999999933e+01 1.199999999999999956e-01
-4.253799999999999670e+01 -1.995799999999999841e+01 1.169000000000000039e+00 5.999999999999999778e-02
-1.140000000000000041e-01 -2.079700000000000060e+01 3.015800000000000125e+01 -3.300000000000000155e-02
2.937699999999999889e+01 8.587999999999999190e+00 4.478300000000000125e+01 -1.509999999999999953e-01
1.758999999999999986e+01 1.844000000000000128e+01 3.314500000000000313e+01 -2.129999999999999949e-01
-9.253999999999999559e+00 6.540000000000000258e-01 1.308900000000000041e+01 -1.950000000000000067e-01
-1.826099999999999923e+01 -1.313000000000000078e+01 5.203999999999999737e+00 -1.570000000000000007e-01
-1.054599999999999937e+01 -9.160999999999999588e+00 4.823999999999999844e+00 -1.429999999999999882e-01
-4.099999999999999645e+00 -5.211999999999999744e+00 -6.860000000000000542e-01 -1.310000000000000053e-01
-3.170000000000000040e-01 -1.086599999999999966e+01 -7.187999999999999723e+00 -6.500000000000000222e-02
1.653399999999999892e+01 -1.054599999999999937e+01 -5.778999999999999915e+00 8.400000000000000522e-02
4.720799999999999841e+01 3.982000000000000206e+00 3.500000000000000333e-02 2.760000000000000231e-01
6.119299999999999784e+01 9.201000000000000512e+00 4.125000000000000000e+00 3.960000000000000187e-01
3.346600000000000108e+01 -1.689099999999999824e+01 6.772999999999999687e+00 3.439999999999999725e-01
-1.697899999999999920e+01 -5.596200000000000330e+01 5.381000000000000227e+00 1.640000000000000069e-01
-4.934300000000000352e+01 -7.388599999999999568e+01 -4.929999999999999716e+00 1.700000000000000122e-02
-4.408299999999999841e+01 -6.560399999999999920e+01 -1.751899999999999835e+01 -0.000000000000000000e+00
-1.275699999999999967e+01 -4.993900000000000006e+01 -1.890200000000000102e+01 5.399999999999999939e-02
1.349499999999999922e+01 -3.889600000000000080e+01 -8.971999999999999531e+00 7.699999999999999900e-02
8.182000000000000384e+00 -3.249199999999999733e+01 -2.383000000000000007e+00 4.200000000000000261e-02
-2.175100000000000122e+01 -2.957999999999999829e+01 -8.253999999999999559e+00 -4.000000000000000083e-03
-4.365400000000000347e+01 -2.871699999999999875e+01 -1.932199999999999918e+01 -3.599999999999999728e-02
-3.720900000000000318e+01 -2.351099999999999923e+01 -2.237199999999999989e+01 -8.300000000000000433e-02
-6.453999999999999737e+00 -7.012999999999999901e+00 -1.258099999999999952e+01 -1.509999999999999953e-01
3.439999999999999858e+01 1.622200000000000131e+01 2.469999999999999973e-01 -1.990000000000000102e-01
6.602200000000000557e+01 3.103300000000000125e+01 -2.200000000000000011e-01 -2.059999999999999887e-01
6.933700000000000330e+01 3.124299999999999855e+01 -1.404499999999999993e+01 -1.960000000000000075e-01
4.425399999999999778e+01 2.623199999999999932e+01 -1.971799999999999997e+01 -1.839999999999999969e-01
1.252999999999999936e+01 2.175700000000000145e+01 -6.173000000000000043e+00 -1.570000000000000007e-01
-7.395999999999999908e+00 1.213599999999999923e+01 7.275000000000000355e+00 -9.700000000000000289e-02
-1.423000000000000043e+01 -1.060999999999999943e+00 2.869999999999999774e-01 -7.000000000000000146e-03
-1.124399999999999977e+01 -4.517999999999999794e+00 -1.886100000000000065e+01 4.499999999999999833e-02
-3.313000000000000167e+00 1.135999999999999899e+00 -2.928200000000000003e+01 -1.099999999999999936e-02
-4.687999999999999723e+00 -4.681000000000000050e+00 -2.651200000000000045e+01 -1.409999999999999865e-01
-2.463400000000000034e+01 -2.930399999999999849e+01 -2.034100000000000108e+01 -2.300000000000000100e-01
-5.078000000000000114e+01 -5.380599999999999739e+01 -1.447100000000000009e+01 -2.020000000000000129e-01
-6.712999999999999545e+01 -6.408400000000000318e+01 -4.118999999999999773e+00 -9.400000000000000022e-02
-7.260699999999999932e+01 -6.703300000000000125e+01 1.046499999999999986e+01 1.899999999999999953e-02
-6.217900000000000205e+01 -6.772599999999999909e+01 2.162800000000000011e+01 1.039999999999999952e-01
-1.945499999999999829e+01 -5.901500000000000057e+01 2.450199999999999889e+01 1.519999999999999962e-01
4.721600000000000108e+01 -4.191400000000000148e+01 2.178500000000000014e+01 1.260000000000000009e-01
9.337999999999999545e+01 -2.992899999999999849e+01 1.873100000000000165e+01 4.100000000000000172e-02
8.598199999999999932e+01 -2.750799999999999912e+01 1.556600000000000072e+01 2.999999999999999889e-02
4.224399999999999977e+01 -2.648900000000000077e+01 7.097000000000000419e+00 1.310000000000000053e-01
1.029599999999999937e+01 -2.063899999999999935e+01 -5.538999999999999702e+00 1.630000000000000060e-01
1.305799999999999983e+01 -8.090999999999999304e+00 -9.323000000000000398e+00 2.500000000000000139e-02
1.815500000000000114e+01 5.238000000000000433e+00 9.729999999999999760e-01 -1.170000000000000068e-01
-1.297300000000000075e+01 7.680000000000000160e-01 7.573000000000000398e+00 -1.179999999999999938e-01
-6.062299999999999756e+01 -2.790399999999999991e+01 -5.583999999999999631e+00 -6.400000000000000133e-02
-7.650499999999999545e+01 -5.275999999999999801e+01 -2.411799999999999855e+01 -4.399999999999999745e-02
-5.253399999999999892e+01 -4.263600000000000279e+01 -2.114000000000000057e+01 -1.700000000000000122e-02
-1.606299999999999883e+01 -1.893999999999999906e+00 4.445000000000000284e+00 4.499999999999999833e-02
8.804999999999999716e+00 4.235199999999999676e+01 2.652499999999999858e+01 9.099999999999999756e-02
9.259000000000000341e+00 6.960800000000000409e+01 2.588500000000000156e+01 8.799999999999999489e-02
-1.107300000000000040e+01 7.061700000000000443e+01 1.088599999999999923e+01 6.400000000000000133e-02
-2.593599999999999994e+01 4.816700000000000159e+01 8.090000000000000524e-01 4.599999999999999922e-02
-1.332699999999999996e+01 2.212000000000000099e+01 7.419999999999999929e-01 2.900000000000000147e-02
1.048199999999999932e+01 1.325900000000000034e+01 1.832000000000000073e+00 3.300000000000000155e-02
1.259600000000000009e+01 2.054599999999999937e+01 -2.016999999999999904e+00 9.199999999999999845e-02
-1.250000000000000000e-01 2.943299999999999983e+01 -7.416999999999999815e+00 1.749999999999999889e-01
7.815999999999999837e+00 3.446000000000000085e+01 -7.261999999999999567e+00 1.799999999999999933e-01
2.968299999999999983e+01 3.790299999999999869e+01 1.905999999999999917e+00 7.699999999999999900e-02
1.985600000000000165e+01 3.640500000000000114e+01 1.521499999999999986e+01 -1.499999999999999944e-02
-2.566799999999999926e+01 2.688400000000000034e+01 2.088599999999999923e+01 1.700000000000000122e-02
-5.563100000000000023e+01 1.834299999999999997e+01 1.118099999999999916e+01 1.199999999999999956e-01
-4.120499999999999829e+01 1.756700000000000017e+01 -7.038999999999999702e+00 1.590000000000000024e-01
-1.604599999999999937e+01 1.208900000000000041e+01 -1.819200000000000017e+01 1.110000000000000014e-01
-2.008800000000000097e+01 -6.011999999999999567e+00 -1.518900000000000006e+01 7.799999999999999989e-02
-4.211500000000000199e+01 -1.549799999999999933e+01 -5.250000000000000000e+00 1.019999999999999934e-01
-4.159599999999999653e+01 2.939000000000000057e+00 2.887999999999999901e+00 8.300000000000000433e-02
2.573999999999999844e+00 3.667900000000000205e+01 1.138799999999999990e+01 -4.399999999999999745e-02
7.816299999999999670e+01 6.627700000000000102e+01 2.417999999999999972e+01 -1.429999999999999882e-01
1.419809999999999945e+02 8.071999999999999886e+01 2.996499999999999986e+01 -5.700000000000000205e-02
1.444989999999999952e+02 6.307600000000000051e+01 1.526099999999999923e+01 8.000000000000000167e-02
9.345300000000000296e+01 1.395199999999999996e+01 -6.477999999999999758e+00 -2.199999999999999872e-02
5.831600000000000250e+01 -2.560000000000000142e+01 -8.603999999999999204e+00 -3.310000000000000164e-01
6.698399999999999466e+01 -2.613299999999999912e+01 4.176000000000000156e+00 -4.600000000000000200e-01
6.153099999999999881e+01 -1.541900000000000048e+01 -1.816000000000000059e+00 -2.310000000000000109e-01
1.457000000000000073e+00 -3.202000000000000313e+01 -3.515999999999999659e+01 5.500000000000000028e-02
-6.514799999999999613e+01 -6.497100000000000364e+01 -5.635199999999999676e+01 9.199999999999999845e-02
-7.797299999999999898e+01 -7.001999999999999602e+01 -2.657600000000000051e+01 -2.299999999999999961e-02
-5.041100000000000136e+01 -2.776099999999999923e+01 3.404699999999999704e+01 -5.000000000000000278e-02
-3.841100000000000136e+01 3.488499999999999801e+01 6.441500000000000625e+01 1.099999999999999936e-02
-5.677799999999999869e+01 7.745300000000000296e+01 4.157200000000000273e+01 -3.000000000000000062e-03
-6.877100000000000080e+01 8.482899999999999352e+01 4.959999999999999964e+00 -1.250000000000000000e-01
-5.564800000000000324e+01 6.639300000000000068e+01 -8.561999999999999389e+00 -2.320000000000000118e-01
-4.512299999999999756e+01 3.419500000000000028e+01 -6.125000000000000000e+00 -2.270000000000000073e-01
-5.402300000000000324e+01 2.179999999999999993e-01 -4.953000000000000291e+00 -1.340000000000000080e-01
-6.022099999999999653e+01 -2.083800000000000097e+01 -6.809999999999999609e+00 -6.099999999999999867e-02
-4.692099999999999937e+01 -2.417200000000000060e+01 -1.267200000000000060e+01 -6.199999999999999956e-02
-2.150600000000000023e+01 -1.737000000000000099e+01 -2.348400000000000176e+01 -6.400000000000000133e-02
9.436999999999999389e+00 -5.006999999999999673e+00 -2.653600000000000136e+01 1.799999999999999864e-02
4.393200000000000216e+01 1.405100000000000016e+01 -8.667999999999999261e+00 1.650000000000000078e-01
7.426200000000000045e+01 3.605499999999999972e+01 2.073300000000000054e+01 2.959999999999999853e-01
9.305400000000000205e+01 4.988300000000000267e+01 3.758899999999999864e+01 3.629999999999999893e-01
9.829600000000000648e+01 4.200000000000000000e+01 2.908500000000000085e+01 3.790000000000000036e-01
8.978100000000000591e+01 7.235000000000000320e+00 1.350999999999999979e+00 3.860000000000000098e-01
6.946500000000000341e+01 -3.853099999999999881e+01 -3.130600000000000094e+01 3.780000000000000027e-01
4.011099999999999710e+01 -6.909499999999999886e+01 -5.549099999999999966e+01 3.140000000000000013e-01
-8.329999999999999627e-01 -7.759900000000000375e+01 -6.325000000000000000e+01 2.099999999999999922e-01
-5.537500000000000000e+01 -8.090200000000000102e+01 -5.434199999999999875e+01 1.489999999999999936e-01
-1.045130000000000052e+02 -9.522100000000000364e+01 -3.252000000000000313e+01 1.630000000000000060e-01
-1.059440000000000026e+02 -1.189800000000000040e+02 -3.008999999999999897e+00 1.630000000000000060e-01
-3.937500000000000000e+01 -1.327290000000000134e+02 2.519800000000000040e+01 4.800000000000000100e-02
4.555499999999999972e+01 -1.130559999999999974e+02 4.701100000000000279e+01 -1.370000000000000107e-01
6.968399999999999750e+01 -6.184599999999999653e+01 6.595699999999999363e+01 -2.640000000000000124e-01
2.460000000000000142e+01 -1.555700000000000038e+01 7.276399999999999579e+01 -3.170000000000000040e-01
-1.708299999999999841e+01 -3.469999999999999751e-01 4.605299999999999727e+01 -3.609999999999999876e-01
-4.549999999999999822e+00 1.947999999999999954e+00 -1.639999999999999902e+00 -3.920000000000000151e-01
3.084499999999999886e+01 1.451200000000000045e+01 -2.449599999999999866e+01 -3.679999999999999938e-01
3.693299999999999983e+01 3.221200000000000330e+01 -8.173000000000000043e+00 -2.919999999999999818e-01
1.764499999999999957e+01 5.046000000000000085e+01 1.607600000000000051e+01 -1.749999999999999889e-01
1.676500000000000057e+01 7.646999999999999886e+01 2.362099999999999866e+01 -1.099999999999999936e-02
4.972599999999999909e+01 1.012560000000000002e+02 1.773900000000000077e+01 1.640000000000000069e-01
8.911100000000000421e+01 1.075469999999999970e+02 7.251000000000000334e+00 2.610000000000000098e-01
1.062999999999999972e+02 1.008160000000000025e+02 -3.515000000000000124e+00 2.500000000000000000e-01
8.840900000000000603e+01 9.381100000000000705e+01 -1.082499999999999929e+01 1.779999999999999916e-01
2.546499999999999986e+01 7.776900000000000546e+01 -1.544699999999999918e+01 7.000000000000000666e-02
-7.115300000000000580e+01 4.381400000000000006e+01 -2.196300000000000097e+01 -8.799999999999999489e-02
-1.432189999999999941e+02 1.217099999999999937e+01 -2.614999999999999858e+01 -2.240000000000000047e-01
-1.333360000000000127e+02 5.233999999999999986e+00 -1.735099999999999909e+01 -2.250000000000000056e-01
-6.446999999999999886e+01 6.235999999999999766e+00 -4.580000000000000182e-01 -1.110000000000000014e-01
-1.926099999999999923e+01 -1.946199999999999974e+01 6.714999999999999858e+00 -2.500000000000000139e-02
-3.307000000000000028e+01 -6.762399999999999523e+01 3.411000000000000032e+00 -4.200000000000000261e-02
-6.397800000000000153e+01 -9.603799999999999670e+01 4.378000000000000114e+00 -1.179999999999999938e-01
-7.191500000000000625e+01 -8.238400000000000034e+01 8.817999999999999616e+00 -1.690000000000000113e-01
-6.548000000000000398e+01 -4.720199999999999818e+01 2.515000000000000124e+00 -1.199999999999999956e-01
-6.452700000000000102e+01 -1.847299999999999898e+01 -1.465099999999999980e+01 3.799999999999999906e-02
-6.734300000000000352e+01 -2.968999999999999861e+00 -2.999299999999999855e+01 1.710000000000000131e-01
-6.036599999999999966e+01 7.177999999999999936e+00 -3.684899999999999665e+01 1.049999999999999961e-01
-2.935500000000000043e+01 1.986400000000000077e+01 -3.404699999999999704e+01 -1.260000000000000009e-01
3.170799999999999841e+01 3.443900000000000006e+01 -1.916400000000000148e+01 -2.780000000000000249e-01
9.637199999999999989e+01 4.092499999999999716e+01 5.206999999999999851e+00 -2.039999999999999869e-01
1.125669999999999931e+02 3.160000000000000142e+01 2.626500000000000057e+01 -3.300000000000000155e-02
6.522700000000000387e+01 1.104599999999999937e+01 2.961299999999999955e+01 5.899999999999999689e-02
1.346999999999999975e+00 -1.243699999999999939e+01 1.320199999999999996e+01 7.799999999999999989e-02
-3.073999999999999844e+01 -3.725399999999999778e+01 -8.166000000000000369e+00 1.130000000000000032e-01
-2.755699999999999861e+01 -5.715299999999999869e+01 -1.402599999999999980e+01 1.390000000000000124e-01
-8.371999999999999886e+00 -5.418599999999999994e+01 2.016999999999999904e+00 9.500000000000000111e-02
7.006999999999999673e+00 -2.626000000000000156e+01 2.169200000000000017e+01 2.000000000000000042e-02
7.139999999999999680e-01 -3.305000000000000160e+00 1.976800000000000068e+01 -2.400000000000000050e-02
-1.911700000000000088e+01 -7.291000000000000369e+00 -1.917000000000000037e+00 -6.099999999999999867e-02
-1.125300000000000011e+01 -1.604100000000000037e+01 -1.333300000000000018e+01 -7.299999999999999545e-02
4.053999999999999915e+01 3.666999999999999815e+00 2.311999999999999833e+00 1.799999999999999864e-02
8.917799999999999727e+01 4.381099999999999994e+01 2.480600000000000094e+01 1.759999999999999898e-01
8.313100000000000023e+01 6.398700000000000188e+01 2.373499999999999943e+01 2.530000000000000027e-01
3.224199999999999733e+01 4.614300000000000068e+01 -6.753999999999999559e+00 2.089999999999999913e-01
-1.741199999999999903e+01 1.684700000000000131e+01 -4.548700000000000188e+01 1.209999999999999964e-01
-4.206499999999999773e+01 7.533000000000000362e+00 -6.513400000000000034e+01 5.399999999999999939e-02
-4.579200000000000159e+01 1.233500000000000085e+01 -5.288000000000000256e+01 3.500000000000000333e-02
-3.519500000000000028e+01 7.078000000000000291e+00 -1.833599999999999852e+01 8.599999999999999312e-02
-1.563100000000000023e+01 -6.214999999999999858e+00 1.452200000000000024e+01 1.529999999999999971e-01
1.866999999999999993e+00 -4.415000000000000036e+00 2.728500000000000014e+01 1.219999999999999973e-01
7.533000000000000362e+00 1.611299999999999955e+01 2.322400000000000020e+01 8.000000000000000167e-03
4.139999999999999791e-01 3.062600000000000122e+01 1.936100000000000065e+01 -3.799999999999999906e-02
-1.034699999999999953e+01 1.943100000000000094e+01 2.362900000000000134e+01 1.000000000000000021e-02
-5.567999999999999616e+00 -5.557999999999999829e+00 2.780199999999999960e+01 -1.099999999999999936e-02
2.588800000000000168e+01 -1.824399999999999977e+01 2.157999999999999829e+01 -1.570000000000000007e-01
6.637399999999999523e+01 -1.210599999999999987e+01 9.974000000000000199e+00 -2.790000000000000258e-01
8.651500000000000057e+01 -3.270000000000000018e+00 7.506000000000000227e+00 -2.570000000000000062e-01
7.681900000000000261e+01 -8.522999999999999687e+00 9.592999999999999972e+00 -1.570000000000000007e-01
5.185399999999999920e+01 -2.817899999999999849e+01 -2.665000000000000036e+00 -6.800000000000000488e-02
3.139499999999999957e+01 -4.680599999999999739e+01 -2.225000000000000000e+01 4.100000000000000172e-02
2.130499999999999972e+01 -5.189699999999999847e+01 -2.341400000000000148e+01 1.769999999999999907e-01
1.550799999999999912e+01 -4.791899999999999693e+01 -8.214000000000000412e+00 2.159999999999999976e-01
1.168299999999999983e+01 -4.189399999999999835e+01 -8.299999999999999600e-01 9.900000000000000466e-02
1.098900000000000077e+01 -2.560000000000000142e+01 -5.089999999999999858e+00 -3.599999999999999728e-02
9.051000000000000156e+00 6.873000000000000220e+00 -6.008000000000000007e+00 -5.800000000000000294e-02
2.330999999999999961e+00 3.634899999999999665e+01 -4.119999999999999774e-01 -1.299999999999999940e-02
-3.301000000000000156e+00 4.023899999999999721e+01 1.635000000000000009e+00 -2.500000000000000139e-02
-1.586000000000000076e+00 2.506099999999999994e+01 -4.176999999999999602e+00 -1.110000000000000014e-01
2.173999999999999932e+00 1.430599999999999916e+01 -1.005599999999999916e+01 -1.680000000000000104e-01
-3.692000000000000171e+00 1.286400000000000077e+01 -6.881000000000000227e+00 -1.170000000000000068e-01
-2.163500000000000156e+01 1.840999999999999970e+00 9.160000000000000364e-01 1.000000000000000021e-03
-4.075699999999999790e+01 -2.992399999999999949e+01 3.270000000000000129e-01 8.000000000000000167e-02
-5.256000000000000227e+01 -6.339600000000000080e+01 -7.628999999999999559e+00 7.399999999999999634e-02
-6.157800000000000296e+01 -7.086700000000000443e+01 -8.388999999999999346e+00 -1.000000000000000021e-03
-7.035699999999999932e+01 -5.206600000000000250e+01 2.039999999999999869e-01 -8.400000000000000522e-02
-6.832800000000000296e+01 -3.324699999999999989e+01 3.584999999999999964e+00 -9.099999999999999756e-02
-4.771999999999999886e+01 -3.139199999999999946e+01 -5.197000000000000064e+00 -4.000000000000000083e-03
-1.927100000000000080e+01 -3.223899999999999721e+01 -1.447100000000000009e+01 8.799999999999999489e-02
-4.456999999999999851e+00 -9.444000000000000838e+00 -1.074000000000000021e+01 9.900000000000000466e-02
-1.125099999999999945e+01 4.161500000000000199e+01 4.317999999999999616e+00 5.000000000000000278e-02
-2.114799999999999969e+01 9.506300000000000239e+01 1.665099999999999980e+01 1.700000000000000122e-02
-1.390700000000000003e+01 1.191219999999999999e+02 1.644200000000000017e+01 2.699999999999999969e-02
4.060000000000000275e-01 1.099729999999999990e+02 1.134999999999999964e+01 4.800000000000000100e-02
-6.533999999999999808e+00 9.281000000000000227e+01 1.661899999999999977e+01 4.599999999999999922e-02
-4.274499999999999744e+01 8.326300000000000523e+01 2.865099999999999980e+01 -4.000000000000000083e-03
-8.074899999999999523e+01 6.772799999999999443e+01 2.680199999999999960e+01 -1.100000000000000006e-01
-8.230200000000000671e+01 3.361999999999999744e+01 9.942000000000000171e+00 -2.059999999999999887e-01
-4.103199999999999648e+01 -5.387999999999999901e+00 3.708000000000000185e+00 -1.950000000000000067e-01
8.430999999999999162e+00 -3.172599999999999909e+01 1.723699999999999832e+01 -9.500000000000000111e-02
2.633099999999999952e+01 -5.130700000000000216e+01 2.432700000000000173e+01 -8.000000000000000167e-03
1.159999999999999920e+00 -7.719899999999999807e+01 7.126999999999999780e+00 3.599999999999999728e-02
-4.005499999999999972e+01 -1.007379999999999995e+02 -1.208200000000000074e+01 8.400000000000000522e-02
-5.140100000000000335e+01 -1.043509999999999991e+02 -5.192999999999999616e+00 1.660000000000000087e-01
-2.118599999999999994e+01 -9.265600000000000591e+01 1.855699999999999861e+01 2.290000000000000091e-01
1.499000000000000021e+01 -8.165999999999999659e+01 2.583500000000000085e+01 1.690000000000000113e-01
3.525999999999999801e+01 -6.600600000000000023e+01 5.128999999999999559e+00 -2.400000000000000050e-02
5.734899999999999665e+01 -2.986899999999999977e+01 -2.132100000000000151e+01 -1.950000000000000067e-01
8.786799999999999500e+01 1.842399999999999949e+01 -3.044900000000000162e+01 -1.950000000000000067e-01
1.028479999999999990e+02 5.521300000000000097e+01 -2.298100000000000165e+01 -5.600000000000000117e-02
9.025600000000000023e+01 7.616400000000000148e+01 -1.095599999999999952e+01 9.099999999999999756e-02
7.024399999999999977e+01 9.692700000000000671e+01 1.929999999999999938e+00 1.869999999999999996e-01
6.674399999999999977e+01 1.257590000000000003e+02 1.714399999999999835e+01 2.439999999999999947e-01
8.002599999999999625e+01 1.495399999999999920e+02 2.763200000000000145e+01 2.510000000000000009e-01
8.989000000000000057e+01 1.469149999999999920e+02 2.241199999999999903e+01 1.859999999999999987e-01
7.621999999999999886e+01 1.136129999999999995e+02 2.729999999999999982e+00 8.000000000000000167e-02
3.737199999999999989e+01 7.002700000000000102e+01 -1.893299999999999983e+01 -1.099999999999999936e-02
-7.673000000000000043e+00 3.728499999999999659e+01 -3.143799999999999883e+01 -5.099999999999999672e-02
-3.991799999999999926e+01 1.118099999999999916e+01 -2.803000000000000114e+01 -2.599999999999999881e-02
-5.442300000000000182e+01 -2.799599999999999866e+01 -7.413000000000000256e+00 3.200000000000000067e-02
-4.800200000000000244e+01 -8.112999999999999545e+01 1.850700000000000145e+01 8.000000000000000167e-02
-2.244099999999999895e+01 -1.247510000000000048e+02 2.859700000000000131e+01 1.160000000000000059e-01
-3.484999999999999876e+00 -1.438249999999999886e+02 1.540900000000000070e+01 1.340000000000000080e-01
-1.456600000000000072e+01 -1.444360000000000070e+02 -5.371000000000000441e+00 7.900000000000000078e-02
-3.683100000000000307e+01 -1.302280000000000086e+02 -1.701999999999999957e+01 -7.199999999999999456e-02
-3.485399999999999920e+01 -9.726300000000000523e+01 -1.994300000000000139e+01 -2.270000000000000073e-01
-8.846999999999999531e+00 -5.247299999999999898e+01 -2.182900000000000063e+01 -2.700000000000000178e-01
8.221999999999999531e+00 -9.426000000000000156e+00 -2.404500000000000171e+01 -1.990000000000000102e-01
-3.952999999999999847e+00 2.914000000000000057e+01 -2.292699999999999960e+01 -1.079999999999999988e-01
-2.900199999999999889e+01 6.453600000000000136e+01 -1.662399999999999878e+01 -8.100000000000000255e-02
-3.503499999999999659e+01 8.765399999999999636e+01 -7.033000000000000362e+00 -1.290000000000000036e-01
-1.124900000000000055e+01 8.888400000000000034e+01 2.169000000000000039e+00 -1.719999999999999862e-01
1.744999999999999929e+01 7.591299999999999670e+01 6.605999999999999872e+00 -1.049999999999999961e-01
1.565499999999999936e+01 6.489900000000000091e+01 4.860000000000000320e+00 3.899999999999999994e-02
-1.563299999999999912e+01 5.622399999999999665e+01 3.996999999999999886e+00 9.900000000000000466e-02
-3.513900000000000290e+01 3.603199999999999648e+01 1.132099999999999973e+01 4.100000000000000172e-02
-1.942699999999999960e+01 2.197999999999999954e+00 1.819200000000000017e+01 1.499999999999999944e-02
3.720000000000000195e+00 -2.777400000000000091e+01 8.728999999999999204e+00 9.800000000000000377e-02
2.632000000000000117e+00 -3.753499999999999659e+01 -1.360599999999999987e+01 1.880000000000000004e-01
-8.205000000000000071e+00 -2.848199999999999932e+01 -2.787000000000000099e+01 2.049999999999999878e-01
1.707999999999999963e+00 -1.240900000000000070e+01 -2.233800000000000097e+01 1.580000000000000016e-01
2.416700000000000159e+01 3.073999999999999844e+00 -2.956999999999999851e+00 6.199999999999999956e-02
2.414699999999999847e+01 1.512299999999999933e+01 1.597000000000000064e+01 -8.599999999999999312e-02
-1.005199999999999960e+01 1.775600000000000023e+01 2.059100000000000108e+01 -2.139999999999999958e-01
-5.187800000000000011e+01 4.948999999999999844e+00 9.551000000000000156e+00 -2.240000000000000047e-01
-6.283800000000000097e+01 -1.905499999999999972e+01 -2.959999999999999964e+00 -1.310000000000000053e-01
-3.005300000000000082e+01 -4.352300000000000324e+01 -5.924999999999999822e+00 -2.199999999999999872e-02
1.509900000000000020e+01 -6.248799999999999955e+01 -4.592999999999999972e+00 9.400000000000000022e-02
2.557100000000000151e+01 -7.198199999999999932e+01 -7.926000000000000156e+00 2.379999999999999893e-01
-4.431000000000000050e+00 -6.571599999999999397e+01 -1.354700000000000060e+01 3.140000000000000013e-01
-3.122400000000000020e+01 -4.541899999999999693e+01 -1.150799999999999912e+01 2.129999999999999949e-01
-2.274299999999999855e+01 -2.587099999999999866e+01 6.870000000000000551e-01 -4.000000000000000083e-03
2.112000000000000099e+00 -1.696999999999999886e+01 1.238799999999999990e+01 -2.169999999999999984e-01
1.086100000000000065e+01 -8.423000000000000043e+00 1.310800000000000054e+01 -4.119999999999999774e-01
4.793999999999999595e+00 8.660999999999999588e+00 5.423000000000000043e+00 -5.540000000000000480e-01
1.117999999999999972e+01 1.635099999999999909e+01 -1.183999999999999941e+00 -5.010000000000000009e-01
4.050399999999999778e+01 -4.158999999999999808e+00 -2.483000000000000096e+00 -2.520000000000000018e-01
6.728499999999999659e+01 -3.561599999999999966e+01 -7.590000000000000080e-01 -2.999999999999999889e-02
6.473099999999999454e+01 -4.427400000000000091e+01 2.821000000000000174e+00 2.199999999999999872e-02
4.264300000000000068e+01 -2.588200000000000145e+01 9.891999999999999460e+00 -4.000000000000000083e-03
2.204299999999999926e+01 -9.118999999999999773e+00 1.551399999999999935e+01 2.000000000000000042e-03
-2.416999999999999815e+00 -1.390099999999999980e+01 9.478999999999999204e+00 2.199999999999999872e-02
-3.578900000000000148e+01 -2.485300000000000153e+01 -6.144000000000000128e+00 3.200000000000000067e-02
-5.176200000000000045e+01 -1.605600000000000094e+01 -1.516600000000000037e+01 7.000000000000000666e-02
-2.689799999999999969e+01 1.317800000000000082e+01 -7.384000000000000341e+00 1.320000000000000062e-01
2.021799999999999997e+01 3.908500000000000085e+01 1.056000000000000050e+01 1.570000000000000007e-01
4.664099999999999824e+01 3.976800000000000068e+01 2.257000000000000028e+01 1.270000000000000018e-01
2.475600000000000023e+01 1.634700000000000131e+01 1.566699999999999982e+01 7.499999999999999722e-02
-3.484799999999999898e+01 -7.091999999999999638e+00 -6.035999999999999588e+00 2.699999999999999969e-02
-8.478799999999999670e+01 -1.063499999999999979e+01 -2.058699999999999974e+01 2.000000000000000042e-03
-8.483199999999999363e+01 -5.184000000000000163e+00 -1.494999999999999929e+01 1.600000000000000033e-02
-5.060499999999999687e+01 -1.408699999999999974e+01 -2.801000000000000156e+00 3.500000000000000333e-02
-2.003600000000000136e+01 -3.128600000000000136e+01 -3.669999999999999929e-01 4.599999999999999922e-02
1.165000000000000036e+01 -2.497700000000000031e+01 -2.416999999999999815e+00 1.350000000000000089e-01
6.109199999999999875e+01 1.379700000000000060e+01 1.969999999999999973e+00 3.360000000000000209e-01
9.560500000000000398e+01 5.136200000000000188e+01 8.009000000000000341e+00 4.789999999999999813e-01
7.787999999999999545e+01 5.419200000000000017e+01 5.415000000000000036e+00 3.830000000000000071e-01
3.273199999999999932e+01 3.335099999999999909e+01 -3.064000000000000057e+00 1.310000000000000053e-01
4.375000000000000000e+00 2.238100000000000023e+01 -8.179999999999999716e+00 -7.099999999999999367e-02
-7.094999999999999751e+00 2.699599999999999866e+01 -9.551000000000000156e+00 -1.970000000000000084e-01
-1.536500000000000021e+01 2.904200000000000159e+01 -1.175999999999999979e+01 -3.310000000000000164e-01
-8.005000000000000782e+00 2.477400000000000091e+01 -1.253999999999999915e+01 -3.990000000000000213e-01
1.502399999999999913e+01 2.353800000000000026e+01 -4.576999999999999957e+00 -2.610000000000000098e-01
1.513799999999999990e+01 2.088599999999999923e+01 1.238000000000000078e+01 -3.200000000000000067e-02
-2.689999999999999858e+01 6.113000000000000433e+00 2.641300000000000026e+01 4.499999999999999833e-02
-6.999099999999999966e+01 -1.092399999999999949e+01 2.607799999999999940e+01 -2.500000000000000139e-02
-6.711299999999999955e+01 -8.933999999999999275e+00 1.562199999999999989e+01 -4.000000000000000083e-02
-2.884100000000000108e+01 1.068099999999999916e+01 7.038999999999999702e+00 3.599999999999999728e-02
-2.927999999999999936e+00 2.213599999999999923e+01 1.449000000000000066e+00 6.600000000000000311e-02
-9.071999999999999176e+00 9.608999999999999986e+00 -7.293000000000000149e+00 8.999999999999999320e-03
-2.064999999999999858e+01 -1.494100000000000072e+01 -1.726999999999999957e+01 -2.599999999999999881e-02
-5.402000000000000135e+00 -3.028099999999999881e+01 -2.133699999999999974e+01 3.599999999999999728e-02
3.594700000000000273e+01 -2.777700000000000102e+01 -1.819999999999999929e+01 1.250000000000000000e-01
7.273900000000000432e+01 -1.183000000000000007e+01 -1.051999999999999957e+01 1.330000000000000071e-01
8.040699999999999648e+01 1.165000000000000036e+01 1.171000000000000041e+00 8.300000000000000433e-02
6.798300000000000409e+01 3.842000000000000171e+01 1.381499999999999950e+01 8.599999999999999312e-02
5.877499999999999858e+01 5.889000000000000057e+01 1.700100000000000122e+01 1.610000000000000042e-01
5.325699999999999790e+01 6.208299999999999841e+01 6.472999999999999865e+00 2.020000000000000129e-01
3.416799999999999926e+01 5.021600000000000108e+01 -2.545999999999999819e+00 1.320000000000000062e-01
1.086999999999999966e+00 3.253699999999999903e+01 4.155999999999999694e+00 -1.799999999999999864e-02
-2.613800000000000168e+01 1.049099999999999966e+01 1.492699999999999960e+01 -1.650000000000000078e-01
-3.886200000000000188e+01 -8.702999999999999403e+00 1.416999999999999993e+01 -2.089999999999999913e-01
-5.079500000000000171e+01 -7.366999999999999993e+00 1.114000000000000057e+01 -9.400000000000000022e-02
-6.727700000000000102e+01 8.400000000000000355e+00 1.707300000000000040e+01 1.039999999999999952e-01
-6.676000000000000512e+01 6.839000000000000412e+00 1.914000000000000057e+01 2.169999999999999984e-01
-3.721699999999999875e+01 -1.837900000000000134e+01 3.869000000000000217e+00 1.880000000000000004e-01
-1.008200000000000074e+01 -3.763600000000000279e+01 -1.977400000000000091e+01 1.049999999999999961e-01
-1.910200000000000031e+01 -3.282099999999999795e+01 -3.527000000000000313e+01 2.999999999999999889e-02
-4.049799999999999756e+01 -1.417800000000000082e+01 -3.494599999999999795e+01 -7.199999999999999456e-02
-2.562600000000000122e+01 5.977000000000000313e+00 -2.240599999999999881e+01 -1.890000000000000013e-01
1.846600000000000108e+01 2.210099999999999909e+01 -1.240700000000000003e+01 -2.240000000000000047e-01
3.931700000000000017e+01 2.873300000000000054e+01 -1.646699999999999875e+01 -1.489999999999999936e-01
1.732900000000000063e+01 2.392399999999999949e+01 -2.389199999999999946e+01 -5.399999999999999939e-02
-1.635999999999999943e+01 8.875000000000000000e+00 -1.287299999999999933e+01 -8.000000000000000167e-03
-2.758999999999999986e+01 -1.229700000000000060e+01 1.914999999999999858e+01 3.099999999999999978e-02
-1.173199999999999932e+01 -2.375499999999999901e+01 4.832099999999999795e+01 1.110000000000000014e-01
1.471299999999999919e+01 -7.690000000000000391e+00 5.145700000000000074e+01 1.559999999999999998e-01
3.103500000000000014e+01 2.596300000000000097e+01 3.309100000000000108e+01 6.199999999999999956e-02
1.982999999999999829e+01 3.690699999999999648e+01 1.262400000000000055e+01 -1.059999999999999970e-01
-1.423499999999999943e+01 -1.390000000000000124e-01 -4.594999999999999751e+00 -1.459999999999999909e-01
-3.347399999999999665e+01 -5.624399999999999977e+01 -1.868700000000000117e+01 -8.000000000000000167e-03
-1.219899999999999984e+01 -8.097599999999999909e+01 -1.777400000000000091e+01 1.039999999999999952e-01
1.495199999999999996e+01 -6.788700000000000045e+01 -7.469999999999999973e-01 2.699999999999999969e-02
-5.814000000000000057e+00 -5.293399999999999750e+01 8.179000000000000270e+00 -1.390000000000000124e-01
-6.386599999999999966e+01 -5.484300000000000352e+01 -4.235999999999999766e+00 -2.230000000000000038e-01
-9.097899999999999920e+01 -5.377799999999999869e+01 -1.727799999999999869e+01 -2.109999999999999931e-01
-5.823499999999999943e+01 -2.898000000000000043e+01 -1.054800000000000004e+01 -1.570000000000000007e-01
-1.078899999999999970e+01 7.807999999999999829e+00 4.929999999999999716e+00 -8.100000000000000255e-02
1.239799999999999969e+01 2.773900000000000077e+01 7.304000000000000270e+00 -5.099999999999999672e-02
3.138100000000000023e+01 2.475199999999999889e+01 -3.153999999999999915e+00 -1.179999999999999938e-01
7.587300000000000466e+01 2.396399999999999864e+01 -7.306000000000000050e+00 -1.680000000000000104e-01
1.342570000000000050e+02 5.062800000000000011e+01 5.982999999999999652e+00 -4.299999999999999656e-02
1.611339999999999861e+02 9.882699999999999818e+01 2.629400000000000048e+01 1.719999999999999862e-01
1.143070000000000022e+02 1.312899999999999920e+02 3.147400000000000020e+01 2.109999999999999931e-01
2.970000000000000195e+00 1.169689999999999941e+02 1.140799999999999947e+01 -1.000000000000000021e-03
-9.545300000000000296e+01 7.127800000000000580e+01 -1.542300000000000004e+01 -2.250000000000000056e-01
-1.035630000000000024e+02 4.130199999999999960e+01 -2.018799999999999883e+01 -2.230000000000000038e-01
-3.727300000000000324e+01 4.479899999999999949e+01 -1.143000000000000016e+00 -2.699999999999999969e-02
1.285399999999999920e+01 4.928600000000000136e+01 1.534299999999999997e+01 1.409999999999999865e-01
2.027000000000000135e+00 2.371499999999999986e+01 1.279400000000000048e+01 1.239999999999999991e-01
-2.819200000000000017e+01 -2.060999999999999943e+01 1.874000000000000110e+00 -8.999999999999999320e-03
-3.771300000000000097e+01 -5.814200000000000301e+01 -3.584000000000000075e+00 -7.599999999999999811e-02
-3.664200000000000301e+01 -8.425300000000000011e+01 -6.644000000000000128e+00 -3.599999999999999728e-02
-3.381300000000000239e+01 -1.021260000000000048e+02 -1.494899999999999984e+01 5.000000000000000104e-03
-1.470100000000000051e+01 -1.043439999999999941e+02 -2.411199999999999832e+01 3.200000000000000067e-02
1.566499999999999915e+01 -8.810099999999999909e+01 -2.555699999999999861e+01 1.239999999999999991e-01
3.199299999999999855e+01 -6.753000000000000114e+01 -2.019000000000000128e+01 2.389999999999999902e-01
3.521699999999999875e+01 -5.485099999999999909e+01 -1.316999999999999993e+01 2.300000000000000100e-01
4.413199999999999790e+01 -4.578000000000000114e+01 -6.272999999999999687e+00 1.049999999999999961e-01
5.148799999999999955e+01 -3.295400000000000063e+01 -2.520999999999999908e+00 4.200000000000000261e-02
4.000000000000000000e+01 -1.791499999999999915e+01 -4.599000000000000199e+00 1.150000000000000050e-01
1.887099999999999866e+01 -6.051999999999999602e+00 -6.588000000000000078e+00 2.079999999999999905e-01
4.019000000000000128e+00 -2.044999999999999929e+00 -1.635000000000000009e+00 2.089999999999999913e-01
-6.488000000000000433e+00 -7.413000000000000256e+00 4.921999999999999709e+00 1.400000000000000133e-01
-1.347799999999999976e+01 -1.227599999999999980e+01 3.815999999999999837e+00 5.899999999999999689e-02
-7.689000000000000057e+00 3.294999999999999929e+00 -2.623000000000000220e+00 -3.799999999999999906e-02
8.521000000000000796e+00 4.373799999999999955e+01 -7.259999999999999787e+00 -1.459999999999999909e-01
1.910000000000000142e+01 7.645099999999999341e+01 -1.330400000000000027e+01 -1.869999999999999996e-01
1.617599999999999838e+01 5.921399999999999864e+01 -2.581400000000000006e+01 -1.140000000000000041e-01
4.891000000000000014e+00 -4.650999999999999801e+00 -3.361099999999999710e+01 -2.400000000000000050e-02
-7.541000000000000369e+00 -6.250900000000000034e+01 -1.938400000000000034e+01 -3.200000000000000067e-02
-1.665299999999999869e+01 -7.225199999999999534e+01 1.339000000000000057e+01 -1.010000000000000064e-01
-2.180000000000000071e+01 -4.408700000000000330e+01 4.181400000000000006e+01 -1.069999999999999979e-01
-2.421199999999999974e+01 -1.733200000000000074e+01 5.123899999999999721e+01 -3.599999999999999728e-02
-2.227299999999999969e+01 -1.608200000000000074e+01 4.570799999999999841e+01 7.000000000000000146e-03
-1.760999999999999943e+01 -3.477600000000000335e+01 3.252400000000000091e+01 -2.800000000000000058e-02
-2.321999999999999886e+01 -5.631600000000000250e+01 1.128400000000000070e+01 -9.900000000000000466e-02
-4.727900000000000347e+01 -7.383100000000000307e+01 -1.688500000000000156e+01 -1.859999999999999987e-01
-6.793800000000000239e+01 -8.706799999999999784e+01 -3.650000000000000000e+01 -2.969999999999999862e-01
-4.495300000000000296e+01 -8.275100000000000477e+01 -2.642699999999999960e+01 -3.539999999999999813e-01
3.086899999999999977e+01 -4.319200000000000017e+01 1.146499999999999986e+01 -2.190000000000000002e-01
1.096370000000000005e+02 1.937399999999999878e+01 4.343800000000000239e+01 1.189999999999999947e-01
1.278919999999999959e+02 6.708599999999999852e+01 4.073100000000000165e+01 4.500000000000000111e-01
8.321899999999999409e+01 8.119599999999999795e+01 1.562299999999999933e+01 5.250000000000000222e-01
2.794200000000000017e+01 7.308299999999999841e+01 2.400000000000000050e-02 3.449999999999999734e-01
-7.806000000000000050e+00 5.695700000000000074e+01 9.939999999999999947e-01 1.280000000000000027e-01
-3.391599999999999682e+01 4.285000000000000142e+01 1.629000000000000004e+00 4.000000000000000083e-02
-5.328699999999999903e+01 4.436500000000000199e+01 -5.254999999999999893e+00 6.300000000000000044e-02
-5.674699999999999989e+01 6.410200000000000387e+01 -1.013899999999999935e+01 7.799999999999999989e-02
-5.220300000000000296e+01 8.379600000000000648e+01 -9.734999999999999432e+00 -1.600000000000000033e-02
-5.452199999999999847e+01 8.806300000000000239e+01 -1.371000000000000085e+01 -2.230000000000000038e-01
-5.830799999999999983e+01 8.018099999999999739e+01 -2.469600000000000151e+01 -4.219999999999999862e-01
-4.556700000000000017e+01 6.611299999999999955e+01 -2.822899999999999920e+01 -4.530000000000000138e-01
-1.325900000000000034e+01 4.669500000000000028e+01 -9.987999999999999545e+00 -2.710000000000000187e-01
1.867800000000000082e+01 2.795799999999999841e+01 2.244900000000000162e+01 2.900000000000000147e-02
2.748199999999999932e+01 1.622599999999999909e+01 4.020400000000000063e+01 2.909999999999999809e-01
1.500999999999999979e+01 3.508000000000000007e+00 2.196900000000000119e+01 3.609999999999999876e-01
1.098300000000000054e+01 -1.984400000000000119e+01 -1.663400000000000034e+01 2.099999999999999922e-01
3.838799999999999812e+01 -4.085499999999999687e+01 -3.679299999999999926e+01 1.400000000000000029e-02
7.940999999999999659e+01 -4.048400000000000176e+01 -2.552599999999999980e+01 -2.100000000000000130e-02
9.633799999999999386e+01 -2.722700000000000031e+01 -9.775999999999999801e+00 7.799999999999999989e-02
8.418999999999999773e+01 -1.957999999999999829e+01 -1.105899999999999928e+01 1.219999999999999973e-01
7.266700000000000159e+01 -1.040499999999999936e+01 -1.522899999999999920e+01 6.600000000000000311e-02
6.708899999999999864e+01 9.804999999999999716e+00 -5.860000000000000320e+00 1.799999999999999864e-02
2.201699999999999946e+01 1.481499999999999950e+01 3.375000000000000000e+00 -1.200000000000000025e-02
-9.120499999999999829e+01 -2.145899999999999963e+01 -5.315000000000000391e+00 -1.170000000000000068e-01
-2.144509999999999934e+02 -6.632899999999999352e+01 -2.005999999999999872e+01 -2.530000000000000027e-01
-2.534149999999999920e+02 -5.947200000000000131e+01 -1.668100000000000094e+01 -2.550000000000000044e-01
-1.855480000000000018e+02 3.979000000000000092e+00 4.389000000000000234e+00 -1.059999999999999970e-01
-6.694100000000000250e+01 6.831900000000000261e+01 2.172700000000000031e+01 4.900000000000000189e-02
4.692000000000000171e+01 8.960800000000000409e+01 2.832000000000000028e+01 1.320000000000000062e-01
1.313919999999999959e+02 7.054800000000000182e+01 3.626599999999999824e+01 1.640000000000000069e-01
1.684180000000000064e+02 3.034600000000000009e+01 4.554800000000000182e+01 1.219999999999999973e-01
1.527069999999999936e+02 -1.569200000000000017e+01 4.090699999999999648e+01 -2.000000000000000042e-03
1.087259999999999991e+02 -4.926400000000000290e+01 2.113500000000000156e+01 -1.130000000000000032e-01
6.505599999999999739e+01 -5.896699999999999875e+01 1.429000000000000048e+00 -1.469999999999999918e-01
3.049500000000000099e+01 -5.557699999999999818e+01 -9.509999999999999787e+00 -1.479999999999999927e-01
5.171999999999999709e+00 -5.591599999999999682e+01 -1.331799999999999962e+01 -1.219999999999999973e-01
-1.284099999999999930e+01 -5.989699999999999847e+01 -1.184699999999999953e+01 -1.400000000000000029e-02
-3.073400000000000176e+01 -5.731199999999999761e+01 -7.097000000000000419e+00 1.290000000000000036e-01
-5.160099999999999909e+01 -4.580499999999999972e+01 -4.139000000000000234e+00 1.829999999999999960e-01
-7.247400000000000375e+01 -3.017699999999999960e+01 -6.894999999999999574e+00 1.199999999999999956e-01
-9.694299999999999784e+01 -1.272199999999999953e+01 -1.351500000000000057e+01 5.000000000000000104e-03
-1.302769999999999868e+02 4.620000000000000107e+00 -1.837600000000000122e+01 -9.400000000000000022e-02
-1.641450000000000102e+02 1.278800000000000026e+01 -1.887099999999999866e+01 -1.280000000000000027e-01
-1.844819999999999993e+02 2.113999999999999879e+00 -1.845100000000000051e+01 -9.700000000000000289e-02
-1.835250000000000057e+02 -2.240299999999999869e+01 -2.098400000000000176e+01 -7.599999999999999811e-02
-1.503290000000000077e+02 -4.241499999999999915e+01 -2.289000000000000057e+01 -1.079999999999999988e-01
-7.130899999999999750e+01 -4.353799999999999670e+01 -1.398600000000000065e+01 -1.019999999999999934e-01
4.142900000000000205e+01 -2.312900000000000134e+01 7.942000000000000171e+00 5.500000000000000028e-02
1.423309999999999889e+02 1.285100000000000087e+01 2.422899999999999920e+01 3.049999999999999933e-01
1.931899999999999977e+02 4.938100000000000023e+01 1.308600000000000030e+01 4.329999999999999960e-01
1.996469999999999914e+02 6.861599999999999966e+01 -1.445500000000000007e+01 3.099999999999999978e-01
1.923309999999999889e+02 7.014700000000000557e+01 -2.016700000000000159e+01 3.899999999999999994e-02
1.870380000000000109e+02 7.565800000000000125e+01 1.020400000000000063e+01 -1.340000000000000080e-01
1.784919999999999902e+02 9.918899999999999295e+01 4.871399999999999864e+01 -6.900000000000000577e-02
1.524670000000000130e+02 1.195349999999999966e+02 6.357399999999999807e+01 1.300000000000000044e-01
9.368999999999999773e+01 1.001599999999999966e+02 4.742699999999999960e+01 2.379999999999999893e-01
7.413000000000000256e+00 3.820600000000000307e+01 1.192500000000000071e+01 1.380000000000000115e-01
-6.726099999999999568e+01 -2.594300000000000139e+01 -2.086700000000000088e+01 -5.700000000000000205e-02
-8.975000000000000000e+01 -5.448499999999999943e+01 -3.187000000000000099e+01 -1.360000000000000098e-01
-6.127400000000000091e+01 -5.068500000000000227e+01 -2.434199999999999875e+01 -3.300000000000000155e-02
-2.631899999999999906e+01 -4.656300000000000239e+01 -1.937800000000000011e+01 1.049999999999999961e-01
-2.573300000000000054e+01 -5.914399999999999835e+01 -2.696099999999999852e+01 1.089999999999999997e-01
-4.521600000000000108e+01 -6.705200000000000671e+01 -3.125700000000000145e+01 -8.999999999999999320e-03
-3.042599999999999838e+01 -4.498100000000000165e+01 -1.307199999999999918e+01 -1.120000000000000023e-01
3.473599999999999710e+01 -7.745000000000000107e+00 1.838800000000000168e+01 -1.189999999999999947e-01
9.435099999999999909e+01 1.138700000000000045e+01 3.306799999999999784e+01 -6.300000000000000044e-02
9.048699999999999477e+01 7.750000000000000000e+00 2.018599999999999994e+01 1.099999999999999936e-02
4.092399999999999949e+01 -1.052999999999999936e+00 -2.469999999999999973e-01 7.599999999999999811e-02
5.352000000000000313e+00 -7.386999999999999567e+00 -1.102500000000000036e+01 8.200000000000000344e-02
-6.453999999999999737e+00 -1.573799999999999955e+01 -1.921799999999999997e+01 -3.799999999999999906e-02
-3.427400000000000091e+01 -2.664999999999999858e+01 -3.160900000000000176e+01 -2.399999999999999911e-01
-8.486899999999999977e+01 -3.377700000000000102e+01 -3.333400000000000318e+01 -3.469999999999999751e-01
-1.155240000000000009e+02 -3.402000000000000313e+01 -1.275099999999999945e+01 -2.469999999999999973e-01
-1.034449999999999932e+02 -2.891100000000000136e+01 1.326699999999999946e+01 -4.800000000000000100e-02
-7.800300000000000011e+01 -1.750600000000000023e+01 2.155799999999999983e+01 6.400000000000000133e-02
-7.424800000000000466e+01 -1.758000000000000007e+00 1.470100000000000051e+01 5.800000000000000294e-02
-8.696299999999999386e+01 8.760999999999999233e+00 1.338400000000000034e+01 1.600000000000000033e-02
-8.434600000000000364e+01 1.049699999999999989e+01 2.410500000000000043e+01 -2.000000000000000042e-02
-5.376400000000000290e+01 1.278800000000000026e+01 2.928600000000000136e+01 -5.600000000000000117e-02
-1.446700000000000053e+01 2.545799999999999841e+01 1.496100000000000030e+01 -7.699999999999999900e-02
1.484200000000000053e+01 5.123100000000000165e+01 -5.557999999999999829e+00 -5.099999999999999672e-02
3.583800000000000097e+01 8.660599999999999454e+01 -1.032499999999999929e+01 1.099999999999999936e-02
5.059400000000000119e+01 1.162019999999999982e+02 9.370000000000000551e-01 5.600000000000000117e-02
4.938400000000000034e+01 1.178119999999999976e+02 1.109600000000000009e+01 5.700000000000000205e-02
3.094399999999999906e+01 9.025700000000000500e+01 1.034999999999999964e+01 5.399999999999999939e-02
1.367500000000000071e+01 6.000399999999999778e+01 2.689000000000000057e+00 1.100000000000000006e-01
1.753300000000000125e+01 4.545900000000000318e+01 -4.451999999999999957e+00 2.089999999999999913e-01
4.444599999999999795e+01 3.545300000000000296e+01 -6.383000000000000007e+00 2.530000000000000027e-01
7.280400000000000205e+01 1.316000000000000014e+01 -3.934000000000000163e+00 1.789999999999999925e-01
7.338500000000000512e+01 -2.012600000000000122e+01 -4.195000000000000284e+00 3.899999999999999994e-02
4.606499999999999773e+01 -5.028699999999999903e+01 -1.101200000000000045e+01 -5.600000000000000117e-02
2.114499999999999957e+01 -6.512800000000000011e+01 -1.702599999999999980e+01 -6.099999999999999867e-02
7.865000000000000213e+00 -6.483700000000000330e+01 -1.368299999999999983e+01 -4.599999999999999922e-02
-1.498799999999999955e+01 -6.170900000000000318e+01 -5.517999999999999794e+00 -7.699999999999999900e-02
-4.579099999999999682e+01 -6.425799999999999557e+01 -6.602999999999999758e+00 -1.069999999999999979e-01
-5.452199999999999847e+01 -6.434499999999999886e+01 -2.143100000000000094e+01 -8.000000000000000167e-02
-3.504299999999999926e+01 -4.731199999999999761e+01 -3.322999999999999687e+01 -3.699999999999999817e-02
-1.272799999999999976e+01 -1.446700000000000053e+01 -2.048000000000000043e+01 -4.599999999999999922e-02
-4.857999999999999652e+00 1.289799999999999969e+01 1.347700000000000031e+01 -1.089999999999999997e-01
-7.706000000000000405e+00 1.886199999999999832e+01 4.159599999999999653e+01 -1.719999999999999862e-01
-1.227800000000000047e+01 1.172100000000000009e+01 4.535699999999999932e+01 -1.890000000000000013e-01
-1.459900000000000020e+01 5.668000000000000149e+00 2.888400000000000034e+01 -1.710000000000000131e-01
-1.912300000000000111e+01 -1.485000000000000098e+00 4.850999999999999979e+00 -2.010000000000000120e-01
-3.373400000000000176e+01 -1.899500000000000099e+01 -1.524000000000000021e+01 -3.320000000000000173e-01
-5.460499999999999687e+01 -4.556700000000000017e+01 -2.234600000000000009e+01 -4.719999999999999751e-01
-6.397699999999999676e+01 -6.885800000000000409e+01 -1.441999999999999993e+01 -4.390000000000000013e-01
-5.088199999999999790e+01 -7.587500000000000000e+01 1.943000000000000060e+00 -1.890000000000000013e-01
-2.658299999999999841e+01 -6.635699999999999932e+01 1.460299999999999976e+01 1.010000000000000064e-01
-9.448999999999999844e+00 -5.305899999999999750e+01 1.221700000000000053e+01 2.240000000000000047e-01
2.323999999999999844e+00 -4.007800000000000296e+01 -2.375000000000000000e+00 1.859999999999999987e-01
2.799800000000000111e+01 -1.703099999999999881e+01 -9.753999999999999559e+00 1.640000000000000069e-01
6.825199999999999534e+01 1.387400000000000055e+01 1.848000000000000087e+00 2.290000000000000091e-01
9.092400000000000659e+01 3.089199999999999946e+01 2.011899999999999977e+01 2.510000000000000009e-01
7.309900000000000375e+01 2.099699999999999989e+01 2.461799999999999855e+01 1.380000000000000115e-01
3.515500000000000114e+01 -6.923000000000000043e+00 5.283999999999999808e+00 1.000000000000000021e-02
1.860999999999999988e+00 -3.274699999999999989e+01 -3.110500000000000043e+01 2.100000000000000130e-02
-3.461999999999999744e+01 -3.685799999999999699e+01 -5.923700000000000188e+01 1.160000000000000059e-01
-7.246800000000000352e+01 -1.100699999999999967e+01 -5.157300000000000040e+01 1.209999999999999964e-01
-7.029699999999999704e+01 3.337800000000000011e+01 -7.812000000000000277e+00 2.599999999999999881e-02
-8.907999999999999474e+00 6.271200000000000330e+01 3.863499999999999801e+01 -2.000000000000000042e-02
5.949699999999999989e+01 4.157300000000000040e+01 5.132600000000000051e+01 3.799999999999999906e-02
7.135699999999999932e+01 -2.043799999999999883e+01 2.818299999999999983e+01 1.100000000000000006e-01
3.438300000000000267e+01 -6.544299999999999784e+01 1.354000000000000092e+00 1.489999999999999936e-01
9.454000000000000625e+00 -5.651500000000000057e+01 -2.318999999999999950e+00 1.839999999999999969e-01
2.532499999999999929e+01 -1.784799999999999898e+01 1.084200000000000053e+01 2.139999999999999958e-01
4.926500000000000057e+01 8.467000000000000526e+00 1.829100000000000037e+01 1.990000000000000102e-01
4.102100000000000080e+01 9.593999999999999417e+00 1.106099999999999994e+01 1.409999999999999865e-01
6.408000000000000362e+00 -9.170000000000000373e-01 -2.887000000000000011e+00 7.699999999999999900e-02
-1.687500000000000000e+01 -4.929000000000000270e+00 -1.241000000000000014e+01 2.500000000000000139e-02
-1.142800000000000082e+01 7.857000000000000206e+00 -1.279100000000000037e+01 -1.200000000000000025e-02
7.036999999999999922e+00 3.509400000000000119e+01 -7.663999999999999702e+00 -2.299999999999999961e-02
2.268299999999999983e+01 6.243299999999999983e+01 -2.278999999999999915e+00 -5.000000000000000104e-03
3.331400000000000006e+01 7.457200000000000273e+01 2.193000000000000060e+00 2.699999999999999969e-02
3.191900000000000048e+01 6.919799999999999329e+01 2.851999999999999869e+00 5.299999999999999850e-02
6.339999999999999858e+00 5.484199999999999875e+01 -5.237000000000000099e+00 5.299999999999999850e-02
-3.298199999999999932e+01 3.947500000000000142e+01 -1.607999999999999829e+01 1.400000000000000029e-02
-4.961999999999999744e+01 2.935999999999999943e+01 -1.551099999999999923e+01 -4.599999999999999922e-02
-2.936400000000000077e+01 2.695400000000000063e+01 -2.862000000000000099e+00 -8.200000000000000344e-02
-1.046100000000000030e+01 2.279899999999999949e+01 7.113000000000000433e+00 -8.799999999999999489e-02
-2.963500000000000156e+01 5.266000000000000014e+00 5.641000000000000014e+00 -9.800000000000000377e-02
-6.330899999999999750e+01 -2.050499999999999901e+01 -1.290999999999999925e+00 -1.010000000000000064e-01
-6.370799999999999841e+01 -3.760399999999999920e+01 -4.267999999999999794e+00 -5.800000000000000294e-02
-2.794999999999999929e+01 -3.661999999999999744e+01 -5.460000000000000409e-01 2.500000000000000139e-02
4.934000000000000163e+00 -2.213599999999999923e+01 5.301999999999999602e+00 1.059999999999999970e-01
1.011899999999999977e+01 -6.296000000000000263e+00 5.171999999999999709e+00 1.549999999999999989e-01
2.331999999999999851e+00 4.418999999999999595e+00 -4.644000000000000128e+00 1.539999999999999980e-01
5.480999999999999872e+00 1.754700000000000060e+01 -1.607000000000000028e+01 1.179999999999999938e-01
1.787199999999999989e+01 3.994200000000000017e+01 -1.655699999999999861e+01 8.799999999999999489e-02
1.834900000000000020e+01 5.681600000000000250e+01 -7.655999999999999694e+00 6.400000000000000133e-02
-4.323000000000000398e+00 4.259700000000000131e+01 -5.173000000000000043e+00 1.499999999999999944e-02
-3.596900000000000119e+01 -3.373000000000000220e+00 -1.232399999999999984e+01 -3.599999999999999728e-02
-4.802000000000000313e+01 -4.358400000000000318e+01 -1.021299999999999919e+01 -2.000000000000000042e-02
-2.487500000000000000e+01 -3.441700000000000159e+01 9.631000000000000227e+00 5.299999999999999850e-02
1.989199999999999946e+01 2.397700000000000031e+01 2.606599999999999895e+01 8.500000000000000611e-02
5.706499999999999773e+01 7.568800000000000239e+01 1.986199999999999832e+01 2.500000000000000139e-02
6.694199999999999307e+01 6.629699999999999704e+01 1.227000000000000091e+00 -9.900000000000000466e-02
4.934700000000000131e+01 8.098000000000000753e+00 -9.037000000000000810e+00 -2.230000000000000038e-01
1.987900000000000134e+01 -4.078999999999999915e+01 -5.806000000000000050e+00 -2.750000000000000222e-01
-2.570000000000000062e-01 -4.842999999999999972e+01 2.761000000000000121e+00 -2.340000000000000135e-01
-2.713000000000000078e+00 -2.519600000000000151e+01 7.440999999999999837e+00 -1.680000000000000104e-01
3.970000000000000195e-01 7.418999999999999595e+00 2.153999999999999915e+00 -1.400000000000000133e-01
-8.419999999999999707e-01 3.014000000000000057e+01 -1.087599999999999945e+01 -1.280000000000000027e-01
3.960999999999999854e+00 2.933899999999999864e+01 -1.947599999999999909e+01 -9.900000000000000466e-02
1.877899999999999991e+01 8.367000000000000881e+00 -1.607000000000000028e+01 -5.800000000000000294e-02
1.733599999999999852e+01 -1.432399999999999984e+01 -9.006999999999999673e+00 -6.000000000000000125e-03
-1.601099999999999923e+01 -2.214699999999999847e+01 -8.869999999999999218e+00 8.599999999999999312e-02
-4.331000000000000227e+01 -1.211299999999999955e+01 -1.061400000000000077e+01 2.069999999999999896e-01
-1.517800000000000082e+01 5.857999999999999652e+00 1.282999999999999918e+00 2.819999999999999729e-01
6.059599999999999653e+01 1.734199999999999875e+01 3.018299999999999983e+01 2.489999999999999991e-01
1.263389999999999986e+02 1.062400000000000055e+01 5.385799999999999699e+01 1.089999999999999997e-01
1.349439999999999884e+02 -1.773400000000000176e+01 4.743500000000000227e+01 -9.800000000000000377e-02
8.344299999999999784e+01 -5.417300000000000182e+01 2.083500000000000085e+01 -2.560000000000000053e-01
5.500000000000000000e+00 -7.279699999999999704e+01 5.993999999999999773e+00 -2.200000000000000011e-01
-5.499499999999999744e+01 -6.287599999999999767e+01 7.818999999999999950e+00 -2.000000000000000042e-02
-7.637399999999999523e+01 -4.371900000000000119e+01 3.777000000000000135e+00 1.179999999999999938e-01
-7.214799999999999613e+01 -4.226299999999999812e+01 -1.315399999999999991e+01 5.700000000000000205e-02
-6.846899999999999409e+01 -6.765300000000000580e+01 -2.619300000000000139e+01 -1.000000000000000056e-01
-7.478499999999999659e+01 -1.079869999999999948e+02 -2.386299999999999955e+01 -1.940000000000000058e-01
-7.834099999999999397e+01 -1.302100000000000080e+02 -1.257399999999999984e+01 -1.789999999999999925e-01
-6.456900000000000261e+01 -9.826900000000000546e+01 -3.876999999999999780e+00 -1.170000000000000068e-01
-4.521500000000000341e+01 -2.085699999999999932e+01 -1.502999999999999892e+00 -9.299999999999999933e-02
-4.824699999999999989e+01 5.225300000000000011e+01 2.246999999999999886e+00 -1.449999999999999900e-01
-6.516800000000000637e+01 1.002349999999999994e+02 1.749200000000000088e+01 -2.079999999999999905e-01
-4.912199999999999989e+01 1.419650000000000034e+02 3.845400000000000063e+01 -1.829999999999999960e-01
7.208000000000000185e+00 1.727290000000000134e+02 4.349399999999999977e+01 -6.300000000000000044e-02
4.572200000000000131e+01 1.603009999999999877e+02 2.334199999999999875e+01 5.500000000000000028e-02
3.137900000000000134e+01 1.097849999999999966e+02 -3.547000000000000153e+00 1.000000000000000056e-01
9.253000000000000114e+00 7.014000000000000057e+01 -1.517200000000000060e+01 9.299999999999999933e-02
3.029700000000000060e+01 6.781799999999999784e+01 -1.253400000000000070e+01 9.600000000000000200e-02
7.486499999999999488e+01 8.147799999999999443e+01 -1.166399999999999970e+01 1.370000000000000107e-01
9.585299999999999443e+01 8.740099999999999625e+01 -1.940200000000000102e+01 1.839999999999999969e-01
8.925100000000000477e+01 8.717799999999999727e+01 -2.590399999999999991e+01 1.940000000000000058e-01
7.718500000000000227e+01 8.261499999999999488e+01 -1.879700000000000060e+01 1.680000000000000104e-01
6.347999999999999687e+01 6.262800000000000011e+01 5.769999999999999574e-01 1.400000000000000133e-01
4.861599999999999966e+01 3.089199999999999946e+01 2.020200000000000173e+01 1.330000000000000071e-01
5.133800000000000097e+01 1.496599999999999930e+01 3.294500000000000028e+01 1.529999999999999971e-01
7.410899999999999466e+01 2.551099999999999923e+01 3.782300000000000040e+01 1.960000000000000075e-01
7.740900000000000603e+01 2.919200000000000017e+01 2.901200000000000045e+01 2.300000000000000100e-01
2.428699999999999903e+01 -1.156799999999999962e+01 -1.150000000000000050e-01 1.970000000000000084e-01
-6.945300000000000296e+01 -8.779600000000000648e+01 -4.104599999999999937e+01 3.599999999999999728e-02
-1.496289999999999907e+02 -1.570180000000000007e+02 -7.161700000000000443e+01 -2.139999999999999958e-01
-1.762319999999999993e+02 -1.933600000000000136e+02 -7.729000000000000625e+01 -3.820000000000000062e-01
-1.541450000000000102e+02 -2.018129999999999882e+02 -6.389000000000000057e+01 -3.400000000000000244e-01
-1.153529999999999944e+02 -1.927090000000000032e+02 -4.558700000000000330e+01 -1.710000000000000131e-01
-7.968000000000000682e+01 -1.667709999999999866e+02 -2.650799999999999912e+01 -6.199999999999999956e-02
-4.531000000000000227e+01 -1.260729999999999933e+02 -6.969999999999999529e-01 -6.099999999999999867e-02
-1.341099999999999959e+01 -8.580200000000000671e+01 3.151000000000000156e+01 -7.099999999999999367e-02
3.597999999999999865e+00 -6.699699999999999989e+01 5.385000000000000142e+01 -3.400000000000000244e-02
1.064799999999999969e+01 -6.840300000000000580e+01 5.057800000000000296e+01 3.099999999999999978e-02
3.538799999999999812e+01 -5.710399999999999920e+01 3.139099999999999824e+01 1.160000000000000059e-01
7.831100000000000705e+01 -1.508500000000000085e+01 2.113100000000000023e+01 2.039999999999999869e-01
9.315699999999999648e+01 2.313800000000000168e+01 2.328000000000000114e+01 2.310000000000000109e-01
4.833200000000000074e+01 1.466099999999999959e+01 1.796999999999999886e+01 1.570000000000000007e-01
-2.663400000000000034e+01 -3.094699999999999918e+01 -2.619000000000000217e+00 4.000000000000000083e-02
-7.872100000000000364e+01 -6.520600000000000307e+01 -2.280000000000000071e+01 -1.000000000000000021e-02
-8.448000000000000398e+01 -5.651500000000000057e+01 -2.855300000000000082e+01 4.700000000000000011e-02
-5.585399999999999920e+01 -1.231600000000000072e+01 -2.085800000000000054e+01 1.260000000000000009e-01
-2.157400000000000162e+01 3.675300000000000011e+01 -4.166000000000000369e+00 1.019999999999999934e-01
-6.724000000000000199e+00 5.974399999999999977e+01 1.485800000000000054e+01 -3.400000000000000244e-02
-1.154800000000000004e+01 4.703000000000000114e+01 1.966400000000000148e+01 -1.570000000000000007e-01
-1.258300000000000018e+01 1.954299999999999926e+01 2.783999999999999808e+00 -1.739999999999999880e-01
4.993999999999999773e+00 5.581000000000000405e+00 -1.474200000000000088e+01 -1.390000000000000124e-01
2.686400000000000077e+01 7.980999999999999872e+00 -1.300099999999999945e+01 -1.610000000000000042e-01
3.183099999999999952e+01 1.045299999999999940e+01 -5.475999999999999979e+00 -2.469999999999999973e-01
2.261799999999999855e+01 1.240600000000000058e+01 -1.138400000000000034e+01 -3.039999999999999925e-01
2.056700000000000017e+01 3.198199999999999932e+01 -1.949599999999999866e+01 -2.419999999999999929e-01
3.181899999999999906e+01 7.006900000000000261e+01 -9.320999999999999730e+00 -6.199999999999999956e-02
3.373899999999999721e+01 9.785399999999999920e+01 1.210899999999999999e+01 1.229999999999999982e-01
1.130100000000000016e+01 9.458599999999999852e+01 2.168100000000000094e+01 1.680000000000000104e-01
-4.916000000000000369e+00 7.731600000000000250e+01 1.621699999999999875e+01 5.199999999999999761e-02
2.446699999999999875e+01 7.514600000000000080e+01 1.216999999999999993e+01 -7.399999999999999634e-02
7.547899999999999920e+01 8.760599999999999454e+01 1.412599999999999945e+01 -7.000000000000000666e-02
7.840399999999999636e+01 8.739499999999999602e+01 8.407999999999999474e+00 6.000000000000000125e-03
1.429800000000000004e+01 5.850900000000000034e+01 -1.061500000000000021e+01 1.499999999999999944e-02
-5.801899999999999835e+01 1.690200000000000102e+01 -2.831700000000000017e+01 -4.399999999999999745e-02
-7.696899999999999409e+01 -7.447000000000000064e+00 -2.782400000000000162e+01 -6.700000000000000400e-02
-3.703199999999999648e+01 -2.569999999999999840e+00 -8.454000000000000625e+00 -3.799999999999999906e-02
2.712199999999999989e+01 1.668900000000000006e+01 1.434999999999999964e+01 -2.000000000000000042e-02
8.003900000000000148e+01 2.983399999999999963e+01 2.151800000000000068e+01 -2.599999999999999881e-02
1.055109999999999957e+02 2.955099999999999838e+01 8.715999999999999304e+00 -5.000000000000000104e-03
1.069879999999999995e+02 1.956599999999999895e+01 -7.459999999999999964e+00 6.400000000000000133e-02
9.248799999999999955e+01 5.184999999999999609e+00 -1.394699999999999918e+01 1.419999999999999873e-01
5.862800000000000011e+01 -1.300900000000000034e+01 -2.019300000000000139e+01 1.739999999999999880e-01
2.012000000000000011e+00 -3.651800000000000068e+01 -3.361800000000000210e+01 1.509999999999999953e-01
-5.201100000000000279e+01 -5.517499999999999716e+01 -3.747800000000000153e+01 1.010000000000000064e-01
-5.967600000000000193e+01 -4.731099999999999994e+01 -1.637800000000000011e+01 4.000000000000000083e-02
-1.617200000000000060e+01 -9.894000000000000128e+00 1.698600000000000065e+01 -8.000000000000000167e-03
2.615299999999999869e+01 2.643599999999999994e+01 4.012500000000000000e+01 -5.000000000000000104e-03
2.027199999999999847e+01 3.311899999999999977e+01 4.515899999999999892e+01 4.299999999999999656e-02
-2.512500000000000000e+01 1.579299999999999926e+01 3.262599999999999767e+01 7.399999999999999634e-02
-6.968899999999999295e+01 -4.017999999999999794e+00 8.016000000000000014e+00 4.100000000000000172e-02
-7.968899999999999295e+01 -1.429499999999999993e+01 -8.289999999999999147e+00 -1.099999999999999936e-02
-4.334000000000000341e+01 -1.371499999999999986e+01 1.691000000000000059e+00 1.200000000000000025e-02
1.773000000000000043e+01 -9.768000000000000682e+00 2.541900000000000048e+01 9.900000000000000466e-02
6.058500000000000085e+01 -1.214300000000000068e+01 3.634100000000000108e+01 1.360000000000000098e-01
6.675300000000000011e+01 -1.823499999999999943e+01 2.999299999999999855e+01 8.999999999999999667e-02
5.653000000000000114e+01 -1.986100000000000065e+01 2.041199999999999903e+01 5.299999999999999850e-02
4.076899999999999835e+01 -2.425499999999999901e+01 1.404599999999999937e+01 6.300000000000000044e-02
-3.902000000000000135e+00 -4.530599999999999739e+01 7.123999999999999666e+00 2.500000000000000139e-02
-7.942900000000000205e+01 -7.653900000000000148e+01 -1.088000000000000078e+00 -9.199999999999999845e-02
-1.291040000000000134e+02 -9.500700000000000500e+01 -6.916000000000000369e+00 -1.570000000000000007e-01
-1.042669999999999959e+02 -8.833599999999999852e+01 -9.846000000000000085e+00 -7.499999999999999722e-02
-3.542499999999999716e+01 -6.320799999999999841e+01 -1.264899999999999913e+01 6.600000000000000311e-02
7.951999999999999957e+00 -3.200500000000000256e+01 -1.603800000000000026e+01 1.160000000000000059e-01
2.637000000000000011e+00 4.700000000000000011e-02 -1.884299999999999997e+01 6.600000000000000311e-02
-1.955300000000000082e+01 3.416100000000000136e+01 -2.087800000000000011e+01 2.400000000000000050e-02
-2.722700000000000031e+01 6.612399999999999523e+01 -2.124599999999999866e+01 4.399999999999999745e-02
-2.157000000000000028e+01 8.407699999999999818e+01 -1.609799999999999898e+01 9.199999999999999845e-02
-1.824899999999999878e+01 8.595000000000000284e+01 -2.342999999999999972e+00 1.370000000000000107e-01
-1.803300000000000125e+01 8.561599999999999966e+01 1.513499999999999979e+01 1.839999999999999969e-01
-9.006999999999999673e+00 9.158199999999999363e+01 2.291499999999999915e+01 2.139999999999999958e-01
5.967999999999999972e+00 9.668500000000000227e+01 1.197899999999999920e+01 1.900000000000000022e-01
1.173900000000000077e+01 9.575799999999999557e+01 -7.690999999999999837e+00 1.089999999999999997e-01
1.485299999999999976e+01 9.170099999999999341e+01 -1.539499999999999957e+01 -3.000000000000000062e-03
3.405400000000000205e+01 7.928700000000000614e+01 -7.328000000000000291e+00 -1.059999999999999970e-01
5.464699999999999847e+01 5.028000000000000114e+01 -1.290000000000000036e+00 -1.549999999999999989e-01
4.576100000000000279e+01 1.934700000000000131e+01 -6.323000000000000398e+00 -1.449999999999999900e-01
2.164699999999999847e+01 1.310599999999999987e+01 -7.807999999999999829e+00 -9.500000000000000111e-02
2.319699999999999918e+01 2.765599999999999881e+01 5.866999999999999993e+00 -0.000000000000000000e+00
4.055400000000000205e+01 2.849099999999999966e+01 2.278600000000000136e+01 1.039999999999999952e-01
2.239499999999999957e+01 -1.316000000000000059e+00 2.581299999999999883e+01 9.700000000000000289e-02
-3.763400000000000034e+01 -4.073700000000000188e+01 1.296100000000000030e+01 -6.300000000000000044e-02
-8.913400000000000034e+01 -6.483100000000000307e+01 -8.186999999999999389e+00 -2.149999999999999967e-01
-1.002019999999999982e+02 -7.653000000000000114e+01 -2.814900000000000091e+01 -1.920000000000000040e-01
-9.022599999999999909e+01 -9.367300000000000182e+01 -3.544700000000000273e+01 -7.599999999999999811e-02
-8.325700000000000500e+01 -1.152009999999999934e+02 -2.555900000000000105e+01 -6.900000000000000577e-02
-6.902500000000000568e+01 -1.177540000000000049e+02 -8.297000000000000597e+00 -1.670000000000000095e-01
-3.063200000000000145e+01 -9.126200000000000045e+01 1.864999999999999991e+00 -1.769999999999999907e-01
1.298499999999999943e+01 -5.696500000000000341e+01 -1.903999999999999915e+00 -5.500000000000000028e-02
2.955000000000000071e+01 -3.710999999999999943e+01 -1.398900000000000077e+01 2.500000000000000139e-02
2.507199999999999918e+01 -2.879799999999999827e+01 -1.933299999999999841e+01 -0.000000000000000000e+00
2.929400000000000048e+01 -1.722100000000000009e+01 -1.041900000000000048e+01 4.000000000000000083e-03
4.033500000000000085e+01 6.187999999999999723e+00 -1.539999999999999980e-01 6.500000000000000222e-02
2.690399999999999991e+01 4.371999999999999886e+01 -7.580000000000000071e-01 2.500000000000000139e-02
-1.528999999999999915e+01 9.082599999999999341e+01 7.029999999999999583e-01 -1.459999999999999909e-01
-4.414200000000000301e+01 1.212039999999999935e+02 1.760300000000000153e+01 -2.680000000000000160e-01
-2.593400000000000105e+01 8.660399999999999920e+01 2.990700000000000003e+01 -2.829999999999999738e-01
1.564300000000000068e+01 -2.686899999999999977e+01 1.250999999999999979e+01 -3.390000000000000235e-01
4.140699999999999648e+01 -1.438100000000000023e+02 -1.465399999999999991e+01 -4.510000000000000120e-01
5.964900000000000091e+01 -1.657179999999999893e+02 -5.158999999999999808e+00 -4.209999999999999853e-01
9.300100000000000477e+01 -9.636299999999999955e+01 4.551200000000000045e+01 -1.869999999999999996e-01
1.191800000000000068e+02 -2.712000000000000099e+01 8.504999999999999716e+01 5.299999999999999850e-02
1.067019999999999982e+02 -8.243000000000000327e+00 6.843999999999999773e+01 1.499999999999999944e-01
7.116800000000000637e+01 -1.494100000000000072e+01 1.254299999999999926e+01 1.829999999999999960e-01
4.894500000000000028e+01 -1.844600000000000151e+01 -2.950799999999999912e+01 2.500000000000000000e-01
4.887299999999999756e+01 -1.646399999999999864e+01 -3.314500000000000313e+01 2.929999999999999827e-01
5.417999999999999972e+01 -9.756000000000000227e+00 -1.763100000000000023e+01 2.220000000000000029e-01
4.747299999999999898e+01 3.585999999999999854e+00 -4.788999999999999702e+00 5.800000000000000294e-02
2.361499999999999844e+01 1.907499999999999929e+01 3.712000000000000188e+00 -8.999999999999999667e-02
-7.988000000000000433e+00 3.234199999999999875e+01 8.492000000000000881e+00 -1.100000000000000006e-01
-3.035699999999999932e+01 4.393399999999999750e+01 4.076999999999999957e+00 1.400000000000000029e-02
-3.614099999999999824e+01 4.788700000000000045e+01 -8.324999999999999289e+00 1.839999999999999969e-01
-3.587599999999999767e+01 3.397399999999999665e+01 -1.917299999999999827e+01 2.750000000000000222e-01
-4.424699999999999989e+01 8.326000000000000512e+00 -2.385900000000000176e+01 2.469999999999999973e-01
-6.388700000000000045e+01 -1.086400000000000077e+01 -2.794699999999999918e+01 1.459999999999999909e-01
-8.434399999999999409e+01 -2.039099999999999824e+01 -3.794800000000000040e+01 5.000000000000000278e-02
-8.962300000000000466e+01 -3.056599999999999895e+01 -5.135699999999999932e+01 1.000000000000000021e-02
-6.683199999999999363e+01 -3.837899999999999778e+01 -5.557500000000000284e+01 3.300000000000000155e-02
-1.903399999999999892e+01 -2.809199999999999875e+01 -3.816400000000000148e+01 1.010000000000000064e-01
2.627899999999999991e+01 -1.826000000000000068e+00 -5.113000000000000433e+00 2.129999999999999949e-01
3.877499999999999858e+01 1.522100000000000009e+01 1.789399999999999835e+01 3.579999999999999849e-01
2.411799999999999855e+01 1.163100000000000023e+01 1.739600000000000080e+01 4.430000000000000049e-01
2.078999999999999915e+01 8.528999999999999915e+00 1.271899999999999942e+01 3.489999999999999769e-01
4.740400000000000347e+01 2.216199999999999903e+01 2.293400000000000105e+01 7.299999999999999545e-02
7.253799999999999670e+01 3.050900000000000034e+01 3.281799999999999784e+01 -2.439999999999999947e-01
5.393099999999999739e+01 5.894000000000000128e+00 1.987199999999999989e+01 -4.249999999999999889e-01
-2.423999999999999932e+00 -3.655199999999999960e+01 -4.722000000000000419e+00 -3.970000000000000195e-01
-4.879099999999999682e+01 -5.789099999999999824e+01 -1.250000000000000000e+01 -2.800000000000000266e-01
-6.188900000000000290e+01 -5.139500000000000313e+01 -1.963999999999999968e+00 -2.690000000000000169e-01
-6.588299999999999557e+01 -4.178099999999999881e+01 3.960999999999999854e+00 -4.010000000000000231e-01
-8.166899999999999693e+01 -3.713300000000000267e+01 -1.651000000000000023e+00 -5.090000000000000080e-01
-9.343800000000000239e+01 -2.047700000000000031e+01 -3.883000000000000007e+00 -4.359999999999999987e-01
-7.685200000000000387e+01 1.535500000000000043e+01 2.528000000000000025e+00 -2.059999999999999887e-01
-3.311200000000000188e+01 5.407900000000000063e+01 6.416000000000000369e+00 2.999999999999999889e-02
1.193900000000000006e+01 7.415099999999999625e+01 2.165000000000000036e+00 1.690000000000000113e-01
3.256300000000000239e+01 6.781300000000000239e+01 -3.342999999999999972e+00 2.119999999999999940e-01
2.600000000000000000e+01 4.538700000000000045e+01 -4.709999999999999742e-01 1.980000000000000093e-01
9.275000000000000355e+00 1.882300000000000040e+01 1.448199999999999932e+01 1.729999999999999871e-01
-5.429999999999999716e+00 -1.644900000000000162e+01 2.926699999999999946e+01 1.719999999999999862e-01
-2.003300000000000125e+01 -6.320799999999999841e+01 2.114699999999999847e+01 1.789999999999999925e-01
-3.540100000000000335e+01 -9.210800000000000409e+01 -8.262999999999999901e+00 1.610000000000000042e-01
-4.138799999999999812e+01 -6.776500000000000057e+01 -2.206500000000000128e+01 1.300000000000000044e-01
-2.434400000000000119e+01 -4.038999999999999702e+00 2.563000000000000167e+00 1.189999999999999947e-01
1.661599999999999966e+01 4.836099999999999710e+01 3.860399999999999920e+01 1.330000000000000071e-01
5.774099999999999966e+01 6.596200000000000330e+01 4.729999999999999716e+01 1.539999999999999980e-01
6.958499999999999375e+01 6.412500000000000000e+01 2.664699999999999847e+01 1.380000000000000115e-01
5.819700000000000273e+01 5.826599999999999824e+01 4.120000000000000107e+00 8.300000000000000433e-02
6.154800000000000182e+01 5.678999999999999915e+01 1.538999999999999924e+00 6.600000000000000311e-02
8.752800000000000580e+01 7.309399999999999409e+01 1.533999999999999986e+01 1.110000000000000014e-01
9.123399999999999466e+01 1.042870000000000061e+02 2.276000000000000156e+01 9.700000000000000289e-02
4.426599999999999824e+01 1.217480000000000047e+02 9.723000000000000753e+00 -4.399999999999999745e-02
-1.379100000000000037e+01 1.101620000000000061e+02 -1.245700000000000074e+01 -1.859999999999999987e-01
-3.122400000000000020e+01 8.656799999999999784e+01 -2.651099999999999923e+01 -1.930000000000000049e-01
-1.311599999999999966e+01 6.642600000000000193e+01 -3.113899999999999935e+01 -8.699999999999999400e-02
2.079999999999999905e-01 4.303499999999999659e+01 -3.382500000000000284e+01 3.799999999999999906e-02
-2.592000000000000082e+00 1.282300000000000040e+01 -3.443299999999999983e+01 1.250000000000000000e-01
6.543000000000000149e+00 -7.447000000000000064e+00 -2.474299999999999855e+01 1.670000000000000095e-01
3.901599999999999824e+01 -7.625000000000000000e+00 -1.586999999999999966e+00 1.690000000000000113e-01
5.755799999999999983e+01 -7.011999999999999567e+00 2.389399999999999835e+01 1.179999999999999938e-01
3.047599999999999909e+01 -2.644900000000000162e+01 3.327300000000000324e+01 2.400000000000000050e-02
-1.905499999999999972e+01 -5.458800000000000097e+01 1.862900000000000134e+01 -5.800000000000000294e-02
-5.403300000000000125e+01 -6.737300000000000466e+01 -6.677999999999999936e+00 -9.199999999999999845e-02
-7.226300000000000523e+01 -6.641400000000000148e+01 -1.915599999999999881e+01 -9.700000000000000289e-02
-8.432299999999999329e+01 -7.068899999999999295e+01 -1.089199999999999946e+01 -9.199999999999999845e-02
-8.290699999999999648e+01 -7.822799999999999443e+01 2.561999999999999833e+00 -7.599999999999999811e-02
-5.829899999999999949e+01 -6.109300000000000352e+01 4.817999999999999616e+00 -7.499999999999999722e-02
-2.013500000000000156e+01 -6.400000000000000133e-02 -4.500000000000000111e-01 -1.110000000000000014e-01
1.052800000000000047e+01 8.644499999999999318e+01 1.417999999999999927e+00 -1.439999999999999891e-01
2.073199999999999932e+01 1.494819999999999993e+02 1.186100000000000065e+01 -1.280000000000000027e-01
1.110999999999999943e+01 1.491310000000000002e+02 1.489600000000000080e+01 -8.200000000000000344e-02
-1.153999999999999915e+01 9.200100000000000477e+01 7.289999999999999813e-01 -4.200000000000000261e-02
-3.700300000000000011e+01 2.310800000000000054e+01 -1.876200000000000045e+01 3.000000000000000062e-03
-4.950300000000000011e+01 -2.014999999999999858e+01 -2.730099999999999838e+01 5.500000000000000028e-02
-3.663300000000000267e+01 -3.492499999999999716e+01 -2.496499999999999986e+01 8.500000000000000611e-02
-3.669999999999999929e+00 -3.744500000000000028e+01 -2.172200000000000131e+01 9.299999999999999933e-02
2.833800000000000097e+01 -3.806600000000000250e+01 -2.105399999999999849e+01 1.010000000000000064e-01
4.218900000000000006e+01 -3.643999999999999773e+01 -1.947100000000000009e+01 1.059999999999999970e-01
3.975200000000000244e+01 -3.266899999999999693e+01 -1.407399999999999984e+01 8.999999999999999667e-02
3.334899999999999665e+01 -3.654500000000000171e+01 -4.522999999999999687e+00 5.099999999999999672e-02
2.609499999999999886e+01 -6.305299999999999727e+01 5.105999999999999872e+00 -1.000000000000000021e-02
1.265900000000000070e+01 -1.141839999999999975e+02 5.759000000000000341e+00 -8.400000000000000522e-02
-1.256999999999999895e+00 -1.648259999999999934e+02 -5.644999999999999574e+00 -1.360000000000000098e-01
1.729999999999999871e-01 -1.819070000000000107e+02 -1.857600000000000051e+01 -1.170000000000000068e-01
1.357099999999999973e+01 -1.633590000000000089e+02 -2.264499999999999957e+01 -3.899999999999999994e-02
1.266300000000000026e+01 -1.340049999999999955e+02 -1.890099999999999980e+01 6.000000000000000125e-03
-9.903999999999999915e+00 -1.019410000000000025e+02 -8.137999999999999901e+00 -4.499999999999999833e-02
-2.707900000000000063e+01 -5.471500000000000341e+01 1.409900000000000020e+01 -1.419999999999999873e-01
-2.095799999999999841e+01 3.733999999999999986e+00 4.035199999999999676e+01 -1.809999999999999942e-01
-8.855000000000000426e+00 4.921500000000000341e+01 4.922099999999999653e+01 -1.110000000000000014e-01
-7.995000000000000107e+00 7.003300000000000125e+01 3.187399999999999878e+01 2.000000000000000042e-02
-4.934000000000000163e+00 8.132899999999999352e+01 6.075000000000000178e+00 1.110000000000000014e-01
1.651500000000000057e+01 1.069309999999999974e+02 -3.987999999999999989e+00 1.270000000000000018e-01
4.063600000000000279e+01 1.507290000000000134e+02 6.479000000000000092e+00 1.350000000000000089e-01
3.903999999999999915e+01 1.814360000000000070e+02 2.141400000000000148e+01 1.880000000000000004e-01
7.091999999999999638e+00 1.569979999999999905e+02 2.315599999999999881e+01 2.240000000000000047e-01
-3.769400000000000261e+01 7.615000000000000568e+01 8.115999999999999659e+00 1.370000000000000107e-01
-7.618200000000000216e+01 -1.353500000000000014e+01 -1.525799999999999912e+01 -8.200000000000000344e-02
-9.349599999999999511e+01 -7.112800000000000011e+01 -3.730599999999999739e+01 -3.069999999999999951e-01
-8.224800000000000466e+01 -9.772899999999999920e+01 -5.144899999999999807e+01 -3.760000000000000009e-01
-5.361899999999999977e+01 -1.061700000000000017e+02 -5.168900000000000006e+01 -2.429999999999999938e-01
-2.894500000000000028e+01 -9.299599999999999511e+01 -3.285399999999999920e+01 6.000000000000000125e-03
-9.198999999999999844e+00 -5.880499999999999972e+01 2.315999999999999837e+00 2.369999999999999885e-01
2.303900000000000148e+01 -2.524500000000000099e+01 3.673299999999999699e+01 3.370000000000000218e-01
6.191599999999999682e+01 -1.169999999999999929e+01 4.999199999999999733e+01 2.730000000000000204e-01
7.492700000000000671e+01 -1.512299999999999933e+01 4.063300000000000267e+01 1.260000000000000009e-01
5.330499999999999972e+01 -2.452299999999999969e+01 2.405999999999999872e+01 -1.899999999999999953e-02
2.728099999999999881e+01 -3.544899999999999807e+01 1.025200000000000067e+01 -1.590000000000000024e-01
2.137300000000000111e+01 -4.133700000000000330e+01 2.362999999999999989e+00 -2.969999999999999862e-01
2.779899999999999949e+01 -3.203999999999999915e+01 5.187999999999999723e+00 -3.559999999999999831e-01
2.751300000000000168e+01 -1.214899999999999913e+01 1.372700000000000031e+01 -2.660000000000000142e-01
1.243599999999999994e+01 -1.167000000000000037e+00 1.331600000000000072e+01 -1.089999999999999997e-01
-1.206600000000000072e+01 -5.557000000000000384e+00 5.905000000000000249e+00 -3.300000000000000155e-02
-3.113599999999999923e+01 -1.053599999999999959e+01 7.408000000000000362e+00 -4.299999999999999656e-02
-3.254099999999999682e+01 -4.807999999999999829e+00 1.364300000000000068e+01 -3.599999999999999728e-02
-2.185300000000000153e+01 9.042999999999999261e+00 5.525000000000000355e+00 6.000000000000000125e-03
-1.242300000000000004e+01 2.537900000000000134e+01 -1.369299999999999962e+01 2.699999999999999969e-02
-5.580000000000000515e-01 3.410999999999999943e+01 -2.390200000000000102e+01 1.099999999999999936e-02
2.913500000000000156e+01 2.635200000000000031e+01 -2.076399999999999935e+01 -2.599999999999999881e-02
7.482800000000000296e+01 1.869200000000000017e+01 -1.063400000000000034e+01 -3.799999999999999906e-02
1.108080000000000069e+02 3.743800000000000239e+01 7.165000000000000036e+00 4.299999999999999656e-02
1.149140000000000015e+02 7.244799999999999329e+01 2.790200000000000102e+01 1.940000000000000058e-01
9.589900000000000091e+01 8.754900000000000659e+01 3.439699999999999847e+01 2.590000000000000080e-01
7.699899999999999523e+01 6.887699999999999534e+01 1.898000000000000043e+01 1.479999999999999927e-01
5.996300000000000097e+01 3.059900000000000020e+01 -4.195999999999999730e+00 -2.500000000000000139e-02
3.776800000000000068e+01 -8.041000000000000369e+00 -1.675100000000000122e+01 -1.019999999999999934e-01
2.258899999999999864e+01 -3.155999999999999872e+01 -1.501200000000000045e+01 -8.799999999999999489e-02
2.229700000000000060e+01 -3.164199999999999946e+01 -4.932000000000000384e+00 -6.700000000000000400e-02
2.185600000000000165e+01 -1.026999999999999957e+01 1.094699999999999918e+01 -5.199999999999999761e-02
1.272100000000000009e+01 2.459900000000000020e+01 2.903600000000000136e+01 -8.000000000000000167e-03
1.800000000000000044e+00 5.779200000000000159e+01 3.630599999999999739e+01 4.399999999999999745e-02
-1.273600000000000065e+01 6.662600000000000477e+01 2.236899999999999977e+01 5.399999999999999939e-02
-3.807200000000000273e+01 4.535499999999999687e+01 -3.089999999999999858e+00 2.999999999999999889e-02
-6.601399999999999579e+01 1.997299999999999898e+01 -1.857400000000000162e+01 1.600000000000000033e-02
-8.176099999999999568e+01 1.520400000000000063e+01 -1.752199999999999847e+01 1.200000000000000025e-02
-8.570000000000000284e+01 2.496099999999999852e+01 -1.455799999999999983e+01 1.000000000000000021e-02
-8.984399999999999409e+01 3.181800000000000139e+01 -2.223600000000000065e+01 3.400000000000000244e-02
-9.571999999999999886e+01 3.257099999999999795e+01 -3.324300000000000210e+01 9.500000000000000111e-02
-8.742100000000000648e+01 3.353999999999999915e+01 -3.005799999999999983e+01 1.749999999999999889e-01
-5.319599999999999795e+01 3.908400000000000318e+01 -7.171000000000000263e+00 2.449999999999999956e-01
-1.101900000000000013e+01 4.668200000000000216e+01 1.814799999999999969e+01 2.630000000000000115e-01
3.180000000000000160e+00 4.271600000000000108e+01 2.190599999999999881e+01 1.769999999999999907e-01
-1.680799999999999983e+01 1.676399999999999935e+01 2.924999999999999822e+00 2.000000000000000042e-03
-3.305599999999999739e+01 -1.511800000000000033e+01 -1.580700000000000038e+01 -1.489999999999999936e-01
-1.668799999999999883e+01 -2.700700000000000145e+01 -1.786799999999999855e+01 -1.829999999999999960e-01
1.228200000000000003e+01 -2.004400000000000048e+01 -9.525000000000000355e+00 -1.160000000000000059e-01
2.445200000000000173e+01 -1.478100000000000058e+01 -5.546000000000000263e+00 -1.499999999999999944e-02
2.871000000000000085e+01 -1.739199999999999946e+01 -1.191600000000000037e+01 7.000000000000000666e-02
4.621600000000000108e+01 -2.004400000000000048e+01 -2.102400000000000091e+01 1.170000000000000068e-01
6.143599999999999994e+01 -2.411199999999999832e+01 -2.071399999999999864e+01 1.350000000000000089e-01
3.878399999999999892e+01 -3.793699999999999761e+01 -1.047000000000000064e+01 1.250000000000000000e-01
-1.977199999999999847e+01 -5.618699999999999761e+01 -2.478000000000000203e+00 6.900000000000000577e-02
-6.752700000000000102e+01 -6.347099999999999653e+01 -2.190999999999999837e+00 -1.099999999999999936e-02
-7.188400000000000034e+01 -5.869599999999999795e+01 -1.919000000000000039e+00 -6.199999999999999956e-02
-5.789399999999999835e+01 -5.888600000000000279e+01 -2.181000000000000050e+00 -6.400000000000000133e-02
-6.734099999999999397e+01 -7.501000000000000512e+01 -1.493800000000000061e+01 -4.700000000000000011e-02
-8.696800000000000352e+01 -9.431199999999999761e+01 -3.248599999999999710e+01 -4.200000000000000261e-02
-6.314000000000000057e+01 -9.476399999999999579e+01 -2.715700000000000003e+01 -2.199999999999999872e-02
9.271000000000000796e+00 -7.352500000000000568e+01 3.793000000000000149e+00 4.100000000000000172e-02
6.601000000000000512e+01 -4.960799999999999699e+01 2.829200000000000159e+01 7.599999999999999811e-02
5.837100000000000222e+01 -3.727499999999999858e+01 2.353500000000000014e+01 -8.000000000000000167e-03
9.385999999999999233e+00 -3.281400000000000006e+01 -4.359999999999999987e-01 -1.270000000000000018e-01
-3.392000000000000171e+01 -3.062900000000000134e+01 -2.452400000000000091e+01 -1.140000000000000041e-01
-5.246500000000000341e+01 -2.893599999999999994e+01 -4.057500000000000284e+01 3.500000000000000333e-02
-4.373599999999999710e+01 -1.808099999999999952e+01 -4.411899999999999977e+01 1.670000000000000095e-01
-1.360699999999999932e+01 1.038599999999999923e+01 -3.107199999999999918e+01 1.759999999999999898e-01
1.054700000000000060e+01 4.668500000000000227e+01 -6.777999999999999581e+00 7.599999999999999811e-02
1.074200000000000088e+01 7.598999999999999488e+01 1.806099999999999994e+01 -7.499999999999999722e-02
2.302100000000000080e+01 1.013490000000000038e+02 4.014300000000000068e+01 -1.819999999999999951e-01
9.316200000000000614e+01 1.335399999999999920e+02 6.029999999999999716e+01 -1.600000000000000033e-01
1.843890000000000100e+02 1.595049999999999955e+02 7.291400000000000148e+01 -4.000000000000000083e-02
1.988129999999999882e+02 1.450910000000000082e+02 6.797700000000000387e+01 1.700000000000000122e-02
1.114620000000000033e+02 8.003499999999999659e+01 4.178799999999999670e+01 -1.239999999999999991e-01
1.211999999999999922e+01 4.240000000000000213e+00 6.040000000000000036e+00 -3.860000000000000098e-01
-1.713599999999999923e+01 -2.463800000000000168e+01 -1.631200000000000117e+01 -5.140000000000000124e-01
2.751999999999999780e+00 6.982000000000000206e+00 -1.434399999999999942e+01 -3.739999999999999991e-01
7.195999999999999730e+00 4.710099999999999909e+01 -3.222999999999999865e+00 -1.549999999999999989e-01
-1.925400000000000134e+01 3.778900000000000148e+01 -2.589999999999999858e+00 -8.999999999999999667e-02
-4.248100000000000165e+01 -9.317000000000000171e+00 -9.096999999999999531e+00 -1.059999999999999970e-01
-3.543999999999999773e+01 -3.290800000000000125e+01 -4.549000000000000377e+00 1.499999999999999944e-02
-1.196599999999999930e+01 -1.579599999999999937e+01 1.447000000000000064e+01 2.449999999999999956e-01
-6.546000000000000263e+00 -7.498999999999999666e+00 3.110399999999999920e+01 3.559999999999999831e-01
-2.613100000000000023e+01 -4.356799999999999784e+01 3.290100000000000335e+01 2.610000000000000098e-01
-4.403000000000000114e+01 -1.002270000000000039e+02 2.470100000000000051e+01 9.900000000000000466e-02
-4.709700000000000131e+01 -1.435049999999999955e+02 1.254700000000000060e+01 4.000000000000000083e-03
-5.130899999999999750e+01 -1.652949999999999875e+02 -5.003999999999999559e+00 -1.899999999999999953e-02
-6.160799999999999699e+01 -1.630780000000000030e+02 -2.421999999999999886e+01 1.000000000000000021e-03
-5.856700000000000017e+01 -1.335999999999999943e+02 -3.496999999999999886e+01 5.500000000000000028e-02
-3.329899999999999949e+01 -8.295999999999999375e+01 -3.317600000000000193e+01 1.010000000000000064e-01
-1.941999999999999948e+00 -1.495899999999999963e+01 -1.946600000000000108e+01 8.200000000000000344e-02
1.823499999999999943e+01 6.922599999999999909e+01 3.399999999999999911e+00 1.099999999999999936e-02
2.561199999999999832e+01 1.486649999999999920e+02 2.030000000000000071e+01 -2.800000000000000058e-02
2.615700000000000003e+01 1.927129999999999939e+02 1.374900000000000055e+01 1.899999999999999953e-02
2.323100000000000165e+01 1.973609999999999900e+02 -6.876000000000000334e+00 1.019999999999999934e-01
2.457400000000000162e+01 1.853789999999999907e+02 -1.289600000000000080e+01 1.469999999999999918e-01
4.836500000000000199e+01 1.767299999999999898e+02 2.915000000000000036e+00 1.809999999999999942e-01
9.690399999999999636e+01 1.750509999999999877e+02 1.928900000000000148e+01 2.409999999999999920e-01
1.300759999999999934e+02 1.676860000000000070e+02 2.003800000000000026e+01 2.349999999999999867e-01
1.001380000000000052e+02 1.302189999999999941e+02 9.728999999999999204e+00 6.300000000000000044e-02
1.204299999999999926e+01 5.477499999999999858e+01 -3.024000000000000021e+00 -1.729999999999999871e-01
-7.506600000000000250e+01 -2.334100000000000108e+01 -1.438799999999999990e+01 -2.630000000000000115e-01
-1.017650000000000006e+02 -5.987800000000000011e+01 -1.919699999999999918e+01 -1.559999999999999998e-01
-6.075800000000000267e+01 -5.911500000000000199e+01 -1.502599999999999980e+01 8.000000000000000167e-03
-4.900999999999999801e+00 -6.026899999999999835e+01 -8.726000000000000867e+00 9.500000000000000111e-02
8.108000000000000540e+00 -7.817400000000000659e+01 -7.378000000000000114e+00 1.010000000000000064e-01
-2.124599999999999866e+01 -9.468000000000000682e+01 -8.055999999999999162e+00 8.899999999999999578e-02
-4.972999999999999687e+01 -9.672700000000000387e+01 -4.480999999999999872e+00 8.599999999999999312e-02
-5.716400000000000148e+01 -9.310599999999999454e+01 -1.130000000000000032e-01 7.599999999999999811e-02
-5.771500000000000341e+01 -9.615699999999999648e+01 -4.307000000000000384e+00 3.899999999999999994e-02
-5.594100000000000250e+01 -1.016889999999999930e+02 -1.498700000000000010e+01 -8.000000000000000167e-03
-4.140100000000000335e+01 -9.781399999999999295e+01 -1.992800000000000082e+01 -2.299999999999999961e-02
-2.632499999999999929e+01 -9.329900000000000659e+01 -1.890700000000000003e+01 -0.000000000000000000e+00
-3.572599999999999909e+01 -1.107699999999999960e+02 -2.489199999999999946e+01 3.000000000000000062e-03
-5.611399999999999721e+01 -1.410279999999999916e+02 -3.689600000000000080e+01 -2.400000000000000050e-02
-4.850800000000000267e+01 -1.434579999999999984e+02 -3.593399999999999750e+01 -1.200000000000000025e-02
-1.243099999999999916e+01 -1.075610000000000070e+02 -1.645200000000000173e+01 5.500000000000000028e-02
2.013800000000000168e+01 -6.889199999999999591e+01 2.904999999999999805e+00 8.300000000000000433e-02
4.071399999999999864e+01 -5.050900000000000034e+01 7.102000000000000313e+00 2.299999999999999961e-02
5.503799999999999670e+01 -3.310799999999999699e+01 3.148000000000000131e+00 -5.899999999999999689e-02
4.917300000000000182e+01 3.204000000000000181e+00 5.208000000000000185e+00 -7.000000000000000666e-02
1.916600000000000037e+01 4.219899999999999807e+01 1.495700000000000074e+01 3.000000000000000062e-03
-4.937000000000000277e+00 5.377900000000000347e+01 2.293599999999999994e+01 6.099999999999999867e-02
-2.084000000000000075e+00 3.553000000000000114e+01 2.180300000000000082e+01 -8.999999999999999320e-03
1.284800000000000075e+01 1.713100000000000023e+01 1.379599999999999937e+01 -1.799999999999999933e-01
2.551599999999999824e+01 2.547100000000000009e+01 8.560000000000000497e+00 -2.979999999999999871e-01
4.200900000000000034e+01 5.092799999999999727e+01 1.098700000000000010e+01 -2.800000000000000266e-01
5.596300000000000097e+01 5.740400000000000347e+01 1.086999999999999922e+01 -2.159999999999999976e-01
4.649900000000000233e+01 3.386599999999999966e+01 -1.957999999999999963e+00 -2.099999999999999922e-01
2.560500000000000043e+01 1.848400000000000176e+01 -1.415399999999999991e+01 -1.789999999999999925e-01
2.949399999999999977e+01 4.708800000000000097e+01 -5.391000000000000014e+00 1.099999999999999936e-02
4.749699999999999989e+01 9.608899999999999864e+01 1.503200000000000003e+01 2.389999999999999902e-01
2.055799999999999983e+01 1.130510000000000019e+02 1.985999999999999943e+01 2.250000000000000056e-01
-6.786499999999999488e+01 8.946299999999999386e+01 6.208999999999999631e+00 -4.000000000000000083e-02
-1.515829999999999984e+02 6.240400000000000347e+01 -5.474000000000000199e+00 -2.680000000000000160e-01
-1.630089999999999861e+02 5.345600000000000307e+01 -4.474000000000000199e+00 -2.660000000000000142e-01
-1.105870000000000033e+02 4.751100000000000279e+01 3.850999999999999979e+00 -1.209999999999999964e-01
-3.700600000000000023e+01 3.342799999999999727e+01 1.216399999999999970e+01 -2.500000000000000139e-02
4.628099999999999881e+01 2.860800000000000054e+01 1.602499999999999858e+01 -2.900000000000000147e-02
1.283340000000000032e+02 4.466400000000000148e+01 1.433900000000000041e+01 1.000000000000000021e-03
1.666270000000000095e+02 5.480499999999999972e+01 9.035000000000000142e+00 1.479999999999999927e-01
1.502510000000000048e+02 2.727700000000000102e+01 2.294000000000000039e+00 2.829999999999999738e-01
1.295029999999999859e+02 -2.582000000000000028e+01 -2.680000000000000160e-01 2.700000000000000178e-01
1.326999999999999886e+02 -6.675400000000000489e+01 9.140000000000000568e+00 1.779999999999999916e-01
1.230090000000000003e+02 -8.264799999999999613e+01 2.401699999999999946e+01 1.539999999999999980e-01
7.012099999999999511e+01 -8.885899999999999466e+01 2.190899999999999892e+01 2.109999999999999931e-01
2.205999999999999961e+00 -9.318899999999999295e+01 -5.331000000000000405e+00 2.600000000000000089e-01
-3.392399999999999949e+01 -7.715900000000000603e+01 -3.121699999999999875e+01 2.540000000000000036e-01
-2.639000000000000057e+01 -2.382600000000000051e+01 -2.193900000000000006e+01 1.950000000000000067e-01
-6.019000000000000128e+00 3.869400000000000261e+01 1.712800000000000011e+01 7.000000000000000666e-02
-1.062299999999999933e+01 5.809899999999999665e+01 4.232600000000000051e+01 -1.239999999999999991e-01
-4.004899999999999949e+01 3.333599999999999852e+01 2.914399999999999835e+01 -2.810000000000000275e-01
-6.213700000000000045e+01 1.686199999999999832e+01 2.181000000000000050e+00 -2.869999999999999774e-01
-5.999000000000000199e+01 3.425300000000000011e+01 -8.114000000000000767e+00 -1.940000000000000058e-01
-4.071699999999999875e+01 6.137100000000000222e+01 -3.944999999999999840e+00 -1.439999999999999891e-01
-9.124000000000000554e+00 7.840099999999999625e+01 1.082000000000000073e+00 -1.290000000000000036e-01
2.887300000000000111e+01 8.763800000000000523e+01 4.541000000000000369e+00 -2.900000000000000147e-02
5.032200000000000273e+01 8.448699999999999477e+01 4.400999999999999801e+00 1.150000000000000050e-01
3.674300000000000210e+01 5.977700000000000102e+01 -3.677000000000000046e+00 1.270000000000000018e-01
2.557999999999999829e+00 2.686199999999999832e+01 -1.476800000000000068e+01 -2.400000000000000050e-02
-2.208500000000000085e+01 1.127899999999999991e+01 -1.989900000000000091e+01 -1.789999999999999925e-01
-2.998699999999999832e+01 1.244999999999999929e+01 -1.823300000000000054e+01 -2.109999999999999931e-01
-4.142499999999999716e+01 2.241999999999999993e+00 -1.340499999999999936e+01 -1.429999999999999882e-01
-7.564900000000000091e+01 -2.991900000000000048e+01 -6.397000000000000242e+00 -6.900000000000000577e-02
-1.262800000000000011e+02 -5.806000000000000227e+01 5.299999999999999850e-02 -4.299999999999999656e-02
-1.595560000000000116e+02 -6.266499999999999915e+01 2.439999999999999947e-01 -5.399999999999999939e-02
-1.425320000000000107e+02 -6.076100000000000279e+01 -4.458000000000000185e+00 -7.599999999999999811e-02
-8.219899999999999807e+01 -7.130700000000000216e+01 -7.099000000000000199e+00 -1.079999999999999988e-01
-2.007100000000000151e+01 -8.029200000000000159e+01 -8.092999999999999972e+00 -1.360000000000000098e-01
1.563299999999999912e+01 -6.553499999999999659e+01 -1.044500000000000028e+01 -1.150000000000000050e-01
2.467699999999999960e+01 -3.872200000000000131e+01 -1.075099999999999945e+01 -1.200000000000000025e-02
1.141999999999999993e+01 -3.180999999999999872e+01 -1.110299999999999976e+01 1.110000000000000014e-01
-1.466000000000000014e+01 -4.385199999999999676e+01 -1.789000000000000057e+01 1.469999999999999918e-01
-2.810399999999999920e+01 -3.832099999999999795e+01 -2.043299999999999983e+01 8.599999999999999312e-02
-1.100500000000000078e+01 -4.107000000000000206e+00 -6.203999999999999737e+00 4.000000000000000083e-02
2.204700000000000060e+01 2.144200000000000017e+01 7.629999999999999893e+00 8.699999999999999400e-02
4.132399999999999807e+01 1.046899999999999942e+01 -2.760000000000000231e-01 1.670000000000000095e-01
3.914900000000000091e+01 -1.588899999999999935e+01 -1.643299999999999983e+01 1.880000000000000004e-01
3.558100000000000307e+01 -2.777599999999999980e+01 -1.688700000000000045e+01 1.439999999999999891e-01
4.083100000000000307e+01 -2.459900000000000020e+01 -4.828000000000000291e+00 8.999999999999999667e-02
3.667399999999999949e+01 -1.431000000000000050e+01 4.261999999999999567e+00 5.299999999999999850e-02
1.738700000000000045e+01 5.956999999999999851e+00 8.022000000000000242e+00 1.299999999999999940e-02
7.815000000000000391e+00 3.263100000000000023e+01 8.294000000000000483e+00 -3.300000000000000155e-02
1.311500000000000021e+01 4.948899999999999721e+01 1.469999999999999973e+00 -5.099999999999999672e-02
5.706999999999999851e+00 4.916599999999999682e+01 -8.201999999999999957e+00 -1.600000000000000033e-02
-1.816100000000000136e+01 3.935799999999999699e+01 -7.823000000000000398e+00 5.899999999999999689e-02
-2.675600000000000023e+01 2.637099999999999866e+01 1.951999999999999957e+00 1.409999999999999865e-01
-8.766000000000000014e+00 1.075799999999999912e+01 5.996999999999999886e+00 1.749999999999999889e-01
7.477999999999999758e+00 -4.862000000000000099e+00 2.906000000000000139e+00 1.239999999999999991e-01
1.439999999999999891e-01 -1.910699999999999932e+01 9.128000000000000114e+00 4.800000000000000100e-02
-1.627100000000000080e+01 -3.665999999999999659e+01 2.660000000000000142e+01 3.699999999999999817e-02
-1.782199999999999918e+01 -5.680700000000000216e+01 3.418999999999999773e+01 5.800000000000000294e-02
-2.604999999999999982e+00 -6.512600000000000477e+01 2.286599999999999966e+01 1.000000000000000021e-02
1.166499999999999915e+01 -5.293599999999999994e+01 9.621000000000000441e+00 -7.499999999999999722e-02
7.163000000000000256e+00 -3.723199999999999932e+01 4.174000000000000377e+00 -7.900000000000000078e-02
-1.412700000000000067e+01 -3.648299999999999699e+01 -4.741999999999999993e+00 -8.000000000000000167e-03
-2.908099999999999952e+01 -3.622699999999999676e+01 -1.805999999999999872e+01 4.399999999999999745e-02
-2.512900000000000134e+01 -1.419599999999999973e+01 -1.836499999999999844e+01 6.300000000000000044e-02
-1.788500000000000156e+01 1.562100000000000044e+01 -4.519999999999999574e+00 7.399999999999999634e-02
-1.698900000000000077e+01 2.766700000000000159e+01 2.273000000000000131e+00 3.099999999999999978e-02
-4.820000000000000284e+00 3.166300000000000026e+01 -3.975000000000000089e+00 -8.999999999999999667e-02
2.634400000000000119e+01 4.782300000000000040e+01 -6.008000000000000007e+00 -1.930000000000000049e-01
5.063000000000000256e+01 6.087100000000000222e+01 7.389999999999999902e-01 -1.749999999999999889e-01
4.291400000000000148e+01 4.501800000000000068e+01 2.300000000000000100e-01 -8.799999999999999489e-02
1.051200000000000045e+01 1.085999999999999943e+01 -9.416000000000000369e+00 -5.000000000000000278e-02
-1.755600000000000094e+01 -1.169599999999999973e+01 -7.987000000000000099e+00 -8.899999999999999578e-02
-2.120499999999999829e+01 -1.737900000000000134e+01 1.014499999999999957e+01 -1.250000000000000000e-01
-1.069500000000000028e+01 -2.387300000000000111e+01 2.339000000000000057e+01 -1.069999999999999979e-01
-9.785999999999999588e+00 -3.894500000000000028e+01 2.060900000000000176e+01 -6.700000000000000400e-02
-1.815700000000000003e+01 -5.099600000000000222e+01 1.668700000000000117e+01 -3.799999999999999906e-02
-1.951800000000000068e+01 -5.174600000000000222e+01 1.455199999999999960e+01 -1.200000000000000025e-02
-1.747599999999999909e+01 -4.805499999999999972e+01 -3.388999999999999790e+00 -2.500000000000000139e-02
-2.136700000000000088e+01 -4.295700000000000074e+01 -3.055799999999999983e+01 -1.160000000000000059e-01
-1.522300000000000075e+01 -2.804599999999999937e+01 -3.665200000000000102e+01 -1.849999999999999978e-01
1.626200000000000045e+01 -5.259000000000000341e+00 -2.279400000000000048e+01 -8.699999999999999400e-02
5.608500000000000085e+01 9.660999999999999588e+00 -1.900000000000000000e+01 1.270000000000000018e-01
8.215500000000000114e+01 1.580400000000000027e+01 -2.337300000000000111e+01 2.829999999999999738e-01
9.348399999999999466e+01 3.062999999999999901e+01 -5.211000000000000298e+00 3.099999999999999978e-01
9.258799999999999386e+01 5.621500000000000341e+01 3.074500000000000099e+01 2.270000000000000073e-01
8.079300000000000637e+01 7.643300000000000693e+01 4.588400000000000034e+01 6.500000000000000222e-02
7.245300000000000296e+01 9.145000000000000284e+01 3.202900000000000347e+01 -7.199999999999999456e-02
7.790900000000000603e+01 1.143539999999999992e+02 1.799500000000000099e+01 -8.599999999999999312e-02
8.004099999999999682e+01 1.329110000000000014e+02 1.683800000000000097e+01 -2.599999999999999881e-02
5.522399999999999665e+01 1.162710000000000008e+02 1.290300000000000047e+01 5.000000000000000104e-03
9.066000000000000725e+00 6.470699999999999363e+01 -1.985999999999999988e+00 4.000000000000000083e-03
-2.775300000000000011e+01 1.816199999999999903e+01 -1.456799999999999962e+01 1.099999999999999936e-02
-3.307000000000000028e+01 7.415000000000000036e+00 -1.314300000000000068e+01 3.000000000000000062e-03
-1.300399999999999956e+01 2.343900000000000006e+01 -1.506000000000000005e+00 -1.799999999999999864e-02
7.873999999999999666e+00 4.167900000000000205e+01 1.141000000000000014e+01 1.600000000000000033e-02
1.359500000000000064e+01 5.209199999999999875e+01 2.045899999999999963e+01 1.209999999999999964e-01
9.012000000000000455e+00 5.346200000000000330e+01 2.165500000000000114e+01 1.920000000000000040e-01
1.800999999999999934e+00 3.790800000000000125e+01 1.293299999999999983e+01 1.429999999999999882e-01
-1.215099999999999980e+01 9.220000000000000417e-01 -2.949999999999999845e-01 2.900000000000000147e-02
-3.675699999999999790e+01 -4.255700000000000216e+01 -9.712999999999999190e+00 -3.200000000000000067e-02
-6.366100000000000136e+01 -7.002899999999999636e+01 -1.430599999999999916e+01 -2.699999999999999969e-02
-8.037300000000000466e+01 -7.457500000000000284e+01 -1.907799999999999940e+01 -2.100000000000000130e-02
-8.355100000000000193e+01 -6.447700000000000387e+01 -2.432999999999999829e+01 -3.099999999999999978e-02
-7.792100000000000648e+01 -4.638600000000000279e+01 -2.129500000000000171e+01 -2.800000000000000058e-02
-6.477400000000000091e+01 -2.085900000000000176e+01 -3.851999999999999869e+00 -3.000000000000000062e-03
-4.353600000000000136e+01 4.671999999999999709e+00 1.576999999999999957e+01 4.399999999999999745e-02
-2.400799999999999912e+01 1.079100000000000037e+01 1.573300000000000054e+01 8.300000000000000433e-02
-1.625100000000000122e+01 -1.053599999999999959e+01 -5.070999999999999730e+00 2.299999999999999961e-02
-8.391999999999999460e+00 -3.564900000000000091e+01 -2.157700000000000173e+01 -1.330000000000000071e-01
2.087600000000000122e+01 -3.439800000000000324e+01 -1.682499999999999929e+01 -2.119999999999999940e-01
6.737800000000000011e+01 -8.151999999999999247e+00 -3.411000000000000032e+00 -1.179999999999999938e-01
9.994499999999999318e+01 1.635600000000000165e+01 -6.660000000000000364e-01 -4.000000000000000083e-03
9.622400000000000375e+01 2.152100000000000080e+01 -9.551000000000000156e+00 -2.199999999999999872e-02
6.535500000000000398e+01 1.131300000000000061e+01 -1.930000000000000071e+01 -8.000000000000000167e-02
2.885399999999999920e+01 -3.807999999999999829e+00 -2.265599999999999881e+01 -1.200000000000000025e-02
-5.044999999999999929e+00 -1.914799999999999969e+01 -1.734700000000000131e+01 1.489999999999999936e-01
-3.255400000000000205e+01 -3.241599999999999682e+01 -3.354999999999999982e+00 2.310000000000000109e-01
-3.830499999999999972e+01 -3.959700000000000131e+01 1.477999999999999936e+01 1.749999999999999889e-01
-1.481600000000000072e+01 -3.882500000000000284e+01 2.629299999999999926e+01 6.800000000000000488e-02
1.378200000000000003e+01 -3.358800000000000097e+01 2.123699999999999832e+01 -1.200000000000000025e-02
1.393599999999999994e+01 -3.113200000000000145e+01 2.729000000000000092e+00 -6.400000000000000133e-02
-1.975799999999999912e+01 -4.034599999999999653e+01 -1.401500000000000057e+01 -9.400000000000000022e-02
-6.767000000000000171e+01 -6.547599999999999909e+01 -2.017500000000000071e+01 -8.699999999999999400e-02
-1.097030000000000030e+02 -9.462600000000000477e+01 -2.192999999999999972e+01 -6.300000000000000044e-02
-1.284420000000000073e+02 -1.025169999999999959e+02 -2.419300000000000139e+01 -7.499999999999999722e-02
-1.083880000000000052e+02 -7.820600000000000307e+01 -1.738700000000000045e+01 -1.219999999999999973e-01
-5.506900000000000261e+01 -4.388300000000000267e+01 6.693999999999999950e+00 -1.320000000000000062e-01
-9.919999999999999929e-01 -2.671799999999999997e+01 3.309300000000000352e+01 -9.500000000000000111e-02
2.533899999999999864e+01 -1.766600000000000037e+01 3.872099999999999653e+01 -1.270000000000000018e-01
2.248499999999999943e+01 1.119999999999999929e+01 2.748600000000000065e+01 -2.929999999999999827e-01
-6.879999999999999449e-01 5.206300000000000239e+01 2.137999999999999901e+01 -4.630000000000000226e-01
-3.546399999999999864e+01 6.628199999999999648e+01 1.966000000000000014e+01 -4.829999999999999849e-01
-6.064099999999999824e+01 4.394899999999999807e+01 4.302999999999999936e+00 -3.699999999999999956e-01
-5.988400000000000034e+01 1.674200000000000088e+01 -1.932900000000000063e+01 -2.500000000000000000e-01
-4.707099999999999795e+01 1.337299999999999933e+01 -2.595599999999999952e+01 -1.719999999999999862e-01
-3.799399999999999977e+01 3.311599999999999966e+01 -1.088599999999999923e+01 -4.900000000000000189e-02
-2.498699999999999832e+01 5.598799999999999955e+01 3.218999999999999861e+00 1.789999999999999925e-01
-3.656000000000000139e+00 6.287800000000000011e+01 -6.939999999999999503e-01 3.960000000000000187e-01
1.744900000000000162e+01 5.388000000000000256e+01 -1.453400000000000070e+01 4.590000000000000191e-01
3.766799999999999926e+01 4.334499999999999886e+01 -1.989600000000000080e+01 4.159999999999999809e-01
5.354999999999999716e+01 3.187099999999999866e+01 -9.303000000000000824e+00 3.840000000000000080e-01
4.655199999999999960e+01 8.538000000000000256e+00 9.845000000000000639e+00 3.489999999999999769e-01
1.583399999999999963e+01 -1.711499999999999844e+01 2.333399999999999963e+01 2.540000000000000036e-01
-6.993999999999999773e+00 -2.131299999999999883e+01 2.156500000000000128e+01 1.100000000000000006e-01
2.898000000000000131e+00 -2.689000000000000057e+00 9.823000000000000398e+00 -6.099999999999999867e-02
3.854500000000000171e+01 1.869600000000000151e+01 2.146999999999999797e+00 -2.159999999999999976e-01
8.104399999999999693e+01 3.192299999999999827e+01 2.068999999999999950e+00 -2.540000000000000036e-01
1.202759999999999962e+02 4.122200000000000131e+01 3.197999999999999954e+00 -1.459999999999999909e-01
1.535080000000000098e+02 5.111399999999999721e+01 8.260999999999999233e+00 5.000000000000000104e-03
1.731850000000000023e+02 5.931900000000000261e+01 2.461499999999999844e+01 1.439999999999999891e-01
1.590289999999999964e+02 5.517999999999999972e+01 3.935199999999999676e+01 2.999999999999999889e-01
9.488700000000000045e+01 2.661899999999999977e+01 2.654200000000000159e+01 3.920000000000000151e-01
2.380999999999999783e+00 -2.010699999999999932e+01 -1.378700000000000081e+01 2.810000000000000275e-01
-6.340200000000000102e+01 -5.846200000000000330e+01 -4.858400000000000318e+01 4.700000000000000011e-02
-7.155100000000000193e+01 -6.979699999999999704e+01 -4.936899999999999977e+01 -5.099999999999999672e-02
-4.938900000000000290e+01 -6.285300000000000153e+01 -1.810699999999999932e+01 6.099999999999999867e-02
-3.782800000000000296e+01 -6.138900000000000290e+01 2.154899999999999949e+01 1.690000000000000113e-01
-3.698299999999999699e+01 -7.789400000000000546e+01 4.358200000000000074e+01 1.199999999999999956e-01
-2.557100000000000151e+01 -9.845600000000000307e+01 3.713600000000000279e+01 3.500000000000000333e-02
-1.225399999999999956e+01 -1.012590000000000003e+02 1.243999999999999950e+01 4.399999999999999745e-02
-2.732000000000000028e+01 -8.936499999999999488e+01 -1.395500000000000007e+01 5.199999999999999761e-02
-6.890900000000000603e+01 -8.045600000000000307e+01 -3.270100000000000051e+01 -6.300000000000000044e-02
-9.590800000000000125e+01 -7.220999999999999375e+01 -3.937899999999999778e+01 -2.079999999999999905e-01
-7.980200000000000671e+01 -5.015800000000000125e+01 -3.473299999999999699e+01 -2.379999999999999893e-01
-3.512899999999999778e+01 -1.391000000000000014e+01 -2.623600000000000065e+01 -1.650000000000000078e-01
5.261000000000000121e+00 2.994900000000000162e+01 -1.754299999999999926e+01 -7.499999999999999722e-02
2.101200000000000045e+01 7.940000000000000568e+01 -7.153999999999999915e+00 2.900000000000000147e-02
7.551999999999999602e+00 1.257960000000000065e+02 -1.780999999999999917e+00 1.400000000000000133e-01
-2.497899999999999920e+01 1.551220000000000141e+02 -7.828999999999999737e+00 1.539999999999999980e-01
-4.676299999999999812e+01 1.699509999999999934e+02 -1.107300000000000040e+01 2.500000000000000139e-02
-2.832400000000000162e+01 1.850320000000000107e+02 5.644000000000000128e+00 -1.219999999999999973e-01
2.147599999999999909e+01 1.945850000000000080e+02 2.938200000000000145e+01 -1.429999999999999882e-01
6.056700000000000017e+01 1.726020000000000039e+02 3.218999999999999773e+01 -6.099999999999999867e-02
6.544299999999999784e+01 1.182439999999999998e+02 1.577100000000000080e+01 -4.000000000000000083e-03
5.018699999999999761e+01 7.181300000000000239e+01 9.050000000000000711e+00 -2.299999999999999961e-02
3.042699999999999960e+01 6.051899999999999835e+01 1.926800000000000068e+01 -5.700000000000000205e-02
8.096000000000000085e+00 5.706799999999999784e+01 2.351800000000000068e+01 -5.700000000000000205e-02
-6.847000000000000419e+00 2.836700000000000088e+01 1.313299999999999912e+01 -5.500000000000000028e-02
-2.251999999999999780e+00 -5.786999999999999922e+00 4.443999999999999950e+00 -6.300000000000000044e-02
1.305899999999999928e+01 -5.275999999999999801e+00 5.991999999999999993e+00 -2.900000000000000147e-02
2.060500000000000043e+01 2.451699999999999946e+01 1.143699999999999939e+01 6.400000000000000133e-02
1.405799999999999983e+01 3.652700000000000102e+01 1.656299999999999883e+01 1.469999999999999918e-01
-8.729999999999999982e-01 6.099999999999999867e-01 1.858699999999999974e+01 1.409999999999999865e-01
-1.596899999999999942e+01 -6.559199999999999875e+01 1.079899999999999949e+01 5.999999999999999778e-02
-2.896000000000000085e+01 -1.244500000000000028e+02 -6.671000000000000263e+00 -1.499999999999999944e-02
-4.322399999999999665e+01 -1.573369999999999891e+02 -2.138800000000000168e+01 -4.800000000000000100e-02
-5.543599999999999994e+01 -1.674240000000000066e+02 -2.478800000000000026e+01 -6.700000000000000400e-02
-5.110199999999999676e+01 -1.641330000000000098e+02 -2.465700000000000003e+01 -6.900000000000000577e-02
-2.101099999999999923e+01 -1.568319999999999936e+02 -2.976200000000000045e+01 -2.800000000000000058e-02
1.698300000000000054e+01 -1.496260000000000048e+02 -3.224300000000000210e+01 2.100000000000000130e-02
2.519600000000000151e+01 -1.396659999999999968e+02 -2.160999999999999943e+01 2.000000000000000042e-03
-5.700000000000000178e+00 -1.272740000000000009e+02 -5.657000000000000028e+00 -8.200000000000000344e-02
-3.355100000000000193e+01 -1.168149999999999977e+02 6.580000000000000293e-01 -1.429999999999999882e-01
-2.121600000000000108e+01 -1.049629999999999939e+02 -3.471000000000000085e+00 -1.179999999999999938e-01
1.164100000000000001e+01 -8.463299999999999557e+01 -9.464999999999999858e+00 -5.299999999999999850e-02
2.466799999999999926e+01 -5.963300000000000267e+01 -1.356799999999999962e+01 -2.999999999999999889e-02
1.106499999999999950e+01 -4.125600000000000023e+01 -1.581499999999999950e+01 -5.700000000000000205e-02
-5.330000000000000071e+00 -3.280700000000000216e+01 -1.574699999999999989e+01 -7.399999999999999634e-02
5.689999999999999503e-01 -2.486499999999999844e+01 -1.468099999999999916e+01 -5.899999999999999689e-02
3.181899999999999906e+01 -6.437999999999999723e+00 -1.593399999999999928e+01 -3.099999999999999978e-02
5.820499999999999829e+01 1.821199999999999974e+01 -2.033899999999999864e+01 7.000000000000000146e-03
4.613100000000000023e+01 3.203600000000000136e+01 -2.016600000000000037e+01 5.999999999999999778e-02
1.142399999999999949e+01 3.455700000000000216e+01 -5.100000000000000089e-01 1.079999999999999988e-01
5.064000000000000057e+00 5.057000000000000028e+01 4.066299999999999670e+01 1.189999999999999947e-01
3.621399999999999864e+01 8.846899999999999409e+01 7.573099999999999454e+01 5.500000000000000028e-02
5.922899999999999920e+01 1.160859999999999985e+02 7.359199999999999875e+01 -7.399999999999999634e-02
4.384000000000000341e+01 1.050370000000000061e+02 4.231300000000000239e+01 -1.620000000000000051e-01
7.205000000000000071e+00 6.842199999999999704e+01 1.709600000000000009e+01 -1.260000000000000009e-01
-2.320499999999999829e+01 3.297099999999999653e+01 1.074499999999999922e+01 -4.900000000000000189e-02
-3.992199999999999704e+01 5.831000000000000405e+00 7.309000000000000163e+00 -4.200000000000000261e-02
-5.344599999999999795e+01 -1.566699999999999982e+01 -3.273000000000000131e+00 -7.299999999999999545e-02
-7.338800000000000523e+01 -2.676000000000000156e+01 -1.205300000000000082e+01 -5.299999999999999850e-02
-8.781000000000000227e+01 -2.166499999999999915e+01 -9.771000000000000796e+00 2.000000000000000042e-03
-7.488599999999999568e+01 -4.724000000000000199e+00 -1.592999999999999972e+00 1.099999999999999936e-02
-3.994700000000000273e+01 1.143800000000000061e+01 2.429999999999999938e-01 -3.400000000000000244e-02
-1.500600000000000023e+01 1.260899999999999999e+01 -8.602000000000000313e+00 -5.000000000000000278e-02
-1.579400000000000048e+01 -8.167999999999999261e+00 -2.095400000000000063e+01 3.400000000000000244e-02
-2.359900000000000020e+01 -3.822899999999999920e+01 -2.667500000000000071e+01 1.640000000000000069e-01
-1.347000000000000064e+01 -4.739300000000000068e+01 -2.177599999999999980e+01 2.069999999999999896e-01
1.758699999999999974e+01 -1.958399999999999963e+01 -1.005499999999999972e+01 1.089999999999999997e-01
5.291299999999999670e+01 1.912800000000000011e+01 1.127999999999999892e+00 -4.700000000000000011e-02
7.864400000000000546e+01 2.920100000000000051e+01 6.722000000000000419e+00 -1.590000000000000024e-01
9.836899999999999977e+01 1.401600000000000001e+01 7.865000000000000213e+00 -1.700000000000000122e-01
1.150919999999999987e+02 1.501399999999999935e+01 9.079000000000000625e+00 -9.900000000000000466e-02
1.066119999999999948e+02 5.140699999999999648e+01 1.149600000000000044e+01 -5.299999999999999850e-02
4.976299999999999812e+01 9.625499999999999545e+01 1.084600000000000009e+01 -1.270000000000000018e-01
-3.047299999999999898e+01 1.164779999999999944e+02 3.520000000000000018e+00 -2.570000000000000062e-01
-7.143600000000000705e+01 1.157339999999999947e+02 -5.932000000000000384e+00 -2.869999999999999774e-01
-4.496099999999999852e+01 1.216159999999999997e+02 -9.080999999999999517e+00 -1.529999999999999971e-01
5.373000000000000220e+00 1.390289999999999964e+02 -6.714999999999999858e+00 5.999999999999999778e-02
1.754100000000000037e+01 1.440310000000000059e+02 -6.466000000000000192e+00 2.330000000000000127e-01
-1.409099999999999930e+01 1.226929999999999978e+02 -6.246999999999999886e+00 3.160000000000000031e-01
-4.515299999999999869e+01 8.561899999999999977e+01 1.157999999999999918e+00 3.089999999999999969e-01
-5.652300000000000324e+01 4.462899999999999778e+01 7.068999999999999950e+00 2.039999999999999869e-01
-7.292799999999999727e+01 4.509000000000000341e+00 -1.286999999999999922e+00 -2.000000000000000042e-03
-9.101600000000000534e+01 -2.123400000000000176e+01 -1.037599999999999945e+01 -1.940000000000000058e-01
-6.548799999999999955e+01 -1.563100000000000023e+01 2.164000000000000146e+00 -1.700000000000000122e-01
-3.099999999999999978e-01 1.307300000000000040e+01 2.624299999999999855e+01 8.400000000000000522e-02
3.799099999999999966e+01 3.214200000000000301e+01 3.371000000000000085e+01 3.170000000000000040e-01
2.372700000000000031e+01 2.143100000000000094e+01 2.131800000000000139e+01 3.340000000000000191e-01
-8.179999999999999494e-01 -7.562999999999999723e+00 6.097999999999999865e+00 2.039999999999999869e-01
7.249999999999999778e-01 -2.955900000000000105e+01 -3.480999999999999872e+00 1.029999999999999943e-01
3.117000000000000171e+01 -2.948900000000000077e+01 -7.482999999999999652e+00 9.600000000000000200e-02
7.764400000000000546e+01 -1.331199999999999939e+01 -6.399000000000000021e+00 1.350000000000000089e-01
1.086919999999999931e+02 -1.544999999999999929e+00 -6.416000000000000369e+00 1.539999999999999980e-01
9.656999999999999318e+01 -5.822000000000000064e+00 -1.246799999999999997e+01 1.350000000000000089e-01
6.183100000000000307e+01 -1.510899999999999999e+01 -1.433699999999999974e+01 8.699999999999999400e-02
4.642399999999999949e+01 -1.666199999999999903e+01 -2.157000000000000028e+00 3.799999999999999906e-02
4.674900000000000233e+01 -1.973999999999999844e+01 1.023399999999999999e+01 1.099999999999999936e-02
2.478399999999999892e+01 -4.022800000000000153e+01 3.170999999999999819e+00 -1.000000000000000021e-02
-2.483800000000000097e+01 -7.207299999999999329e+01 -1.700900000000000034e+01 -6.600000000000000311e-02
-6.555599999999999739e+01 -9.411899999999999977e+01 -3.024299999999999855e+01 -1.640000000000000069e-01
-7.169799999999999329e+01 -9.994400000000000261e+01 -3.295799999999999841e+01 -2.429999999999999938e-01
-5.501899999999999835e+01 -1.023319999999999936e+02 -3.112699999999999889e+01 -2.300000000000000100e-01
-4.058700000000000330e+01 -1.092720000000000056e+02 -2.208699999999999974e+01 -1.429999999999999882e-01
-3.873599999999999710e+01 -1.119650000000000034e+02 -4.977000000000000313e+00 -5.899999999999999689e-02
-4.015800000000000125e+01 -1.011050000000000040e+02 8.285999999999999588e+00 7.000000000000000146e-03
-3.534499999999999886e+01 -8.589400000000000546e+01 7.527999999999999581e+00 9.299999999999999933e-02
-3.325699999999999790e+01 -8.370000000000000284e+01 -4.279999999999999916e-01 1.620000000000000051e-01
-4.259700000000000131e+01 -8.896200000000000330e+01 -2.000999999999999890e+00 1.280000000000000027e-01
-4.980400000000000205e+01 -7.527299999999999613e+01 8.269999999999999574e-01 1.700000000000000122e-02
-4.128699999999999903e+01 -3.730400000000000205e+01 -5.924000000000000377e+00 -4.599999999999999922e-02
-2.422299999999999898e+01 -2.613999999999999879e+00 -2.011799999999999855e+01 -1.899999999999999953e-02
-1.073799999999999955e+01 7.818999999999999950e+00 -2.077299999999999969e+01 3.599999999999999728e-02
-4.783999999999999808e+00 4.581000000000000405e+00 6.149999999999999911e-01 8.000000000000000167e-02
-2.504000000000000004e+00 5.661999999999999922e+00 2.616900000000000048e+01 1.340000000000000080e-01
7.078999999999999737e+00 9.512000000000000455e+00 3.474399999999999977e+01 1.640000000000000069e-01
2.863700000000000045e+01 5.583000000000000185e+00 2.425499999999999901e+01 9.900000000000000466e-02
4.628000000000000114e+01 -6.580000000000000071e+00 6.995000000000000107e+00 -3.899999999999999994e-02
3.908599999999999852e+01 -1.913899999999999935e+01 -4.772999999999999687e+00 -1.739999999999999880e-01
1.287199999999999989e+01 -1.910800000000000054e+01 -3.875999999999999890e+00 -2.650000000000000133e-01
-5.010000000000000009e-01 6.926000000000000156e+00 9.067999999999999616e+00 -2.819999999999999729e-01
1.209399999999999942e+01 4.981700000000000017e+01 2.300499999999999901e+01 -2.129999999999999949e-01
2.356700000000000017e+01 7.693500000000000227e+01 2.682700000000000173e+01 -1.100000000000000006e-01
1.213299999999999912e+01 7.495600000000000307e+01 2.209700000000000131e+01 -4.200000000000000261e-02
-4.564000000000000057e+00 6.599599999999999511e+01 1.518099999999999916e+01 -3.200000000000000067e-02
-3.706999999999999851e+00 6.763700000000000045e+01 5.743000000000000327e+00 -7.499999999999999722e-02
1.003200000000000003e+01 6.944100000000000250e+01 -4.677999999999999936e+00 -1.340000000000000080e-01
2.060300000000000153e+01 5.651800000000000068e+01 -6.620000000000000107e+00 -1.290000000000000036e-01
2.608399999999999963e+01 3.368500000000000227e+01 3.317000000000000171e+00 -2.000000000000000042e-03
4.050800000000000267e+01 2.296999999999999886e+01 1.480199999999999960e+01 1.789999999999999925e-01
6.999099999999999966e+01 3.739099999999999824e+01 1.648900000000000077e+01 2.610000000000000098e-01
9.233100000000000307e+01 5.632999999999999829e+01 8.227000000000000313e+00 1.729999999999999871e-01
8.072899999999999920e+01 4.753000000000000114e+01 -2.080000000000000071e+00 2.400000000000000050e-02
4.359799999999999898e+01 1.417300000000000004e+01 -9.554999999999999716e+00 -5.000000000000000278e-02
1.411700000000000088e+01 -1.004199999999999982e+01 -1.592800000000000082e+01 -5.099999999999999672e-02
6.692999999999999616e+00 -6.259000000000000341e+00 -2.106400000000000006e+01 -4.399999999999999745e-02
7.483999999999999986e+00 1.801999999999999957e+01 -1.864900000000000091e+01 -2.000000000000000042e-02
-1.554000000000000048e+00 4.893399999999999750e+01 -6.258000000000000007e+00 5.299999999999999850e-02
-2.381299999999999883e+01 7.288899999999999579e+01 7.839999999999999858e+00 1.280000000000000027e-01
-4.339500000000000313e+01 7.506000000000000227e+01 1.303700000000000081e+01 1.330000000000000071e-01
-4.098499999999999943e+01 4.929399999999999693e+01 6.602999999999999758e+00 9.700000000000000289e-02
-2.309299999999999997e+01 5.671000000000000263e+00 -3.648000000000000131e+00 1.120000000000000023e-01
-1.731099999999999994e+01 -3.766199999999999903e+01 -5.495000000000000107e+00 1.680000000000000104e-01
-3.188100000000000023e+01 -6.660200000000000387e+01 3.269000000000000128e+00 1.449999999999999900e-01
-4.749000000000000199e+01 -7.583199999999999363e+01 1.076800000000000068e+01 2.400000000000000050e-02
-5.274499999999999744e+01 -7.073300000000000409e+01 7.618999999999999773e+00 -7.599999999999999811e-02
-5.867600000000000193e+01 -6.595199999999999818e+01 -2.701000000000000068e+00 -7.900000000000000078e-02
-7.481199999999999761e+01 -6.929800000000000182e+01 -1.349300000000000033e+01 -5.500000000000000028e-02
-9.356199999999999761e+01 -6.668600000000000705e+01 -2.163599999999999923e+01 -1.059999999999999970e-01
-1.030090000000000003e+02 -4.239000000000000057e+01 -2.460300000000000153e+01 -1.960000000000000075e-01
-1.011860000000000070e+02 -1.027599999999999980e+01 -2.109100000000000108e+01 -2.030000000000000138e-01
-8.879699999999999704e+01 3.023000000000000131e+00 -1.311999999999999922e+01 -1.179999999999999938e-01
-5.672800000000000153e+01 7.650000000000000133e-01 -3.104999999999999982e+00 -5.999999999999999778e-02
3.099999999999999978e-01 9.721000000000000085e+00 8.916999999999999815e+00 -5.899999999999999689e-02
5.973799999999999955e+01 3.189199999999999946e+01 2.151800000000000068e+01 -1.600000000000000033e-02
8.532699999999999818e+01 3.581600000000000250e+01 2.702100000000000080e+01 7.399999999999999634e-02
6.981600000000000250e+01 5.475999999999999979e+00 1.888599999999999923e+01 8.100000000000000255e-02
4.089800000000000324e+01 -3.353600000000000136e+01 2.376999999999999780e+00 -3.300000000000000155e-02
2.008800000000000097e+01 -5.122099999999999653e+01 -1.195199999999999996e+01 -1.769999999999999907e-01
-4.829999999999999849e-01 -4.682500000000000284e+01 -1.757000000000000028e+01 -2.660000000000000142e-01
-2.728900000000000148e+01 -3.400699999999999790e+01 -9.208999999999999631e+00 -2.510000000000000009e-01
-3.601100000000000279e+01 -1.889499999999999957e+01 9.657000000000000028e+00 -1.049999999999999961e-01
-3.853000000000000203e+00 -2.164000000000000146e+00 1.643700000000000117e+01 7.299999999999999545e-02
4.554699999999999704e+01 1.126900000000000013e+01 -4.205000000000000071e+00 9.800000000000000377e-02
6.881100000000000705e+01 1.342800000000000082e+01 -2.899299999999999855e+01 -3.799999999999999906e-02
6.328399999999999892e+01 5.966000000000000192e+00 -2.487099999999999866e+01 -1.189999999999999947e-01
6.136299999999999955e+01 3.535000000000000142e+00 1.977000000000000091e+00 -2.400000000000000050e-02
7.273099999999999454e+01 1.333699999999999974e+01 1.845200000000000173e+01 1.019999999999999934e-01
7.411199999999999477e+01 2.232000000000000028e+01 1.122700000000000031e+01 1.059999999999999970e-01
5.641899999999999693e+01 1.894399999999999906e+01 -5.568999999999999950e+00 4.499999999999999833e-02
3.785699999999999932e+01 1.083000000000000007e+01 -1.586999999999999922e+01 3.699999999999999817e-02
2.013700000000000045e+01 5.344999999999999751e+00 -1.587100000000000044e+01 8.100000000000000255e-02
-2.180600000000000094e+01 -6.753000000000000114e+00 -1.121499999999999986e+01 9.800000000000000377e-02
-8.648900000000000432e+01 -3.168299999999999983e+01 -9.861000000000000654e+00 5.999999999999999778e-02
-1.272549999999999955e+02 -5.456199999999999761e+01 -1.359200000000000053e+01 4.000000000000000083e-03
-1.115250000000000057e+02 -5.550600000000000023e+01 -1.647599999999999909e+01 1.000000000000000021e-03
-6.260000000000000142e+01 -3.418900000000000006e+01 -1.433600000000000030e+01 8.000000000000000167e-02
-2.167200000000000060e+01 -9.733000000000000540e+00 -7.759000000000000341e+00 1.519999999999999962e-01
3.935999999999999943e+00 8.120000000000000551e-01 6.953999999999999737e+00 1.069999999999999979e-01
3.276299999999999812e+01 -4.040000000000000036e+00 3.269899999999999807e+01 -1.099999999999999936e-02
6.739799999999999613e+01 -1.655999999999999872e+01 5.195000000000000284e+01 -5.399999999999999939e-02
8.688599999999999568e+01 -2.493799999999999883e+01 3.946699999999999875e+01 -3.000000000000000062e-03
7.679000000000000625e+01 -1.452899999999999991e+01 3.415000000000000036e+00 2.299999999999999961e-02
4.589900000000000091e+01 1.889099999999999824e+01 -1.744900000000000162e+01 -2.500000000000000139e-02
1.105400000000000027e+01 5.935199999999999676e+01 -4.560999999999999943e+00 -5.500000000000000028e-02
-1.751200000000000045e+01 8.365999999999999659e+01 1.949099999999999966e+01 6.000000000000000125e-03
-2.897700000000000031e+01 8.221200000000000330e+01 2.374200000000000088e+01 9.099999999999999756e-02
-1.132399999999999984e+01 6.441599999999999682e+01 3.249000000000000110e+00 8.400000000000000522e-02
2.269000000000000128e+01 4.557800000000000296e+01 -2.263400000000000034e+01 -1.600000000000000033e-02
3.341100000000000136e+01 3.479299999999999926e+01 -3.453900000000000148e+01 -7.900000000000000078e-02
9.076999999999999957e+00 3.775800000000000267e+01 -2.934600000000000009e+01 -1.099999999999999936e-02
-8.557000000000000384e+00 5.922299999999999898e+01 -1.612600000000000122e+01 1.130000000000000032e-01
1.062299999999999933e+01 9.302299999999999613e+01 -3.830000000000000071e-01 1.499999999999999944e-01
3.729299999999999926e+01 1.161479999999999961e+02 2.185500000000000043e+01 1.140000000000000041e-01
3.558400000000000318e+01 1.035729999999999933e+02 4.757900000000000063e+01 1.239999999999999991e-01
1.757999999999999829e+01 5.343900000000000006e+01 5.622200000000000131e+01 1.729999999999999871e-01
1.496700000000000053e+01 -6.038000000000000256e+00 3.519800000000000040e+01 1.489999999999999936e-01
3.151000000000000156e+01 -4.255599999999999739e+01 3.410000000000000142e+00 5.299999999999999850e-02
4.659199999999999875e+01 -5.253600000000000136e+01 -1.304400000000000048e+01 3.000000000000000062e-03
4.522299999999999898e+01 -5.641299999999999670e+01 -1.168399999999999928e+01 5.999999999999999778e-02
2.929899999999999949e+01 -6.216499999999999915e+01 -3.456999999999999851e+00 1.509999999999999953e-01
1.105799999999999983e+01 -5.431700000000000017e+01 4.562999999999999723e+00 1.710000000000000131e-01
7.900000000000000078e-02 -2.348799999999999955e+01 6.022999999999999687e+00 6.800000000000000488e-02
-8.358000000000000540e+00 1.423600000000000065e+01 -1.772000000000000020e+00 -1.069999999999999979e-01
-2.469800000000000040e+01 3.398100000000000165e+01 -9.438000000000000611e+00 -2.369999999999999885e-01
-4.742799999999999727e+01 2.344099999999999895e+01 -8.242000000000000881e+00 -2.369999999999999885e-01
-6.523999999999999488e+01 -1.014799999999999969e+01 -4.621999999999999886e+00 -1.479999999999999927e-01
-6.962800000000000011e+01 -4.182000000000000028e+01 -7.445999999999999730e+00 -6.900000000000000577e-02
-6.204099999999999682e+01 -4.904099999999999682e+01 -1.270899999999999963e+01 -4.900000000000000189e-02
-5.462400000000000233e+01 -3.661800000000000210e+01 -1.323199999999999932e+01 -8.300000000000000433e-02
-5.590500000000000114e+01 -2.635600000000000165e+01 -1.113100000000000023e+01 -1.469999999999999918e-01
-5.688100000000000023e+01 -2.748100000000000165e+01 -1.080300000000000082e+01 -1.799999999999999933e-01
-4.777600000000000335e+01 -3.429500000000000171e+01 -1.148199999999999932e+01 -1.229999999999999982e-01
-4.046999999999999886e+01 -4.329399999999999693e+01 -1.412599999999999945e+01 -1.799999999999999864e-02
-5.241299999999999670e+01 -5.572200000000000131e+01 -2.140200000000000102e+01 3.699999999999999817e-02
-7.427599999999999625e+01 -6.407399999999999807e+01 -2.522899999999999920e+01 2.000000000000000042e-02
-7.376300000000000523e+01 -4.963700000000000045e+01 -1.308500000000000085e+01 -4.000000000000000083e-03
-3.014399999999999835e+01 -4.650000000000000355e+00 9.553000000000000824e+00 -0.000000000000000000e+00
4.488000000000000256e+01 4.937199999999999989e+01 2.389799999999999969e+01 1.200000000000000025e-02
1.135750000000000028e+02 7.928499999999999659e+01 2.375700000000000145e+01 3.599999999999999728e-02
1.383820000000000050e+02 7.562699999999999534e+01 1.781099999999999994e+01 1.069999999999999979e-01
1.125319999999999965e+02 5.765999999999999659e+01 1.323499999999999943e+01 1.950000000000000067e-01
5.842399999999999949e+01 3.957000000000000028e+01 1.099399999999999977e+01 1.920000000000000040e-01
-1.723000000000000087e+00 1.074600000000000044e+01 8.226000000000000867e+00 5.099999999999999672e-02
-5.122099999999999653e+01 -3.399900000000000233e+01 -5.480000000000000426e-01 -1.199999999999999956e-01
-6.886199999999999477e+01 -6.743800000000000239e+01 -1.573199999999999932e+01 -1.700000000000000122e-01
-4.802400000000000091e+01 -6.219800000000000040e+01 -2.733299999999999841e+01 -8.599999999999999312e-02
-1.433900000000000041e+01 -3.128399999999999892e+01 -2.589300000000000068e+01 1.200000000000000025e-02
2.387000000000000011e+00 -8.375999999999999446e+00 -1.648000000000000043e+01 1.899999999999999953e-02
1.629000000000000004e+00 -5.642000000000000348e+00 -1.262599999999999945e+01 -8.100000000000000255e-02
1.524999999999999911e+00 -1.146199999999999974e+01 -1.533500000000000085e+01 -2.389999999999999902e-01
8.201999999999999957e+00 -1.220199999999999996e+01 -1.135299999999999976e+01 -3.539999999999999813e-01
1.007000000000000028e+01 -3.463999999999999968e+00 2.923999999999999932e+00 -3.230000000000000093e-01
2.617999999999999883e+00 9.499000000000000554e+00 1.433600000000000030e+01 -1.479999999999999927e-01
3.847999999999999865e+00 1.820700000000000074e+01 1.443699999999999939e+01 4.800000000000000100e-02
2.216199999999999903e+01 1.980300000000000082e+01 9.529999999999999361e+00 1.519999999999999962e-01
2.743700000000000117e+01 1.756599999999999895e+01 8.503999999999999559e+00 1.559999999999999998e-01
-2.654999999999999805e+00 1.361299999999999955e+01 1.219599999999999973e+01 1.260000000000000009e-01
-3.375300000000000011e+01 4.445999999999999730e+00 1.300399999999999956e+01 1.170000000000000068e-01
-2.362500000000000000e+01 -1.198199999999999932e+01 5.272999999999999687e+00 1.110000000000000014e-01
1.265900000000000070e+01 -2.508399999999999963e+01 -2.362000000000000099e+00 8.100000000000000255e-02
3.247899999999999920e+01 -2.135800000000000054e+01 4.133000000000000007e+00 5.099999999999999672e-02
2.722400000000000020e+01 -6.389999999999999680e+00 2.282799999999999940e+01 1.600000000000000033e-02
1.845200000000000173e+01 3.116000000000000103e+00 3.822500000000000142e+01 -6.600000000000000311e-02
1.967099999999999937e+01 3.294999999999999929e+00 4.053799999999999670e+01 -1.360000000000000098e-01
2.622500000000000142e+01 -1.340999999999999970e+00 3.023900000000000077e+01 -8.400000000000000522e-02
2.667000000000000171e+01 -1.043299999999999983e+01 1.369299999999999962e+01 4.499999999999999833e-02
1.450999999999999979e+01 -2.096699999999999875e+01 8.729999999999999982e-01 8.899999999999999578e-02
-2.037999999999999812e+00 -2.717000000000000171e+01 -4.277999999999999581e+00 2.199999999999999872e-02
-7.370000000000000107e+00 -3.330700000000000216e+01 -1.083399999999999963e+01 -4.299999999999999656e-02
-2.516999999999999904e+00 -4.637299999999999756e+01 -2.695700000000000074e+01 -4.800000000000000100e-02
-6.014000000000000234e+00 -5.537899999999999778e+01 -4.180499999999999972e+01 -2.500000000000000139e-02
-2.463899999999999935e+01 -4.189000000000000057e+01 -3.558200000000000074e+01 4.000000000000000083e-03
-4.169899999999999807e+01 -1.178400000000000070e+01 -1.018500000000000050e+01 2.800000000000000058e-02
-3.925099999999999767e+01 1.076399999999999935e+01 8.500999999999999446e+00 5.000000000000000104e-03
-1.951399999999999935e+01 2.050900000000000034e+01 6.224000000000000199e+00 -6.400000000000000133e-02
-1.189999999999999947e+00 3.259599999999999653e+01 -3.400999999999999801e+00 -1.000000000000000056e-01
2.069999999999999840e+00 4.831400000000000006e+01 -4.788999999999999702e+00 -5.600000000000000117e-02
-5.522999999999999687e+00 4.847699999999999676e+01 -4.939999999999999947e-01 2.000000000000000042e-02
-1.391200000000000081e+01 2.406200000000000117e+01 -7.660000000000000142e-01 7.199999999999999456e-02
-2.078500000000000014e+01 -6.532000000000000028e+00 -7.631999999999999673e+00 7.299999999999999545e-02
-2.403200000000000003e+01 -1.822100000000000009e+01 -1.315000000000000036e+01 2.599999999999999881e-02
-1.610800000000000054e+01 -7.447000000000000064e+00 -1.030400000000000027e+01 -1.400000000000000029e-02
-4.689999999999999725e-01 5.706000000000000405e+00 -3.701999999999999957e+00 2.999999999999999889e-02
3.588000000000000078e+00 3.400000000000000244e-01 -3.778999999999999915e+00 1.219999999999999973e-01
-9.833000000000000185e+00 -2.003099999999999881e+01 -9.795999999999999375e+00 1.400000000000000133e-01
-2.084900000000000020e+01 -3.173799999999999955e+01 -1.073799999999999955e+01 6.500000000000000222e-02
-1.911599999999999966e+01 -2.559400000000000119e+01 -6.306000000000000050e+00 2.000000000000000042e-03
-2.098499999999999943e+01 -1.627499999999999858e+01 -7.153999999999999915e+00 6.000000000000000125e-03
-3.145899999999999963e+01 -8.807999999999999829e+00 -8.451999999999999957e+00 2.199999999999999872e-02
-2.798699999999999832e+01 1.211599999999999966e+01 7.222999999999999865e+00 1.000000000000000021e-03
-2.277000000000000135e+00 4.671600000000000108e+01 3.157300000000000040e+01 -2.900000000000000147e-02
2.356400000000000006e+01 6.765500000000000114e+01 3.225300000000000011e+01 -1.499999999999999944e-02
3.594400000000000261e+01 5.879899999999999949e+01 4.116999999999999993e+00 4.100000000000000172e-02
4.323700000000000188e+01 3.809599999999999653e+01 -1.985000000000000142e+01 7.799999999999999989e-02
4.728399999999999892e+01 2.893599999999999994e+01 -1.791300000000000026e+01 7.499999999999999722e-02
4.168900000000000006e+01 3.431499999999999773e+01 -3.408999999999999808e+00 7.299999999999999545e-02
3.360499999999999687e+01 4.680899999999999750e+01 5.618000000000000327e+00 1.079999999999999988e-01
3.093199999999999861e+01 5.728600000000000136e+01 7.894999999999999574e+00 1.610000000000000042e-01
2.179100000000000037e+01 5.088100000000000023e+01 7.099000000000000199e+00 1.719999999999999862e-01
-2.159999999999999976e-01 2.075300000000000011e+01 3.294000000000000039e+00 1.069999999999999979e-01
-1.174900000000000055e+01 -1.443900000000000006e+01 -2.438000000000000167e+00 1.899999999999999953e-02
8.337999999999999190e+00 -2.717000000000000171e+01 -8.489000000000000767e+00 -1.499999999999999944e-02
4.366499999999999915e+01 -1.330599999999999916e+01 -1.424300000000000033e+01 1.000000000000000021e-03
6.360900000000000176e+01 4.940000000000000391e+00 -1.495500000000000007e+01 1.400000000000000029e-02
6.347200000000000131e+01 6.677999999999999936e+00 -4.645999999999999908e+00 1.299999999999999940e-02
5.472200000000000131e+01 -7.091999999999999638e+00 1.306700000000000017e+01 -6.000000000000000125e-03
3.417999999999999972e+01 -2.146000000000000085e+01 2.794900000000000162e+01 -8.899999999999999578e-02
-4.847000000000000419e+00 -2.525700000000000145e+01 3.422699999999999676e+01 -2.109999999999999931e-01
-4.780700000000000216e+01 -1.766700000000000159e+01 2.942599999999999838e+01 -2.250000000000000056e-01
-7.440900000000000603e+01 -5.939000000000000057e+00 1.197100000000000009e+01 -8.100000000000000255e-02
-8.239900000000000091e+01 3.660000000000000142e+00 -1.123799999999999955e+01 5.600000000000000117e-02
-7.834999999999999432e+01 1.330000000000000071e+01 -2.526899999999999835e+01 5.600000000000000117e-02
-6.681000000000000227e+01 2.162399999999999878e+01 -2.313500000000000156e+01 -3.000000000000000062e-03
-5.880700000000000216e+01 1.300099999999999945e+01 -1.473499999999999943e+01 -2.299999999999999961e-02
-6.046900000000000119e+01 -1.799099999999999966e+01 -1.153800000000000026e+01 -2.699999999999999969e-02
-4.745900000000000318e+01 -4.296000000000000085e+01 -7.434999999999999609e+00 -3.300000000000000155e-02
6.222999999999999865e+00 -3.143100000000000094e+01 9.143000000000000682e+00 2.299999999999999961e-02
7.246299999999999386e+01 1.760999999999999899e+00 2.468100000000000094e+01 1.209999999999999964e-01
9.692400000000000659e+01 1.448099999999999987e+01 8.897999999999999687e+00 1.140000000000000041e-01
8.025100000000000477e+01 1.302000000000000046e+00 -3.688199999999999790e+01 -2.199999999999999872e-02
7.180400000000000205e+01 1.320000000000000062e+00 -6.950400000000000489e+01 -1.019999999999999934e-01
9.001000000000000512e+01 3.517699999999999960e+01 -5.366499999999999915e+01 -3.699999999999999817e-02
1.061650000000000063e+02 7.214600000000000080e+01 3.529999999999999805e+00 5.000000000000000278e-02
9.519499999999999318e+01 7.202700000000000102e+01 6.367499999999999716e+01 6.199999999999999956e-02
5.908899999999999864e+01 3.742099999999999937e+01 8.495499999999999829e+01 1.899999999999999953e-02
1.653000000000000114e+01 1.120400000000000063e+01 5.960499999999999687e+01 -4.200000000000000261e-02
-9.768000000000000682e+00 1.971499999999999986e+01 2.455699999999999861e+01 -8.100000000000000255e-02
-1.227500000000000036e+01 3.694299999999999784e+01 1.210599999999999987e+01 -5.899999999999999689e-02
-6.785999999999999588e+00 2.785200000000000031e+01 1.328899999999999970e+01 -3.200000000000000067e-02
-1.257799999999999940e+01 -1.399999999999999911e+00 7.355999999999999872e+00 -8.100000000000000255e-02
-3.311800000000000210e+01 -2.640700000000000003e+01 -7.745000000000000107e+00 -1.650000000000000078e-01
-5.833100000000000307e+01 -4.239300000000000068e+01 -2.405600000000000094e+01 -1.650000000000000078e-01
-7.549599999999999511e+01 -5.296000000000000085e+01 -3.291299999999999670e+01 -5.700000000000000205e-02
-7.528900000000000148e+01 -5.437700000000000244e+01 -2.581700000000000017e+01 5.899999999999999689e-02
-5.573599999999999710e+01 -4.846300000000000097e+01 -5.104000000000000092e+00 8.799999999999999489e-02
-2.749500000000000099e+01 -4.516899999999999693e+01 1.436700000000000088e+01 1.899999999999999953e-02
-1.109200000000000053e+01 -4.694100000000000250e+01 2.201099999999999923e+01 -9.299999999999999933e-02
-1.998000000000000043e+01 -5.002300000000000324e+01 1.942800000000000082e+01 -1.769999999999999907e-01
-4.450399999999999778e+01 -5.751100000000000279e+01 1.281199999999999939e+01 -1.769999999999999907e-01
-5.921000000000000085e+01 -7.234099999999999397e+01 5.834999999999999964e+00 -7.799999999999999989e-02
-4.983899999999999864e+01 -8.024399999999999977e+01 -1.175000000000000044e+00 6.099999999999999867e-02
-2.549800000000000111e+01 -6.081600000000000250e+01 -6.528999999999999915e+00 1.150000000000000050e-01
-1.622999999999999998e+00 -1.901699999999999946e+01 -5.229000000000000092e+00 3.300000000000000155e-02
1.431499999999999950e+01 1.384299999999999997e+01 3.233999999999999986e+00 -6.900000000000000577e-02
1.828800000000000026e+01 1.500600000000000023e+01 1.081900000000000084e+01 -4.299999999999999656e-02
9.573000000000000398e+00 -7.610000000000000320e+00 1.040199999999999925e+01 7.299999999999999545e-02
-4.041000000000000369e+00 -2.900600000000000023e+01 3.193999999999999950e+00 1.160000000000000059e-01
-1.141999999999999993e+01 -3.136299999999999955e+01 -6.089000000000000412e+00 3.300000000000000155e-02
-5.580000000000000071e+00 -1.327299999999999969e+01 -1.487700000000000067e+01 -6.300000000000000044e-02
1.047499999999999964e+01 1.189799999999999969e+01 -2.250100000000000122e+01 -6.199999999999999956e-02
2.025600000000000023e+01 1.921699999999999875e+01 -2.883800000000000097e+01 8.999999999999999320e-03
9.407000000000000028e+00 -1.012899999999999956e+01 -3.321099999999999852e+01 5.199999999999999761e-02
-1.464400000000000013e+01 -5.757699999999999818e+01 -3.352300000000000324e+01 3.400000000000000244e-02
-3.441599999999999682e+01 -7.122499999999999432e+01 -2.754299999999999926e+01 -1.200000000000000025e-02
-4.625900000000000034e+01 -2.618299999999999983e+01 -1.575799999999999912e+01 -3.500000000000000333e-02
-5.670600000000000307e+01 3.679500000000000171e+01 -2.875999999999999890e+00 3.000000000000000062e-03
-6.396099999999999852e+01 6.044500000000000028e+01 3.900999999999999801e+00 8.599999999999999312e-02
-6.147200000000000131e+01 3.949799999999999756e+01 -1.695000000000000062e+00 1.380000000000000115e-01
-5.620499999999999829e+01 1.426600000000000001e+01 -1.832900000000000063e+01 1.260000000000000009e-01
-5.742099999999999937e+01 1.485999999999999943e+01 -3.035399999999999920e+01 1.089999999999999997e-01
-5.025099999999999767e+01 3.515200000000000102e+01 -2.024399999999999977e+01 1.429999999999999882e-01
-1.515499999999999936e+01 5.448199999999999932e+01 6.858999999999999986e+00 1.729999999999999871e-01
3.636200000000000188e+01 6.971200000000000330e+01 2.799800000000000111e+01 1.100000000000000006e-01
7.696099999999999852e+01 9.321299999999999386e+01 3.131700000000000017e+01 -2.000000000000000042e-03
9.345300000000000296e+01 1.194989999999999952e+02 2.240700000000000003e+01 -4.599999999999999922e-02
8.817900000000000205e+01 1.226410000000000053e+02 1.012700000000000067e+01 -2.299999999999999961e-02
7.765099999999999625e+01 9.740999999999999659e+01 1.360999999999999988e+00 -8.000000000000000167e-03
8.458400000000000318e+01 6.728900000000000148e+01 8.339999999999999636e-01 1.099999999999999936e-02
1.094620000000000033e+02 4.435600000000000165e+01 7.578000000000000291e+00 5.399999999999999939e-02
1.250699999999999932e+02 2.036400000000000077e+01 1.580499999999999972e+01 3.099999999999999978e-02
1.111620000000000061e+02 -3.774000000000000021e+00 1.997500000000000142e+01 -1.340000000000000080e-01
7.629800000000000182e+01 -1.728099999999999881e+01 1.799399999999999977e+01 -3.479999999999999760e-01
3.648700000000000188e+01 -2.351200000000000045e+01 1.152299999999999969e+01 -4.269999999999999907e-01
-4.996999999999999886e+00 -3.539600000000000080e+01 4.139000000000000234e+00 -3.260000000000000120e-01
-4.108899999999999864e+01 -5.200399999999999778e+01 -7.249999999999999778e-01 -1.749999999999999889e-01
-5.370100000000000051e+01 -6.149399999999999977e+01 -2.334000000000000075e+00 -8.500000000000000611e-02
-4.535799999999999699e+01 -6.171800000000000352e+01 -4.679999999999999716e+00 -5.000000000000000278e-02
-4.523599999999999710e+01 -6.038600000000000279e+01 -1.131099999999999994e+01 -3.899999999999999994e-02
-6.433199999999999363e+01 -6.059100000000000108e+01 -1.797700000000000031e+01 -5.700000000000000205e-02
-8.012099999999999511e+01 -5.854899999999999949e+01 -1.740200000000000102e+01 -8.500000000000000611e-02
-7.731799999999999784e+01 -4.978699999999999903e+01 -1.073199999999999932e+01 -6.800000000000000488e-02
-6.824899999999999523e+01 -3.212199999999999989e+01 -7.503000000000000114e+00 3.000000000000000062e-03
-6.609300000000000352e+01 -8.846000000000000085e+00 -1.256900000000000084e+01 8.400000000000000522e-02
-6.462099999999999511e+01 1.128899999999999970e+01 -1.650900000000000034e+01 1.370000000000000107e-01
-4.850200000000000244e+01 2.214799999999999969e+01 -6.424000000000000377e+00 1.590000000000000024e-01
-1.298799999999999955e+01 2.433800000000000097e+01 1.096700000000000053e+01 1.700000000000000122e-01
2.935800000000000054e+01 2.221799999999999997e+01 1.224699999999999989e+01 1.779999999999999916e-01
6.206600000000000250e+01 2.276699999999999946e+01 -6.230999999999999872e+00 1.660000000000000087e-01
7.785599999999999454e+01 2.853200000000000003e+01 -1.785200000000000031e+01 1.330000000000000071e-01
7.634900000000000375e+01 2.842599999999999838e+01 -6.198000000000000398e+00 1.079999999999999988e-01
6.178699999999999903e+01 1.027299999999999969e+01 1.260100000000000087e+01 1.130000000000000032e-01
4.167799999999999727e+01 -1.944000000000000128e+01 1.967800000000000082e+01 1.380000000000000115e-01
1.991600000000000037e+01 -4.221999999999999886e+01 1.674299999999999855e+01 1.429999999999999882e-01
1.729999999999999871e-01 -4.914999999999999858e+01 1.246299999999999919e+01 8.699999999999999400e-02
-7.150999999999999801e+00 -4.377900000000000347e+01 8.670999999999999375e+00 1.799999999999999864e-02
2.396999999999999797e+00 -2.802599999999999980e+01 5.738999999999999879e+00 2.699999999999999969e-02
1.723499999999999943e+01 -2.035000000000000142e+00 6.886999999999999567e+00 1.120000000000000023e-01
2.814000000000000057e+01 2.315899999999999892e+01 1.309800000000000075e+01 1.789999999999999925e-01
3.817300000000000182e+01 3.133500000000000085e+01 2.116000000000000014e+01 1.719999999999999862e-01
4.198799999999999955e+01 1.987900000000000134e+01 2.592800000000000082e+01 9.900000000000000466e-02
2.598199999999999932e+01 3.342000000000000082e+00 2.157199999999999918e+01 -2.500000000000000139e-02
-2.307999999999999829e+00 3.910000000000000142e-01 5.830000000000000071e+00 -1.570000000000000007e-01
-2.032499999999999929e+01 1.624599999999999866e+01 -1.439100000000000001e+01 -2.139999999999999958e-01
-2.774599999999999866e+01 3.284899999999999665e+01 -2.569000000000000128e+01 -1.499999999999999944e-01
-4.193900000000000006e+01 2.445799999999999841e+01 -1.931400000000000006e+01 -3.300000000000000155e-02
-5.863499999999999801e+01 -9.541999999999999815e+00 5.500000000000000028e-02 2.900000000000000147e-02
-5.283899999999999864e+01 -4.080299999999999727e+01 1.748600000000000065e+01 1.000000000000000021e-03
-1.772700000000000031e+01 -4.890100000000000335e+01 2.248000000000000043e+01 -6.600000000000000311e-02
2.512199999999999989e+01 -4.315400000000000347e+01 1.887800000000000011e+01 -9.299999999999999933e-02
4.958299999999999841e+01 -3.969400000000000261e+01 1.383500000000000085e+01 -3.699999999999999817e-02
4.439399999999999835e+01 -3.902700000000000102e+01 3.583000000000000185e+00 7.199999999999999456e-02
1.868299999999999983e+01 -3.568500000000000227e+01 -1.593699999999999939e+01 1.640000000000000069e-01
-6.352999999999999758e+00 -2.943400000000000105e+01 -3.223899999999999721e+01 1.739999999999999880e-01
-1.750900000000000034e+01 -1.928600000000000136e+01 -2.856599999999999895e+01 8.699999999999999400e-02
-1.994900000000000162e+01 -6.049999999999999822e+00 -9.503999999999999559e+00 -3.500000000000000333e-02
-2.719500000000000028e+01 -2.129999999999999893e+00 1.354999999999999982e+00 -1.029999999999999943e-01
-4.654299999999999926e+01 -1.462100000000000044e+01 -8.987999999999999545e+00 -9.900000000000000466e-02
-7.271899999999999409e+01 -2.401899999999999835e+01 -2.688700000000000045e+01 -7.299999999999999545e-02
-9.109000000000000341e+01 -1.075300000000000011e+01 -3.107799999999999940e+01 -6.300000000000000044e-02
-9.012300000000000466e+01 7.793000000000000149e+00 -1.816300000000000026e+01 -7.099999999999999367e-02
-7.270699999999999363e+01 2.903999999999999915e+00 -1.215000000000000080e+00 -8.599999999999999312e-02
-5.304200000000000159e+01 -1.762300000000000111e+01 7.323999999999999844e+00 -8.300000000000000433e-02
-4.073100000000000165e+01 -2.427299999999999969e+01 3.096000000000000085e+00 -4.599999999999999922e-02
-2.858099999999999952e+01 -9.320000000000000284e+00 -8.731999999999999318e+00 -2.699999999999999969e-02
-5.511000000000000121e+00 1.539000000000000057e+01 -1.300399999999999956e+01 -5.999999999999999778e-02
1.929400000000000048e+01 4.100200000000000244e+01 8.930000000000000160e-01 -8.100000000000000255e-02
2.779200000000000159e+01 6.282300000000000040e+01 2.055300000000000082e+01 -3.300000000000000155e-02
2.446099999999999852e+01 8.093099999999999739e+01 2.380499999999999972e+01 3.300000000000000155e-02
2.678600000000000136e+01 1.037720000000000056e+02 1.223499999999999943e+01 5.800000000000000294e-02
3.702199999999999847e+01 1.312210000000000036e+02 8.542999999999999261e+00 7.799999999999999989e-02
5.087599999999999767e+01 1.447599999999999909e+02 1.994900000000000162e+01 1.350000000000000089e-01
7.403000000000000114e+01 1.390430000000000064e+02 3.400900000000000034e+01 1.799999999999999933e-01
1.046500000000000057e+02 1.379699999999999989e+02 4.410099999999999909e+01 1.630000000000000060e-01
1.175610000000000070e+02 1.452930000000000064e+02 4.604999999999999716e+01 1.160000000000000059e-01
9.068000000000000682e+01 1.198679999999999950e+02 2.869099999999999895e+01 6.400000000000000133e-02
3.673899999999999721e+01 4.247399999999999665e+01 -4.793000000000000149e+00 -2.400000000000000050e-02
-1.054599999999999937e+01 -3.935199999999999676e+01 -3.106200000000000117e+01 -1.260000000000000009e-01
-3.278699999999999903e+01 -7.262399999999999523e+01 -3.570100000000000051e+01 -1.519999999999999962e-01
-3.451599999999999824e+01 -6.348199999999999932e+01 -2.701699999999999946e+01 -8.999999999999999667e-02
-2.416900000000000048e+01 -5.200300000000000011e+01 -1.830000000000000071e+01 -4.299999999999999656e-02
-7.607999999999999652e+00 -5.662500000000000000e+01 -1.348600000000000065e+01 -7.499999999999999722e-02
2.979000000000000092e+00 -6.725100000000000477e+01 -1.249799999999999933e+01 -1.360000000000000098e-01
-1.705000000000000071e+00 -7.156699999999999307e+01 -1.625600000000000023e+01 -1.600000000000000033e-01
-1.246599999999999930e+01 -6.845099999999999341e+01 -2.169900000000000162e+01 -1.409999999999999865e-01
-1.545899999999999963e+01 -6.264699999999999847e+01 -2.223199999999999932e+01 -1.100000000000000006e-01
-8.824999999999999289e+00 -5.644100000000000250e+01 -1.556099999999999994e+01 -8.100000000000000255e-02
6.097000000000000419e+00 -4.879299999999999926e+01 -5.155999999999999694e+00 -5.700000000000000205e-02
2.764499999999999957e+01 -3.978300000000000125e+01 3.658999999999999808e+00 -4.399999999999999745e-02
4.231600000000000250e+01 -3.071399999999999864e+01 5.701999999999999957e+00 -2.900000000000000147e-02
3.392999999999999972e+01 -2.294600000000000151e+01 -6.670000000000000373e-01 -5.000000000000000104e-03
1.023799999999999955e+01 -1.752400000000000091e+01 -8.214000000000000412e+00 1.400000000000000029e-02
-7.199999999999999734e-01 -8.669000000000000483e+00 -4.049000000000000377e+00 1.600000000000000033e-02
1.055700000000000038e+01 1.159600000000000009e+01 1.538299999999999912e+01 2.000000000000000042e-02
2.286799999999999855e+01 3.214600000000000080e+01 3.650800000000000267e+01 4.200000000000000261e-02
2.020700000000000074e+01 2.875799999999999912e+01 4.360999999999999943e+01 8.300000000000000433e-02
1.058799999999999919e+01 1.610000000000000042e-01 3.521999999999999886e+01 1.320000000000000062e-01
-4.289999999999999925e-01 -2.903699999999999903e+01 1.828099999999999881e+01 1.620000000000000051e-01
-2.193700000000000117e+01 -4.334100000000000108e+01 -1.798999999999999932e+00 1.239999999999999991e-01
-5.234100000000000108e+01 -4.821600000000000108e+01 -1.914600000000000080e+01 6.000000000000000125e-03
-7.137900000000000489e+01 -5.102199999999999847e+01 -2.867099999999999937e+01 -1.199999999999999956e-01
-6.870699999999999363e+01 -5.213400000000000034e+01 -2.996799999999999997e+01 -1.769999999999999907e-01
-5.745000000000000284e+01 -5.140699999999999648e+01 -2.373199999999999932e+01 -1.690000000000000113e-01
-5.086399999999999721e+01 -4.894200000000000017e+01 -1.367600000000000016e+01 -1.479999999999999927e-01
-4.715100000000000335e+01 -4.183599999999999852e+01 -9.878999999999999559e+00 -1.330000000000000071e-01
-4.502300000000000324e+01 -2.937999999999999901e+01 -1.563199999999999967e+01 -1.179999999999999938e-01
-5.139099999999999824e+01 -1.931400000000000006e+01 -1.975199999999999889e+01 -1.019999999999999934e-01
-5.997599999999999909e+01 -1.907400000000000162e+01 -1.382300000000000040e+01 -9.099999999999999756e-02
-4.253099999999999881e+01 -2.184100000000000108e+01 -4.232000000000000206e+00 -8.200000000000000344e-02
1.386100000000000065e+01 -1.636400000000000077e+01 -7.479999999999999982e-01 -6.800000000000000488e-02
7.265800000000000125e+01 -1.074000000000000021e+01 -5.104000000000000092e+00 -3.200000000000000067e-02
8.334499999999999886e+01 -2.340299999999999869e+01 -1.234299999999999997e+01 2.999999999999999889e-02
4.912299999999999756e+01 -4.541799999999999926e+01 -1.464199999999999946e+01 9.500000000000000111e-02
2.640299999999999869e+01 -3.779699999999999704e+01 -4.637999999999999901e+00 1.570000000000000007e-01
5.137899999999999778e+01 1.740299999999999869e+01 1.689099999999999824e+01 2.700000000000000178e-01
9.724699999999999989e+01 8.107899999999999352e+01 3.548700000000000188e+01 4.109999999999999765e-01
1.131590000000000060e+02 9.705800000000000693e+01 3.505100000000000193e+01 4.259999999999999898e-01
8.220999999999999375e+01 6.107900000000000063e+01 1.977799999999999869e+01 2.540000000000000036e-01
3.266400000000000148e+01 2.317099999999999937e+01 1.116699999999999982e+01 6.199999999999999956e-02
2.771999999999999797e+00 2.298999999999999844e+01 1.716799999999999926e+01 1.200000000000000025e-02
2.294000000000000039e+00 4.855700000000000216e+01 2.223199999999999932e+01 3.400000000000000244e-02
1.126900000000000013e+01 6.157699999999999818e+01 1.524499999999999922e+01 -1.499999999999999944e-02
7.979000000000000092e+00 4.380299999999999727e+01 4.075999999999999623e+00 -1.049999999999999961e-01
-1.110100000000000087e+01 1.238299999999999912e+01 -4.174000000000000377e+00 -1.260000000000000009e-01
-3.327600000000000335e+01 -3.658999999999999808e+00 -1.119100000000000072e+01 -8.400000000000000522e-02
-4.430899999999999750e+01 2.620000000000000107e+00 -1.173199999999999932e+01 -5.399999999999999939e-02
-4.016899999999999693e+01 1.148300000000000054e+01 2.873000000000000220e+00 -4.599999999999999922e-02
-2.768199999999999861e+01 5.491999999999999993e+00 2.094099999999999895e+01 -3.099999999999999978e-02
-1.968199999999999861e+01 -1.005400000000000027e+01 1.702400000000000091e+01 -1.400000000000000029e-02
-2.536400000000000077e+01 -2.013800000000000168e+01 -9.999000000000000554e+00 -2.100000000000000130e-02
-3.784300000000000352e+01 -1.988200000000000145e+01 -3.103300000000000125e+01 -4.299999999999999656e-02
-3.959499999999999886e+01 -1.408799999999999919e+01 -2.701500000000000057e+01 -2.999999999999999889e-02
-2.723900000000000077e+01 -7.261999999999999567e+00 -1.007000000000000028e+01 4.000000000000000083e-02
-1.731599999999999895e+01 -1.768999999999999906e+00 1.544000000000000039e+00 1.239999999999999991e-01
-2.128200000000000003e+01 -1.529999999999999971e-01 5.318999999999999950e+00 1.829999999999999960e-01
-3.228900000000000148e+01 -3.361000000000000210e+00 6.072000000000000064e+00 2.240000000000000047e-01
-4.122999999999999687e+01 -7.054999999999999716e+00 5.929000000000000270e+00 2.429999999999999938e-01
-4.749000000000000199e+01 -2.879999999999999893e+00 6.474999999999999645e+00 2.079999999999999905e-01
-5.020199999999999818e+01 1.301099999999999923e+01 7.440999999999999837e+00 1.400000000000000133e-01
-4.253999999999999915e+01 3.291199999999999903e+01 4.953999999999999737e+00 1.079999999999999988e-01
-2.254700000000000060e+01 4.110999999999999943e+01 -1.084000000000000075e+00 1.239999999999999991e-01
-6.860999999999999766e+00 2.746399999999999864e+01 -6.737000000000000099e+00 1.219999999999999973e-01
-1.653500000000000014e+01 1.294000000000000039e+00 -1.309200000000000053e+01 1.600000000000000033e-02
-4.098199999999999932e+01 -1.300200000000000067e+01 -2.069099999999999895e+01 -1.839999999999999969e-01
-4.496900000000000119e+01 -4.829999999999999849e-01 -1.979899999999999949e+01 -3.230000000000000093e-01
-2.369099999999999895e+01 2.705600000000000094e+01 -3.448999999999999844e+00 -2.889999999999999791e-01
-9.509999999999999787e+00 4.024600000000000222e+01 1.771999999999999886e+01 -1.960000000000000075e-01
-1.266799999999999926e+01 2.061299999999999955e+01 2.753399999999999892e+01 -2.190000000000000002e-01
-5.509999999999999787e+00 -1.692999999999999972e+01 2.374299999999999855e+01 -3.430000000000000271e-01
2.231599999999999895e+01 -4.085099999999999909e+01 1.564799999999999969e+01 -4.279999999999999916e-01
4.395600000000000307e+01 -4.412199999999999989e+01 8.423000000000000043e+00 -4.149999999999999800e-01
4.427499999999999858e+01 -4.375600000000000023e+01 6.480000000000000204e-01 -3.410000000000000253e-01
4.124600000000000222e+01 -4.277400000000000091e+01 -5.750000000000000000e+00 -2.439999999999999947e-01
4.424099999999999966e+01 -2.987500000000000000e+01 -6.376999999999999780e+00 -1.380000000000000115e-01
3.494100000000000250e+01 -1.145299999999999940e+01 -4.336000000000000298e+00 -1.600000000000000033e-02
6.179999999999999716e+00 -6.376000000000000334e+00 -7.964000000000000412e+00 1.390000000000000124e-01
-1.528200000000000003e+01 -1.082799999999999940e+01 -1.838700000000000045e+01 3.089999999999999969e-01
-3.095000000000000195e+00 4.907000000000000028e+00 -2.422500000000000142e+01 4.010000000000000231e-01
2.935800000000000054e+01 5.578000000000000114e+01 -1.297000000000000064e+01 3.180000000000000049e-01
4.293900000000000006e+01 1.080090000000000003e+02 8.744999999999999218e+00 8.999999999999999667e-02
3.160500000000000043e+01 1.108289999999999935e+02 1.884700000000000131e+01 -1.199999999999999956e-01
4.372899999999999920e+01 6.995499999999999829e+01 1.321199999999999974e+01 -1.580000000000000016e-01
1.129020000000000010e+02 4.665400000000000347e+01 1.224399999999999977e+01 -1.499999999999999944e-02
1.918369999999999891e+02 6.223899999999999721e+01 2.247700000000000031e+01 1.719999999999999862e-01
2.007560000000000002e+02 6.481300000000000239e+01 2.382700000000000173e+01 2.530000000000000027e-01
1.277960000000000065e+02 2.381500000000000128e+01 8.474000000000000199e+00 2.010000000000000120e-01
4.078799999999999670e+01 -1.472000000000000064e+01 -3.515000000000000124e+00 1.150000000000000050e-01
-5.199999999999999761e-02 -6.998999999999999666e+00 -7.510000000000000009e-01 9.800000000000000377e-02
-2.087000000000000188e+00 2.414799999999999969e+01 3.170999999999999819e+00 1.439999999999999891e-01
-1.280000000000000027e+00 4.017199999999999704e+01 -4.390000000000000013e-01 1.749999999999999889e-01
-1.135699999999999932e+01 4.045100000000000051e+01 -3.759999999999999787e+00 1.600000000000000033e-01
-3.185399999999999920e+01 3.749000000000000199e+01 -4.072000000000000064e+00 1.160000000000000059e-01
-5.748100000000000165e+01 2.912199999999999989e+01 -6.766000000000000014e+00 8.000000000000000167e-02
-7.265000000000000568e+01 1.090199999999999925e+01 -1.128899999999999970e+01 8.000000000000000167e-02
-8.188200000000000500e+01 -1.915700000000000003e+01 -1.636599999999999966e+01 6.300000000000000044e-02
-1.221110000000000042e+02 -6.476699999999999591e+01 -2.655600000000000094e+01 -4.599999999999999922e-02
-1.967119999999999891e+02 -1.139140000000000015e+02 -3.713199999999999790e+01 -1.769999999999999907e-01
-2.375120000000000005e+02 -1.369190000000000111e+02 -3.103200000000000003e+01 -1.869999999999999996e-01
-1.797429999999999950e+02 -1.219050000000000011e+02 -5.719999999999999751e+00 -1.239999999999999991e-01
-4.486999999999999744e+01 -8.300100000000000477e+01 1.764399999999999835e+01 -1.469999999999999918e-01
7.885299999999999443e+01 -3.035999999999999943e+01 2.348499999999999943e+01 -2.280000000000000082e-01
1.255490000000000066e+02 2.651999999999999957e+01 1.911499999999999844e+01 -1.950000000000000067e-01
1.127570000000000050e+02 5.998599999999999710e+01 1.601099999999999923e+01 -3.699999999999999817e-02
1.070240000000000009e+02 5.425500000000000256e+01 1.327699999999999925e+01 7.799999999999999989e-02
1.346450000000000102e+02 3.169099999999999895e+01 6.035000000000000142e+00 7.699999999999999900e-02
1.610049999999999955e+02 1.852599999999999980e+01 -1.852999999999999980e+00 8.500000000000000611e-02
1.521910000000000025e+02 1.400000000000000000e+01 -1.657999999999999918e+00 1.970000000000000084e-01
1.021889999999999930e+02 8.259999999999999787e+00 6.719000000000000306e+00 2.750000000000000222e-01
9.682000000000000384e+00 -1.680000000000000104e-01 1.273700000000000010e+01 1.260000000000000009e-01
-1.057590000000000003e+02 -1.306700000000000017e+01 8.487999999999999545e+00 -1.950000000000000067e-01
-1.807019999999999982e+02 -3.649199999999999733e+01 -7.720000000000000195e-01 -4.079999999999999738e-01
-1.688350000000000080e+02 -6.806900000000000261e+01 -4.131999999999999673e+00 -3.509999999999999787e-01
-1.045889999999999986e+02 -9.094499999999999318e+01 -9.130000000000000338e-01 -1.509999999999999953e-01
-5.228000000000000114e+01 -9.135800000000000409e+01 -2.299999999999999961e-02 2.000000000000000042e-03
-2.469600000000000151e+01 -7.653900000000000148e+01 -4.203999999999999737e+00 5.600000000000000117e-02
1.838999999999999968e+00 -6.069299999999999784e+01 -6.850999999999999979e+00 4.499999999999999833e-02
2.927400000000000091e+01 -4.215899999999999892e+01 -4.491999999999999993e+00 4.000000000000000083e-03
4.113400000000000034e+01 -1.248399999999999999e+01 -1.173000000000000043e+00 -3.000000000000000062e-03
3.564500000000000313e+01 1.980099999999999838e+01 -2.750000000000000222e-01 7.299999999999999545e-02
1.848300000000000054e+01 3.214999999999999858e+01 -1.540000000000000036e+00 1.670000000000000095e-01
-1.255700000000000038e+01 1.779100000000000037e+01 -6.237000000000000099e+00 1.759999999999999898e-01
-5.046300000000000097e+01 -4.420000000000000040e-01 -1.603600000000000136e+01 1.130000000000000032e-01
-7.264300000000000068e+01 1.508999999999999897e+00 -2.539199999999999946e+01 5.999999999999999778e-02
-6.873199999999999932e+01 1.881700000000000017e+01 -2.452599999999999980e+01 3.899999999999999994e-02
-5.409599999999999653e+01 2.819699999999999918e+01 -1.388799999999999990e+01 2.000000000000000042e-02
-4.679699999999999704e+01 1.432399999999999984e+01 -4.522999999999999687e+00 2.000000000000000042e-03
-4.556799999999999784e+01 -1.835800000000000054e+01 3.449999999999999734e-01 4.000000000000000083e-03
-3.655899999999999750e+01 -4.854899999999999949e+01 7.690000000000000391e+00 2.199999999999999872e-02
-1.655699999999999861e+01 -5.808500000000000085e+01 1.565799999999999947e+01 2.299999999999999961e-02
-2.278999999999999915e+00 -5.192900000000000205e+01 1.297899999999999920e+01 -3.099999999999999978e-02
-5.701999999999999957e+00 -4.262199999999999989e+01 -4.630000000000000226e-01 -1.229999999999999982e-01
-5.908000000000000362e+00 -2.146199999999999974e+01 -1.088899999999999935e+01 -1.710000000000000131e-01
2.598300000000000054e+01 2.522599999999999909e+01 -9.403000000000000469e+00 -1.179999999999999938e-01
7.405500000000000682e+01 7.659199999999999875e+01 -1.266000000000000014e+00 -3.000000000000000062e-03
8.623099999999999454e+01 8.970300000000000296e+01 4.195999999999999730e+00 7.299999999999999545e-02
4.110499999999999687e+01 5.201700000000000301e+01 5.530000000000000249e+00 5.299999999999999850e-02
-2.442299999999999827e+01 -6.243999999999999773e+00 6.945000000000000284e+00 -1.299999999999999940e-02
-5.988400000000000034e+01 -4.916400000000000148e+01 7.923000000000000043e+00 -5.099999999999999672e-02
-4.881900000000000261e+01 -6.109799999999999898e+01 3.801000000000000156e+00 -6.099999999999999867e-02
-4.458000000000000185e+00 -4.013700000000000045e+01 -2.507000000000000117e+00 -7.599999999999999811e-02
5.456499999999999773e+01 7.296000000000000263e+00 -3.770000000000000018e-01 -8.400000000000000522e-02
1.065709999999999980e+02 5.832900000000000063e+01 1.084500000000000064e+01 -4.900000000000000189e-02
1.295879999999999939e+02 8.242199999999999704e+01 1.583699999999999974e+01 3.599999999999999728e-02
1.189030000000000058e+02 7.008499999999999375e+01 4.921999999999999709e+00 1.370000000000000107e-01
8.639499999999999602e+01 3.840200000000000102e+01 -1.107199999999999918e+01 1.839999999999999969e-01
4.632500000000000284e+01 7.214000000000000412e+00 -1.707100000000000151e+01 1.290000000000000036e-01
1.677799999999999869e+01 -1.253599999999999959e+01 -1.292099999999999937e+01 3.099999999999999978e-02
1.564000000000000057e+01 -1.316499999999999915e+01 -9.384000000000000341e+00 -1.499999999999999944e-02
3.681600000000000250e+01 4.086000000000000298e+00 -1.166300000000000026e+01 -2.000000000000000042e-03
4.614999999999999858e+01 2.045100000000000051e+01 -1.254400000000000048e+01 1.000000000000000021e-02
1.812199999999999989e+01 1.675799999999999912e+01 -3.291999999999999815e+00 1.099999999999999936e-02
-3.082400000000000162e+01 -2.971999999999999975e+00 1.214100000000000001e+01 4.599999999999999922e-02
-6.378699999999999903e+01 -2.177199999999999847e+01 1.901599999999999824e+01 1.049999999999999961e-01
-7.238500000000000512e+01 -3.274600000000000222e+01 8.576999999999999957e+00 1.039999999999999952e-01
-7.804600000000000648e+01 -3.293800000000000239e+01 -1.048099999999999987e+01 2.000000000000000042e-02
-8.902200000000000557e+01 -1.534699999999999953e+01 -2.076000000000000156e+01 -8.100000000000000255e-02
-8.828400000000000603e+01 1.215199999999999925e+01 -1.388400000000000034e+01 -1.459999999999999909e-01
-6.580299999999999727e+01 2.602700000000000102e+01 3.915000000000000036e+00 -1.700000000000000122e-01
-3.465999999999999659e+01 2.015500000000000114e+01 1.881200000000000117e+01 -1.529999999999999971e-01
-1.079100000000000037e+01 1.298799999999999955e+01 2.005099999999999838e+01 -1.069999999999999979e-01
9.409999999999999476e-01 1.827899999999999991e+01 1.004599999999999937e+01 -4.800000000000000100e-02
1.030000000000000027e+00 3.266799999999999926e+01 2.775999999999999801e+00 7.000000000000000146e-03
-4.778999999999999915e+00 4.712199999999999989e+01 6.174999999999999822e+00 3.300000000000000155e-02
-8.224999999999999645e+00 5.275300000000000011e+01 1.091000000000000014e+01 1.200000000000000025e-02
-1.370700000000000074e+01 4.022899999999999920e+01 3.927000000000000046e+00 -5.299999999999999850e-02
-3.070400000000000063e+01 6.626999999999999780e+00 -1.197300000000000075e+01 -1.519999999999999962e-01
-4.452600000000000335e+01 -3.095100000000000051e+01 -1.987399999999999878e+01 -2.330000000000000127e-01
-2.704899999999999949e+01 -4.023100000000000165e+01 -8.974999999999999645e+00 -1.990000000000000102e-01
1.359099999999999930e+01 -1.167800000000000082e+01 1.095199999999999996e+01 -5.000000000000000278e-02
3.556799999999999784e+01 2.233299999999999841e+01 1.999399999999999977e+01 5.999999999999999778e-02
3.184799999999999898e+01 3.027299999999999969e+01 1.402699999999999925e+01 6.000000000000000125e-03
4.215599999999999881e+01 1.946999999999999886e+01 8.638999999999999346e+00 -1.179999999999999938e-01
7.591100000000000136e+01 6.951999999999999957e+00 1.210599999999999987e+01 -1.260000000000000009e-01
9.155200000000000671e+01 -1.084999999999999964e+01 1.294400000000000084e+01 -2.100000000000000130e-02
7.255599999999999739e+01 -3.130600000000000094e+01 4.224999999999999645e+00 4.000000000000000083e-02
5.153300000000000125e+01 -2.920400000000000063e+01 -1.441000000000000059e+00 1.600000000000000033e-02
4.809300000000000352e+01 5.990999999999999659e+00 5.243999999999999773e+00 2.599999999999999881e-02
4.633599999999999852e+01 5.152100000000000080e+01 1.310200000000000031e+01 1.330000000000000071e-01
3.385399999999999920e+01 8.234199999999999875e+01 9.535000000000000142e+00 2.409999999999999920e-01
1.504899999999999949e+01 8.750499999999999545e+01 -3.150000000000000022e-01 2.159999999999999976e-01
-8.217000000000000526e+00 5.960600000000000165e+01 -4.216999999999999638e+00 7.099999999999999367e-02
-3.571200000000000330e+01 3.833000000000000185e+00 -1.536000000000000032e+00 -4.399999999999999745e-02
-5.680499999999999972e+01 -5.181000000000000227e+01 -2.741999999999999993e+00 -3.599999999999999728e-02
-5.974600000000000222e+01 -8.348199999999999932e+01 -1.315399999999999991e+01 4.100000000000000172e-02
-4.401899999999999835e+01 -9.641299999999999670e+01 -2.432300000000000040e+01 9.199999999999999845e-02
-1.766000000000000014e+01 -1.070160000000000053e+02 -2.663200000000000145e+01 9.500000000000000111e-02
8.752000000000000668e+00 -1.154120000000000061e+02 -2.338899999999999935e+01 8.400000000000000522e-02
2.991700000000000159e+01 -1.073029999999999973e+02 -2.125000000000000000e+01 8.100000000000000255e-02
4.999900000000000233e+01 -7.457699999999999818e+01 -1.380499999999999972e+01 1.039999999999999952e-01
6.865500000000000114e+01 -2.689799999999999969e+01 9.762999999999999901e+00 1.739999999999999880e-01
6.661799999999999500e+01 1.786199999999999832e+01 4.272699999999999676e+01 2.419999999999999929e-01
2.042399999999999949e+01 5.029599999999999937e+01 6.092499999999999716e+01 1.980000000000000093e-01
-6.109700000000000131e+01 7.106600000000000250e+01 4.890400000000000347e+01 1.400000000000000029e-02
-1.272740000000000009e+02 8.464799999999999613e+01 1.993900000000000006e+01 -1.819999999999999951e-01
-1.346380000000000052e+02 9.577299999999999613e+01 -3.479999999999999760e-01 -2.449999999999999956e-01
-9.213200000000000500e+01 1.033419999999999987e+02 -5.863999999999999879e+00 -1.779999999999999916e-01
-3.293200000000000216e+01 1.049830000000000041e+02 -6.931000000000000050e+00 -7.399999999999999634e-02
2.554700000000000060e+01 1.077090000000000032e+02 -4.027999999999999581e+00 1.099999999999999936e-02
6.578700000000000614e+01 1.149899999999999949e+02 8.096999999999999531e+00 5.800000000000000294e-02
6.169599999999999795e+01 1.133709999999999951e+02 1.907100000000000151e+01 3.500000000000000333e-02
1.576600000000000001e+01 9.124899999999999523e+01 1.293200000000000038e+01 -5.500000000000000028e-02
-3.457200000000000273e+01 5.432500000000000284e+01 -6.046999999999999709e+00 -1.370000000000000107e-01
-6.237400000000000233e+01 1.166600000000000037e+01 -1.777899999999999991e+01 -1.419999999999999873e-01
-6.960099999999999909e+01 -3.376500000000000057e+01 -1.415600000000000058e+01 -7.900000000000000078e-02
-6.192999999999999972e+01 -7.529800000000000182e+01 -7.160999999999999588e+00 -1.000000000000000021e-02
-4.165500000000000114e+01 -1.001059999999999945e+02 -8.398999999999999133e+00 3.300000000000000155e-02
-2.195899999999999963e+01 -1.018229999999999933e+02 -1.487800000000000011e+01 6.500000000000000222e-02
-1.635099999999999909e+01 -8.743099999999999739e+01 -1.984299999999999997e+01 1.000000000000000056e-01
-1.785200000000000031e+01 -6.954200000000000159e+01 -2.414099999999999824e+01 1.199999999999999956e-01
-1.022100000000000009e+01 -5.645700000000000074e+01 -2.840800000000000125e+01 1.049999999999999961e-01
7.110999999999999766e+00 -5.087700000000000244e+01 -2.416400000000000148e+01 5.099999999999999672e-02
2.011499999999999844e+01 -5.320799999999999841e+01 -6.043999999999999595e+00 -3.699999999999999817e-02
2.167000000000000171e+01 -5.836200000000000188e+01 1.129400000000000048e+01 -1.219999999999999973e-01
2.141100000000000136e+01 -5.263600000000000279e+01 8.198999999999999844e+00 -1.580000000000000016e-01
3.110099999999999909e+01 -2.931899999999999906e+01 -8.324999999999999289e+00 -1.580000000000000016e-01
4.862700000000000244e+01 -4.251000000000000334e+00 -1.375399999999999956e+01 -1.489999999999999936e-01
6.284899999999999665e+01 3.267999999999999794e+00 -5.291000000000000369e+00 -8.699999999999999400e-02
6.360199999999999676e+01 -3.438000000000000167e+00 -3.785000000000000142e+00 4.599999999999999922e-02
4.655400000000000205e+01 -9.445999999999999730e+00 -1.825100000000000122e+01 1.449999999999999900e-01
2.255900000000000105e+01 -1.085999999999999943e+01 -3.151300000000000168e+01 1.449999999999999900e-01
1.139000000000000057e+01 -1.334399999999999942e+01 -2.467399999999999949e+01 1.330000000000000071e-01
1.464600000000000080e+01 -2.142500000000000071e+01 -3.866000000000000103e+00 1.799999999999999933e-01
1.581300000000000061e+01 -3.532500000000000284e+01 7.637999999999999901e+00 2.149999999999999967e-01
7.498999999999999666e+00 -5.164900000000000091e+01 8.739999999999999991e-01 1.789999999999999925e-01
-6.155999999999999694e+00 -6.445399999999999352e+01 -8.891000000000000014e+00 1.189999999999999947e-01
-2.035500000000000043e+01 -6.635599999999999454e+01 -4.113999999999999879e+00 6.099999999999999867e-02
-2.236700000000000088e+01 -5.315800000000000125e+01 1.548600000000000065e+01 -3.000000000000000062e-03
1.885999999999999899e+00 -3.019300000000000139e+01 3.490699999999999648e+01 -2.599999999999999881e-02
3.831300000000000239e+01 -1.198099999999999987e+01 3.461800000000000210e+01 2.900000000000000147e-02
4.711699999999999733e+01 -1.303800000000000026e+01 3.634999999999999787e+00 6.900000000000000577e-02
1.138400000000000034e+01 -3.185399999999999920e+01 -4.390200000000000102e+01 -1.799999999999999864e-02
-3.280599999999999739e+01 -4.462400000000000233e+01 -7.032699999999999818e+01 -1.710000000000000131e-01
-3.615999999999999659e+01 -2.884199999999999875e+01 -4.878000000000000114e+01 -2.179999999999999993e-01
2.210000000000000020e-01 8.647000000000000242e+00 6.801999999999999602e+00 -1.140000000000000041e-01
2.683200000000000074e+01 4.150900000000000034e+01 5.615699999999999648e+01 8.000000000000000167e-03
1.078899999999999970e+01 5.773299999999999699e+01 7.175600000000000023e+01 2.400000000000000050e-02
-2.882000000000000028e+01 6.710899999999999466e+01 5.604299999999999926e+01 -4.100000000000000172e-02
-5.531000000000000227e+01 7.502599999999999625e+01 2.879700000000000060e+01 -8.999999999999999667e-02
-5.547299999999999898e+01 7.110299999999999443e+01 8.824999999999999289e+00 -1.120000000000000023e-01
-3.719800000000000040e+01 5.296300000000000097e+01 3.294999999999999929e+00 -1.580000000000000016e-01
-1.510800000000000054e+01 3.604500000000000171e+01 4.597000000000000419e+00 -1.960000000000000075e-01
-4.333999999999999631e+00 2.773400000000000176e+01 -4.959999999999999964e-01 -1.529999999999999971e-01
-1.487999999999999989e+00 1.951699999999999946e+01 -1.159500000000000064e+01 -5.800000000000000294e-02
2.044699999999999918e+01 1.412800000000000011e+01 -1.073300000000000054e+01 3.799999999999999906e-02
6.876099999999999568e+01 2.724299999999999855e+01 1.106199999999999939e+01 1.529999999999999971e-01
1.008469999999999942e+02 5.299199999999999733e+01 3.194200000000000017e+01 2.550000000000000044e-01
7.554099999999999682e+01 6.229200000000000159e+01 2.348900000000000077e+01 2.230000000000000038e-01
1.554400000000000048e+01 4.437899999999999778e+01 -9.234999999999999432e+00 5.099999999999999672e-02
-2.638599999999999923e+01 1.866400000000000148e+01 -3.417799999999999727e+01 -8.599999999999999312e-02
-4.004399999999999693e+01 -5.700000000000000205e-02 -3.440999999999999659e+01 -9.400000000000000022e-02
-4.621999999999999886e+01 -1.660200000000000031e+01 -2.171600000000000108e+01 -8.200000000000000344e-02
-4.421900000000000119e+01 -3.031099999999999994e+01 -1.099300000000000033e+01 -1.059999999999999970e-01
-2.244399999999999906e+01 -2.722899999999999920e+01 -1.895000000000000018e+00 -6.400000000000000133e-02
7.796999999999999709e+00 -5.426000000000000156e+00 1.072300000000000075e+01 8.799999999999999489e-02
2.549699999999999989e+01 1.801599999999999824e+01 2.351899999999999835e+01 2.439999999999999947e-01
2.675100000000000122e+01 2.803800000000000026e+01 3.030300000000000082e+01 3.029999999999999916e-01
2.308599999999999852e+01 1.984799999999999898e+01 3.079100000000000037e+01 2.540000000000000036e-01
2.509600000000000009e+01 -5.722999999999999865e+00 2.471300000000000097e+01 1.239999999999999991e-01
3.052199999999999847e+01 -3.690800000000000125e+01 9.050000000000000711e+00 -4.499999999999999833e-02
2.278600000000000136e+01 -5.446600000000000108e+01 -9.852000000000000313e+00 -1.900000000000000022e-01
-1.087199999999999989e+01 -5.300800000000000267e+01 -1.764699999999999847e+01 -2.600000000000000089e-01
-5.343200000000000216e+01 -4.232800000000000296e+01 -1.422899999999999920e+01 -2.650000000000000133e-01
-6.907200000000000273e+01 -2.510999999999999943e+01 -1.555300000000000082e+01 -2.310000000000000109e-01
-4.935199999999999676e+01 2.435999999999999943e+00 -2.663800000000000168e+01 -1.539999999999999980e-01
-2.074200000000000088e+01 2.809100000000000108e+01 -3.362599999999999767e+01 -3.799999999999999906e-02
3.181000000000000050e+00 3.375399999999999778e+01 -2.664300000000000068e+01 7.699999999999999900e-02
3.774000000000000199e+01 3.255400000000000205e+01 -1.095800000000000018e+01 1.509999999999999953e-01
7.752899999999999636e+01 5.769700000000000273e+01 4.847000000000000419e+00 1.600000000000000033e-01
7.922899999999999920e+01 1.019380000000000024e+02 1.613200000000000145e+01 8.899999999999999578e-02
2.657000000000000028e+01 1.096689999999999969e+02 1.938599999999999923e+01 -5.399999999999999939e-02
-3.540800000000000125e+01 5.108599999999999852e+01 1.327200000000000024e+01 -1.940000000000000058e-01
-6.343599999999999994e+01 -3.107600000000000051e+01 1.979000000000000092e+00 -2.220000000000000029e-01
-6.642799999999999727e+01 -7.406699999999999307e+01 -8.382999999999999119e+00 -1.239999999999999991e-01
-6.772700000000000387e+01 -6.801399999999999579e+01 -1.490300000000000047e+01 -2.100000000000000130e-02
-5.800900000000000034e+01 -4.897800000000000153e+01 -1.659499999999999886e+01 -3.000000000000000062e-03
-1.645700000000000074e+01 -3.755199999999999960e+01 -1.225600000000000023e+01 -1.200000000000000025e-02
3.644200000000000017e+01 -2.123400000000000176e+01 -1.655999999999999917e+00 5.500000000000000028e-02
4.723499999999999943e+01 5.865999999999999659e+00 1.178299999999999947e+01 1.839999999999999969e-01
4.136000000000000121e+00 2.580099999999999838e+01 1.855499999999999972e+01 2.270000000000000073e-01
-3.874499999999999744e+01 2.765399999999999991e+01 9.805999999999999162e+00 1.049999999999999961e-01
-3.355700000000000216e+01 2.733200000000000074e+01 -5.075000000000000178e+00 -3.099999999999999978e-02
5.725999999999999979e+00 4.200500000000000256e+01 -3.150000000000000022e-01 1.700000000000000122e-02
3.629299999999999926e+01 5.657600000000000051e+01 2.902400000000000091e+01 1.670000000000000095e-01
4.080899999999999750e+01 4.055400000000000205e+01 5.048400000000000176e+01 1.539999999999999980e-01
3.298299999999999699e+01 -1.836999999999999966e+00 3.723199999999999932e+01 -4.700000000000000011e-02
2.564600000000000080e+01 -3.308200000000000074e+01 4.349999999999999645e+00 -1.769999999999999907e-01
1.315300000000000047e+01 -3.404399999999999693e+01 -1.715299999999999869e+01 -9.299999999999999933e-02
-1.052699999999999925e+01 -1.879899999999999949e+01 -1.885999999999999943e+01 4.000000000000000083e-02
-3.438900000000000290e+01 -3.740000000000000213e+00 -1.203999999999999915e+01 2.699999999999999969e-02
-4.438300000000000267e+01 6.509000000000000341e+00 -5.897000000000000242e+00 -9.299999999999999933e-02
-4.333299999999999841e+01 7.600999999999999979e+00 -4.209999999999999964e+00 -1.650000000000000078e-01
-4.485900000000000176e+01 -5.692999999999999616e+00 -1.033399999999999963e+01 -1.479999999999999927e-01
-5.227900000000000347e+01 -2.837000000000000099e+01 -2.098499999999999943e+01 -1.290000000000000036e-01
-5.364200000000000301e+01 -4.611599999999999966e+01 -2.444900000000000162e+01 -1.880000000000000004e-01
-4.002900000000000347e+01 -4.874099999999999966e+01 -1.476699999999999946e+01 -3.029999999999999916e-01
-1.890899999999999892e+01 -3.803399999999999892e+01 8.500000000000000611e-02 -3.649999999999999911e-01
-2.007000000000000117e+00 -2.289799999999999969e+01 8.185000000000000497e+00 -2.610000000000000098e-01
8.368999999999999773e+00 -8.032000000000000028e+00 7.174999999999999822e+00 -1.099999999999999936e-02
1.492500000000000071e+01 8.733999999999999986e+00 7.051000000000000156e+00 2.240000000000000047e-01
2.157900000000000063e+01 2.603600000000000136e+01 1.808800000000000097e+01 3.059999999999999942e-01
3.249000000000000199e+01 3.429500000000000171e+01 3.397999999999999687e+01 2.449999999999999956e-01
4.284700000000000131e+01 2.577700000000000102e+01 3.380599999999999739e+01 1.179999999999999938e-01
4.287700000000000244e+01 6.267000000000000348e+00 8.750000000000000000e+00 -2.900000000000000147e-02
3.545199999999999818e+01 -6.798000000000000043e+00 -2.131500000000000128e+01 -1.260000000000000009e-01
3.064399999999999835e+01 -5.945000000000000284e+00 -3.228600000000000136e+01 -7.499999999999999722e-02
2.776999999999999957e+01 -7.900000000000000355e+00 -2.645200000000000173e+01 7.900000000000000078e-02
2.275600000000000023e+01 -2.776500000000000057e+01 -2.020799999999999841e+01 1.469999999999999918e-01
2.224299999999999855e+01 -5.076299999999999812e+01 -1.529499999999999993e+01 5.800000000000000294e-02
3.169999999999999929e+01 -5.420700000000000074e+01 -3.718999999999999861e+00 -2.599999999999999881e-02
4.117099999999999937e+01 -4.151500000000000057e+01 9.890000000000000568e+00 2.400000000000000050e-02
3.845900000000000318e+01 -2.989600000000000080e+01 1.250500000000000078e+01 1.049999999999999961e-01
2.399200000000000088e+01 -2.188800000000000168e+01 5.136999999999999567e+00 1.049999999999999961e-01
2.241999999999999993e+00 -1.269999999999999929e+01 1.342000000000000082e+00 8.200000000000000344e-02
-2.463200000000000145e+01 -9.967000000000000526e+00 2.809000000000000163e+00 1.059999999999999970e-01
-4.870499999999999829e+01 -2.335200000000000031e+01 -4.262999999999999901e+00 1.380000000000000115e-01
-5.859899999999999665e+01 -4.462100000000000222e+01 -2.388899999999999935e+01 1.409999999999999865e-01
-5.085099999999999909e+01 -5.309700000000000131e+01 -3.912400000000000233e+01 1.600000000000000033e-01
-3.021399999999999864e+01 -3.377600000000000335e+01 -3.356499999999999773e+01 2.210000000000000020e-01
-5.315999999999999837e+00 1.075000000000000000e+01 -1.083900000000000041e+01 2.740000000000000213e-01
1.239300000000000068e+01 5.876800000000000068e+01 1.404400000000000048e+01 2.690000000000000169e-01
1.460200000000000031e+01 8.712199999999999989e+01 3.187099999999999866e+01 2.270000000000000073e-01
3.746999999999999886e+00 9.001300000000000523e+01 3.857699999999999818e+01 1.789999999999999925e-01
-1.026999999999999957e+01 7.163700000000000045e+01 2.985399999999999920e+01 9.099999999999999756e-02
-2.014699999999999847e+01 3.621699999999999875e+01 1.217399999999999949e+01 -4.000000000000000083e-02
-2.427400000000000091e+01 -1.953000000000000069e+00 3.105999999999999872e+00 -1.150000000000000050e-01
-1.990700000000000003e+01 -1.912000000000000099e+01 4.323000000000000398e+00 -7.299999999999999545e-02
2.366999999999999993e+00 -7.354000000000000092e+00 -2.369000000000000217e+00 1.299999999999999940e-02
4.549199999999999733e+01 1.510200000000000031e+01 -2.039000000000000057e+01 2.500000000000000139e-02
8.604000000000000625e+01 2.711499999999999844e+01 -2.896199999999999974e+01 -6.099999999999999867e-02
9.132599999999999341e+01 2.457600000000000051e+01 -1.721000000000000085e+01 -1.439999999999999891e-01
6.488400000000000034e+01 1.322700000000000031e+01 7.860000000000000320e-01 -1.100000000000000006e-01
4.533700000000000330e+01 -1.690000000000000113e-01 1.137400000000000055e+01 1.899999999999999953e-02
4.862199999999999989e+01 -4.626999999999999780e+00 1.605300000000000082e+01 8.699999999999999400e-02
4.803300000000000125e+01 9.012999999999999901e+00 1.811100000000000065e+01 -1.000000000000000021e-03
2.619600000000000151e+01 3.394700000000000273e+01 1.637399999999999878e+01 -1.499999999999999944e-01
1.947000000000000064e+00 5.032300000000000040e+01 1.119999999999999929e+01 -2.200000000000000011e-01
-1.074699999999999989e+01 4.246600000000000108e+01 3.545999999999999819e+00 -1.849999999999999978e-01
-2.274200000000000088e+01 1.215799999999999947e+01 -5.584999999999999964e+00 -1.049999999999999961e-01
-3.582600000000000051e+01 -1.824399999999999977e+01 -1.017099999999999937e+01 -0.000000000000000000e+00
-3.370000000000000284e+01 -2.206500000000000128e+01 -3.375000000000000000e+00 1.270000000000000018e-01
-1.608099999999999952e+01 2.557999999999999829e+00 1.235999999999999943e+01 2.039999999999999869e-01
-4.716999999999999638e+00 3.042399999999999949e+01 2.639000000000000057e+01 1.439999999999999891e-01
-8.462999999999999190e+00 3.997099999999999653e+01 2.941400000000000148e+01 -1.099999999999999936e-02
-1.372700000000000031e+01 2.828699999999999903e+01 1.863100000000000023e+01 -1.189999999999999947e-01
-1.427699999999999925e+01 -9.409999999999999476e-01 -2.818000000000000060e+00 -1.429999999999999882e-01
-2.065099999999999980e+01 -3.920700000000000074e+01 -2.736599999999999966e+01 -1.930000000000000049e-01
-3.702000000000000313e+01 -6.719299999999999784e+01 -4.522299999999999898e+01 -3.099999999999999978e-01
-5.466599999999999682e+01 -7.138100000000000023e+01 -5.113300000000000267e+01 -3.559999999999999831e-01
-6.848499999999999943e+01 -6.331799999999999784e+01 -4.994700000000000273e+01 -2.300000000000000100e-01
-8.081399999999999295e+01 -6.244100000000000250e+01 -4.639600000000000080e+01 -3.799999999999999906e-02
-9.000799999999999557e+01 -6.644700000000000273e+01 -3.239300000000000068e+01 3.899999999999999994e-02
-8.713700000000000045e+01 -6.105100000000000193e+01 -2.814000000000000057e+00 -5.800000000000000294e-02
-6.724599999999999511e+01 -5.014500000000000313e+01 2.265200000000000102e+01 -2.300000000000000100e-01
-4.075099999999999767e+01 -4.894899999999999807e+01 2.101200000000000045e+01 -3.019999999999999907e-01
-2.270499999999999829e+01 -5.579299999999999926e+01 2.181999999999999940e+00 -1.640000000000000069e-01
-7.810999999999999943e+00 -5.624799999999999756e+01 -3.615000000000000213e+00 9.900000000000000466e-02
2.153600000000000136e+01 -4.319599999999999795e+01 1.494200000000000017e+01 2.620000000000000107e-01
5.813100000000000023e+01 -1.536500000000000021e+01 4.230599999999999739e+01 1.960000000000000075e-01
7.314300000000000068e+01 2.306200000000000117e+01 5.692999999999999972e+01 2.400000000000000050e-02
5.800500000000000256e+01 5.252100000000000080e+01 5.074099999999999966e+01 -5.700000000000000205e-02
3.245700000000000074e+01 5.524399999999999977e+01 3.176300000000000168e+01 -2.900000000000000147e-02
1.778300000000000125e+01 4.300300000000000011e+01 1.196799999999999997e+01 -3.799999999999999906e-02
2.449800000000000111e+01 4.128900000000000148e+01 -1.806999999999999940e+00 -1.150000000000000050e-01
5.086500000000000199e+01 5.401700000000000301e+01 -7.197000000000000064e+00 -1.140000000000000041e-01
8.020000000000000284e+01 6.503199999999999648e+01 -5.147999999999999687e+00 4.900000000000000189e-02
9.439000000000000057e+01 6.060600000000000165e+01 6.780000000000000471e-01 2.620000000000000107e-01
8.724800000000000466e+01 3.664699999999999847e+01 6.182999999999999829e+00 3.449999999999999734e-01
5.315999999999999659e+01 -1.360000000000000098e-01 8.108999999999999986e+00 2.340000000000000135e-01
-1.577599999999999980e+01 -3.284100000000000108e+01 4.496999999999999886e+00 1.600000000000000033e-02
-1.032469999999999999e+02 -5.107000000000000028e+01 -4.706000000000000405e+00 -1.559999999999999998e-01
-1.629279999999999973e+02 -6.052600000000000335e+01 -1.667999999999999972e+01 -1.980000000000000093e-01
-1.607789999999999964e+02 -6.374399999999999977e+01 -2.482300000000000040e+01 -1.409999999999999865e-01
-1.100280000000000058e+02 -5.010399999999999920e+01 -2.306800000000000139e+01 -6.500000000000000222e-02
-5.218599999999999994e+01 -1.692099999999999937e+01 -1.427599999999999980e+01 -2.599999999999999881e-02
-1.369100000000000072e+01 1.906200000000000117e+01 -8.961000000000000298e+00 -3.099999999999999978e-02
1.086999999999999922e+01 3.994500000000000028e+01 -1.202399999999999913e+01 -3.599999999999999728e-02
3.670600000000000307e+01 4.576299999999999812e+01 -1.638599999999999923e+01 1.299999999999999940e-02
5.962299999999999756e+01 5.236500000000000199e+01 -1.350099999999999945e+01 1.150000000000000050e-01
6.166400000000000148e+01 7.211799999999999500e+01 -4.298000000000000043e+00 2.149999999999999967e-01
4.405899999999999750e+01 9.914000000000000057e+01 4.511000000000000121e+00 2.600000000000000089e-01
3.417900000000000205e+01 1.196479999999999961e+02 1.046299999999999919e+01 2.620000000000000107e-01
5.175000000000000000e+01 1.297290000000000134e+02 1.697100000000000009e+01 2.859999999999999765e-01
7.967300000000000182e+01 1.280000000000000000e+02 2.300700000000000145e+01 3.109999999999999987e-01
7.920600000000000307e+01 1.014279999999999973e+02 1.529599999999999937e+01 1.910000000000000031e-01
3.638000000000000256e+01 4.301800000000000068e+01 -1.423600000000000065e+01 -1.170000000000000068e-01
-1.749399999999999977e+01 -2.351300000000000168e+01 -4.441100000000000136e+01 -4.020000000000000240e-01
-4.224000000000000199e+01 -6.373899999999999721e+01 -4.408500000000000085e+01 -4.189999999999999836e-01
-3.180099999999999838e+01 -7.078499999999999659e+01 -1.558999999999999986e+01 -1.910000000000000031e-01
-6.421999999999999709e+00 -6.042999999999999972e+01 9.307999999999999829e+00 4.200000000000000261e-02
1.867099999999999937e+01 -4.501700000000000301e+01 1.365499999999999936e+01 1.280000000000000027e-01
3.670300000000000296e+01 -3.395400000000000063e+01 1.006499999999999950e+01 1.290000000000000036e-01
3.887599999999999767e+01 -3.578300000000000125e+01 1.521299999999999919e+01 1.400000000000000133e-01
2.253300000000000125e+01 -4.455199999999999960e+01 2.732799999999999940e+01 1.239999999999999991e-01
3.039000000000000146e+00 -4.584799999999999898e+01 3.059900000000000020e+01 1.899999999999999953e-02
-1.207000000000000073e+00 -3.745100000000000051e+01 1.762800000000000011e+01 -1.150000000000000050e-01
3.080000000000000071e+00 -2.799800000000000111e+01 4.319999999999999951e-01 -1.590000000000000024e-01
-5.549999999999999822e+00 -2.171600000000000108e+01 -6.607999999999999652e+00 -9.099999999999999756e-02
-2.266600000000000037e+01 -1.534600000000000009e+01 -4.500000000000000000e+00 3.000000000000000062e-03
-2.512800000000000011e+01 -8.670999999999999375e+00 -3.273000000000000131e+00 6.700000000000000400e-02
-1.754599999999999937e+01 -9.099999999999999645e+00 -8.022000000000000242e+00 1.260000000000000009e-01
-2.564199999999999946e+01 -1.892200000000000060e+01 -1.503700000000000081e+01 1.600000000000000033e-01
-4.598499999999999943e+01 -2.786899999999999977e+01 -1.566300000000000026e+01 8.999999999999999667e-02
-4.374399999999999977e+01 -2.539399999999999835e+01 -4.508000000000000007e+00 -4.900000000000000189e-02
-4.057000000000000384e+00 -1.416699999999999982e+01 1.204899999999999949e+01 -1.019999999999999934e-01
4.142999999999999972e+01 -1.156600000000000072e+01 1.796099999999999852e+01 -5.000000000000000278e-02
5.119899999999999807e+01 -3.088700000000000045e+01 4.666000000000000369e+00 -4.800000000000000100e-02
2.227400000000000091e+01 -5.346300000000000097e+01 -1.548099999999999987e+01 -1.499999999999999944e-01
-1.225399999999999956e+01 -4.127499999999999858e+01 -1.950000000000000000e+01 -2.159999999999999976e-01
-2.302899999999999991e+01 7.801999999999999602e+00 2.126999999999999780e+00 -1.419999999999999873e-01
-9.130000000000000782e+00 4.418500000000000227e+01 3.128600000000000136e+01 2.000000000000000042e-03
7.899000000000000021e+00 2.893599999999999994e+01 3.587899999999999778e+01 8.799999999999999489e-02
5.576999999999999957e+00 -1.170500000000000007e+01 6.818999999999999950e+00 6.600000000000000311e-02
-1.755300000000000082e+01 -2.174899999999999878e+01 -2.753399999999999892e+01 -2.599999999999999881e-02
-3.792499999999999716e+01 1.282300000000000040e+01 -3.604699999999999704e+01 -9.299999999999999933e-02
-3.279699999999999704e+01 5.400500000000000256e+01 -1.910000000000000142e+01 -5.600000000000000117e-02
-1.000500000000000078e+01 6.339399999999999835e+01 1.687999999999999945e+00 4.299999999999999656e-02
2.699999999999999969e-02 3.907300000000000040e+01 1.016399999999999970e+01 8.999999999999999667e-02
-1.571599999999999930e+01 -1.256000000000000005e+00 4.455000000000000071e+00 3.899999999999999994e-02
-3.312100000000000222e+01 -4.596099999999999852e+01 -7.008000000000000007e+00 -5.399999999999999939e-02
-1.911700000000000088e+01 -8.170399999999999352e+01 -1.224099999999999966e+01 -1.189999999999999947e-01
2.766700000000000159e+01 -8.550600000000000023e+01 -4.466000000000000192e+00 -1.160000000000000059e-01
7.290500000000000114e+01 -4.958299999999999841e+01 1.119699999999999918e+01 -2.699999999999999969e-02
8.147199999999999420e+01 -1.409999999999999920e+00 2.106099999999999994e+01 1.059999999999999970e-01
5.121699999999999875e+01 2.337300000000000111e+01 1.748100000000000165e+01 1.700000000000000122e-01
9.781000000000000583e+00 2.379200000000000159e+01 7.684000000000000163e+00 1.209999999999999964e-01
-1.647899999999999920e+01 2.846600000000000108e+01 1.568000000000000060e+00 4.499999999999999833e-02
-2.245799999999999841e+01 5.139999999999999858e+01 -3.008999999999999897e+00 1.600000000000000033e-02
-2.016700000000000159e+01 7.775300000000000011e+01 -1.282399999999999984e+01 1.700000000000000122e-02
-2.445899999999999963e+01 9.308199999999999363e+01 -2.477799999999999869e+01 3.300000000000000155e-02
-3.710999999999999943e+01 1.024249999999999972e+02 -2.991000000000000014e+01 9.900000000000000466e-02
-4.104699999999999704e+01 1.140939999999999941e+02 -2.448900000000000077e+01 1.990000000000000102e-01
-1.909199999999999875e+01 1.218569999999999993e+02 -8.960000000000000853e+00 2.149999999999999967e-01
2.297899999999999920e+01 1.140870000000000033e+02 1.340199999999999925e+01 8.599999999999999312e-02
6.278300000000000125e+01 9.087699999999999534e+01 3.152499999999999858e+01 -8.400000000000000522e-02
8.230599999999999739e+01 6.168900000000000006e+01 3.409000000000000341e+01 -1.489999999999999936e-01
7.185399999999999920e+01 2.887300000000000111e+01 2.480900000000000105e+01 -8.799999999999999489e-02
2.947599999999999909e+01 -1.758399999999999963e+01 1.649599999999999866e+01 -8.000000000000000167e-03
-2.883299999999999841e+01 -8.114499999999999602e+01 1.123000000000000043e+01 3.000000000000000062e-03
-7.132099999999999795e+01 -1.415889999999999986e+02 2.349000000000000199e+00 -3.099999999999999978e-02
-7.798600000000000421e+01 -1.726959999999999980e+02 -8.195999999999999730e+00 -5.000000000000000104e-03
-6.059300000000000352e+01 -1.691750000000000114e+02 -1.405499999999999972e+01 9.700000000000000289e-02
-4.268200000000000216e+01 -1.391779999999999973e+02 -1.584600000000000009e+01 1.400000000000000133e-01
-2.684299999999999997e+01 -8.674500000000000455e+01 -9.490999999999999659e+00 4.000000000000000083e-02
-4.613999999999999879e+00 -2.530799999999999983e+01 1.314700000000000024e+01 -7.599999999999999811e-02
1.212899999999999956e+01 1.258799999999999919e+01 3.680700000000000216e+01 -6.800000000000000488e-02
7.937000000000000277e+00 1.284999999999999964e+01 3.379800000000000182e+01 -1.700000000000000122e-02
-1.576999999999999957e+00 6.206999999999999851e+00 1.097600000000000087e+01 -5.500000000000000028e-02
3.508000000000000007e+00 2.116400000000000148e+01 1.330000000000000071e-01 -1.409999999999999865e-01
4.262999999999999901e+00 3.872399999999999665e+01 2.338999999999999968e+00 -2.119999999999999940e-01
-2.546099999999999852e+01 3.160300000000000153e+01 -8.208000000000000185e+00 -3.140000000000000013e-01
-5.887899999999999778e+01 1.523399999999999999e+01 -2.976099999999999923e+01 -4.069999999999999729e-01
-4.080599999999999739e+01 1.864499999999999957e+01 -3.280899999999999750e+01 -3.350000000000000200e-01
2.323100000000000165e+01 3.191499999999999915e+01 -1.302999999999999936e+01 -1.250000000000000000e-01
5.900000000000000000e+01 2.292899999999999849e+01 -6.500000000000000222e-02 -7.000000000000000146e-03
3.292499999999999716e+01 -8.903000000000000469e+00 -1.010999999999999943e+01 -3.599999999999999728e-02
7.597000000000000419e+00 -3.109900000000000020e+01 -2.588100000000000023e+01 -2.199999999999999872e-02
3.620300000000000296e+01 -2.982499999999999929e+01 -3.044999999999999929e+01 1.219999999999999973e-01
6.626200000000000045e+01 -3.347200000000000131e+01 -3.144500000000000028e+01 2.520000000000000018e-01
2.543499999999999872e+01 -6.578600000000000136e+01 -3.721099999999999852e+01 2.459999999999999964e-01
-4.961200000000000188e+01 -9.734199999999999875e+01 -3.016799999999999926e+01 1.590000000000000024e-01
-6.303900000000000148e+01 -8.258499999999999375e+01 7.668000000000000149e+00 1.179999999999999938e-01
-5.038999999999999702e+00 -3.419599999999999795e+01 5.077400000000000091e+01 1.630000000000000060e-01
4.358500000000000085e+01 -1.095599999999999952e+01 5.211599999999999966e+01 2.389999999999999902e-01
2.919900000000000162e+01 -3.707399999999999807e+01 1.158500000000000085e+01 2.770000000000000240e-01
-2.430300000000000082e+01 -7.909799999999999898e+01 -1.954400000000000048e+01 2.399999999999999911e-01
-6.293800000000000239e+01 -9.202700000000000102e+01 -6.160999999999999588e+00 1.089999999999999997e-01
-5.729999999999999716e+01 -5.968900000000000006e+01 3.207900000000000063e+01 -6.199999999999999956e-02
-2.401200000000000045e+01 -9.196999999999999176e+00 5.026299999999999812e+01 -1.499999999999999944e-01
-6.171999999999999709e+00 1.224300000000000033e+01 2.870400000000000063e+01 -1.340000000000000080e-01
-2.196099999999999852e+01 -2.222999999999999865e+00 -6.777999999999999581e+00 -9.800000000000000377e-02
-3.342199999999999704e+01 -6.432000000000000384e+00 -1.565499999999999936e+01 -4.599999999999999922e-02
1.504800000000000004e+01 3.164999999999999858e+01 8.000999999999999446e+00 9.400000000000000022e-02
1.178080000000000069e+02 8.781799999999999784e+01 3.073100000000000165e+01 2.730000000000000204e-01
1.942429999999999950e+02 1.192489999999999952e+02 2.457999999999999829e+01 3.340000000000000191e-01
1.773839999999999861e+02 1.112060000000000031e+02 -1.705000000000000071e+00 2.059999999999999887e-01
9.007500000000000284e+01 8.035500000000000398e+01 -2.102100000000000080e+01 -1.600000000000000033e-02
8.388999999999999346e+00 5.458500000000000085e+01 -1.993100000000000094e+01 -1.600000000000000033e-01
-2.559600000000000009e+01 5.253499999999999659e+01 -5.213000000000000078e+00 -1.340000000000000080e-01
-2.694399999999999906e+01 6.841599999999999682e+01 7.274000000000000021e+00 -1.799999999999999864e-02
-2.283599999999999852e+01 7.621099999999999852e+01 4.682999999999999829e+00 3.599999999999999728e-02
-2.220100000000000051e+01 5.953199999999999648e+01 -1.177800000000000047e+01 3.000000000000000062e-03
-2.825199999999999889e+01 3.446399999999999864e+01 -2.593299999999999983e+01 -2.199999999999999872e-02
-4.538499999999999801e+01 2.924299999999999855e+01 -2.247899999999999920e+01 -2.100000000000000130e-02
-6.425300000000000011e+01 4.429200000000000159e+01 -4.602999999999999758e+00 -6.500000000000000222e-02
-6.514499999999999602e+01 5.045400000000000063e+01 6.017000000000000348e+00 -1.690000000000000113e-01
-4.716400000000000148e+01 2.935900000000000176e+01 -6.474999999999999645e+00 -2.750000000000000222e-01
-3.452600000000000335e+01 -3.056000000000000050e+00 -2.705199999999999960e+01 -3.340000000000000191e-01
-4.340299999999999869e+01 -2.337699999999999889e+01 -2.733899999999999864e+01 -3.150000000000000022e-01
-6.039300000000000068e+01 -3.363700000000000045e+01 -9.891999999999999460e+00 -2.039999999999999869e-01
-6.282600000000000051e+01 -5.077300000000000324e+01 -5.467999999999999972e+00 -7.499999999999999722e-02
-4.453900000000000148e+01 -7.545600000000000307e+01 -2.239900000000000091e+01 -3.099999999999999978e-02
-1.409800000000000075e+01 -8.750300000000000011e+01 -3.261599999999999966e+01 -7.299999999999999545e-02
1.616600000000000037e+01 -6.957699999999999818e+01 -1.635099999999999909e+01 -9.800000000000000377e-02
3.027299999999999969e+01 -2.936899999999999977e+01 9.333000000000000185e+00 -2.299999999999999961e-02
1.885099999999999909e+01 4.014999999999999680e+00 1.835000000000000142e+01 1.290000000000000036e-01
-5.301999999999999602e+00 6.972000000000000419e+00 8.300000000000000711e+00 2.540000000000000036e-01
-2.703000000000000114e+01 -1.605499999999999972e+01 -6.415000000000000036e+00 2.829999999999999738e-01
-4.932399999999999807e+01 -3.620300000000000296e+01 -1.410800000000000054e+01 2.369999999999999885e-01
-6.344500000000000028e+01 -2.724200000000000088e+01 -9.013999999999999346e+00 1.660000000000000087e-01
-3.460000000000000142e+01 9.768000000000000682e+00 7.464000000000000412e+00 1.000000000000000056e-01
4.493599999999999994e+01 5.397099999999999653e+01 2.544500000000000028e+01 5.600000000000000117e-02
1.213430000000000035e+02 8.880899999999999750e+01 3.813199999999999790e+01 4.000000000000000083e-02
1.280879999999999939e+02 1.024270000000000067e+02 4.486999999999999744e+01 1.899999999999999953e-02
5.452700000000000102e+01 8.290000000000000568e+01 3.820000000000000284e+01 -6.900000000000000577e-02
-4.000999999999999801e+01 4.054200000000000159e+01 1.180899999999999928e+01 -2.290000000000000091e-01
-7.831300000000000239e+01 1.237599999999999945e+01 -1.792000000000000171e+01 -3.430000000000000271e-01
-4.238000000000000256e+01 1.652199999999999847e+01 -2.660699999999999932e+01 -2.700000000000000178e-01
1.294599999999999973e+01 2.680399999999999849e+01 -1.542200000000000060e+01 -5.899999999999999689e-02
3.580599999999999739e+01 1.628699999999999903e+01 -5.280000000000000249e+00 9.299999999999999933e-02
3.440200000000000102e+01 -6.490000000000000213e-01 -4.918000000000000149e+00 9.700000000000000289e-02
4.030100000000000193e+01 4.748999999999999666e+00 -6.631000000000000227e+00 4.299999999999999656e-02
5.202100000000000080e+01 2.704100000000000037e+01 -6.150000000000000355e+00 6.000000000000000125e-03
4.099300000000000210e+01 3.237700000000000244e+01 -7.286999999999999922e+00 -2.299999999999999961e-02
-5.094000000000000306e+00 2.750000000000000000e+00 -9.271000000000000796e+00 -2.900000000000000147e-02
-6.293299999999999983e+01 -4.733100000000000307e+01 -5.378999999999999559e+00 -2.000000000000000042e-03
-9.553900000000000148e+01 -8.868600000000000705e+01 5.304000000000000270e+00 -3.400000000000000244e-02
-9.207999999999999829e+01 -9.739499999999999602e+01 1.851099999999999923e+01 -1.880000000000000004e-01
-7.824899999999999523e+01 -7.314000000000000057e+01 3.386899999999999977e+01 -3.200000000000000067e-01
-7.069899999999999807e+01 -4.216400000000000148e+01 5.068099999999999739e+01 -2.409999999999999920e-01
-4.309899999999999665e+01 -2.723000000000000043e+01 6.222699999999999676e+01 1.299999999999999940e-02
2.592999999999999972e+01 -2.839300000000000068e+01 6.028999999999999915e+01 2.200000000000000011e-01
1.043400000000000034e+02 -3.449199999999999733e+01 3.957000000000000028e+01 2.600000000000000089e-01
1.457400000000000091e+02 -2.788899999999999935e+01 4.713000000000000078e+00 2.359999999999999876e-01
1.384950000000000045e+02 1.034999999999999920e+00 -2.563200000000000145e+01 2.810000000000000275e-01
9.557999999999999829e+01 2.572200000000000131e+01 -3.508500000000000085e+01 3.549999999999999822e-01
4.083500000000000085e+01 1.265099999999999980e+01 -2.520400000000000063e+01 3.340000000000000191e-01
1.176699999999999946e+01 -1.911299999999999955e+01 -7.275999999999999801e+00 2.260000000000000064e-01
2.990299999999999869e+01 -2.074800000000000111e+01 8.313000000000000611e+00 1.360000000000000098e-01
6.632800000000000296e+01 1.277399999999999913e+01 1.314000000000000057e+01 9.299999999999999933e-02
7.368099999999999739e+01 4.251500000000000057e+01 6.615000000000000213e+00 4.000000000000000083e-02
4.367900000000000205e+01 4.444700000000000273e+01 -2.540000000000000036e+00 -3.200000000000000067e-02
5.900000000000000355e+00 2.709499999999999886e+01 -8.865999999999999659e+00 -5.899999999999999689e-02
-1.010100000000000087e+01 8.375000000000000000e+00 -1.217300000000000004e+01 -1.200000000000000025e-02
2.346999999999999975e+00 2.396999999999999797e+00 -7.926999999999999602e+00 5.899999999999999689e-02
2.030499999999999972e+01 1.082199999999999918e+01 4.516000000000000014e+00 1.039999999999999952e-01
1.517699999999999960e+01 1.880999999999999872e+01 1.163199999999999967e+01 1.140000000000000041e-01
-7.020999999999999908e+00 1.439499999999999957e+01 2.926000000000000156e+00 7.699999999999999900e-02
-2.063100000000000023e+01 1.750000000000000000e+00 -1.335500000000000043e+01 -2.100000000000000130e-02
-2.726599999999999824e+01 -1.339499999999999957e+01 -2.435600000000000165e+01 -1.469999999999999918e-01
-4.437400000000000233e+01 -2.981400000000000006e+01 -2.876399999999999935e+01 -2.429999999999999938e-01
-6.652899999999999636e+01 -3.919100000000000250e+01 -3.097299999999999898e+01 -2.909999999999999809e-01
-7.772799999999999443e+01 -3.423400000000000176e+01 -3.206400000000000006e+01 -3.420000000000000262e-01
-8.029800000000000182e+01 -2.742699999999999960e+01 -3.154799999999999827e+01 -4.289999999999999925e-01
-8.171800000000000352e+01 -3.622599999999999909e+01 -2.731500000000000128e+01 -4.670000000000000262e-01
-7.449699999999999989e+01 -5.462100000000000222e+01 -1.562400000000000055e+01 -3.599999999999999867e-01
-5.351299999999999812e+01 -6.278999999999999915e+01 -1.457999999999999963e+00 -1.890000000000000013e-01
-3.280100000000000193e+01 -5.679299999999999926e+01 2.361000000000000210e+00 -1.039999999999999952e-01
-2.460000000000000142e+01 -4.863000000000000256e+01 -4.836000000000000298e+00 -8.799999999999999489e-02
-2.145599999999999952e+01 -4.397699999999999676e+01 -9.647999999999999687e+00 -2.800000000000000058e-02
-1.299000000000000021e+01 -3.701299999999999812e+01 -6.328000000000000291e+00 6.700000000000000400e-02
1.139999999999999902e+00 -2.340800000000000125e+01 -2.189999999999999947e+00 9.600000000000000200e-02
2.013400000000000034e+01 -3.188000000000000167e+00 -1.364000000000000101e+00 5.099999999999999672e-02
3.799499999999999744e+01 2.119099999999999895e+01 -1.859999999999999987e-01 1.799999999999999864e-02
3.321300000000000097e+01 3.567699999999999960e+01 1.108999999999999986e+00 3.400000000000000244e-02
-6.136999999999999567e+00 2.504599999999999937e+01 -2.867999999999999883e+00 4.000000000000000083e-02
-5.262199999999999989e+01 5.326999999999999957e+00 -1.102500000000000036e+01 1.700000000000000122e-02
-6.522400000000000375e+01 1.293399999999999928e+01 -1.447799999999999976e+01 3.200000000000000067e-02
-3.282800000000000296e+01 5.196699999999999875e+01 -7.730999999999999872e+00 8.999999999999999667e-02
3.040099999999999980e+01 9.025600000000000023e+01 7.790000000000000036e+00 1.069999999999999979e-01
1.019689999999999941e+02 1.092099999999999937e+02 2.886899999999999977e+01 1.059999999999999970e-01
1.426260000000000048e+02 1.140480000000000018e+02 4.565299999999999869e+01 2.030000000000000138e-01
1.152150000000000034e+02 1.032240000000000038e+02 4.021800000000000352e+01 3.449999999999999734e-01
3.407300000000000040e+01 7.446800000000000352e+01 1.298900000000000077e+01 3.539999999999999813e-01
-4.164600000000000080e+01 4.238700000000000045e+01 -4.685999999999999943e+00 2.419999999999999929e-01
-7.410699999999999932e+01 1.347700000000000031e+01 7.033000000000000362e+00 1.700000000000000122e-01
-7.484099999999999397e+01 -2.390599999999999881e+01 2.347500000000000142e+01 1.559999999999999998e-01
-6.734900000000000375e+01 -6.261099999999999710e+01 1.465099999999999980e+01 9.099999999999999756e-02
-5.380499999999999972e+01 -7.330100000000000193e+01 -8.429999999999999716e+00 -2.199999999999999872e-02
-2.567699999999999960e+01 -5.260000000000000142e+01 -1.672100000000000009e+01 -4.599999999999999922e-02
1.019699999999999918e+01 -3.391700000000000159e+01 -8.904999999999999361e+00 5.700000000000000205e-02
2.842899999999999849e+01 -4.118599999999999994e+01 -5.583999999999999631e+00 1.400000000000000133e-01
1.306700000000000017e+01 -6.086999999999999744e+01 -1.327999999999999936e+01 1.000000000000000056e-01
-1.879200000000000159e+01 -6.757699999999999818e+01 -1.914300000000000068e+01 1.899999999999999953e-02
-3.597200000000000131e+01 -5.965800000000000125e+01 -1.462800000000000011e+01 0.000000000000000000e+00
-2.898000000000000043e+01 -5.204899999999999949e+01 -3.468999999999999861e+00 -1.000000000000000021e-03
-1.178299999999999947e+01 -4.466100000000000136e+01 9.970000000000000639e+00 -6.600000000000000311e-02
3.197999999999999954e+00 -2.828300000000000125e+01 2.143199999999999861e+01 -1.499999999999999944e-01
1.613899999999999935e+01 -1.080899999999999928e+01 2.180799999999999983e+01 -1.479999999999999927e-01
2.900499999999999901e+01 -2.955000000000000071e+00 8.021000000000000796e+00 -4.499999999999999833e-02
3.671300000000000097e+01 6.214000000000000412e+00 -8.691000000000000725e+00 7.299999999999999545e-02
3.394800000000000040e+01 3.051000000000000156e+01 -1.629700000000000060e+01 1.179999999999999938e-01
2.382499999999999929e+01 6.245700000000000074e+01 -1.356300000000000061e+01 8.000000000000000167e-02
1.399799999999999933e+01 8.796800000000000352e+01 -3.047000000000000153e+00 2.299999999999999961e-02
9.676999999999999602e+00 1.053689999999999998e+02 1.258300000000000018e+01 -4.000000000000000083e-03
1.390399999999999991e+01 1.145900000000000034e+02 2.480799999999999983e+01 -8.000000000000000167e-03
2.683099999999999952e+01 1.068599999999999994e+02 2.572400000000000020e+01 -2.599999999999999881e-02
4.253000000000000114e+01 7.929699999999999704e+01 1.794500000000000028e+01 -7.699999999999999900e-02
5.156700000000000017e+01 4.325000000000000000e+01 4.743000000000000327e+00 -1.670000000000000095e-01
4.561399999999999721e+01 1.056799999999999962e+01 -1.591300000000000026e+01 -2.720000000000000195e-01
2.406400000000000006e+01 -1.298700000000000010e+01 -3.465400000000000347e+01 -2.959999999999999853e-01
2.105999999999999872e+00 -2.394600000000000151e+01 -3.230299999999999727e+01 -1.859999999999999987e-01
5.450000000000000400e-01 -2.501399999999999935e+01 -8.051000000000000156e+00 -5.099999999999999672e-02
2.269800000000000040e+01 -2.228300000000000125e+01 1.956299999999999883e+01 -2.100000000000000130e-02
5.097500000000000142e+01 -1.411700000000000088e+01 3.737400000000000233e+01 -8.300000000000000433e-02
6.049199999999999733e+01 1.580000000000000016e-01 4.117799999999999727e+01 -1.320000000000000062e-01
3.419599999999999795e+01 7.166000000000000369e+00 2.848799999999999955e+01 -1.039999999999999952e-01
-1.908399999999999963e+01 -2.701999999999999957e+00 5.676000000000000156e+00 -3.799999999999999906e-02
-6.587099999999999511e+01 -1.724599999999999866e+01 -1.144699999999999918e+01 -3.799999999999999906e-02
-8.137300000000000466e+01 -2.422899999999999920e+01 -1.550000000000000000e+01 -1.489999999999999936e-01
-7.247299999999999898e+01 -3.133800000000000097e+01 -1.499099999999999966e+01 -2.859999999999999765e-01
-6.117099999999999937e+01 -4.456000000000000227e+01 -1.671699999999999875e+01 -3.019999999999999907e-01
-5.499099999999999966e+01 -5.288700000000000045e+01 -1.419999999999999929e+01 -1.360000000000000098e-01
-3.785000000000000142e+01 -5.088000000000000256e+01 -3.488999999999999879e+00 1.049999999999999961e-01
8.788000000000000256e+00 -4.854299999999999926e+01 5.940000000000000391e+00 2.560000000000000053e-01
6.939799999999999613e+01 -5.000099999999999767e+01 7.376000000000000334e+00 2.800000000000000266e-01
9.044400000000000261e+01 -4.941100000000000136e+01 6.410000000000000142e+00 2.630000000000000115e-01
4.146699999999999875e+01 -4.621699999999999875e+01 8.323000000000000398e+00 2.680000000000000160e-01
-3.241100000000000136e+01 -4.198100000000000165e+01 1.188199999999999967e+01 2.839999999999999747e-01
-6.377300000000000324e+01 -3.488100000000000023e+01 1.375699999999999967e+01 2.829999999999999738e-01
-5.240200000000000102e+01 -2.873100000000000165e+01 1.060800000000000054e+01 2.449999999999999956e-01
-4.815899999999999892e+01 -2.745100000000000051e+01 2.540000000000000036e+00 1.479999999999999927e-01
-6.422400000000000375e+01 -2.162500000000000000e+01 -6.342999999999999972e+00 4.000000000000000083e-03
-6.829300000000000637e+01 -8.659999999999999920e-01 -1.415199999999999925e+01 -1.239999999999999991e-01
-4.997399999999999665e+01 2.756700000000000017e+01 -2.146399999999999864e+01 -1.809999999999999942e-01
-3.432099999999999795e+01 4.592699999999999960e+01 -2.488100000000000023e+01 -1.749999999999999889e-01
-2.313100000000000023e+01 4.498700000000000188e+01 -1.888200000000000145e+01 -1.390000000000000124e-01
1.574099999999999966e+01 3.199099999999999966e+01 -8.391999999999999460e+00 -6.900000000000000577e-02
8.081900000000000261e+01 2.100199999999999889e+01 -9.054999999999999716e+00 3.400000000000000244e-02
1.163970000000000056e+02 1.317999999999999972e+01 -2.394699999999999918e+01 1.039999999999999952e-01
8.715300000000000580e+01 -2.845000000000000195e+00 -3.485300000000000153e+01 6.800000000000000488e-02
2.711499999999999844e+01 -2.513500000000000156e+01 -2.719399999999999906e+01 -5.099999999999999672e-02
-6.855999999999999872e+00 -3.415800000000000125e+01 -4.171000000000000263e+00 -1.229999999999999982e-01
2.657000000000000028e+00 -2.291700000000000159e+01 2.359700000000000131e+01 -2.400000000000000050e-02
3.048400000000000176e+01 -9.339999999999999858e+00 4.179599999999999937e+01 1.990000000000000102e-01
4.879699999999999704e+01 -9.064999999999999503e+00 3.695300000000000296e+01 3.489999999999999769e-01
5.594700000000000273e+01 -1.122799999999999976e+01 1.516000000000000014e+01 3.039999999999999925e-01
6.563899999999999579e+01 7.296999999999999709e+00 2.250000000000000000e+00 1.600000000000000033e-01
7.769400000000000261e+01 4.731700000000000017e+01 1.048199999999999932e+01 5.299999999999999850e-02
6.852899999999999636e+01 8.066299999999999670e+01 1.860300000000000153e+01 -3.699999999999999817e-02
1.203400000000000070e+01 8.707299999999999329e+01 1.465000000000000080e+00 -1.839999999999999969e-01
-8.354800000000000182e+01 8.443699999999999761e+01 -3.222899999999999920e+01 -3.410000000000000253e-01
-1.560120000000000005e+02 1.035439999999999969e+02 -4.956199999999999761e+01 -3.679999999999999938e-01
-1.367340000000000089e+02 1.381829999999999927e+02 -3.394500000000000028e+01 -2.419999999999999929e-01
-3.857300000000000040e+01 1.473629999999999995e+02 -9.669999999999999707e-01 -1.179999999999999938e-01
4.586899999999999977e+01 1.155210000000000008e+02 2.405499999999999972e+01 -1.079999999999999988e-01
5.281300000000000239e+01 7.353100000000000591e+01 2.838800000000000168e+01 -1.209999999999999964e-01
4.924999999999999822e+00 4.310699999999999932e+01 1.159099999999999930e+01 -7.099999999999999367e-02
-4.299300000000000210e+01 1.008300000000000018e+01 -1.659600000000000009e+01 -4.399999999999999745e-02
-5.934499999999999886e+01 -2.909199999999999875e+01 -3.682699999999999818e+01 -1.000000000000000056e-01
-3.752600000000000335e+01 -5.050900000000000034e+01 -3.703799999999999670e+01 -1.370000000000000107e-01
3.637999999999999901e+00 -5.135499999999999687e+01 -2.693700000000000117e+01 -6.800000000000000488e-02
1.935500000000000043e+01 -6.473600000000000421e+01 -2.300199999999999889e+01 5.000000000000000278e-02
-1.708699999999999974e+01 -1.036550000000000011e+02 -2.262399999999999878e+01 1.250000000000000000e-01
-7.185099999999999909e+01 -1.317649999999999864e+02 -6.068999999999999950e+00 1.580000000000000016e-01
-8.629999999999999716e+01 -1.159410000000000025e+02 3.168400000000000105e+01 1.819999999999999951e-01
-4.673799999999999955e+01 -7.190600000000000591e+01 6.714100000000000534e+01 1.769999999999999907e-01
6.892999999999999794e+00 -3.684400000000000119e+01 7.643399999999999750e+01 1.219999999999999973e-01
3.475500000000000256e+01 -3.117800000000000082e+01 5.785600000000000165e+01 6.700000000000000400e-02
3.509700000000000131e+01 -5.678199999999999648e+01 2.255300000000000082e+01 7.299999999999999545e-02
2.354100000000000037e+01 -1.009599999999999937e+02 -1.204599999999999937e+01 8.000000000000000167e-02
6.014999999999999680e+00 -1.348779999999999859e+02 -2.262500000000000000e+01 -2.299999999999999961e-02
-1.155499999999999972e+01 -1.282429999999999950e+02 -1.495999999999999996e+00 -1.869999999999999996e-01
-1.888299999999999912e+01 -7.513400000000000034e+01 2.745899999999999963e+01 -2.300000000000000100e-01
-1.640099999999999980e+01 -1.880000000000000004e-01 3.570900000000000318e+01 -1.079999999999999988e-01
-1.157799999999999940e+01 6.122299999999999898e+01 2.098300000000000054e+01 3.799999999999999906e-02
-5.717999999999999972e+00 8.553000000000000114e+01 -1.193999999999999950e+00 9.600000000000000200e-02
3.963000000000000078e+00 7.609999999999999432e+01 -1.598099999999999987e+01 6.500000000000000222e-02
1.851699999999999946e+01 6.387100000000000222e+01 -1.486800000000000033e+01 -1.799999999999999864e-02
3.583299999999999841e+01 7.648999999999999488e+01 -3.559000000000000163e+00 -9.700000000000000289e-02
5.533500000000000085e+01 1.064320000000000022e+02 2.544000000000000039e+00 -9.800000000000000377e-02
7.993000000000000682e+01 1.240879999999999939e+02 2.309000000000000163e+00 3.000000000000000062e-03
9.644400000000000261e+01 1.085229999999999961e+02 7.783999999999999808e+00 1.310000000000000053e-01
7.450900000000000034e+01 6.032200000000000273e+01 1.662999999999999901e+01 1.660000000000000087e-01
1.411400000000000077e+01 4.884000000000000341e+00 1.322400000000000020e+01 8.000000000000000167e-02
-4.326200000000000045e+01 -2.711299999999999955e+01 -5.290000000000000036e+00 -4.399999999999999745e-02
-7.296099999999999852e+01 -3.701700000000000301e+01 -2.629299999999999926e+01 -1.419999999999999873e-01
-8.527700000000000102e+01 -5.048100000000000165e+01 -3.844599999999999795e+01 -2.169999999999999984e-01
-8.138299999999999557e+01 -7.026500000000000057e+01 -3.785499999999999687e+01 -2.330000000000000127e-01
-4.898799999999999955e+01 -7.239000000000000057e+01 -2.576200000000000045e+01 -1.000000000000000056e-01
1.997000000000000108e+00 -4.711899999999999977e+01 -9.294999999999999929e+00 1.600000000000000033e-01
4.288799999999999812e+01 -1.201600000000000001e+01 -2.520000000000000018e-01 3.679999999999999938e-01
5.707600000000000051e+01 1.219699999999999918e+01 -5.860999999999999766e+00 3.780000000000000027e-01
4.664699999999999847e+01 1.657400000000000162e+01 -2.060600000000000165e+01 2.389999999999999902e-01
2.215599999999999881e+01 7.990000000000000435e-01 -3.171900000000000119e+01 1.179999999999999938e-01
-1.624000000000000110e+00 -2.503999999999999915e+01 -3.072700000000000031e+01 8.999999999999999667e-02
-8.519999999999999574e+00 -3.761899999999999977e+01 -1.641700000000000159e+01 7.499999999999999722e-02
9.948999999999999844e+00 -1.791199999999999903e+01 6.373999999999999666e+00 -3.000000000000000062e-03
4.306700000000000017e+01 2.139999999999999858e+01 2.578699999999999903e+01 -8.899999999999999578e-02
6.169700000000000273e+01 4.027199999999999847e+01 2.869500000000000028e+01 -1.019999999999999934e-01
4.757000000000000028e+01 1.902899999999999991e+01 1.599399999999999977e+01 -6.400000000000000133e-02
2.425400000000000134e+01 -1.198799999999999955e+01 5.557000000000000384e+00 -1.200000000000000025e-02
2.986599999999999966e+01 -1.467600000000000016e+01 9.092000000000000526e+00 6.500000000000000222e-02
5.458800000000000097e+01 4.349000000000000199e+00 1.590799999999999947e+01 1.280000000000000027e-01
4.736299999999999955e+01 1.479499999999999993e+01 1.198399999999999999e+01 9.199999999999999845e-02
-4.679999999999999716e+00 1.511700000000000088e+01 1.221000000000000085e+00 -2.100000000000000130e-02
-4.925999999999999801e+01 2.913400000000000034e+01 -4.399000000000000021e+00 -8.799999999999999489e-02
-3.884799999999999898e+01 6.068800000000000239e+01 -3.337000000000000188e+00 -4.499999999999999833e-02
1.029400000000000048e+01 8.317199999999999704e+01 -3.244000000000000217e+00 4.200000000000000261e-02
4.672200000000000131e+01 7.816299999999999670e+01 -7.503000000000000114e+00 9.299999999999999933e-02
4.362800000000000011e+01 5.899199999999999733e+01 -1.089400000000000013e+01 9.400000000000000022e-02
1.346000000000000085e+01 4.398400000000000176e+01 -9.753000000000000114e+00 4.399999999999999745e-02
-2.097599999999999909e+01 2.778900000000000148e+01 -9.929000000000000270e+00 -4.800000000000000100e-02
-5.093900000000000006e+01 -3.847999999999999865e+00 -1.688400000000000034e+01 -1.320000000000000062e-01
-7.477299999999999613e+01 -4.417799999999999727e+01 -2.287199999999999989e+01 -1.559999999999999998e-01
-7.983199999999999363e+01 -6.800300000000000011e+01 -1.553599999999999959e+01 -1.160000000000000059e-01
-5.068999999999999773e+01 -6.153799999999999670e+01 3.955000000000000071e+00 -5.600000000000000117e-02
-2.164000000000000146e+00 -4.004699999999999704e+01 2.074699999999999989e+01 -7.000000000000000146e-03
1.912199999999999989e+01 -3.431000000000000227e+01 2.346999999999999886e+01 4.499999999999999833e-02
-8.298999999999999488e+00 -5.673499999999999943e+01 1.882600000000000051e+01 1.029999999999999943e-01
-4.670700000000000074e+01 -8.455800000000000693e+01 2.292299999999999827e+01 1.170000000000000068e-01
-5.422099999999999653e+01 -9.093800000000000239e+01 3.404500000000000171e+01 4.200000000000000261e-02
-4.170700000000000074e+01 -8.056300000000000239e+01 3.097100000000000009e+01 -8.599999999999999312e-02
-4.147800000000000153e+01 -7.312800000000000011e+01 6.972000000000000419e+00 -1.809999999999999942e-01
-5.335199999999999676e+01 -7.195600000000000307e+01 -1.716000000000000014e+01 -2.159999999999999976e-01
-5.426200000000000045e+01 -7.074500000000000455e+01 -2.296199999999999974e+01 -2.540000000000000036e-01
-3.812800000000000011e+01 -6.962300000000000466e+01 -1.617899999999999849e+01 -3.370000000000000218e-01
-1.799200000000000088e+01 -6.618399999999999750e+01 -9.788000000000000256e+00 -4.099999999999999756e-01
4.000000000000000083e-03 -5.122200000000000131e+01 -3.069999999999999840e+00 -3.569999999999999840e-01
1.681800000000000139e+01 -2.831800000000000139e+01 7.783000000000000362e+00 -1.229999999999999982e-01
1.894399999999999906e+01 -1.653000000000000114e+01 1.286100000000000065e+01 1.489999999999999936e-01
-6.778999999999999915e+00 -2.110099999999999909e+01 3.698999999999999844e+00 2.340000000000000135e-01
-3.505799999999999983e+01 -2.283399999999999963e+01 -6.490000000000000213e+00 1.370000000000000107e-01
-2.525600000000000023e+01 -5.732999999999999652e+00 -3.920000000000000151e-01 8.500000000000000611e-02
1.495299999999999940e+01 2.473600000000000065e+01 1.781200000000000117e+01 1.749999999999999889e-01
3.823799999999999955e+01 5.416400000000000148e+01 3.150900000000000034e+01 2.449999999999999956e-01
2.863700000000000045e+01 7.284099999999999397e+01 3.065599999999999881e+01 1.380000000000000115e-01
1.902899999999999991e+01 7.960200000000000387e+01 1.492900000000000027e+01 -7.000000000000000666e-02
3.440999999999999659e+01 8.171800000000000352e+01 -5.788999999999999702e+00 -1.849999999999999978e-01
5.435199999999999676e+01 8.397799999999999443e+01 -1.796699999999999875e+01 -1.370000000000000107e-01
4.866400000000000148e+01 7.913500000000000512e+01 -2.052700000000000102e+01 -3.599999999999999728e-02
2.433800000000000097e+01 6.137100000000000222e+01 -2.121199999999999974e+01 4.000000000000000083e-03
1.219400000000000084e+01 4.146500000000000341e+01 -1.869699999999999918e+01 -6.000000000000000125e-03
2.003500000000000014e+01 3.185500000000000043e+01 -8.276999999999999247e+00 6.000000000000000125e-03
2.369900000000000162e+01 2.761899999999999977e+01 2.660000000000000142e+00 5.999999999999999778e-02
6.126000000000000334e+00 2.070899999999999963e+01 4.144000000000000128e+00 1.120000000000000023e-01
-1.591600000000000037e+01 1.935900000000000176e+01 -1.197000000000000064e+00 9.500000000000000111e-02
-1.777700000000000102e+01 3.433100000000000307e+01 -5.681000000000000050e+00 3.000000000000000062e-03
-4.852000000000000313e+00 5.589699999999999847e+01 -9.726000000000000867e+00 -7.599999999999999811e-02
-4.384000000000000341e+00 6.033899999999999864e+01 -1.888899999999999935e+01 -6.700000000000000400e-02
-2.335300000000000153e+01 3.966899999999999693e+01 -3.249099999999999966e+01 3.000000000000000062e-03
-3.345400000000000063e+01 1.864600000000000080e+01 -3.749300000000000210e+01 8.300000000000000433e-02
-6.692000000000000171e+00 3.299600000000000222e+01 -1.645299999999999940e+01 1.990000000000000102e-01
4.303699999999999903e+01 8.424299999999999500e+01 2.787600000000000122e+01 3.499999999999999778e-01
6.881300000000000239e+01 1.269380000000000024e+02 6.051500000000000057e+01 3.800000000000000044e-01
4.155899999999999750e+01 1.165349999999999966e+02 4.901299999999999812e+01 1.739999999999999880e-01
-1.887800000000000011e+01 6.138900000000000290e+01 7.179999999999999716e+00 -1.120000000000000023e-01
-6.337899999999999778e+01 7.546000000000000263e+00 -2.244500000000000028e+01 -2.340000000000000135e-01
-5.908500000000000085e+01 -1.789999999999999858e+01 -2.306400000000000006e+01 -1.950000000000000067e-01
-1.572899999999999920e+01 -2.337999999999999901e+01 -1.216699999999999982e+01 -1.610000000000000042e-01
3.441400000000000148e+01 -2.179599999999999937e+01 -5.251000000000000334e+00 -1.509999999999999953e-01
7.382800000000000296e+01 -1.335100000000000087e+01 -1.039999999999999952e-01 -5.700000000000000205e-02
1.030460000000000065e+02 -1.437000000000000055e+00 5.375000000000000000e+00 1.140000000000000041e-01
1.200480000000000018e+02 -6.099999999999999867e-02 4.097000000000000419e+00 2.349999999999999867e-01
1.171689999999999969e+02 -1.660399999999999920e+01 -4.508000000000000007e+00 2.359999999999999876e-01
9.189400000000000546e+01 -4.052900000000000347e+01 -8.000999999999999446e+00 1.529999999999999971e-01
5.188700000000000045e+01 -5.323400000000000176e+01 -1.179999999999999938e-01 5.700000000000000205e-02
1.383699999999999974e+01 -4.605499999999999972e+01 1.056700000000000017e+01 1.400000000000000029e-02
-1.087100000000000044e+01 -3.456400000000000006e+01 1.531199999999999939e+01 5.199999999999999761e-02
-3.498199999999999932e+01 -4.851299999999999812e+01 9.910000000000000142e+00 9.099999999999999756e-02
-7.553400000000000603e+01 -8.672899999999999920e+01 -6.897999999999999687e+00 2.999999999999999889e-02
-1.100450000000000017e+02 -9.876300000000000523e+01 -2.260399999999999920e+01 -7.699999999999999900e-02
-9.097799999999999443e+01 -4.839500000000000313e+01 -1.814999999999999858e+01 -9.299999999999999933e-02
-1.565199999999999925e+01 2.680999999999999872e+01 4.030000000000000249e+00 -1.299999999999999940e-02
5.475000000000000000e+01 6.146900000000000119e+01 2.114699999999999847e+01 3.799999999999999906e-02
6.744599999999999795e+01 4.576800000000000068e+01 2.042500000000000071e+01 -2.000000000000000042e-03
4.183599999999999852e+01 2.391600000000000037e+01 1.117500000000000071e+01 -5.700000000000000205e-02
3.061299999999999955e+01 2.627199999999999847e+01 8.582000000000000739e+00 -3.799999999999999906e-02
4.284799999999999898e+01 3.986099999999999710e+01 1.495500000000000007e+01 3.799999999999999906e-02
4.116799999999999926e+01 3.919400000000000261e+01 1.890299999999999869e+01 8.200000000000000344e-02
-3.305000000000000160e+00 1.723499999999999943e+01 1.195299999999999940e+01 5.199999999999999761e-02
-7.569899999999999807e+01 -1.487599999999999945e+01 -9.989999999999999991e-01 -2.299999999999999961e-02
-1.310300000000000011e+02 -4.338199999999999790e+01 -1.183300000000000018e+01 -9.400000000000000022e-02
-1.407849999999999966e+02 -6.131099999999999994e+01 -1.952799999999999869e+01 -1.209999999999999964e-01
-1.194030000000000058e+02 -6.507800000000000296e+01 -2.467399999999999949e+01 -1.140000000000000041e-01
-9.797700000000000387e+01 -5.323599999999999710e+01 -2.506800000000000139e+01 -1.120000000000000023e-01
-8.829600000000000648e+01 -3.614500000000000313e+01 -2.239900000000000091e+01 -9.900000000000000466e-02
-8.066400000000000148e+01 -3.247099999999999653e+01 -2.071399999999999864e+01 -3.599999999999999728e-02
-6.101100000000000279e+01 -4.554699999999999704e+01 -1.447100000000000009e+01 2.400000000000000050e-02
-2.613800000000000168e+01 -5.901500000000000057e+01 4.979000000000000092e+00 1.200000000000000025e-02
9.368000000000000327e+00 -6.055599999999999739e+01 2.773400000000000176e+01 -1.899999999999999953e-02
2.560500000000000043e+01 -5.336200000000000188e+01 2.983099999999999952e+01 -4.000000000000000083e-03
1.955399999999999849e+01 -4.700000000000000000e+01 4.799999999999999822e+00 -1.700000000000000122e-02
5.325999999999999623e+00 -4.907999999999999829e+01 -2.511299999999999955e+01 -1.239999999999999991e-01
-6.182000000000000384e+00 -5.989600000000000080e+01 -3.506300000000000239e+01 -2.250000000000000056e-01
-1.485699999999999932e+01 -7.348099999999999454e+01 -2.494800000000000040e+01 -1.859999999999999987e-01
-1.904700000000000060e+01 -8.852800000000000580e+01 -1.536800000000000033e+01 -4.599999999999999922e-02
-1.390700000000000003e+01 -1.050130000000000052e+02 -1.783999999999999986e+01 5.099999999999999672e-02
-8.368999999999999773e+00 -1.055529999999999973e+02 -1.652499999999999858e+01 6.199999999999999956e-02
-1.473000000000000043e+01 -6.567700000000000671e+01 6.511000000000000121e+00 5.700000000000000205e-02
-1.144200000000000017e+01 8.242000000000000881e+00 3.764200000000000301e+01 7.699999999999999900e-02
3.088100000000000023e+01 7.214600000000000080e+01 4.825800000000000267e+01 1.100000000000000006e-01
7.731699999999999307e+01 8.508400000000000318e+01 3.320499999999999829e+01 1.459999999999999909e-01
6.241599999999999682e+01 5.054999999999999716e+01 9.740999999999999659e+00 1.429999999999999882e-01
-2.179999999999999993e-01 9.961000000000000298e+00 -6.828999999999999737e+00 5.099999999999999672e-02
-3.150000000000000000e+01 -3.765000000000000124e+00 -9.230000000000000426e+00 -7.199999999999999456e-02
-2.656000000000000139e+00 7.173000000000000043e+00 3.310999999999999943e+00 -1.029999999999999943e-01
4.050300000000000011e+01 2.115500000000000114e+01 1.802700000000000102e+01 -6.099999999999999867e-02
5.128099999999999881e+01 1.683800000000000097e+01 1.645700000000000074e+01 -7.000000000000000666e-02
2.246300000000000097e+01 -1.401200000000000045e+01 -3.639999999999999902e-01 -1.360000000000000098e-01
-2.471199999999999974e+01 -4.910699999999999932e+01 -1.201099999999999923e+01 -1.640000000000000069e-01
-5.512299999999999756e+01 -5.028999999999999915e+01 -8.301999999999999602e+00 -1.290000000000000036e-01
-4.598799999999999955e+01 -1.478500000000000014e+01 8.199999999999999512e-01 -6.300000000000000044e-02
-1.555599999999999916e+01 2.091499999999999915e+01 7.501000000000000334e+00 5.000000000000000104e-03
5.799999999999999600e-01 3.762899999999999778e+01 1.682799999999999940e+01 3.400000000000000244e-02
7.509000000000000341e+00 5.244299999999999784e+01 2.989399999999999835e+01 3.799999999999999906e-02
4.706499999999999773e+01 7.959799999999999898e+01 3.585099999999999909e+01 1.360000000000000098e-01
1.199920000000000044e+02 1.091250000000000000e+02 2.857700000000000173e+01 3.569999999999999840e-01
1.598770000000000095e+02 1.259599999999999937e+02 1.593900000000000006e+01 5.040000000000000036e-01
1.205490000000000066e+02 1.318379999999999939e+02 6.365000000000000213e+00 4.189999999999999836e-01
4.188400000000000034e+01 1.442750000000000057e+02 -2.055000000000000160e+00 2.260000000000000064e-01
-9.727000000000000313e+00 1.723839999999999861e+02 -1.172799999999999976e+01 1.140000000000000041e-01
-1.574699999999999989e+01 1.954540000000000077e+02 -1.364499999999999957e+01 8.599999999999999312e-02
9.086999999999999744e+00 1.808530000000000086e+02 1.673000000000000043e+00 6.500000000000000222e-02
5.025600000000000023e+01 1.267950000000000017e+02 2.434799999999999898e+01 4.800000000000000100e-02
8.532999999999999829e+01 6.573999999999999488e+01 3.071499999999999986e+01 4.299999999999999656e-02
8.614700000000000557e+01 2.214799999999999969e+01 1.153100000000000058e+01 -1.600000000000000033e-02
5.191899999999999693e+01 -7.373999999999999666e+00 -1.623799999999999955e+01 -1.900000000000000022e-01
1.624500000000000099e+01 -3.041499999999999915e+01 -3.080099999999999838e+01 -4.319999999999999951e-01
9.833999999999999631e+00 -4.147699999999999676e+01 -2.861499999999999844e+01 -5.899999999999999689e-01
2.915599999999999881e+01 -3.483200000000000074e+01 -1.985399999999999920e+01 -5.490000000000000435e-01
4.271900000000000119e+01 -2.052499999999999858e+01 -1.377599999999999980e+01 -3.719999999999999973e-01
2.012399999999999878e+01 -2.042200000000000060e+01 -1.668700000000000117e+01 -2.520000000000000018e-01
-3.593500000000000227e+01 -4.646500000000000341e+01 -2.996199999999999974e+01 -2.859999999999999765e-01
-8.055599999999999739e+01 -8.017900000000000205e+01 -4.134400000000000119e+01 -3.739999999999999991e-01
-6.903400000000000603e+01 -8.453000000000000114e+01 -3.309199999999999875e+01 -3.729999999999999982e-01
-1.615500000000000114e+01 -5.000900000000000034e+01 -8.388999999999999346e+00 -2.660000000000000142e-01
1.551900000000000013e+01 -1.153999999999999915e+01 6.658000000000000362e+00 -1.499999999999999944e-01
-3.954000000000000181e+00 8.369999999999999662e-01 -4.709999999999999742e-01 -9.700000000000000289e-02
-4.099000000000000199e+01 -4.189999999999999836e-01 -1.022100000000000009e+01 -6.199999999999999956e-02
-5.687800000000000011e+01 3.165000000000000036e+00 -4.490000000000000213e+00 2.599999999999999881e-02
-5.459000000000000341e+01 -1.499999999999999944e-01 4.910000000000000142e+00 1.360000000000000098e-01
-5.536999999999999744e+01 -2.466799999999999926e+01 -6.420000000000000151e-01 1.920000000000000040e-01
-6.195499999999999829e+01 -5.641100000000000136e+01 -1.692699999999999960e+01 2.159999999999999976e-01
-6.253499999999999659e+01 -7.059000000000000341e+01 -2.752400000000000091e+01 2.650000000000000133e-01
-5.353300000000000125e+01 -5.953099999999999881e+01 -2.703399999999999892e+01 3.049999999999999933e-01
-3.952300000000000324e+01 -3.394400000000000261e+01 -1.796099999999999852e+01 2.800000000000000266e-01
-2.247500000000000142e+01 -1.090000000000000036e+01 9.989999999999999991e-01 2.190000000000000002e-01
-6.900999999999999801e+00 -7.849999999999999645e+00 2.598699999999999832e+01 1.890000000000000013e-01
-1.127999999999999892e+00 -3.420400000000000063e+01 3.932200000000000273e+01 1.910000000000000031e-01
-4.870000000000000107e+00 -7.673799999999999955e+01 2.694800000000000040e+01 1.660000000000000087e-01
-9.314000000000000057e+00 -1.042069999999999936e+02 -1.403000000000000025e+00 1.049999999999999961e-01
-7.262999999999999901e+00 -9.649599999999999511e+01 -1.979400000000000048e+01 9.099999999999999756e-02
3.291999999999999815e+00 -6.484099999999999397e+01 -1.381199999999999939e+01 1.990000000000000102e-01
1.393500000000000050e+01 -3.847200000000000131e+01 5.480000000000000426e+00 3.360000000000000209e-01
7.107999999999999652e+00 -3.180699999999999861e+01 1.866100000000000136e+01 3.270000000000000129e-01
-2.411499999999999844e+01 -3.454200000000000159e+01 1.881299999999999883e+01 1.539999999999999980e-01
-6.658700000000000330e+01 -3.661999999999999744e+01 9.262000000000000455e+00 -1.099999999999999936e-02
-1.019710000000000036e+02 -4.326299999999999812e+01 -6.184000000000000163e+00 -6.700000000000000400e-02
-1.171329999999999956e+02 -5.649699999999999989e+01 -2.208500000000000085e+01 -9.500000000000000111e-02
-1.058829999999999956e+02 -6.277400000000000091e+01 -3.039900000000000091e+01 -1.680000000000000104e-01
-8.064100000000000534e+01 -5.513199999999999790e+01 -3.014300000000000068e+01 -2.020000000000000129e-01
-6.823600000000000421e+01 -4.941599999999999682e+01 -2.925799999999999912e+01 -9.199999999999999845e-02
-6.519299999999999784e+01 -5.321500000000000341e+01 -2.715500000000000114e+01 9.600000000000000200e-02
-2.465800000000000125e+01 -3.632600000000000051e+01 -1.064700000000000024e+01 2.089999999999999913e-01
6.826000000000000512e+01 3.105199999999999960e+01 2.305499999999999972e+01 2.230000000000000038e-01
1.517129999999999939e+02 1.188149999999999977e+02 5.654299999999999926e+01 2.520000000000000018e-01
1.694120000000000061e+02 1.546059999999999945e+02 6.935200000000000387e+01 3.410000000000000253e-01
1.378449999999999989e+02 1.078640000000000043e+02 5.365899999999999892e+01 3.639999999999999902e-01
8.958100000000000307e+01 2.530900000000000105e+01 1.704700000000000060e+01 2.260000000000000064e-01
2.802799999999999869e+01 -2.790399999999999991e+01 -2.046499999999999986e+01 2.599999999999999881e-02
-2.848300000000000054e+01 -3.171300000000000097e+01 -3.562299999999999756e+01 -7.499999999999999722e-02
-3.846600000000000108e+01 -6.347999999999999865e+00 -2.129200000000000159e+01 -5.800000000000000294e-02
2.059999999999999887e-01 1.836400000000000077e+01 3.347999999999999865e+00 -1.299999999999999940e-02
4.272099999999999653e+01 1.756099999999999994e+01 1.527299999999999969e+01 -1.000000000000000021e-03
6.143200000000000216e+01 -7.440000000000000391e+00 1.524399999999999977e+01 -4.499999999999999833e-02
6.449800000000000466e+01 -2.001399999999999935e+01 1.799500000000000099e+01 -1.439999999999999891e-01
5.540100000000000335e+01 4.722999999999999865e+00 2.471399999999999864e+01 -2.590000000000000080e-01
2.764199999999999946e+01 3.782699999999999818e+01 2.473400000000000176e+01 -3.370000000000000218e-01
-2.652000000000000135e+00 3.816299999999999670e+01 1.918900000000000006e+01 -3.559999999999999831e-01
-3.726999999999999869e+00 1.238000000000000078e+01 2.086899999999999977e+01 -3.069999999999999951e-01
3.032799999999999940e+01 -5.222000000000000419e+00 2.851099999999999923e+01 -1.739999999999999880e-01
7.058899999999999864e+01 -5.341000000000000192e+00 2.509700000000000131e+01 -1.200000000000000025e-02
8.512900000000000489e+01 1.989000000000000101e+00 7.927999999999999936e+00 7.499999999999999722e-02
6.684199999999999875e+01 1.715399999999999991e+01 -4.519999999999999574e+00 6.600000000000000311e-02
2.673199999999999932e+01 3.863600000000000279e+01 -3.842999999999999972e+00 3.699999999999999817e-02
-2.580499999999999972e+01 4.704999999999999716e+01 -4.855999999999999872e+00 1.899999999999999953e-02
-7.432399999999999807e+01 3.715299999999999869e+01 -1.561700000000000088e+01 -7.000000000000000146e-03
-8.501900000000000546e+01 4.201899999999999835e+01 -1.998499999999999943e+01 4.000000000000000083e-03
-4.559899999999999665e+01 8.398600000000000421e+01 -7.825000000000000178e+00 8.200000000000000344e-02
1.848000000000000087e+00 1.249860000000000042e+02 5.107999999999999652e+00 1.059999999999999970e-01
1.101800000000000068e+01 1.166719999999999970e+02 6.756999999999999673e+00 -4.800000000000000100e-02
-6.427999999999999936e+00 7.554500000000000171e+01 6.179000000000000270e+00 -2.660000000000000142e-01
-1.092800000000000082e+01 5.311599999999999966e+01 6.849999999999999645e+00 -3.210000000000000075e-01
2.170999999999999819e+00 5.832200000000000273e+01 -9.160000000000000364e-01 -2.000000000000000111e-01
1.095599999999999952e+01 6.230899999999999750e+01 -1.269899999999999984e+01 -8.000000000000000167e-02
1.068599999999999994e+01 5.555799999999999983e+01 -1.163199999999999967e+01 -2.999999999999999889e-02
1.405000000000000071e+01 5.307999999999999829e+01 -5.360000000000000320e-01 2.100000000000000130e-02
2.204899999999999949e+01 5.511800000000000210e+01 -1.010000000000000009e+00 9.600000000000000200e-02
1.714799999999999969e+01 3.963199999999999790e+01 -2.070700000000000074e+01 1.219999999999999973e-01
-1.337400000000000055e+01 -2.870000000000000107e+00 -4.439099999999999824e+01 5.899999999999999689e-02
-5.291100000000000136e+01 -5.034100000000000108e+01 -5.324499999999999744e+01 -3.300000000000000155e-02
-6.538100000000000023e+01 -7.559199999999999875e+01 -3.954200000000000159e+01 -5.999999999999999778e-02
-3.845400000000000063e+01 -7.590800000000000125e+01 -1.156799999999999962e+01 -1.400000000000000029e-02
-1.870999999999999996e+00 -6.382500000000000284e+01 1.010999999999999943e+01 5.800000000000000294e-02
1.204800000000000004e+01 -4.558100000000000307e+01 1.342500000000000071e+01 1.409999999999999865e-01
6.227000000000000313e+00 -2.812800000000000011e+01 8.271000000000000796e+00 1.980000000000000093e-01
7.760000000000000231e-01 -2.836599999999999966e+01 7.016000000000000014e+00 1.179999999999999938e-01
-6.790000000000000480e-01 -4.670000000000000284e+01 6.791000000000000369e+00 -1.059999999999999970e-01
-6.993999999999999773e+00 -5.245300000000000296e+01 3.130999999999999783e+00 -2.640000000000000124e-01
-1.518099999999999916e+01 -2.573400000000000176e+01 1.701000000000000068e+00 -2.190000000000000002e-01
-1.123300000000000054e+01 1.305100000000000016e+01 7.586000000000000298e+00 -1.079999999999999988e-01
3.834999999999999964e+00 3.554699999999999704e+01 1.661799999999999855e+01 -1.010000000000000064e-01
5.097000000000000419e+00 3.415999999999999659e+01 1.993400000000000105e+01 -1.499999999999999944e-01
-2.773900000000000077e+01 1.177200000000000024e+01 1.189300000000000068e+01 -1.400000000000000133e-01
-7.551699999999999591e+01 -2.454500000000000171e+01 -3.850000000000000089e+00 -8.799999999999999489e-02
-9.074800000000000466e+01 -5.685999999999999943e+01 -1.525699999999999967e+01 -6.500000000000000222e-02
-5.691400000000000148e+01 -6.642499999999999716e+01 -1.390600000000000058e+01 -6.199999999999999956e-02
-1.402699999999999925e+01 -5.575999999999999801e+01 -6.416999999999999815e+00 -4.100000000000000172e-02
-1.625999999999999890e+00 -4.695600000000000307e+01 -6.846000000000000085e+00 -6.000000000000000125e-03
-6.673000000000000043e+00 -5.125000000000000000e+01 -1.710500000000000043e+01 2.699999999999999969e-02
-1.028000000000000025e+00 -5.501299999999999812e+01 -2.496499999999999986e+01 5.999999999999999778e-02
3.470000000000000195e+00 -4.483100000000000307e+01 -2.165700000000000003e+01 7.599999999999999811e-02
-1.798799999999999955e+01 -2.792699999999999960e+01 -1.086200000000000010e+01 7.000000000000000666e-02
-4.891299999999999670e+01 -1.830399999999999849e+01 -1.064000000000000057e+00 7.599999999999999811e-02
-5.216899999999999693e+01 -2.052799999999999869e+01 3.907000000000000028e+00 1.059999999999999970e-01
-2.504899999999999949e+01 -3.145599999999999952e+01 6.644000000000000128e+00 1.209999999999999964e-01
4.309000000000000163e+00 -4.240200000000000102e+01 9.448999999999999844e+00 8.699999999999999400e-02
2.136799999999999855e+01 -4.059199999999999875e+01 9.539999999999999147e+00 1.299999999999999940e-02
4.201200000000000045e+01 -2.016199999999999903e+01 6.003999999999999559e+00 -8.699999999999999400e-02
7.987600000000000477e+01 8.631999999999999673e+00 4.512999999999999901e+00 -1.940000000000000058e-01
1.087459999999999951e+02 2.586299999999999955e+01 8.092999999999999972e+00 -2.520000000000000018e-01
9.572799999999999443e+01 2.389399999999999835e+01 1.213100000000000023e+01 -2.139999999999999958e-01
6.434699999999999420e+01 2.289600000000000080e+01 1.343699999999999939e+01 -1.079999999999999988e-01
5.976299999999999812e+01 4.635199999999999676e+01 1.481499999999999950e+01 -1.099999999999999936e-02
6.604399999999999693e+01 8.017000000000000171e+01 1.752199999999999847e+01 4.499999999999999833e-02
3.310099999999999909e+01 8.520499999999999829e+01 1.611499999999999844e+01 7.099999999999999367e-02
-3.442099999999999937e+01 5.212500000000000000e+01 4.977999999999999758e+00 6.199999999999999956e-02
-8.260699999999999932e+01 1.203999999999999915e+01 -1.232099999999999973e+01 -7.000000000000000146e-03
-8.402100000000000080e+01 -8.316000000000000725e+00 -2.517999999999999972e+01 -1.120000000000000023e-01
-5.633299999999999841e+01 -1.095199999999999996e+01 -2.701599999999999824e+01 -1.690000000000000113e-01
-2.160099999999999909e+01 -5.549000000000000377e+00 -1.868599999999999994e+01 -1.110000000000000014e-01
9.327999999999999403e+00 4.876999999999999780e+00 -3.184000000000000163e+00 5.500000000000000028e-02
2.266000000000000014e+01 1.132799999999999940e+01 1.396599999999999930e+01 2.710000000000000187e-01
1.001900000000000013e+01 -1.360999999999999988e+00 2.013899999999999935e+01 4.699999999999999734e-01
-1.340300000000000047e+01 -3.036700000000000088e+01 5.410000000000000142e+00 5.949999999999999734e-01
-2.297400000000000020e+01 -4.870400000000000063e+01 -1.771900000000000119e+01 6.250000000000000000e-01
-1.210200000000000031e+01 -3.686999999999999744e+01 -2.099099999999999966e+01 5.829999999999999627e-01
4.001999999999999780e+00 -9.192000000000000171e+00 2.350000000000000089e+00 4.969999999999999973e-01
6.905000000000000249e+00 4.985000000000000320e+00 2.551599999999999824e+01 3.699999999999999956e-01
-4.044999999999999929e+00 -3.520999999999999908e+00 2.542699999999999960e+01 2.079999999999999905e-01
-1.062599999999999945e+01 -2.188500000000000156e+01 1.034900000000000020e+01 3.400000000000000244e-02
6.129999999999999893e-01 -3.772599999999999909e+01 -1.334999999999999964e+00 -1.120000000000000023e-01
2.303399999999999892e+01 -4.587599999999999767e+01 -6.208000000000000185e+00 -1.650000000000000078e-01
4.588600000000000279e+01 -3.952300000000000324e+01 -7.133000000000000007e+00 -8.500000000000000611e-02
7.002700000000000102e+01 -1.560899999999999999e+01 -2.392999999999999794e+00 5.600000000000000117e-02
9.387300000000000466e+01 9.273999999999999133e+00 4.291000000000000369e+00 1.219999999999999973e-01
1.007039999999999935e+02 1.265199999999999925e+01 3.565999999999999837e+00 8.699999999999999400e-02
7.990900000000000603e+01 8.000000000000000167e-02 -2.404999999999999805e+00 3.799999999999999906e-02
4.638400000000000034e+01 -2.733000000000000096e+00 -1.237999999999999989e+00 2.100000000000000130e-02
2.014999999999999858e+01 8.521000000000000796e+00 9.291999999999999815e+00 -8.000000000000000167e-03
1.560000000000000053e+00 1.367600000000000016e+01 1.576699999999999946e+01 -8.100000000000000255e-02
-1.880000000000000071e+01 5.464999999999999858e+00 5.770999999999999908e+00 -1.710000000000000131e-01
-4.004200000000000159e+01 1.100000000000000089e+00 -1.513799999999999990e+01 -2.369999999999999885e-01
-5.144200000000000017e+01 1.329800000000000004e+01 -2.789300000000000068e+01 -2.530000000000000027e-01
-4.482999999999999829e+01 3.433299999999999841e+01 -2.217099999999999937e+01 -2.260000000000000064e-01
-2.191700000000000159e+01 5.297999999999999687e+01 -7.863000000000000433e+00 -1.869999999999999996e-01
4.360000000000000320e+00 6.488700000000000045e+01 -2.005999999999999783e+00 -1.449999999999999900e-01
1.209999999999999964e+01 6.343900000000000006e+01 -8.458999999999999631e+00 -8.599999999999999312e-02
-1.460299999999999976e+01 4.016499999999999915e+01 -1.397700000000000031e+01 -3.699999999999999817e-02
-6.245100000000000051e+01 2.079999999999999905e-01 -5.423000000000000043e+00 -6.099999999999999867e-02
-9.269499999999999318e+01 -3.368599999999999994e+01 1.316000000000000014e+01 -1.449999999999999900e-01
-8.100000000000000000e+01 -4.357999999999999829e+01 2.579299999999999926e+01 -1.970000000000000084e-01
-4.526700000000000301e+01 -3.917600000000000193e+01 2.469999999999999929e+01 -2.139999999999999958e-01
-2.483299999999999841e+01 -4.377000000000000313e+01 1.704200000000000159e+01 -3.230000000000000093e-01
-3.692799999999999727e+01 -6.183800000000000097e+01 9.285000000000000142e+00 -5.550000000000000488e-01
-6.230799999999999983e+01 -7.550499999999999545e+01 -2.024999999999999911e+00 -6.810000000000000497e-01
-7.875600000000000023e+01 -6.959399999999999409e+01 -1.580599999999999916e+01 -4.919999999999999929e-01
-9.462800000000000011e+01 -5.440200000000000102e+01 -2.108800000000000097e+01 -1.710000000000000131e-01
-1.191490000000000009e+02 -5.381199999999999761e+01 -1.525500000000000078e+01 -6.199999999999999956e-02
-1.149290000000000020e+02 -5.935199999999999676e+01 -5.522000000000000242e+00 -1.239999999999999991e-01
-3.703199999999999648e+01 -2.732400000000000162e+01 9.281000000000000583e+00 -3.899999999999999994e-02
8.955200000000000671e+01 5.303499999999999659e+01 3.116400000000000148e+01 1.900000000000000022e-01
1.881349999999999909e+02 1.308170000000000073e+02 4.483100000000000307e+01 2.680000000000000160e-01
2.138549999999999898e+02 1.576270000000000095e+02 3.753999999999999915e+01 1.499999999999999944e-01
1.800289999999999964e+02 1.423170000000000073e+02 2.308099999999999952e+01 4.900000000000000189e-02
1.227740000000000009e+02 1.254300000000000068e+02 1.789199999999999946e+01 2.999999999999999889e-02
7.013200000000000500e+01 1.268769999999999953e+02 1.468399999999999928e+01 2.100000000000000130e-02
3.267099999999999937e+01 1.291579999999999870e+02 3.595000000000000195e+00 4.499999999999999833e-02
7.474999999999999645e+00 9.984600000000000364e+01 -6.323000000000000398e+00 1.229999999999999982e-01
-5.258000000000000007e+00 3.266100000000000136e+01 -5.046999999999999709e+00 1.380000000000000115e-01
1.150000000000000050e-01 -3.382699999999999818e+01 1.504000000000000004e+00 3.699999999999999817e-02
1.119699999999999918e+01 -5.640699999999999648e+01 3.092999999999999972e+00 -5.199999999999999761e-02
3.099000000000000199e+00 -3.868599999999999994e+01 -1.195000000000000062e+00 -2.000000000000000042e-02
-2.129200000000000159e+01 -1.946099999999999852e+01 -6.762999999999999901e+00 8.799999999999999489e-02
-3.542399999999999949e+01 -2.285500000000000043e+01 -1.281300000000000061e+01 1.739999999999999880e-01
-3.151399999999999935e+01 -3.747899999999999920e+01 -1.917000000000000171e+01 2.000000000000000111e-01
-2.264999999999999858e+01 -3.674900000000000233e+01 -1.850400000000000134e+01 1.960000000000000075e-01
-1.789199999999999946e+01 -1.528500000000000014e+01 -7.937999999999999723e+00 1.920000000000000040e-01
-1.916400000000000148e+01 9.419999999999999485e-01 -2.345000000000000195e+00 1.650000000000000078e-01
-2.443100000000000094e+01 -7.971000000000000085e+00 -1.348399999999999999e+01 1.000000000000000056e-01
-2.532000000000000028e+01 -2.341600000000000037e+01 -2.731200000000000117e+01 6.099999999999999867e-02
-1.756099999999999994e+01 -1.428400000000000070e+01 -2.708200000000000074e+01 9.800000000000000377e-02
-1.331600000000000072e+01 1.773799999999999955e+01 -1.970700000000000074e+01 1.429999999999999882e-01
-2.602700000000000102e+01 4.022299999999999898e+01 -1.479100000000000037e+01 1.250000000000000000e-01
-4.346300000000000097e+01 3.099899999999999878e+01 -5.347999999999999865e+00 9.600000000000000200e-02
-3.832900000000000063e+01 2.089999999999999913e-01 9.506999999999999673e+00 1.100000000000000006e-01
-8.845000000000000639e+00 -2.651800000000000068e+01 1.300799999999999912e+01 1.140000000000000041e-01
1.839499999999999957e+01 -3.404200000000000159e+01 -3.540000000000000036e+00 4.399999999999999745e-02
2.917899999999999849e+01 -2.681400000000000006e+01 -2.549899999999999878e+01 -4.599999999999999922e-02
3.103800000000000026e+01 -2.127299999999999969e+01 -3.364099999999999824e+01 -5.199999999999999761e-02
1.865299999999999869e+01 -3.007400000000000162e+01 -2.833599999999999852e+01 5.500000000000000028e-02
-2.527700000000000102e+01 -4.928799999999999670e+01 -2.443799999999999883e+01 1.990000000000000102e-01
-8.304500000000000171e+01 -6.130799999999999983e+01 -2.277100000000000080e+01 2.730000000000000204e-01
-1.052699999999999960e+02 -5.135600000000000165e+01 -7.197000000000000064e+00 2.349999999999999867e-01
-8.040800000000000125e+01 -2.339699999999999847e+01 2.366100000000000136e+01 1.409999999999999865e-01
-4.906099999999999994e+01 -1.260000000000000009e+00 4.800000000000000000e+01 4.200000000000000261e-02
-3.424399999999999977e+01 -5.860000000000000320e+00 5.094800000000000040e+01 -7.799999999999999989e-02
-2.054700000000000060e+01 -3.050000000000000000e+01 3.591299999999999670e+01 -2.149999999999999967e-01
-5.706999999999999851e+00 -4.830199999999999960e+01 8.750999999999999446e+00 -3.240000000000000102e-01
-2.358999999999999986e+00 -4.044200000000000017e+01 -1.991199999999999903e+01 -3.760000000000000009e-01
4.615999999999999659e+00 -1.331900000000000084e+01 -2.849299999999999855e+01 -3.310000000000000164e-01
4.146399999999999864e+01 7.389999999999999680e+00 -8.278000000000000469e+00 -1.250000000000000000e-01
9.461299999999999955e+01 3.105999999999999872e+00 1.730199999999999960e+01 1.869999999999999996e-01
1.209030000000000058e+02 -1.650000000000000000e+01 1.795299999999999940e+01 3.860000000000000098e-01
1.072319999999999993e+02 -2.483099999999999952e+01 -3.011000000000000121e+00 3.160000000000000031e-01
8.387000000000000455e+01 -8.448999999999999844e+00 -1.324399999999999977e+01 1.130000000000000032e-01
7.291200000000000614e+01 1.930099999999999838e+01 9.060000000000000275e-01 3.599999999999999728e-02
5.758599999999999852e+01 3.637700000000000244e+01 1.717899999999999849e+01 8.599999999999999312e-02
1.408000000000000007e+01 3.999300000000000210e+01 1.584699999999999953e+01 3.099999999999999978e-02
-4.761800000000000210e+01 4.580599999999999739e+01 6.365999999999999659e+00 -1.930000000000000049e-01
-8.665500000000000114e+01 6.104500000000000171e+01 5.464000000000000412e+00 -3.639999999999999902e-01
-7.584499999999999886e+01 7.501000000000000512e+01 1.154100000000000037e+01 -2.869999999999999774e-01
-3.437100000000000222e+01 7.770799999999999841e+01 1.195400000000000063e+01 -5.899999999999999689e-02
8.699999999999999956e-01 7.293800000000000239e+01 5.282000000000000028e+00 8.100000000000000255e-02
2.088800000000000168e+01 6.708100000000000307e+01 3.049999999999999822e+00 5.500000000000000028e-02
3.136100000000000065e+01 5.203199999999999648e+01 6.346000000000000085e+00 -3.500000000000000333e-02
1.944999999999999929e+01 1.070500000000000007e+01 -2.854999999999999982e+00 -1.140000000000000041e-01
-2.377499999999999858e+01 -5.425300000000000011e+01 -3.107400000000000162e+01 -1.950000000000000067e-01
-6.960399999999999920e+01 -1.109620000000000033e+02 -5.090699999999999648e+01 -2.530000000000000027e-01
-7.719799999999999329e+01 -1.304070000000000107e+02 -3.414399999999999835e+01 -2.149999999999999967e-01
-4.022599999999999909e+01 -1.126359999999999957e+02 7.509999999999999787e+00 -8.300000000000000433e-02
7.783000000000000362e+00 -7.655100000000000193e+01 3.697800000000000153e+01 5.800000000000000294e-02
2.707300000000000040e+01 -4.771000000000000085e+01 3.202300000000000324e+01 1.610000000000000042e-01
1.110599999999999987e+01 -4.984100000000000108e+01 5.380000000000000338e-01 2.220000000000000029e-01
-8.942000000000000171e+00 -7.783499999999999375e+01 -2.940500000000000114e+01 1.980000000000000093e-01
-5.160999999999999588e+00 -9.137600000000000477e+01 -3.377000000000000313e+01 5.299999999999999850e-02
1.702700000000000102e+01 -6.135600000000000165e+01 -1.463199999999999967e+01 -1.270000000000000018e-01
3.565299999999999869e+01 -6.910000000000000142e+00 5.777999999999999581e+00 -1.960000000000000075e-01
3.902900000000000347e+01 3.346500000000000341e+01 1.233900000000000041e+01 -1.199999999999999956e-01
3.685000000000000142e+01 5.216100000000000136e+01 1.112700000000000067e+01 8.999999999999999320e-03
5.271099999999999852e+01 6.952500000000000568e+01 1.584299999999999997e+01 1.130000000000000032e-01
8.694499999999999318e+01 8.790699999999999648e+01 2.540399999999999991e+01 1.890000000000000013e-01
9.573499999999999943e+01 8.317300000000000182e+01 2.437000000000000099e+01 2.129999999999999949e-01
4.833800000000000097e+01 4.961599999999999966e+01 9.201000000000000512e+00 1.250000000000000000e-01
-1.460100000000000087e+01 1.774500000000000099e+01 -2.233000000000000096e+00 -2.800000000000000058e-02
-3.470700000000000074e+01 1.146899999999999942e+01 1.852999999999999980e+00 -8.999999999999999667e-02
-2.032900000000000063e+01 1.623699999999999832e+01 8.994999999999999218e+00 -7.000000000000000146e-03
-1.764099999999999824e+01 5.277999999999999581e+00 4.403999999999999915e+00 9.500000000000000111e-02
-3.044800000000000040e+01 -2.255600000000000094e+01 -7.336000000000000298e+00 8.999999999999999667e-02
-3.049899999999999878e+01 -4.601400000000000290e+01 -1.457699999999999996e+01 -2.000000000000000042e-03
-1.871099999999999852e+01 -5.113000000000000256e+01 -1.632799999999999940e+01 -7.599999999999999811e-02
-2.143199999999999861e+01 -4.140299999999999869e+01 -1.584099999999999930e+01 -8.899999999999999578e-02
-4.236800000000000210e+01 -2.336199999999999832e+01 -1.031700000000000017e+01 -8.500000000000000611e-02
-5.642099999999999937e+01 6.149999999999999911e-01 1.082000000000000073e+00 -1.209999999999999964e-01
-4.608599999999999852e+01 2.601800000000000068e+01 1.032300000000000040e+01 -1.640000000000000069e-01
-1.989199999999999946e+01 4.468399999999999750e+01 1.165099999999999980e+01 -1.039999999999999952e-01
3.787999999999999812e+00 4.886899999999999977e+01 7.716000000000000192e+00 7.599999999999999811e-02
1.261299999999999955e+01 3.853199999999999648e+01 -6.919999999999999485e-01 2.310000000000000109e-01
5.155999999999999694e+00 3.017099999999999937e+01 -1.303100000000000058e+01 2.089999999999999913e-01
-4.411999999999999922e+00 4.159199999999999875e+01 -1.671199999999999974e+01 2.400000000000000050e-02
-2.819999999999999729e-01 5.729800000000000182e+01 -2.369000000000000217e+00 -1.710000000000000131e-01
6.608999999999999986e+00 3.889200000000000301e+01 1.178299999999999947e+01 -2.520000000000000018e-01
-1.048399999999999999e+01 -1.581300000000000061e+01 7.990000000000000435e-01 -2.250000000000000056e-01
-4.880400000000000205e+01 -6.036500000000000199e+01 -2.755000000000000071e+01 -1.519999999999999962e-01
-7.227100000000000080e+01 -6.069800000000000040e+01 -4.041199999999999903e+01 -6.400000000000000133e-02
-5.980199999999999960e+01 -3.375099999999999767e+01 -2.225700000000000145e+01 3.899999999999999994e-02
-3.460699999999999932e+01 -1.606400000000000006e+01 6.027999999999999581e+00 1.509999999999999953e-01
-3.362899999999999778e+01 -1.982700000000000173e+01 1.408999999999999986e+01 2.020000000000000129e-01
-5.265599999999999881e+01 -2.419300000000000139e+01 4.943999999999999950e+00 6.800000000000000488e-02
-4.155599999999999739e+01 -3.676000000000000156e+00 1.233600000000000030e+01 -2.300000000000000100e-01
2.593599999999999994e+01 3.624499999999999744e+01 4.638400000000000034e+01 -4.349999999999999978e-01
1.002510000000000048e+02 6.476500000000000057e+01 6.987600000000000477e+01 -3.330000000000000182e-01
1.114309999999999974e+02 6.437199999999999989e+01 4.742999999999999972e+01 -6.199999999999999956e-02
5.790500000000000114e+01 4.484400000000000119e+01 -3.775999999999999801e+00 8.500000000000000611e-02
1.118999999999999995e+00 2.495599999999999952e+01 -3.438400000000000034e+01 5.500000000000000028e-02
-1.386100000000000065e+01 1.359600000000000009e+01 -2.504599999999999937e+01 4.100000000000000172e-02
2.100999999999999979e+00 4.689000000000000057e+00 -4.009000000000000341e+00 1.290000000000000036e-01
1.741700000000000159e+01 -9.577999999999999403e+00 -4.470000000000000084e-01 1.900000000000000022e-01
2.476099999999999923e+01 -2.142699999999999960e+01 -9.164999999999999147e+00 1.390000000000000124e-01
3.886399999999999721e+01 -1.467200000000000060e+01 -1.205100000000000016e+01 8.400000000000000522e-02
6.761799999999999500e+01 1.244299999999999962e+01 -6.062999999999999723e+00 8.999999999999999667e-02
1.008930000000000007e+02 4.406600000000000250e+01 3.267999999999999794e+00 5.299999999999999850e-02
1.188539999999999992e+02 6.732099999999999795e+01 1.683899999999999864e+01 -5.500000000000000028e-02
1.092660000000000053e+02 8.252500000000000568e+01 3.732600000000000051e+01 -7.499999999999999722e-02
8.452100000000000080e+01 8.767199999999999704e+01 5.423100000000000165e+01 5.999999999999999778e-02
6.683100000000000307e+01 7.423499999999999943e+01 4.859799999999999898e+01 1.859999999999999987e-01
5.192799999999999727e+01 4.288600000000000279e+01 1.900000000000000000e+01 1.700000000000000122e-01
1.537299999999999933e+01 -2.088999999999999968e+00 -1.512100000000000044e+01 6.800000000000000488e-02
-4.089099999999999824e+01 -5.977000000000000313e+01 -3.991700000000000159e+01 -4.399999999999999745e-02
-7.805400000000000205e+01 -1.067699999999999960e+02 -5.204200000000000159e+01 -1.400000000000000133e-01
-6.846500000000000341e+01 -1.015480000000000018e+02 -4.368999999999999773e+01 -1.380000000000000115e-01
-3.321800000000000352e+01 -4.352799999999999869e+01 -1.621699999999999875e+01 4.000000000000000083e-03
-1.350799999999999912e+01 1.358399999999999963e+01 5.318999999999999950e+00 1.449999999999999900e-01
-2.045799999999999841e+01 2.712699999999999889e+01 3.830999999999999961e+00 1.219999999999999973e-01
-3.434100000000000108e+01 6.557999999999999829e+00 -5.091000000000000192e+00 -1.700000000000000122e-02
-3.987299999999999756e+01 -1.908200000000000074e+01 -5.607000000000000206e+00 -1.189999999999999947e-01
-4.116599999999999682e+01 -3.681700000000000017e+01 -7.860000000000000320e+00 -1.290000000000000036e-01
-4.731300000000000239e+01 -4.320499999999999829e+01 -1.788100000000000023e+01 -7.900000000000000078e-02
-5.874199999999999733e+01 -3.699399999999999977e+01 -1.730999999999999872e+01 8.999999999999999320e-03
-6.871899999999999409e+01 -2.916600000000000037e+01 9.429999999999999494e-01 1.010000000000000064e-01
-6.963599999999999568e+01 -3.371699999999999875e+01 1.263000000000000078e+01 1.620000000000000051e-01
-5.885000000000000142e+01 -4.713100000000000023e+01 8.709999999999999964e-01 2.039999999999999869e-01
-4.247800000000000153e+01 -5.557800000000000296e+01 -1.788899999999999935e+01 2.419999999999999929e-01
-2.759100000000000108e+01 -5.279200000000000159e+01 -2.256099999999999994e+01 2.429999999999999938e-01
-1.333699999999999974e+01 -3.966400000000000148e+01 -1.349000000000000021e+01 2.039999999999999869e-01
-2.879999999999999782e-01 -1.917500000000000071e+01 1.799999999999999864e-02 1.880000000000000004e-01
2.105999999999999872e+00 2.383999999999999897e+00 1.181099999999999994e+01 2.139999999999999958e-01
-7.495000000000000107e+00 1.869900000000000162e+01 1.248399999999999999e+01 1.940000000000000058e-01
-1.259399999999999942e+01 3.008899999999999864e+01 -2.540000000000000036e+00 4.499999999999999833e-02
-3.732000000000000206e+00 4.000200000000000244e+01 -1.799899999999999878e+01 -1.769999999999999907e-01
2.403000000000000025e+00 4.610799999999999699e+01 -1.665500000000000114e+01 -3.250000000000000111e-01
-1.239000000000000057e+01 4.241299999999999670e+01 -4.214999999999999858e+00 -3.190000000000000058e-01
-3.631900000000000261e+01 2.850499999999999901e+01 2.617999999999999883e+00 -2.280000000000000082e-01
-3.919700000000000273e+01 1.209500000000000064e+01 -1.907999999999999918e+00 -1.559999999999999998e-01
-1.549900000000000055e+01 1.540999999999999925e+00 -1.554299999999999926e+01 -1.140000000000000041e-01
6.590000000000000302e-01 -4.703999999999999737e+00 -3.603000000000000114e+01 -8.699999999999999400e-02
-1.316999999999999993e+01 -1.141499999999999915e+01 -5.060699999999999932e+01 -1.130000000000000032e-01
-1.854299999999999926e+01 -6.248999999999999666e+00 -3.192000000000000171e+01 -1.710000000000000131e-01
2.921099999999999852e+01 2.640500000000000114e+01 2.495100000000000051e+01 -1.479999999999999927e-01
9.302400000000000091e+01 6.230599999999999739e+01 7.221999999999999886e+01 -3.200000000000000067e-02
9.390800000000000125e+01 4.848299999999999699e+01 6.228300000000000125e+01 3.099999999999999978e-02
3.107100000000000151e+01 -2.323100000000000165e+01 1.724399999999999977e+01 -2.400000000000000050e-02
-1.537599999999999945e+01 -9.098799999999999955e+01 -6.097000000000000419e+00 -8.699999999999999400e-02
-2.851999999999999869e+00 -9.565300000000000580e+01 3.456999999999999851e+00 -6.099999999999999867e-02
2.925499999999999901e+01 -4.895300000000000296e+01 1.798600000000000065e+01 2.199999999999999872e-02
3.968399999999999750e+01 -5.883000000000000007e+00 2.555199999999999960e+01 1.029999999999999943e-01
3.462500000000000000e+01 3.729000000000000092e+00 3.037900000000000134e+01 1.580000000000000016e-01
2.568599999999999994e+01 -6.381999999999999673e+00 2.903200000000000003e+01 1.809999999999999942e-01
3.221999999999999975e+00 -1.267900000000000027e+01 2.210999999999999943e+01 1.539999999999999980e-01
-3.232600000000000051e+01 -1.276800000000000068e+01 1.976300000000000168e+01 6.400000000000000133e-02
-5.629099999999999682e+01 -1.609199999999999875e+01 1.936499999999999844e+01 -8.500000000000000611e-02
-5.308599999999999852e+01 -1.979700000000000060e+01 9.080000000000000071e+00 -2.489999999999999991e-01
-3.603399999999999892e+01 -1.490399999999999991e+01 -5.366999999999999993e+00 -3.200000000000000067e-01
-2.118499999999999872e+01 -4.953999999999999737e+00 -7.527999999999999581e+00 -2.079999999999999905e-01
-8.653999999999999915e+00 -4.040000000000000258e-01 1.431999999999999940e+00 4.100000000000000172e-02
-2.101999999999999869e+00 -3.129000000000000004e+00 4.942000000000000171e+00 2.740000000000000213e-01
-1.582499999999999929e+01 -7.312000000000000277e+00 -5.522999999999999687e+00 3.729999999999999982e-01
-5.056199999999999761e+01 -1.372000000000000064e+01 -2.573300000000000054e+01 3.479999999999999760e-01
-8.598099999999999454e+01 -3.117800000000000082e+01 -4.718500000000000227e+01 2.999999999999999889e-01
-9.987600000000000477e+01 -5.522299999999999898e+01 -5.645100000000000051e+01 2.630000000000000115e-01
-7.893500000000000227e+01 -6.285799999999999699e+01 -3.992900000000000205e+01 1.710000000000000131e-01
-1.991000000000000014e+01 -4.329599999999999937e+01 -4.551000000000000156e+00 -8.999999999999999320e-03
6.035900000000000176e+01 -1.357799999999999940e+01 1.935600000000000165e+01 -1.849999999999999978e-01
1.264279999999999973e+02 1.065600000000000058e+01 1.069500000000000028e+01 -2.310000000000000109e-01
1.583540000000000134e+02 3.892300000000000182e+01 -1.519599999999999973e+01 -1.199999999999999956e-01
1.720879999999999939e+02 8.147499999999999432e+01 -2.411899999999999977e+01 1.499999999999999944e-02
1.793640000000000043e+02 1.174599999999999937e+02 -5.610999999999999766e+00 -1.000000000000000021e-03
1.520980000000000132e+02 1.159849999999999994e+02 1.584800000000000075e+01 -1.900000000000000022e-01
7.285099999999999909e+01 8.505700000000000216e+01 1.915899999999999892e+01 -4.010000000000000231e-01
-7.294999999999999929e+00 6.995499999999999829e+01 1.692599999999999838e+01 -4.989999999999999991e-01
-2.303999999999999915e+01 9.471399999999999864e+01 2.845599999999999952e+01 -4.779999999999999805e-01
1.751200000000000045e+01 1.296570000000000107e+02 4.293099999999999739e+01 -3.750000000000000000e-01
5.439200000000000301e+01 1.329269999999999925e+02 3.621999999999999886e+01 -2.079999999999999905e-01
5.496200000000000330e+01 1.024909999999999997e+02 9.362999999999999545e+00 -4.499999999999999833e-02
3.328099999999999881e+01 6.598000000000000398e+01 -1.424600000000000044e+01 -1.499999999999999944e-02
1.736100000000000065e+01 3.788400000000000034e+01 -2.139799999999999969e+01 -1.250000000000000000e-01
1.476299999999999990e+01 9.803000000000000824e+00 -1.927799999999999869e+01 -2.049999999999999878e-01
7.011999999999999567e+00 -2.584499999999999886e+01 -1.605000000000000071e+01 -1.170000000000000068e-01
-1.332900000000000063e+01 -5.873400000000000176e+01 -9.875999999999999446e+00 9.900000000000000466e-02
-2.287500000000000000e+01 -6.984099999999999397e+01 -1.776000000000000023e+00 3.270000000000000129e-01
-1.224499999999999922e+01 -5.638300000000000267e+01 -1.673000000000000043e+00 4.749999999999999778e-01
-1.146700000000000053e+01 -4.068299999999999983e+01 -1.171299999999999919e+01 4.650000000000000244e-01
-4.021999999999999886e+01 -4.454299999999999926e+01 -1.957499999999999929e+01 2.869999999999999774e-01
-7.471099999999999852e+01 -6.092799999999999727e+01 -1.842999999999999972e+01 6.800000000000000488e-02
-8.340800000000000125e+01 -6.347200000000000131e+01 -1.315399999999999991e+01 -2.900000000000000147e-02
-6.219800000000000040e+01 -4.117199999999999704e+01 -9.020000000000000240e-01 7.000000000000000146e-03
-2.749699999999999989e+01 -1.303599999999999959e+01 2.120700000000000074e+01 4.700000000000000011e-02
2.012000000000000011e+00 -6.318999999999999950e+00 3.043199999999999861e+01 2.199999999999999872e-02
1.071499999999999986e+01 -2.678900000000000148e+01 6.051000000000000156e+00 -1.000000000000000021e-03
-9.807000000000000384e+00 -5.457999999999999829e+01 -2.722200000000000131e+01 3.899999999999999994e-02
-4.931000000000000227e+01 -6.767700000000000671e+01 -3.059299999999999997e+01 1.150000000000000050e-01
-8.387099999999999511e+01 -6.473499999999999943e+01 -7.735000000000000320e+00 1.690000000000000113e-01
-1.009279999999999973e+02 -5.988400000000000034e+01 9.464999999999999858e+00 1.829999999999999960e-01
-1.062189999999999941e+02 -6.121600000000000108e+01 8.353999999999999204e+00 1.839999999999999969e-01
-1.055769999999999982e+02 -6.383100000000000307e+01 -1.340000000000000080e+00 1.829999999999999960e-01
-9.187699999999999534e+01 -5.615500000000000114e+01 -9.169999999999999929e+00 1.549999999999999989e-01
-5.231600000000000250e+01 -2.824800000000000111e+01 -8.842999999999999972e+00 1.059999999999999970e-01
5.783999999999999808e+00 1.127299999999999969e+01 2.179999999999999993e-01 1.010000000000000064e-01
4.086500000000000199e+01 2.874399999999999977e+01 8.167999999999999261e+00 1.759999999999999898e-01
1.677700000000000102e+01 1.058999999999999941e+00 5.780999999999999694e+00 2.530000000000000027e-01
-4.458500000000000085e+01 -4.648199999999999932e+01 -3.483999999999999986e+00 2.079999999999999905e-01
-8.411199999999999477e+01 -6.647299999999999898e+01 -1.256300000000000061e+01 6.300000000000000044e-02
-7.274500000000000455e+01 -4.406799999999999784e+01 -1.841000000000000014e+01 -1.099999999999999936e-02
-2.745299999999999940e+01 -3.019999999999999907e-01 -1.306799999999999962e+01 4.200000000000000261e-02
2.335000000000000142e+01 4.007900000000000063e+01 1.149799999999999933e+01 8.000000000000000167e-02
5.988799999999999812e+01 6.246300000000000097e+01 4.033500000000000085e+01 5.000000000000000104e-03
7.060200000000000387e+01 6.310999999999999943e+01 4.232800000000000296e+01 -9.199999999999999845e-02
5.827000000000000313e+01 5.181099999999999994e+01 1.322400000000000020e+01 -8.799999999999999489e-02
4.351200000000000045e+01 4.520000000000000284e+01 -1.366999999999999993e+01 2.900000000000000147e-02
4.267199999999999704e+01 5.195300000000000296e+01 -1.306000000000000050e+01 1.749999999999999889e-01
4.268599999999999994e+01 6.824099999999999966e+01 4.278999999999999915e+00 2.260000000000000064e-01
2.310200000000000031e+01 8.557999999999999829e+01 1.942399999999999949e+01 1.199999999999999956e-01
-1.102999999999999980e+00 9.338800000000000523e+01 2.838700000000000045e+01 -6.199999999999999956e-02
1.949999999999999956e+00 7.761700000000000443e+01 2.907400000000000162e+01 -1.670000000000000095e-01
2.754700000000000060e+01 3.608500000000000085e+01 1.782600000000000051e+01 -1.670000000000000095e-01
4.504500000000000171e+01 -7.147000000000000242e+00 4.631999999999999673e+00 -1.439999999999999891e-01
4.922599999999999909e+01 -2.459100000000000108e+01 5.062999999999999723e+00 -1.290000000000000036e-01
5.333899999999999864e+01 -1.942699999999999960e+01 1.502999999999999936e+01 -1.089999999999999997e-01
4.405400000000000205e+01 -1.776800000000000068e+01 1.419599999999999973e+01 -1.250000000000000000e-01
-4.362000000000000099e+00 -3.179899999999999949e+01 -5.193999999999999950e+00 -1.980000000000000093e-01
-7.393000000000000682e+01 -4.810999999999999943e+01 -2.901000000000000156e+01 -2.610000000000000098e-01
-1.107169999999999987e+02 -5.060999999999999943e+01 -4.167499999999999716e+01 -2.710000000000000187e-01
-9.509499999999999886e+01 -4.034599999999999653e+01 -4.279800000000000182e+01 -2.600000000000000089e-01
-6.172899999999999920e+01 -2.964399999999999835e+01 -3.904699999999999704e+01 -2.510000000000000009e-01
-3.984400000000000119e+01 -2.611299999999999955e+01 -3.091499999999999915e+01 -2.320000000000000118e-01
-1.769399999999999906e+01 -2.935600000000000165e+01 -1.733599999999999852e+01 -1.910000000000000031e-01
1.705799999999999983e+01 -3.618500000000000227e+01 -4.325999999999999623e+00 -1.270000000000000018e-01
4.423799999999999955e+01 -4.026299999999999812e+01 6.350000000000000089e-01 -5.800000000000000294e-02
3.966400000000000148e+01 -3.489600000000000080e+01 -3.153999999999999915e+00 -3.400000000000000244e-02
1.094200000000000017e+01 -2.127799999999999869e+01 -8.712999999999999190e+00 -7.699999999999999900e-02
-1.004299999999999926e+01 -9.218999999999999417e+00 -7.330000000000000071e+00 -1.049999999999999961e-01
-9.849999999999999867e-01 -1.095299999999999940e+01 6.099999999999999867e-01 -1.899999999999999953e-02
3.448299999999999699e+01 -2.519600000000000151e+01 7.567000000000000171e+00 1.549999999999999989e-01
8.083799999999999386e+01 -2.670400000000000063e+01 1.230899999999999928e+01 2.929999999999999827e-01
1.272120000000000033e+02 2.960999999999999854e+00 1.690899999999999892e+01 2.929999999999999827e-01
1.649660000000000082e+02 4.108200000000000074e+01 1.743199999999999861e+01 1.380000000000000115e-01
1.764859999999999900e+02 4.930199999999999960e+01 1.260500000000000043e+01 -7.499999999999999722e-02
1.408000000000000114e+02 1.920400000000000063e+01 8.961000000000000298e+00 -1.930000000000000049e-01
6.362299999999999756e+01 -2.524299999999999855e+01 7.985999999999999766e+00 -1.869999999999999996e-01
-8.298000000000000043e+00 -5.174199999999999733e+01 2.775999999999999801e+00 -1.620000000000000051e-01
-2.740599999999999881e+01 -4.073700000000000188e+01 -7.065000000000000391e+00 -1.590000000000000024e-01
1.250000000000000000e+00 -1.909000000000000030e+00 -1.069100000000000072e+01 -1.189999999999999947e-01
2.658399999999999963e+01 3.046300000000000097e+01 -2.228000000000000203e+00 -4.599999999999999922e-02
1.158000000000000007e+01 3.530100000000000193e+01 1.085899999999999999e+01 -2.800000000000000058e-02
-2.987800000000000011e+01 3.141600000000000037e+01 2.231400000000000006e+01 -7.699999999999999900e-02
-5.919899999999999807e+01 4.525500000000000256e+01 3.424699999999999989e+01 -1.059999999999999970e-01
-6.137400000000000233e+01 6.253300000000000125e+01 4.116100000000000136e+01 -6.300000000000000044e-02
-5.935600000000000165e+01 4.574099999999999966e+01 2.527899999999999991e+01 4.000000000000000083e-03
-8.307099999999999795e+01 -1.536999999999999922e+00 -1.714999999999999858e+01 3.899999999999999994e-02
-1.254669999999999987e+02 -2.644200000000000017e+01 -5.647999999999999687e+01 5.999999999999999778e-02
-1.400490000000000066e+02 4.032000000000000028e+00 -5.490200000000000102e+01 1.140000000000000041e-01
-9.588500000000000512e+01 5.584300000000000352e+01 -1.235800000000000054e+01 1.799999999999999933e-01
-2.370799999999999841e+01 7.191500000000000625e+01 2.935900000000000176e+01 1.749999999999999889e-01
1.905499999999999972e+01 4.768599999999999994e+01 3.963100000000000023e+01 6.600000000000000311e-02
2.582400000000000162e+01 3.319100000000000250e+01 3.321300000000000097e+01 -7.900000000000000078e-02
4.122999999999999687e+01 5.791299999999999670e+01 3.113500000000000156e+01 -1.739999999999999880e-01
7.699399999999999977e+01 8.837099999999999511e+01 2.339099999999999824e+01 -1.990000000000000102e-01
9.028199999999999648e+01 8.160599999999999454e+01 1.300000000000000044e-01 -1.670000000000000095e-01
6.502299999999999613e+01 4.903799999999999670e+01 -1.899399999999999977e+01 -8.500000000000000611e-02
4.509300000000000352e+01 3.214600000000000080e+01 -1.590600000000000058e+01 1.299999999999999940e-02
5.938499999999999801e+01 3.831400000000000006e+01 -2.371999999999999886e+00 6.300000000000000044e-02
7.130899999999999750e+01 4.022500000000000142e+01 2.318999999999999950e+00 7.299999999999999545e-02
3.590500000000000114e+01 2.438700000000000045e+01 -3.761000000000000121e+00 1.150000000000000050e-01
-2.732799999999999940e+01 5.567999999999999616e+00 -1.263599999999999923e+01 1.779999999999999916e-01
-5.863300000000000267e+01 -2.008000000000000007e+00 -1.864499999999999957e+01 1.690000000000000113e-01
-4.544700000000000273e+01 -5.142000000000000348e+00 -2.017999999999999972e+01 8.200000000000000344e-02
-3.768399999999999750e+01 -2.090599999999999881e+01 -2.193900000000000006e+01 1.799999999999999864e-02
-5.947099999999999653e+01 -5.055499999999999972e+01 -2.857400000000000162e+01 2.999999999999999889e-02
-6.146699999999999875e+01 -6.959999999999999432e+01 -2.910800000000000054e+01 7.799999999999999989e-02
-8.650000000000000355e+00 -5.915800000000000125e+01 -7.701999999999999957e+00 1.390000000000000124e-01
3.888700000000000045e+01 -4.183599999999999852e+01 2.414099999999999824e+01 2.139999999999999958e-01
5.546000000000000263e+00 -5.453000000000000114e+01 3.488100000000000023e+01 2.580000000000000071e-01
-8.397199999999999420e+01 -9.236700000000000443e+01 1.711299999999999955e+01 1.960000000000000075e-01
-1.446030000000000086e+02 -1.183430000000000035e+02 -6.698999999999999844e+00 2.500000000000000139e-02
-1.435109999999999957e+02 -1.160769999999999982e+02 -2.079599999999999937e+01 -1.749999999999999889e-01
-1.024230000000000018e+02 -9.405299999999999727e+01 -2.471099999999999852e+01 -2.949999999999999845e-01
-3.612199999999999989e+01 -5.667000000000000171e+01 -1.379400000000000048e+01 -2.409999999999999920e-01
4.168699999999999761e+01 -1.121899999999999942e+01 1.182199999999999918e+01 -1.000000000000000021e-02
9.113500000000000512e+01 1.519299999999999962e+01 2.806599999999999895e+01 2.429999999999999938e-01
8.285099999999999909e+01 4.815000000000000391e+00 1.302100000000000080e+01 3.019999999999999907e-01
4.131799999999999784e+01 -1.689499999999999957e+01 -1.486599999999999966e+01 1.469999999999999918e-01
1.887199999999999989e+01 -1.093299999999999983e+01 -1.954400000000000048e+01 -1.400000000000000029e-02
3.285699999999999932e+01 1.798199999999999932e+01 -2.430000000000000160e+00 -2.999999999999999889e-02
4.584499999999999886e+01 2.770700000000000074e+01 3.781000000000000139e+00 2.400000000000000050e-02
1.761400000000000077e+01 2.037999999999999812e+00 -7.746000000000000441e+00 4.299999999999999656e-02
-3.324300000000000210e+01 -2.737300000000000111e+01 -9.720000000000000639e+00 5.299999999999999850e-02
-5.107000000000000028e+01 -2.766499999999999915e+01 1.048099999999999987e+01 8.500000000000000611e-02
-2.713400000000000034e+01 -4.897000000000000242e+00 3.220400000000000063e+01 1.010000000000000064e-01
-1.130499999999999972e+01 8.769000000000000128e+00 3.312199999999999989e+01 7.799999999999999989e-02
-2.893900000000000006e+01 -5.073999999999999844e+00 1.272199999999999953e+01 5.500000000000000028e-02
-4.456099999999999994e+01 -2.717399999999999949e+01 -1.375600000000000023e+01 4.000000000000000083e-02
-2.570100000000000051e+01 -2.096600000000000108e+01 -2.817699999999999960e+01 7.000000000000000146e-03
8.637999999999999901e+00 1.931200000000000117e+01 -2.057700000000000173e+01 -1.799999999999999864e-02
2.547200000000000131e+01 5.695100000000000051e+01 3.435000000000000053e+00 1.899999999999999953e-02
2.613500000000000156e+01 6.205599999999999739e+01 2.892999999999999972e+01 9.400000000000000022e-02
2.770599999999999952e+01 4.938600000000000279e+01 4.201899999999999835e+01 1.330000000000000071e-01
2.233500000000000085e+01 4.428699999999999903e+01 3.193700000000000117e+01 1.390000000000000124e-01
-6.682000000000000384e+00 3.852199999999999847e+01 2.929999999999999827e-01 1.640000000000000069e-01
-4.482300000000000040e+01 1.169299999999999962e+01 -3.016700000000000159e+01 2.109999999999999931e-01
-6.302499999999999858e+01 -2.676599999999999824e+01 -3.802100000000000080e+01 2.439999999999999947e-01
-6.188900000000000290e+01 -4.809400000000000119e+01 -2.917299999999999827e+01 2.210000000000000020e-01
-5.947399999999999665e+01 -4.360799999999999699e+01 -2.324299999999999855e+01 1.110000000000000014e-01
-4.967900000000000205e+01 -3.057199999999999918e+01 -2.701099999999999923e+01 -7.099999999999999367e-02
-1.471599999999999930e+01 -2.290399999999999991e+01 -3.105999999999999872e+01 -2.510000000000000009e-01
3.170400000000000063e+01 -1.462899999999999956e+01 -2.378900000000000148e+01 -3.489999999999999769e-01
5.193099999999999739e+01 4.655999999999999694e+00 -7.241999999999999993e+00 -3.119999999999999996e-01
3.618699999999999761e+01 3.436599999999999966e+01 6.485999999999999766e+00 -1.660000000000000087e-01
1.904200000000000159e+01 6.367699999999999960e+01 1.527800000000000047e+01 -2.999999999999999889e-02
3.430199999999999960e+01 7.576900000000000546e+01 2.402899999999999991e+01 1.700000000000000122e-02
7.846899999999999409e+01 6.608100000000000307e+01 3.001099999999999923e+01 1.299999999999999940e-02
1.295339999999999918e+02 5.789300000000000068e+01 3.256799999999999784e+01 -3.200000000000000067e-02
1.668629999999999995e+02 6.642300000000000182e+01 3.577600000000000335e+01 -1.839999999999999969e-01
1.640000000000000000e+02 6.367699999999999960e+01 3.211200000000000188e+01 -4.069999999999999729e-01
1.086460000000000008e+02 2.396300000000000097e+01 1.279899999999999949e+01 -5.240000000000000213e-01
3.519299999999999784e+01 -2.570499999999999829e+01 -1.090300000000000047e+01 -4.359999999999999987e-01
-8.900999999999999801e+00 -4.439200000000000301e+01 -2.222299999999999898e+01 -2.449999999999999956e-01
-1.852499999999999858e+01 -3.328499999999999659e+01 -1.949800000000000111e+01 -1.270000000000000018e-01
-1.403299999999999947e+01 -1.861799999999999855e+01 -8.039999999999999147e+00 -1.340000000000000080e-01
-2.557999999999999829e+00 -8.849000000000000199e+00 7.700999999999999623e+00 -1.580000000000000016e-01
8.743000000000000327e+00 2.579000000000000181e+00 1.826800000000000068e+01 -8.300000000000000433e-02
-1.088999999999999968e+00 1.253999999999999915e+01 1.522700000000000031e+01 5.899999999999999689e-02
-3.989300000000000068e+01 1.067399999999999949e+01 2.920999999999999819e+00 1.509999999999999953e-01
-8.648099999999999454e+01 -1.665999999999999925e+00 -8.550000000000000711e+00 1.439999999999999891e-01
-1.138739999999999952e+02 -1.210399999999999920e+01 -1.662000000000000099e+01 7.699999999999999900e-02
-1.138289999999999935e+02 -1.447300000000000075e+01 -2.459299999999999997e+01 7.000000000000000146e-03
-9.380400000000000205e+01 -9.760999999999999233e+00 -3.232699999999999818e+01 -1.799999999999999864e-02
-6.187599999999999767e+01 7.347000000000000419e+00 -3.293399999999999750e+01 2.199999999999999872e-02
-2.627599999999999980e+01 4.259599999999999653e+01 -1.840899999999999892e+01 1.039999999999999952e-01
-1.971000000000000085e+00 8.419899999999999807e+01 8.468999999999999417e+00 1.710000000000000131e-01
2.516000000000000014e+00 1.110870000000000033e+02 3.000400000000000134e+01 1.559999999999999998e-01
3.099999999999999978e-01 1.175019999999999953e+02 3.098199999999999932e+01 5.000000000000000278e-02
3.986000000000000210e+00 1.088719999999999999e+02 1.680199999999999960e+01 -5.800000000000000294e-02
-2.065999999999999837e+00 7.736799999999999500e+01 1.854000000000000092e+00 -1.049999999999999961e-01
-3.350600000000000023e+01 1.111899999999999977e+01 -1.054299999999999926e+01 -1.280000000000000027e-01
-6.287199999999999989e+01 -6.894299999999999784e+01 -2.059299999999999997e+01 -1.409999999999999865e-01
-4.827300000000000324e+01 -1.135679999999999978e+02 -1.931599999999999895e+01 -7.000000000000000666e-02
2.531000000000000139e+00 -1.001329999999999956e+02 -7.159999999999999698e-01 1.100000000000000006e-01
3.895499999999999829e+01 -6.342600000000000193e+01 2.526399999999999935e+01 2.770000000000000240e-01
3.504999999999999716e+01 -5.847200000000000131e+01 4.074300000000000210e+01 2.959999999999999853e-01
1.845700000000000074e+01 -9.631699999999999307e+01 3.592499999999999716e+01 1.940000000000000058e-01
2.990299999999999869e+01 -1.298489999999999895e+02 1.869200000000000017e+01 1.189999999999999947e-01
7.195900000000000318e+01 -1.162450000000000045e+02 5.336000000000000298e+00 1.170000000000000068e-01
1.068439999999999941e+02 -7.196599999999999397e+01 4.969999999999999973e-01 1.019999999999999934e-01
9.950600000000000023e+01 -3.829599999999999937e+01 -1.808999999999999941e+00 3.799999999999999906e-02
5.395400000000000063e+01 -2.353900000000000148e+01 -3.153000000000000025e+00 2.000000000000000042e-03
4.804000000000000270e+00 -1.533600000000000030e+01 -3.616000000000000103e+00 2.400000000000000050e-02
-2.348799999999999955e+01 -1.671000000000000085e+01 -8.022999999999999687e+00 3.799999999999999906e-02
-4.001100000000000279e+01 -3.338900000000000290e+01 -1.562899999999999956e+01 1.000000000000000021e-02
-6.279399999999999693e+01 -5.212199999999999989e+01 -1.803399999999999892e+01 -1.799999999999999864e-02
-8.256699999999999307e+01 -5.677600000000000335e+01 -1.368099999999999916e+01 -2.400000000000000050e-02
-7.377700000000000102e+01 -4.733700000000000330e+01 -1.027399999999999913e+01 -3.500000000000000333e-02
-3.794500000000000028e+01 -3.541400000000000148e+01 -1.216300000000000026e+01 -7.000000000000000666e-02
-6.766000000000000014e+00 -3.361800000000000210e+01 -1.523000000000000043e+01 -1.150000000000000050e-01
4.849999999999999867e-01 -4.474900000000000233e+01 -1.291000000000000014e+01 -1.340000000000000080e-01
-4.527999999999999581e+00 -5.604399999999999693e+01 -3.104999999999999982e+00 -9.700000000000000289e-02
-3.549999999999999822e+00 -5.317499999999999716e+01 9.281000000000000583e+00 5.000000000000000104e-03
6.855999999999999872e+00 -3.872399999999999665e+01 1.521400000000000041e+01 1.429999999999999882e-01
1.802199999999999847e+01 -2.745499999999999829e+01 7.940000000000000391e+00 2.550000000000000044e-01
2.588100000000000023e+01 -2.652299999999999969e+01 -1.081000000000000050e+01 2.640000000000000124e-01
4.031700000000000017e+01 -2.747500000000000142e+01 -3.046000000000000085e+01 1.570000000000000007e-01
6.580700000000000216e+01 -1.597600000000000087e+01 -4.090899999999999892e+01 5.899999999999999689e-02
8.353199999999999648e+01 1.320599999999999952e+01 -3.909799999999999898e+01 1.000000000000000056e-01
7.717600000000000193e+01 5.108800000000000097e+01 -2.265200000000000102e+01 2.550000000000000044e-01
6.019899999999999807e+01 8.634399999999999409e+01 9.945000000000000284e+00 3.619999999999999885e-01
5.209799999999999898e+01 1.177369999999999948e+02 4.654899999999999949e+01 2.899999999999999800e-01
4.793599999999999994e+01 1.428009999999999877e+02 6.474399999999999977e+01 6.300000000000000044e-02
3.268599999999999994e+01 1.418460000000000036e+02 5.402400000000000091e+01 -1.769999999999999907e-01
6.804000000000000270e+00 1.024639999999999986e+02 2.513800000000000168e+01 -3.170000000000000040e-01
-1.728399999999999892e+01 5.501500000000000057e+01 -3.031000000000000139e+00 -3.449999999999999734e-01
-3.043299999999999983e+01 4.051899999999999835e+01 -1.886499999999999844e+01 -2.939999999999999836e-01
-2.970799999999999841e+01 4.870400000000000063e+01 -2.038100000000000023e+01 -2.109999999999999931e-01
-1.497600000000000087e+01 3.944700000000000273e+01 -9.980999999999999872e+00 -1.519999999999999962e-01
8.785999999999999588e+00 1.521299999999999919e+01 7.128000000000000114e+00 -1.419999999999999873e-01
2.784199999999999875e+01 1.451999999999999957e+01 2.231599999999999895e+01 -1.400000000000000133e-01
2.368100000000000094e+01 4.143299999999999983e+01 2.822100000000000009e+01 -1.000000000000000056e-01
-1.594800000000000040e+01 5.645300000000000296e+01 2.375499999999999901e+01 -5.600000000000000117e-02
-7.940300000000000580e+01 3.866700000000000159e+01 1.175399999999999956e+01 -9.700000000000000289e-02
-1.231970000000000027e+02 1.384099999999999930e+01 -3.290999999999999925e+00 -2.149999999999999967e-01
-1.085859999999999985e+02 1.108699999999999974e+01 -1.411999999999999922e+01 -2.720000000000000195e-01
-5.335699999999999932e+01 2.143100000000000094e+01 -1.583600000000000030e+01 -1.700000000000000122e-01
-1.601399999999999935e+01 1.435899999999999999e+01 -1.148000000000000043e+01 1.600000000000000033e-02
-2.540500000000000114e+01 -1.964799999999999969e+01 -5.716999999999999638e+00 1.250000000000000000e-01
-5.482600000000000051e+01 -5.667699999999999960e+01 4.630000000000000226e-01 1.189999999999999947e-01
-6.710599999999999454e+01 -6.837000000000000455e+01 3.015000000000000124e+00 1.049999999999999961e-01
-5.884599999999999653e+01 -5.392900000000000205e+01 -4.517000000000000348e+00 1.270000000000000018e-01
-4.515500000000000114e+01 -3.303399999999999892e+01 -1.732000000000000028e+01 7.399999999999999634e-02
-2.193400000000000105e+01 -1.528100000000000058e+01 -2.138899999999999935e+01 -9.700000000000000289e-02
2.524099999999999966e+01 4.181000000000000050e+00 -1.430100000000000016e+01 -2.240000000000000047e-01
8.565399999999999636e+01 2.430600000000000094e+01 -7.684000000000000163e+00 -1.580000000000000016e-01
1.274120000000000061e+02 3.420600000000000307e+01 -7.525000000000000355e+00 2.999999999999999889e-02
1.294499999999999886e+02 2.979899999999999949e+01 -9.647999999999999687e+00 1.869999999999999996e-01
8.868699999999999761e+01 2.051099999999999923e+01 -1.189600000000000080e+01 2.409999999999999920e-01
1.134600000000000009e+01 1.543999999999999950e+01 -1.350300000000000011e+01 1.789999999999999925e-01
-7.602200000000000557e+01 1.346700000000000053e+01 -8.852000000000000313e+00 1.200000000000000025e-02
-1.233250000000000028e+02 1.446000000000000085e+01 3.803999999999999826e+00 -1.749999999999999889e-01
-1.021329999999999956e+02 2.437800000000000011e+01 1.398199999999999932e+01 -2.429999999999999938e-01
-4.596399999999999864e+01 3.531099999999999994e+01 1.016300000000000026e+01 -1.519999999999999962e-01
-9.939999999999999503e+00 2.130900000000000105e+01 -2.807999999999999829e+00 -1.099999999999999936e-02
-2.646999999999999797e+00 -2.493299999999999983e+01 -6.144000000000000128e+00 8.799999999999999489e-02
2.724000000000000199e+00 -7.140000000000000568e+01 8.832000000000000739e+00 1.380000000000000115e-01
8.612999999999999545e+00 -8.881999999999999318e+01 2.600300000000000011e+01 1.290000000000000036e-01
-4.472000000000000419e+00 -9.231900000000000261e+01 2.381700000000000017e+01 4.000000000000000083e-02
-3.036400000000000077e+01 -1.072390000000000043e+02 4.230000000000000426e+00 -8.200000000000000344e-02
-4.292199999999999704e+01 -1.180469999999999970e+02 -1.136599999999999966e+01 -1.859999999999999987e-01
-3.910199999999999676e+01 -9.317799999999999727e+01 -9.435999999999999943e+00 -2.819999999999999729e-01
-3.670600000000000307e+01 -3.943699999999999761e+01 5.277000000000000135e+00 -3.420000000000000262e-01
-3.720300000000000296e+01 6.910000000000000142e+00 1.709799999999999898e+01 -2.459999999999999964e-01
-1.813700000000000045e+01 3.226899999999999835e+01 1.230700000000000038e+01 1.600000000000000033e-02
3.171399999999999864e+01 6.211500000000000199e+01 -4.310999999999999943e+00 2.590000000000000080e-01
7.927899999999999636e+01 1.200270000000000010e+02 -1.327800000000000047e+01 3.240000000000000102e-01
7.641899999999999693e+01 1.879259999999999877e+02 -6.096000000000000085e+00 2.640000000000000124e-01
3.584100000000000108e+01 2.298779999999999859e+02 1.019200000000000017e+01 2.300000000000000100e-01
3.417300000000000182e+01 2.366529999999999916e+02 2.824099999999999966e+01 2.670000000000000151e-01
1.016550000000000011e+02 2.117949999999999875e+02 3.852199999999999847e+01 3.260000000000000120e-01
1.606210000000000093e+02 1.465769999999999982e+02 2.825100000000000122e+01 3.609999999999999876e-01
1.338629999999999995e+02 5.425300000000000011e+01 4.040000000000000036e+00 3.599999999999999867e-01
5.884300000000000352e+01 -1.541000000000000014e+01 -7.024000000000000021e+00 3.549999999999999822e-01
1.834299999999999997e+01 -4.002300000000000324e+01 3.036999999999999922e+00 3.669999999999999929e-01
1.572499999999999964e+01 -5.170499999999999829e+01 1.173799999999999955e+01 3.459999999999999742e-01
2.198999999999999844e+00 -7.364199999999999591e+01 5.671000000000000263e+00 2.510000000000000009e-01
-2.584700000000000131e+01 -8.945900000000000318e+01 -4.490999999999999659e+00 1.590000000000000024e-01
-3.720700000000000074e+01 -8.887900000000000489e+01 -1.324699999999999989e+01 1.350000000000000089e-01
-3.565699999999999648e+01 -8.837500000000000000e+01 -2.787300000000000111e+01 1.110000000000000014e-01
-5.258200000000000074e+01 -9.897199999999999420e+01 -4.524699999999999989e+01 1.600000000000000033e-02
-8.760599999999999454e+01 -1.080829999999999984e+02 -4.821099999999999852e+01 -9.099999999999999756e-02
-1.057830000000000013e+02 -9.769799999999999329e+01 -2.764499999999999957e+01 -1.469999999999999918e-01
-8.768699999999999761e+01 -6.981699999999999307e+01 1.677000000000000046e+00 -1.920000000000000040e-01
-4.674399999999999977e+01 -4.958400000000000318e+01 1.284399999999999942e+01 -2.510000000000000009e-01
-6.330000000000000071e+00 -6.022699999999999676e+01 -3.391000000000000014e+00 -2.570000000000000062e-01
1.241999999999999993e+01 -9.965699999999999648e+01 -3.019200000000000017e+01 -1.849999999999999978e-01
1.657000000000000028e+00 -1.405509999999999877e+02 -4.602600000000000335e+01 -1.499999999999999944e-01
-1.468800000000000061e+01 -1.462750000000000057e+02 -4.202300000000000324e+01 -2.310000000000000109e-01
-4.477000000000000313e+00 -9.947899999999999920e+01 -2.505199999999999960e+01 -2.819999999999999729e-01
2.748600000000000065e+01 -2.495799999999999841e+01 -8.196999999999999176e+00 -1.280000000000000027e-01
5.149399999999999977e+01 2.978399999999999892e+01 9.336999999999999744e+00 1.110000000000000014e-01
5.748100000000000165e+01 4.298700000000000188e+01 3.617000000000000171e+01 1.580000000000000016e-01
5.856300000000000239e+01 3.662299999999999756e+01 5.797099999999999653e+01 4.000000000000000083e-03
6.449800000000000466e+01 4.162199999999999989e+01 4.893699999999999761e+01 -1.439999999999999891e-01
7.076600000000000534e+01 6.018500000000000227e+01 1.784700000000000131e+01 -2.079999999999999905e-01
7.112500000000000000e+01 7.807299999999999329e+01 1.937000000000000055e+00 -2.320000000000000118e-01
6.892400000000000659e+01 9.502800000000000580e+01 1.196400000000000041e+01 -2.129999999999999949e-01
6.444599999999999795e+01 1.151569999999999965e+02 1.992699999999999960e+01 -1.829999999999999960e-01
4.374600000000000222e+01 1.246419999999999959e+02 5.838000000000000078e+00 -2.200000000000000011e-01
3.164000000000000146e+00 1.081219999999999999e+02 -1.269100000000000072e+01 -3.300000000000000155e-01
-2.744099999999999895e+01 7.263400000000000034e+01 -8.441000000000000725e+00 -4.480000000000000093e-01
-1.402699999999999925e+01 3.389500000000000313e+01 1.541699999999999982e+01 -5.350000000000000311e-01
3.184499999999999886e+01 -3.822999999999999954e+00 3.115599999999999881e+01 -5.639999999999999458e-01
5.610399999999999920e+01 -3.987199999999999989e+01 2.635900000000000176e+01 -5.010000000000000009e-01
2.435099999999999909e+01 -6.933499999999999375e+01 1.520400000000000063e+01 -3.750000000000000000e-01
-3.657000000000000028e+01 -9.154600000000000648e+01 9.303000000000000824e+00 -2.670000000000000151e-01
-7.682399999999999807e+01 -1.094860000000000042e+02 2.644000000000000128e+00 -2.270000000000000073e-01
-8.353400000000000603e+01 -1.172800000000000011e+02 -8.939999999999999503e+00 -2.250000000000000056e-01
-7.551600000000000534e+01 -1.010190000000000055e+02 -1.557000000000000028e+01 -1.980000000000000093e-01
-6.204500000000000171e+01 -5.732000000000000028e+01 -1.012199999999999989e+01 -1.170000000000000068e-01
-4.257399999999999807e+01 -8.702999999999999403e+00 -2.907999999999999918e+00 -1.299999999999999940e-02
-2.882999999999999829e+01 8.794999999999999929e+00 -8.541000000000000369e+00 9.400000000000000022e-02
-3.515599999999999881e+01 -1.507600000000000051e+01 -2.535999999999999943e+01 2.220000000000000029e-01
-5.718500000000000227e+01 -4.772899999999999920e+01 -3.801299999999999812e+01 3.509999999999999787e-01
-7.519100000000000250e+01 -5.182900000000000063e+01 -3.327700000000000102e+01 4.119999999999999774e-01
-6.954200000000000159e+01 -2.623000000000000043e+01 -5.849000000000000199e+00 4.099999999999999756e-01
-3.702300000000000324e+01 3.370999999999999996e+00 3.346699999999999875e+01 4.249999999999999889e-01
-2.649000000000000021e+00 1.544999999999999929e+01 5.033200000000000074e+01 4.349999999999999978e-01
2.960999999999999854e+00 5.014000000000000234e+00 2.072500000000000142e+01 3.079999999999999960e-01
-1.559600000000000009e+01 -1.828800000000000026e+01 -2.641600000000000037e+01 5.000000000000000278e-02
-2.389300000000000068e+01 -3.624799999999999756e+01 -4.142799999999999727e+01 -9.299999999999999933e-02
-3.528000000000000025e+00 -3.567699999999999960e+01 -2.161400000000000077e+01 6.900000000000000577e-02
2.671499999999999986e+01 -1.914399999999999835e+01 -3.470000000000000195e+00 3.920000000000000151e-01
3.423799999999999955e+01 4.272000000000000242e+00 -1.381000000000000005e+00 5.709999999999999520e-01
6.238000000000000433e+00 2.857600000000000051e+01 -6.500000000000000222e-02 4.959999999999999964e-01
-4.154899999999999949e+01 3.909400000000000119e+01 3.133000000000000007e+00 2.919999999999999818e-01
-8.088899999999999579e+01 1.744300000000000139e+01 -5.158000000000000362e+00 1.000000000000000056e-01
-9.109000000000000341e+01 -2.321900000000000119e+01 -1.973499999999999943e+01 -3.799999999999999906e-02
-7.450600000000000023e+01 -4.128399999999999892e+01 -2.005799999999999983e+01 -9.400000000000000022e-02
-5.524099999999999966e+01 -1.857900000000000063e+01 -6.185999999999999943e+00 -3.099999999999999978e-02
-4.523599999999999710e+01 2.582799999999999940e+01 3.149999999999999911e+00 9.199999999999999845e-02
-1.810399999999999920e+01 7.434600000000000364e+01 4.437000000000000277e+00 1.620000000000000051e-01
5.155599999999999739e+01 1.229470000000000027e+02 1.050500000000000078e+01 1.799999999999999933e-01
1.363230000000000075e+02 1.570829999999999984e+02 2.213400000000000034e+01 2.159999999999999976e-01
1.840420000000000016e+02 1.538710000000000093e+02 2.462300000000000111e+01 2.449999999999999956e-01
1.768940000000000055e+02 1.121539999999999964e+02 1.084299999999999997e+01 2.010000000000000120e-01
1.322410000000000139e+02 6.057200000000000273e+01 -8.298000000000000043e+00 1.310000000000000053e-01
7.888800000000000523e+01 3.150600000000000023e+01 -1.631299999999999883e+01 1.360000000000000098e-01
4.388799999999999812e+01 2.993700000000000117e+01 -8.842000000000000526e+00 1.950000000000000067e-01
2.968400000000000105e+01 3.193599999999999994e+01 2.552000000000000046e+00 1.940000000000000058e-01
1.591499999999999915e+01 1.829400000000000048e+01 5.825999999999999623e+00 9.199999999999999845e-02
-2.399000000000000021e+00 -1.697000000000000064e+00 2.584000000000000075e+00 -3.500000000000000333e-02
-1.245599999999999952e+01 -1.118099999999999916e+01 7.820000000000000284e-01 -1.000000000000000056e-01
-1.660399999999999920e+01 -1.127500000000000036e+01 1.532000000000000028e+00 -1.029999999999999943e-01
-2.788500000000000156e+01 -9.512999999999999901e+00 5.769999999999999574e-01 -8.400000000000000522e-02
-4.491100000000000136e+01 -4.770999999999999908e+00 -5.296999999999999709e+00 -5.399999999999999939e-02
-5.848400000000000176e+01 2.641999999999999904e+00 -1.512599999999999945e+01 -1.799999999999999864e-02
-6.227600000000000335e+01 5.919999999999999929e+00 -2.053500000000000014e+01 2.000000000000000042e-03
-4.916400000000000148e+01 3.717999999999999972e+00 -1.242099999999999937e+01 1.600000000000000033e-02
-2.490800000000000125e+01 3.532999999999999918e+00 5.572000000000000064e+00 6.800000000000000488e-02
-1.560699999999999932e+01 9.147000000000000242e+00 2.112099999999999866e+01 1.570000000000000007e-01
-2.866000000000000014e+01 1.084800000000000075e+01 2.981299999999999883e+01 2.089999999999999913e-01
-2.811599999999999966e+01 -3.628000000000000114e+00 3.532300000000000040e+01 1.340000000000000080e-01
1.016000000000000014e+01 -3.029500000000000171e+01 3.527199999999999847e+01 -5.800000000000000294e-02
4.614600000000000080e+01 -5.383299999999999841e+01 2.223799999999999955e+01 -2.310000000000000109e-01
2.881500000000000128e+01 -6.684399999999999409e+01 3.619999999999999885e-01 -2.750000000000000222e-01
-2.689099999999999824e+01 -7.058400000000000318e+01 -1.489100000000000001e+01 -2.270000000000000073e-01
-6.610500000000000398e+01 -6.367799999999999727e+01 -1.363599999999999923e+01 -1.789999999999999925e-01
-6.574800000000000466e+01 -4.352300000000000324e+01 4.467999999999999972e+00 -1.660000000000000087e-01
-4.063000000000000256e+01 -1.778500000000000014e+01 3.164999999999999858e+01 -1.779999999999999916e-01
-9.551999999999999602e+00 -4.979999999999999982e-01 4.739200000000000301e+01 -1.930000000000000049e-01
1.585800000000000054e+01 7.727000000000000313e+00 3.351299999999999812e+01 -2.020000000000000129e-01
2.918799999999999883e+01 1.806400000000000006e+01 -1.250000000000000000e-01 -2.159999999999999976e-01
3.284300000000000352e+01 3.275600000000000023e+01 -2.561100000000000065e+01 -2.489999999999999991e-01
3.345199999999999818e+01 4.682500000000000284e+01 -3.066100000000000136e+01 -2.750000000000000222e-01
2.790899999999999892e+01 5.953600000000000136e+01 -2.499099999999999966e+01 -2.439999999999999947e-01
5.535999999999999588e+00 6.514900000000000091e+01 -2.046600000000000108e+01 -1.529999999999999971e-01
-3.041799999999999926e+01 4.916299999999999670e+01 -2.011799999999999855e+01 -7.599999999999999811e-02
-5.727499999999999858e+01 9.726000000000000867e+00 -2.173600000000000065e+01 -8.799999999999999489e-02
-5.631099999999999994e+01 -3.113400000000000034e+01 -2.271999999999999886e+01 -1.869999999999999996e-01
-3.122700000000000031e+01 -4.941799999999999926e+01 -2.229899999999999949e+01 -2.780000000000000249e-01
-3.380999999999999783e+00 -4.456600000000000250e+01 -2.236299999999999955e+01 -2.620000000000000107e-01
5.216000000000000192e+00 -3.583599999999999852e+01 -2.664600000000000080e+01 -1.469999999999999918e-01
-1.133000000000000007e+00 -3.628399999999999892e+01 -3.346800000000000352e+01 -2.299999999999999961e-02
2.019500000000000028e+01 -3.582200000000000273e+01 -2.720899999999999963e+01 5.600000000000000117e-02
1.018499999999999943e+02 -1.592500000000000071e+01 6.730000000000000426e+00 1.219999999999999973e-01
2.003890000000000100e+02 1.880999999999999872e+01 5.148400000000000176e+01 2.240000000000000047e-01
2.247609999999999957e+02 3.903699999999999903e+01 6.843099999999999739e+01 3.360000000000000209e-01
1.474060000000000059e+02 2.924899999999999878e+01 4.711800000000000210e+01 4.069999999999999729e-01
4.009400000000000119e+01 6.562000000000000277e+00 1.706099999999999994e+01 4.369999999999999996e-01
-1.759199999999999875e+01 -1.091600000000000037e+01 4.110999999999999766e+00 4.099999999999999756e-01
-1.965800000000000125e+01 -2.887399999999999878e+01 4.583999999999999631e+00 2.479999999999999982e-01
-1.040700000000000003e+01 -5.642600000000000193e+01 4.453000000000000291e+00 -2.900000000000000147e-02
-1.662900000000000134e+01 -8.068500000000000227e+01 4.929999999999999938e-01 -2.500000000000000000e-01
-2.569300000000000139e+01 -8.061700000000000443e+01 -5.010000000000000009e-01 -2.710000000000000187e-01
-2.411700000000000088e+01 -6.191199999999999903e+01 4.900999999999999801e+00 -1.559999999999999998e-01
-2.660600000000000165e+01 -5.136800000000000210e+01 9.470000000000000639e+00 -8.000000000000000167e-02
-4.487400000000000233e+01 -5.215999999999999659e+01 6.559000000000000163e+00 -9.800000000000000377e-02
-5.829800000000000182e+01 -4.186800000000000210e+01 1.229999999999999982e-01 -1.239999999999999991e-01
-4.621200000000000330e+01 -1.703699999999999903e+01 -5.504999999999999893e+00 -1.140000000000000041e-01
-2.294600000000000151e+01 3.447999999999999954e+00 -1.289199999999999946e+01 -1.429999999999999882e-01
-1.589400000000000013e+01 1.350200000000000067e+01 -2.169699999999999918e+01 -2.429999999999999938e-01
-2.878300000000000125e+01 2.117999999999999972e+01 -2.531700000000000017e+01 -3.170000000000000040e-01
-4.317199999999999704e+01 2.912300000000000111e+01 -2.034100000000000108e+01 -2.650000000000000133e-01
-4.590599999999999881e+01 3.689699999999999847e+01 -1.000000000000000000e+01 -1.140000000000000041e-01
-4.280400000000000205e+01 4.472699999999999676e+01 1.169999999999999929e+00 2.299999999999999961e-02
-4.524300000000000210e+01 4.543999999999999773e+01 9.653999999999999915e+00 7.499999999999999722e-02
-5.280599999999999739e+01 3.188299999999999912e+01 1.155599999999999916e+01 5.800000000000000294e-02
-5.477600000000000335e+01 1.365799999999999947e+01 3.616999999999999993e+00 1.000000000000000021e-02
-4.553199999999999648e+01 6.772999999999999687e+00 -1.557000000000000028e+01 -5.899999999999999689e-02
-3.083899999999999864e+01 1.064499999999999957e+01 -4.108200000000000074e+01 -1.429999999999999882e-01
-1.350399999999999956e+01 1.472100000000000009e+01 -5.252100000000000080e+01 -1.980000000000000093e-01
1.259800000000000075e+01 1.541200000000000081e+01 -2.816000000000000014e+01 -1.739999999999999880e-01
3.913600000000000279e+01 8.973000000000000753e+00 1.767699999999999960e+01 -8.100000000000000255e-02
3.822999999999999687e+01 -1.005799999999999983e+01 3.968099999999999739e+01 1.000000000000000021e-02
3.875000000000000000e+00 -3.133500000000000085e+01 2.025300000000000011e+01 4.000000000000000083e-02
-2.880099999999999838e+01 -3.649399999999999977e+01 -9.054000000000000270e+00 3.400000000000000244e-02
-3.225600000000000023e+01 -2.826399999999999935e+01 -1.783399999999999963e+01 6.800000000000000488e-02
-2.664600000000000080e+01 -2.672700000000000031e+01 -1.463499999999999979e+01 1.439999999999999891e-01
-3.900399999999999778e+01 -3.664000000000000057e+01 -1.939499999999999957e+01 1.600000000000000033e-01
-5.222200000000000131e+01 -3.765500000000000114e+01 -2.461599999999999966e+01 1.089999999999999997e-01
-3.851400000000000290e+01 -1.143900000000000006e+01 -6.668999999999999595e+00 1.499999999999999944e-01
-1.473300000000000054e+01 3.031700000000000017e+01 3.101899999999999835e+01 3.400000000000000244e-01
-1.320800000000000018e+01 5.670600000000000307e+01 5.400600000000000023e+01 4.709999999999999742e-01
-2.375199999999999889e+01 5.546600000000000108e+01 4.787500000000000000e+01 3.539999999999999813e-01
-1.430899999999999928e+01 4.068099999999999739e+01 3.809899999999999665e+01 1.100000000000000006e-01
1.495100000000000051e+01 2.533599999999999852e+01 3.868500000000000227e+01 -1.899999999999999953e-02
4.071500000000000341e+01 1.534900000000000020e+01 2.860600000000000165e+01 2.299999999999999961e-02
5.870799999999999841e+01 2.350300000000000011e+01 -1.069999999999999979e-01 1.809999999999999942e-01
8.472199999999999420e+01 5.606600000000000250e+01 -2.356200000000000117e+01 3.890000000000000124e-01
1.261089999999999947e+02 9.686299999999999955e+01 -2.701899999999999835e+01 4.869999999999999885e-01
1.673429999999999893e+02 1.293329999999999984e+02 -1.906700000000000017e+01 3.370000000000000218e-01
1.812479999999999905e+02 1.535649999999999977e+02 -6.333000000000000185e+00 7.299999999999999545e-02
1.561090000000000089e+02 1.641169999999999902e+02 9.211999999999999744e+00 -8.100000000000000255e-02
1.071099999999999994e+02 1.400929999999999893e+02 1.575699999999999967e+01 -1.449999999999999900e-01
5.870700000000000074e+01 8.026200000000000045e+01 5.578000000000000291e+00 -2.540000000000000036e-01
2.615599999999999881e+01 2.128800000000000026e+01 -5.206999999999999851e+00 -3.350000000000000200e-01
7.777000000000000135e+00 -9.028000000000000469e+00 1.622000000000000108e+00 -2.300000000000000100e-01
-9.955000000000000071e+00 -2.939600000000000080e+01 1.608800000000000097e+01 -1.000000000000000021e-02
-2.642500000000000071e+01 -6.141299999999999670e+01 1.840700000000000003e+01 1.219999999999999973e-01
-2.481800000000000139e+01 -8.403799999999999670e+01 1.162400000000000055e+01 1.160000000000000059e-01
-2.010099999999999909e+01 -7.349399999999999977e+01 7.761000000000000121e+00 6.199999999999999956e-02
-6.138600000000000279e+01 -5.185300000000000153e+01 6.320000000000000062e-01 -7.000000000000000146e-03
-1.449120000000000061e+02 -4.974099999999999966e+01 -1.876500000000000057e+01 -1.059999999999999970e-01
-1.881899999999999977e+02 -5.284799999999999898e+01 -3.807000000000000028e+01 -1.610000000000000042e-01
-1.420780000000000030e+02 -3.428999999999999915e+01 -4.026400000000000290e+01 -7.299999999999999545e-02
-6.318599999999999994e+01 -1.108900000000000041e+01 -2.818199999999999861e+01 7.799999999999999989e-02
-2.816300000000000026e+01 -1.726399999999999935e+01 -1.463799999999999990e+01 1.229999999999999982e-01
-3.672299999999999898e+01 -4.556700000000000017e+01 -4.956999999999999851e+00 5.199999999999999761e-02
-3.888199999999999790e+01 -6.010000000000000142e+01 1.849999999999999978e-01 1.200000000000000025e-02
-1.065000000000000036e+01 -4.589200000000000301e+01 -8.810000000000000053e-01 7.900000000000000078e-02
3.324300000000000210e+01 -1.691700000000000159e+01 -7.820999999999999730e+00 1.590000000000000024e-01
7.442300000000000182e+01 7.482999999999999652e+00 -1.542900000000000027e+01 1.239999999999999991e-01
1.041329999999999956e+02 1.712900000000000134e+01 -1.615200000000000102e+01 -2.599999999999999881e-02
1.113229999999999933e+02 1.225600000000000023e+01 -7.815000000000000391e+00 -1.660000000000000087e-01
8.585399999999999920e+01 -1.258999999999999897e+00 2.326000000000000068e+00 -1.890000000000000013e-01
2.885600000000000165e+01 -2.128800000000000026e+01 4.000000000000000000e+00 -1.270000000000000018e-01
-4.963499999999999801e+01 -5.294500000000000028e+01 -7.315000000000000391e+00 -1.120000000000000023e-01
-1.215930000000000035e+02 -9.423199999999999932e+01 -2.450199999999999889e+01 -1.839999999999999969e-01
-1.380010000000000048e+02 -1.246500000000000057e+02 -2.932400000000000162e+01 -2.010000000000000120e-01
-7.932099999999999795e+01 -1.257560000000000002e+02 -7.875000000000000000e+00 -5.099999999999999672e-02
4.128000000000000114e+00 -1.046940000000000026e+02 3.080300000000000082e+01 1.370000000000000107e-01
4.965400000000000347e+01 -7.943300000000000693e+01 5.946600000000000108e+01 1.670000000000000095e-01
5.940599999999999881e+01 -5.695400000000000063e+01 5.938499999999999801e+01 5.999999999999999778e-02
7.102200000000000557e+01 -4.055199999999999960e+01 3.592799999999999727e+01 -3.099999999999999978e-02
7.845000000000000284e+01 -3.368900000000000006e+01 6.514000000000000234e+00 -7.199999999999999456e-02
4.552499999999999858e+01 -2.684799999999999898e+01 -1.568299999999999983e+01 -1.260000000000000009e-01
-1.736700000000000088e+01 -6.182000000000000384e+00 -2.480300000000000082e+01 -1.690000000000000113e-01
-5.643399999999999750e+01 2.329799999999999827e+01 -2.269699999999999918e+01 -1.189999999999999947e-01
-5.117999999999999972e+01 4.287700000000000244e+01 -1.783200000000000074e+01 -1.000000000000000021e-03
-3.288900000000000290e+01 4.503000000000000114e+01 -1.548799999999999955e+01 7.900000000000000078e-02
-2.768199999999999861e+01 4.170600000000000307e+01 -1.116000000000000014e+01 9.600000000000000200e-02
-2.742999999999999972e+01 4.835900000000000176e+01 1.435999999999999943e+00 1.049999999999999961e-01
-2.005699999999999861e+01 6.374199999999999733e+01 1.844000000000000128e+01 1.130000000000000032e-01
-1.162199999999999989e+01 7.066899999999999693e+01 2.631800000000000139e+01 7.799999999999999989e-02
-9.638999999999999346e+00 5.905499999999999972e+01 1.671499999999999986e+01 5.000000000000000104e-03
-1.189600000000000080e+01 4.021999999999999886e+01 -1.709000000000000075e+00 -4.800000000000000100e-02
-1.922700000000000031e+01 2.943599999999999994e+01 -1.213000000000000078e+01 -5.000000000000000278e-02
-3.370000000000000284e+01 2.167000000000000171e+01 -8.037000000000000810e+00 -2.400000000000000050e-02
-4.105599999999999739e+01 8.199999999999999512e-01 3.874000000000000110e+00 8.000000000000000167e-03
-2.151999999999999957e+01 -3.023400000000000176e+01 1.512500000000000000e+01 4.900000000000000189e-02
1.770799999999999841e+01 -4.913400000000000034e+01 2.056400000000000006e+01 9.400000000000000022e-02
3.970700000000000074e+01 -4.544200000000000017e+01 1.591099999999999959e+01 1.140000000000000041e-01
1.673199999999999932e+01 -3.298799999999999955e+01 1.054999999999999938e+00 7.399999999999999634e-02
-3.326200000000000045e+01 -2.558999999999999986e+01 -1.505000000000000071e+01 -2.500000000000000139e-02
-6.066599999999999682e+01 -1.796199999999999974e+01 -1.996699999999999875e+01 -1.189999999999999947e-01
-3.880199999999999960e+01 -1.903000000000000025e+00 -8.851000000000000867e+00 -1.300000000000000044e-01
6.839999999999999858e+00 1.121299999999999919e+01 1.000399999999999956e+01 -7.799999999999999989e-02
2.936400000000000077e+01 1.572999999999999954e+00 1.859199999999999875e+01 -4.499999999999999833e-02
7.852000000000000313e+00 -3.154299999999999926e+01 3.295999999999999819e+00 -5.299999999999999850e-02
-3.966599999999999682e+01 -6.796800000000000352e+01 -2.740899999999999892e+01 -7.299999999999999545e-02
-7.534199999999999875e+01 -8.468800000000000239e+01 -4.536399999999999721e+01 -1.100000000000000006e-01
-7.135599999999999454e+01 -6.654999999999999716e+01 -3.111899999999999977e+01 -1.839999999999999969e-01
-3.533700000000000330e+01 -1.382499999999999929e+01 5.330000000000000071e+00 -2.300000000000000100e-01
-4.331000000000000405e+00 4.714900000000000091e+01 3.422800000000000153e+01 -1.529999999999999971e-01
-4.620000000000000218e-01 7.450000000000000000e+01 3.141600000000000037e+01 -2.000000000000000042e-03
-4.051000000000000156e+00 5.319500000000000028e+01 6.059999999999999831e-01 2.299999999999999961e-02
1.519999999999999929e+01 2.006299999999999883e+01 -2.619699999999999918e+01 -1.539999999999999980e-01
6.084700000000000131e+01 2.597700000000000031e+01 -1.803500000000000014e+01 -3.210000000000000075e-01
1.131550000000000011e+02 7.756799999999999784e+01 2.529200000000000159e+01 -2.630000000000000115e-01
1.465420000000000016e+02 1.303629999999999995e+02 6.952500000000000568e+01 -7.199999999999999456e-02
1.438220000000000027e+02 1.382150000000000034e+02 7.095000000000000284e+01 1.099999999999999936e-02
1.115510000000000019e+02 1.041940000000000026e+02 2.440800000000000125e+01 -2.800000000000000058e-02
7.532299999999999329e+01 7.432299999999999329e+01 -1.976300000000000168e+01 -3.899999999999999994e-02
5.658599999999999852e+01 7.846999999999999886e+01 -1.742000000000000171e+01 8.000000000000000167e-03
6.388100000000000023e+01 9.803199999999999648e+01 1.021899999999999942e+01 5.000000000000000278e-02
8.704900000000000659e+01 9.795099999999999341e+01 1.477500000000000036e+01 1.250000000000000000e-01
8.153199999999999648e+01 6.428799999999999670e+01 -1.110899999999999999e+01 2.600000000000000089e-01
5.326999999999999957e+00 1.017800000000000082e+01 -3.754200000000000159e+01 3.130000000000000004e-01
-9.441500000000000625e+01 -2.861599999999999966e+01 -3.948700000000000188e+01 1.940000000000000058e-01
-1.034800000000000040e+02 -1.901599999999999824e+01 -1.298499999999999943e+01 4.599999999999999922e-02
-2.563000000000000167e+00 1.896199999999999974e+01 2.393499999999999872e+01 3.400000000000000244e-02
7.984099999999999397e+01 1.730499999999999972e+01 3.808299999999999841e+01 1.069999999999999979e-01
4.450500000000000256e+01 -5.131799999999999784e+01 1.263199999999999967e+01 1.260000000000000009e-01
-3.920499999999999829e+01 -1.277330000000000041e+02 -2.663800000000000168e+01 7.099999999999999367e-02
-4.690299999999999869e+01 -1.411589999999999918e+02 -3.639900000000000091e+01 1.799999999999999864e-02
2.616100000000000136e+01 -9.267300000000000182e+01 -4.597999999999999865e+00 2.699999999999999969e-02
7.895199999999999818e+01 -3.862899999999999778e+01 3.846399999999999864e+01 1.029999999999999943e-01
4.457399999999999807e+01 -2.265299999999999869e+01 5.146999999999999886e+01 1.630000000000000060e-01
-4.361099999999999710e+01 -4.159000000000000341e+01 2.207499999999999929e+01 1.069999999999999979e-01
-1.089120000000000061e+02 -6.022299999999999898e+01 -2.075499999999999901e+01 -2.000000000000000042e-02
-1.138349999999999937e+02 -5.042199999999999704e+01 -4.103799999999999670e+01 -5.999999999999999778e-02
-7.950400000000000489e+01 -1.515600000000000058e+01 -3.505899999999999750e+01 3.500000000000000333e-02
-4.656700000000000017e+01 2.721600000000000108e+01 -2.388299999999999912e+01 1.640000000000000069e-01
-3.178099999999999881e+01 6.824099999999999966e+01 -2.055199999999999960e+01 2.449999999999999956e-01
-1.519899999999999984e+01 1.082680000000000007e+02 -1.794999999999999929e+01 2.610000000000000098e-01
2.980600000000000094e+01 1.408660000000000139e+02 -2.407999999999999918e+00 2.030000000000000138e-01
8.607699999999999818e+01 1.492470000000000141e+02 2.501000000000000156e+01 9.700000000000000289e-02
9.551399999999999579e+01 1.202920000000000016e+02 4.257300000000000040e+01 6.000000000000000125e-03
3.647999999999999687e+01 6.257800000000000296e+01 3.031299999999999883e+01 -6.300000000000000044e-02
-3.276400000000000290e+01 7.147000000000000242e+00 -3.334000000000000075e+00 -1.350000000000000089e-01
-4.240800000000000125e+01 -1.788100000000000023e+01 -2.912900000000000134e+01 -1.719999999999999862e-01
1.098999999999999977e+00 -1.607799999999999940e+01 -3.188599999999999923e+01 -1.260000000000000009e-01
2.805399999999999849e+01 -1.632999999999999829e+01 -2.342500000000000071e+01 -4.499999999999999833e-02
-4.525000000000000355e+00 -3.520400000000000063e+01 -1.939499999999999957e+01 -2.000000000000000042e-02
-6.715600000000000591e+01 -5.941199999999999903e+01 -1.987199999999999989e+01 -5.199999999999999761e-02
-1.071419999999999959e+02 -6.875100000000000477e+01 -1.778500000000000014e+01 -7.000000000000000666e-02
-1.105819999999999936e+02 -6.215899999999999892e+01 -1.348799999999999955e+01 -5.399999999999999939e-02
-9.821299999999999386e+01 -5.349300000000000210e+01 -1.286899999999999977e+01 -5.099999999999999672e-02
-8.907099999999999795e+01 -5.090299999999999869e+01 -1.782100000000000151e+01 -6.300000000000000044e-02
-8.498300000000000409e+01 -5.142799999999999727e+01 -2.402599999999999980e+01 -5.000000000000000278e-02
-7.459099999999999397e+01 -5.122500000000000142e+01 -2.176399999999999935e+01 -1.499999999999999944e-02
-4.819400000000000261e+01 -4.872699999999999676e+01 -1.739999999999999880e-01 2.299999999999999961e-02
-9.137000000000000455e+00 -3.857900000000000063e+01 3.768699999999999761e+01 6.700000000000000400e-02
3.242799999999999727e+01 -1.708699999999999974e+01 6.784300000000000352e+01 9.600000000000000200e-02
6.508799999999999386e+01 3.476999999999999869e+00 6.765800000000000125e+01 8.000000000000000167e-02
7.806199999999999761e+01 4.538000000000000256e+00 4.347299999999999898e+01 6.800000000000000488e-02
7.134699999999999420e+01 -1.230199999999999960e+01 2.226300000000000168e+01 1.199999999999999956e-01
5.273799999999999955e+01 -2.959400000000000119e+01 1.537400000000000055e+01 1.749999999999999889e-01
2.517699999999999960e+01 -3.955700000000000216e+01 8.351000000000000867e+00 1.459999999999999909e-01
-5.078999999999999737e+00 -4.419200000000000017e+01 -8.615999999999999659e+00 5.399999999999999939e-02
-2.328099999999999881e+01 -4.371500000000000341e+01 -2.270599999999999952e+01 -2.599999999999999881e-02
-2.592699999999999960e+01 -4.113199999999999790e+01 -2.071300000000000097e+01 -9.700000000000000289e-02
-2.587699999999999889e+01 -4.149399999999999977e+01 -8.294000000000000483e+00 -2.089999999999999913e-01
-3.068100000000000094e+01 -4.065299999999999869e+01 1.939000000000000057e+00 -3.469999999999999751e-01
-3.167999999999999972e+01 -3.060800000000000054e+01 4.775999999999999801e+00 -4.079999999999999738e-01
-1.367399999999999949e+01 -1.241499999999999915e+01 1.296999999999999931e+00 -3.290000000000000147e-01
2.505300000000000082e+01 5.227999999999999758e+00 -5.331000000000000405e+00 -1.620000000000000051e-01
5.445600000000000307e+01 1.017600000000000016e+01 -1.336800000000000033e+01 -2.100000000000000130e-02
3.774699999999999989e+01 -6.998999999999999666e+00 -2.267599999999999838e+01 -4.000000000000000083e-03
-9.319000000000000838e+00 -3.630199999999999960e+01 -2.790500000000000114e+01 -9.400000000000000022e-02
-2.603200000000000003e+01 -5.066400000000000148e+01 -2.162300000000000111e+01 -1.499999999999999944e-01
8.013999999999999346e+00 -3.877300000000000324e+01 -9.353999999999999204e+00 -9.700000000000000289e-02
4.729899999999999949e+01 -1.789499999999999957e+01 -6.653999999999999915e+00 -1.600000000000000033e-02
5.517999999999999972e+01 -3.709000000000000075e+00 -1.685900000000000176e+01 1.600000000000000033e-02
4.768900000000000006e+01 1.027100000000000080e+01 -2.563400000000000034e+01 2.800000000000000058e-02
4.839200000000000301e+01 3.033899999999999864e+01 -2.156099999999999994e+01 4.800000000000000100e-02
5.138300000000000267e+01 4.524600000000000222e+01 -1.198399999999999999e+01 2.199999999999999872e-02
4.275300000000000011e+01 4.770600000000000307e+01 -1.281600000000000072e+01 -4.800000000000000100e-02
2.248199999999999932e+01 4.769899999999999807e+01 -2.632199999999999918e+01 -3.500000000000000333e-02
9.060000000000000275e-01 5.349300000000000210e+01 -3.450300000000000011e+01 1.029999999999999943e-01
-8.881000000000000227e+00 6.376400000000000290e+01 -1.924899999999999878e+01 2.010000000000000120e-01
-7.467999999999999972e+00 7.629800000000000182e+01 1.218900000000000006e+01 1.360000000000000098e-01
-1.765899999999999892e+01 8.303400000000000603e+01 3.346699999999999875e+01 3.000000000000000062e-03
-4.854599999999999937e+01 7.112099999999999511e+01 3.276899999999999835e+01 -7.599999999999999811e-02
-6.836599999999999966e+01 4.428499999999999659e+01 2.235500000000000043e+01 -1.340000000000000080e-01
-5.105700000000000216e+01 2.103399999999999892e+01 1.202899999999999991e+01 -2.030000000000000138e-01
-2.034799999999999898e+01 5.631999999999999673e+00 -3.004999999999999893e+00 -1.789999999999999925e-01
-8.304000000000000270e+00 -1.099600000000000044e+01 -2.111299999999999955e+01 -1.000000000000000021e-02
-3.887000000000000011e+00 -2.216499999999999915e+01 -2.197700000000000031e+01 1.630000000000000060e-01
2.086799999999999855e+01 -1.244299999999999962e+01 1.037599999999999945e+01 2.119999999999999940e-01
5.790899999999999892e+01 5.259000000000000341e+00 5.602400000000000091e+01 1.819999999999999951e-01
6.642700000000000671e+01 -1.756000000000000005e+00 7.089700000000000557e+01 1.340000000000000080e-01
2.462300000000000111e+01 -3.368900000000000006e+01 4.381400000000000006e+01 4.299999999999999656e-02
-3.659499999999999886e+01 -5.239999999999999858e+01 1.302800000000000047e+01 -6.500000000000000222e-02
-6.166199999999999903e+01 -3.753199999999999648e+01 7.166000000000000369e+00 -7.199999999999999456e-02
-3.405599999999999739e+01 -1.220500000000000007e+01 1.026999999999999957e+01 4.000000000000000083e-02
6.035999999999999588e+00 -3.822000000000000064e+00 1.826999999999999957e+00 1.300000000000000044e-01
2.189900000000000091e+01 -1.060399999999999920e+01 -1.079800000000000004e+01 1.039999999999999952e-01
3.079200000000000159e+01 -1.222300000000000075e+01 -1.222400000000000020e+01 3.400000000000000244e-02
6.409199999999999875e+01 4.600999999999999979e+00 -2.809000000000000163e+00 1.899999999999999953e-02
1.021940000000000026e+02 3.027799999999999869e+01 4.674000000000000377e+00 3.699999999999999817e-02
9.364000000000000057e+01 4.276200000000000045e+01 2.278000000000000025e+00 3.099999999999999978e-02
3.034700000000000131e+01 4.016299999999999670e+01 -1.191000000000000059e+00 1.799999999999999864e-02
-3.838600000000000279e+01 4.446000000000000085e+01 9.650999999999999801e+00 2.299999999999999961e-02
-6.821800000000000352e+01 6.061099999999999710e+01 3.089900000000000091e+01 1.400000000000000029e-02
-6.260999999999999943e+01 6.085799999999999699e+01 3.764500000000000313e+01 -2.000000000000000042e-02
-4.773299999999999699e+01 2.887300000000000111e+01 1.927299999999999969e+01 -2.900000000000000147e-02
-3.179500000000000171e+01 -1.001099999999999923e+01 -9.389999999999999458e-01 1.799999999999999864e-02
-9.211999999999999744e+00 -2.653699999999999903e+01 1.310000000000000053e-01 8.300000000000000433e-02
7.032000000000000028e+00 -2.798699999999999832e+01 1.034099999999999930e+01 1.049999999999999961e-01
-4.184999999999999609e+00 -3.239600000000000080e+01 6.594999999999999751e+00 1.059999999999999970e-01
-2.373699999999999832e+01 -3.093400000000000105e+01 -5.706000000000000405e+00 1.670000000000000095e-01
-6.756000000000000227e+00 -1.070800000000000018e+01 -7.927999999999999936e+00 2.839999999999999747e-01
4.254399999999999693e+01 1.230700000000000038e+01 -2.803999999999999826e+00 3.380000000000000226e-01
6.687199999999999989e+01 1.349699999999999989e+01 -6.011000000000000121e+00 2.399999999999999911e-01
3.503399999999999892e+01 -6.910000000000000142e+00 -1.998000000000000043e+01 4.800000000000000100e-02
-2.061499999999999844e+01 -2.249699999999999989e+01 -3.250900000000000034e+01 -5.099999999999999672e-02
-4.685199999999999676e+01 -6.059999999999999609e+00 -3.072899999999999920e+01 9.900000000000000466e-02
-2.075199999999999889e+01 3.525200000000000244e+01 -1.297199999999999953e+01 4.129999999999999782e-01
3.616299999999999670e+01 5.816700000000000159e+01 7.397999999999999687e+00 5.929999999999999716e-01
7.831799999999999784e+01 3.455199999999999960e+01 1.374399999999999977e+01 4.289999999999999925e-01
7.844299999999999784e+01 -1.603399999999999892e+01 5.358999999999999986e+00 5.000000000000000278e-02
5.458200000000000074e+01 -5.864900000000000091e+01 -3.121999999999999886e+00 -2.320000000000000118e-01
4.135099999999999909e+01 -7.945600000000000307e+01 -3.532999999999999918e+00 -2.849999999999999756e-01
3.837199999999999989e+01 -8.365900000000000603e+01 -1.558999999999999941e+00 -2.500000000000000000e-01
1.653900000000000148e+01 -8.095499999999999829e+01 -2.729999999999999982e+00 -2.859999999999999765e-01
-2.512500000000000000e+01 -7.627899999999999636e+01 -9.221000000000000085e+00 -3.800000000000000044e-01
-4.888199999999999790e+01 -6.651099999999999568e+01 -2.456299999999999883e+01 -4.490000000000000102e-01
-3.062199999999999989e+01 -4.390200000000000102e+01 -4.093099999999999739e+01 -4.610000000000000209e-01
1.168999999999999950e+01 -5.490000000000000435e-01 -3.560799999999999699e+01 -3.860000000000000098e-01
3.967099999999999937e+01 6.024600000000000222e+01 -4.818999999999999950e+00 -2.439999999999999947e-01
1.370100000000000051e+01 1.091740000000000066e+02 1.863899999999999935e+01 -1.960000000000000075e-01
-8.852599999999999625e+01 1.090220000000000056e+02 9.942000000000000171e+00 -3.860000000000000098e-01
-2.242290000000000134e+02 6.016899999999999693e+01 -1.052999999999999936e+01 -6.700000000000000400e-01
-2.832740000000000009e+02 7.166000000000000369e+00 -1.257600000000000051e+01 -7.600000000000000089e-01
-1.993050000000000068e+02 -9.750000000000000000e+00 9.709999999999999742e-01 -6.049999999999999822e-01
-4.210699999999999932e+01 3.592000000000000082e+00 1.051999999999999957e+01 -3.830000000000000071e-01
5.822399999999999665e+01 1.070199999999999996e+01 8.826000000000000512e+00 -1.910000000000000031e-01
5.727100000000000080e+01 -2.818000000000000060e+00 5.699999999999999512e-01 3.099999999999999978e-02
2.215800000000000125e+01 -1.196100000000000030e+01 -4.065000000000000391e+00 2.929999999999999827e-01
2.651399999999999935e+01 3.903999999999999915e+00 2.056999999999999940e+00 4.969999999999999973e-01
6.353199999999999648e+01 3.068900000000000006e+01 1.024600000000000044e+01 5.390000000000000346e-01
7.942900000000000205e+01 4.732699999999999818e+01 8.067999999999999616e+00 4.050000000000000266e-01
6.088300000000000267e+01 5.401200000000000045e+01 1.870999999999999996e+00 1.990000000000000102e-01
4.902799999999999869e+01 6.478000000000000114e+01 5.511999999999999567e+00 7.900000000000000078e-02
7.116400000000000148e+01 8.966500000000000625e+01 1.613200000000000145e+01 1.079999999999999988e-01
9.799599999999999511e+01 1.184009999999999962e+02 2.120400000000000063e+01 2.079999999999999905e-01
8.748499999999999943e+01 1.173709999999999951e+02 1.923300000000000054e+01 2.750000000000000222e-01
4.336099999999999710e+01 6.106099999999999994e+01 1.752499999999999858e+01 2.459999999999999964e-01
9.949999999999999956e-01 -3.191499999999999915e+01 1.824599999999999866e+01 1.069999999999999979e-01
-2.693299999999999983e+01 -1.116129999999999995e+02 1.785999999999999943e+01 -9.600000000000000200e-02
-5.454699999999999704e+01 -1.453729999999999905e+02 1.339400000000000013e+01 -2.650000000000000133e-01
-8.097400000000000375e+01 -1.397220000000000084e+02 5.538000000000000256e+00 -3.240000000000000102e-01
-8.618899999999999295e+01 -1.194369999999999976e+02 -2.730000000000000204e-01 -2.459999999999999964e-01
-6.966599999999999682e+01 -1.045639999999999930e+02 -1.118000000000000105e+00 -7.199999999999999456e-02
-5.389699999999999847e+01 -9.960699999999999932e+01 -3.330000000000000071e+00 8.100000000000000255e-02
-4.576400000000000290e+01 -8.645600000000000307e+01 -1.019500000000000028e+01 1.370000000000000107e-01
-2.971999999999999886e+01 -4.664900000000000091e+01 -1.299499999999999922e+01 1.590000000000000024e-01
-3.778000000000000025e+00 1.598000000000000087e+00 -6.993000000000000327e+00 2.230000000000000038e-01
1.101699999999999946e+01 2.359799999999999898e+01 -1.889000000000000012e+00 2.819999999999999729e-01
3.492999999999999883e+00 1.853900000000000148e+01 -9.327999999999999403e+00 2.849999999999999756e-01
-1.385699999999999932e+01 6.483999999999999986e+00 -2.917200000000000060e+01 2.839999999999999747e-01
-2.638100000000000023e+01 -1.056099999999999994e+01 -4.606900000000000261e+01 2.999999999999999889e-01
-2.550300000000000011e+01 -3.141300000000000026e+01 -4.129500000000000171e+01 2.560000000000000053e-01
-6.939999999999999503e-01 -3.516899999999999693e+01 -1.703500000000000014e+01 1.370000000000000107e-01
4.324000000000000199e+01 -1.445500000000000007e+01 1.056999999999999940e+00 6.300000000000000044e-02
7.172199999999999420e+01 7.838000000000000078e+00 -3.093999999999999861e+00 1.010000000000000064e-01
6.049699999999999989e+01 1.627400000000000091e+01 -1.599300000000000033e+01 1.789999999999999925e-01
2.469600000000000151e+01 1.535699999999999932e+01 -2.265200000000000102e+01 1.960000000000000075e-01
-2.592699999999999960e+01 -2.698999999999999844e+00 -3.387599999999999767e+01 1.000000000000000056e-01
-1.037690000000000055e+02 -5.031400000000000006e+01 -5.949900000000000233e+01 -1.209999999999999964e-01
-1.761160000000000139e+02 -9.715000000000000568e+01 -7.222299999999999898e+01 -3.569999999999999840e-01
-1.613300000000000125e+02 -8.262300000000000466e+01 -3.395100000000000051e+01 -4.119999999999999774e-01
-4.022899999999999920e+01 6.110999999999999766e+00 4.538300000000000267e+01 -2.210000000000000020e-01
1.013719999999999999e+02 1.030739999999999981e+02 1.052480000000000047e+02 6.500000000000000222e-02
1.684089999999999918e+02 1.296829999999999927e+02 9.883899999999999864e+01 2.419999999999999929e-01
1.411709999999999923e+02 7.815300000000000580e+01 4.533800000000000097e+01 2.139999999999999958e-01
7.330500000000000682e+01 1.521799999999999997e+01 7.160000000000000142e+00 7.599999999999999811e-02
3.595300000000000296e+01 -1.469000000000000083e+00 1.814699999999999847e+01 3.699999999999999817e-02
4.572099999999999653e+01 1.005899999999999928e+01 4.889399999999999835e+01 1.419999999999999873e-01
6.024900000000000233e+01 4.068999999999999950e+00 5.235999999999999943e+01 2.079999999999999905e-01
5.417600000000000193e+01 -1.308500000000000085e+01 2.500000000000000000e+01 1.179999999999999938e-01
4.608700000000000330e+01 -8.766000000000000014e+00 1.940000000000000058e-01 -2.699999999999999969e-02
4.301800000000000068e+01 7.581000000000000405e+00 -3.975999999999999979e+00 -1.049999999999999961e-01
2.339999999999999858e+01 4.945000000000000284e+00 -2.197999999999999954e+00 -9.700000000000000289e-02
-1.252800000000000047e+01 -1.054700000000000060e+01 -1.074699999999999989e+01 -4.000000000000000083e-02
-2.889900000000000091e+01 -1.018399999999999928e+01 -2.340899999999999892e+01 -1.600000000000000033e-02
-7.083000000000000185e+00 6.360999999999999766e+00 -2.745899999999999963e+01 -8.899999999999999578e-02
2.331599999999999895e+01 1.514199999999999946e+01 -2.559199999999999875e+01 -1.829999999999999960e-01
2.314000000000000057e+01 8.425000000000000711e+00 -2.687699999999999889e+01 -1.590000000000000024e-01
-7.871000000000000441e+00 1.175000000000000044e+00 -3.000600000000000023e+01 -7.399999999999999634e-02
-3.870700000000000074e+01 4.280000000000000249e+00 -2.891499999999999915e+01 -1.320000000000000062e-01
-5.101700000000000301e+01 1.229800000000000004e+01 -2.273300000000000054e+01 -3.320000000000000173e-01
-5.437700000000000244e+01 1.662300000000000111e+01 -1.488599999999999923e+01 -4.460000000000000075e-01
-6.128600000000000136e+01 1.754400000000000048e+01 -1.258900000000000041e+01 -3.699999999999999956e-01
-6.843399999999999750e+01 2.125499999999999901e+01 -2.108899999999999864e+01 -2.520000000000000018e-01
-6.417000000000000171e+01 3.061499999999999844e+01 -3.220300000000000296e+01 -2.320000000000000118e-01
-3.747999999999999687e+01 4.296800000000000352e+01 -3.275800000000000267e+01 -2.580000000000000071e-01
1.575200000000000067e+01 5.776899999999999835e+01 -2.172899999999999920e+01 -2.059999999999999887e-01
7.988200000000000500e+01 7.673600000000000421e+01 -3.240000000000000213e+00 -5.700000000000000205e-02
1.228750000000000000e+02 8.901999999999999602e+01 2.151899999999999835e+01 1.010000000000000064e-01
1.202109999999999985e+02 7.190200000000000102e+01 3.963300000000000267e+01 1.759999999999999898e-01
7.135599999999999454e+01 2.332499999999999929e+01 3.195400000000000063e+01 1.519999999999999962e-01
7.935999999999999943e+00 -1.836499999999999844e+01 1.024099999999999966e+01 1.150000000000000050e-01
-1.802299999999999969e+01 -1.003599999999999959e+01 1.196499999999999986e+01 1.940000000000000058e-01
1.409299999999999997e+01 4.221999999999999886e+01 4.124300000000000210e+01 4.010000000000000231e-01
6.280599999999999739e+01 8.341299999999999670e+01 5.693999999999999773e+01 5.909999999999999698e-01
7.329900000000000659e+01 6.743899999999999295e+01 3.474300000000000210e+01 6.270000000000000018e-01
3.928600000000000136e+01 2.849000000000000199e+00 1.808999999999999941e+00 5.230000000000000204e-01
-8.730000000000000426e+00 -6.247599999999999909e+01 -6.459999999999999964e+00 3.820000000000000062e-01
-5.730599999999999739e+01 -9.412099999999999511e+01 3.629000000000000004e+00 2.099999999999999922e-01
-1.105499999999999972e+02 -9.475700000000000500e+01 4.169999999999999818e-01 -7.399999999999999634e-02
-1.426069999999999993e+02 -7.668399999999999750e+01 -1.941600000000000037e+01 -3.870000000000000107e-01
-1.111830000000000069e+02 -4.312800000000000011e+01 -2.649299999999999855e+01 -4.719999999999999751e-01
-3.015800000000000125e+01 -6.432999999999999829e+00 -7.876999999999999780e+00 -2.680000000000000160e-01
3.371699999999999875e+01 1.308999999999999986e+01 1.567900000000000027e+01 -3.400000000000000244e-02
4.691799999999999926e+01 1.524000000000000021e+01 2.383200000000000074e+01 1.400000000000000029e-02
3.831700000000000017e+01 1.554800000000000004e+01 1.640099999999999980e+01 -7.099999999999999367e-02
4.229500000000000171e+01 1.838299999999999912e+01 3.423999999999999932e+00 -1.239999999999999991e-01
6.192099999999999937e+01 2.174599999999999866e+01 -1.586999999999999966e+00 -5.800000000000000294e-02
8.717199999999999704e+01 3.226500000000000057e+01 9.353999999999999204e+00 1.059999999999999970e-01
1.039729999999999990e+02 5.023299999999999699e+01 2.393199999999999861e+01 2.409999999999999920e-01
8.633299999999999841e+01 5.821900000000000119e+01 2.154100000000000037e+01 2.049999999999999878e-01
2.055399999999999849e+01 4.225000000000000000e+01 3.343999999999999861e+00 -5.000000000000000104e-03
-6.214999999999999858e+01 9.614000000000000767e+00 -1.083600000000000030e+01 -2.220000000000000029e-01
-1.078239999999999981e+02 -2.059100000000000108e+01 -1.352299999999999969e+01 -2.939999999999999836e-01
-9.775300000000000011e+01 -3.353999999999999915e+01 -1.445400000000000063e+01 -2.409999999999999920e-01
-6.470600000000000307e+01 -2.476399999999999935e+01 -1.629299999999999926e+01 -2.010000000000000120e-01
-4.932399999999999807e+01 -2.354000000000000092e+00 -9.541000000000000369e+00 -2.640000000000000124e-01
-5.728199999999999648e+01 1.209099999999999930e+01 4.900999999999999801e+00 -3.750000000000000000e-01
-6.342000000000000171e+01 3.079999999999999960e-01 1.120599999999999952e+01 -4.129999999999999782e-01
-4.756799999999999784e+01 -2.723400000000000176e+01 3.229999999999999982e+00 -3.350000000000000200e-01
-1.978800000000000026e+01 -4.277600000000000335e+01 -7.203999999999999737e+00 -1.960000000000000075e-01
-8.016000000000000014e+00 -4.066799999999999926e+01 -9.964999999999999858e+00 -7.299999999999999545e-02
-2.487900000000000134e+01 -4.085099999999999909e+01 -6.935999999999999943e+00 1.000000000000000021e-03
-5.217799999999999727e+01 -5.460900000000000176e+01 -4.128999999999999559e+00 1.600000000000000033e-02
-5.884499999999999886e+01 -7.036799999999999500e+01 -3.709999999999999964e+00 -3.300000000000000155e-02
-3.777400000000000091e+01 -7.349399999999999977e+01 -2.115000000000000213e+00 -9.900000000000000466e-02
-1.686199999999999832e+01 -6.289900000000000091e+01 3.452999999999999847e+00 -9.800000000000000377e-02
-1.935600000000000165e+01 -4.657399999999999807e+01 8.814000000000000057e+00 -3.699999999999999817e-02
-3.189399999999999835e+01 -3.386999999999999744e+01 9.978999999999999204e+00 1.400000000000000029e-02
-3.253900000000000148e+01 -3.171499999999999986e+01 9.829000000000000625e+00 2.699999999999999969e-02
-2.453000000000000114e+01 -3.725800000000000267e+01 1.082799999999999940e+01 1.099999999999999936e-02
-2.135500000000000043e+01 -3.934799999999999898e+01 8.669000000000000483e+00 -2.699999999999999969e-02
-2.021999999999999886e+01 -3.280100000000000193e+01 -1.110000000000000098e+00 -5.099999999999999672e-02
-4.498999999999999666e+00 -2.060399999999999920e+01 -1.362299999999999933e+01 -8.000000000000000167e-03
3.269599999999999795e+01 -5.378000000000000114e+00 -1.786499999999999844e+01 1.000000000000000056e-01
6.992000000000000171e+01 7.368999999999999773e+00 -1.190399999999999991e+01 2.030000000000000138e-01
7.401099999999999568e+01 7.403999999999999915e+00 -7.467999999999999972e+00 2.449999999999999956e-01
4.078799999999999670e+01 -5.195000000000000284e+00 -1.293099999999999916e+01 2.330000000000000127e-01
2.153999999999999915e+00 -1.449399999999999977e+01 -2.092599999999999838e+01 2.270000000000000073e-01
-1.117300000000000004e+01 -8.800000000000000711e+00 -2.101599999999999824e+01 2.550000000000000044e-01
3.920000000000000151e-01 2.987000000000000099e+00 -1.550600000000000023e+01 2.740000000000000213e-01
1.294699999999999918e+01 1.129999999999999893e+00 -1.462500000000000000e+01 2.129999999999999949e-01
8.567999999999999616e+00 -2.364699999999999847e+01 -2.084100000000000108e+01 5.999999999999999778e-02
-5.501000000000000334e+00 -5.839600000000000080e+01 -2.494000000000000128e+01 -9.299999999999999933e-02
-1.152200000000000024e+01 -7.782699999999999818e+01 -1.920400000000000063e+01 -1.199999999999999956e-01
-9.067999999999999616e+00 -6.827800000000000580e+01 -7.575999999999999623e+00 -2.000000000000000042e-02
-7.834999999999999964e+00 -3.418999999999999773e+01 2.274999999999999911e+00 7.299999999999999545e-02
1.096999999999999975e+00 1.686499999999999844e+01 9.125000000000000000e+00 8.200000000000000344e-02
3.317199999999999704e+01 7.423499999999999943e+01 1.539799999999999969e+01 8.300000000000000433e-02
7.056199999999999761e+01 1.102560000000000002e+02 2.003399999999999892e+01 1.489999999999999936e-01
7.248999999999999488e+01 9.792000000000000171e+01 1.619099999999999895e+01 2.270000000000000073e-01
3.134100000000000108e+01 5.224499999999999744e+01 -9.529999999999999583e-01 2.389999999999999902e-01
-1.349600000000000044e+01 2.655300000000000082e+01 -1.719900000000000162e+01 1.970000000000000084e-01
-2.075300000000000011e+01 5.322699999999999676e+01 -4.019999999999999574e+00 1.700000000000000122e-01
1.876899999999999835e+01 1.064849999999999994e+02 4.152799999999999869e+01 1.590000000000000024e-01
8.364000000000000057e+01 1.338909999999999911e+02 8.093500000000000227e+01 1.029999999999999943e-01
1.351160000000000139e+02 1.096440000000000055e+02 7.924800000000000466e+01 -8.000000000000000167e-03
1.434879999999999995e+02 4.872999999999999687e+01 4.466299999999999670e+01 -1.100000000000000006e-01
1.099489999999999981e+02 -1.879400000000000048e+01 6.238999999999999879e+00 -1.519999999999999962e-01
5.211099999999999710e+01 -7.384999999999999432e+01 -2.454299999999999926e+01 -1.320000000000000062e-01
-1.213299999999999912e+01 -1.059339999999999975e+02 -4.927000000000000313e+01 -7.499999999999999722e-02
-5.403199999999999648e+01 -1.001610000000000014e+02 -5.779699999999999704e+01 -1.000000000000000021e-03
-4.619400000000000261e+01 -5.159000000000000341e+01 -3.753999999999999915e+01 7.299999999999999545e-02
-2.245000000000000107e+00 1.307499999999999929e+01 -2.822999999999999954e+00 1.120000000000000023e-01
2.934499999999999886e+01 5.546999999999999886e+01 1.496899999999999942e+01 8.699999999999999400e-02
1.989000000000000057e+01 6.369700000000000273e+01 7.927999999999999936e+00 2.999999999999999889e-02
-1.792699999999999960e+01 5.098400000000000176e+01 -4.613000000000000433e+00 1.700000000000000122e-02
-5.911099999999999710e+01 2.953399999999999892e+01 -8.898999999999999133e+00 5.999999999999999778e-02
-8.409900000000000375e+01 8.624000000000000554e+00 -4.626999999999999780e+00 8.799999999999999489e-02
-7.495199999999999818e+01 4.762999999999999901e+00 1.101900000000000013e+01 4.599999999999999922e-02
-3.392699999999999960e+01 2.422899999999999920e+01 3.614900000000000091e+01 -3.300000000000000155e-02
1.200000000000000025e-02 4.157600000000000051e+01 4.769299999999999784e+01 -1.000000000000000056e-01
-5.741999999999999993e+00 2.630000000000000071e+01 2.278800000000000026e+01 -1.590000000000000024e-01
-2.791900000000000048e+01 -9.647999999999999687e+00 -2.218199999999999861e+01 -2.190000000000000002e-01
-2.442800000000000082e+01 -2.144399999999999906e+01 -4.324799999999999756e+01 -2.000000000000000111e-01
-5.248000000000000220e+00 6.788999999999999702e+00 -2.702199999999999847e+01 -3.400000000000000244e-02
-1.367699999999999960e+01 3.856000000000000227e+01 -5.463000000000000078e+00 1.570000000000000007e-01
-4.489000000000000057e+01 3.577100000000000080e+01 -2.761000000000000121e+00 1.859999999999999987e-01
-4.388100000000000023e+01 8.460000000000000853e+00 -5.310999999999999943e+00 9.299999999999999933e-02
5.253000000000000114e+00 -3.569999999999999840e+00 2.503000000000000114e+00 9.400000000000000022e-02
4.881400000000000006e+01 1.931899999999999906e+01 1.059900000000000020e+01 2.159999999999999976e-01
4.110699999999999932e+01 5.766700000000000159e+01 5.214000000000000412e+00 2.449999999999999956e-01
-1.415000000000000036e+00 7.264400000000000546e+01 -1.032900000000000063e+01 8.500000000000000611e-02
-3.642999999999999972e+01 4.550800000000000267e+01 -2.529500000000000171e+01 -1.079999999999999988e-01
-4.395400000000000063e+01 1.181000000000000050e+00 -3.227600000000000335e+01 -1.829999999999999960e-01
-3.030900000000000105e+01 -1.937699999999999889e+01 -2.457700000000000173e+01 -1.549999999999999989e-01
-1.149699999999999989e+01 -6.846000000000000085e+00 1.683999999999999941e+00 -9.199999999999999845e-02
-1.183000000000000052e+00 1.070599999999999952e+01 3.588700000000000045e+01 -3.099999999999999978e-02
1.000000000000000056e-01 4.618999999999999773e+00 5.519700000000000273e+01 -1.000000000000000021e-02
5.745000000000000107e+00 -2.538899999999999935e+01 4.830700000000000216e+01 -5.600000000000000117e-02
2.345100000000000051e+01 -5.950200000000000244e+01 2.646699999999999875e+01 -1.380000000000000115e-01
4.313700000000000045e+01 -8.047100000000000364e+01 4.844999999999999751e+00 -2.010000000000000120e-01
4.450800000000000267e+01 -8.190699999999999648e+01 -1.271299999999999919e+01 -2.300000000000000100e-01
8.711999999999999744e+00 -6.764600000000000080e+01 -2.677700000000000102e+01 -2.630000000000000115e-01
-5.728600000000000136e+01 -4.769200000000000017e+01 -3.525000000000000000e+01 -3.099999999999999978e-01
-1.081189999999999998e+02 -2.840800000000000125e+01 -3.674600000000000222e+01 -3.079999999999999960e-01
-1.059590000000000032e+02 -1.180100000000000016e+01 -3.312899999999999778e+01 -2.149999999999999967e-01
-6.777500000000000568e+01 -4.959999999999999964e+00 -2.816100000000000136e+01 -9.099999999999999756e-02
-3.413000000000000256e+01 -1.421799999999999997e+01 -2.456299999999999883e+01 -1.000000000000000021e-02
-1.587500000000000000e+01 -2.999399999999999977e+01 -2.003800000000000026e+01 1.000000000000000021e-02
-1.969999999999999973e+00 -3.750099999999999767e+01 -8.772999999999999687e+00 -3.300000000000000155e-02
9.852000000000000313e+00 -3.958500000000000085e+01 8.983999999999999986e+00 -1.270000000000000018e-01
1.642999999999999972e+01 -4.614099999999999824e+01 2.253800000000000026e+01 -1.869999999999999996e-01
1.691100000000000136e+01 -4.987299999999999756e+01 2.127899999999999991e+01 -1.029999999999999943e-01
5.251000000000000334e+00 -3.991400000000000148e+01 5.868999999999999773e+00 9.800000000000000377e-02
-1.832700000000000173e+01 -2.671000000000000085e+01 -1.372799999999999976e+01 2.399999999999999911e-01
-3.376400000000000290e+01 -2.645700000000000074e+01 -2.663500000000000156e+01 1.960000000000000075e-01
-2.722400000000000020e+01 -3.421000000000000085e+01 -2.877400000000000091e+01 2.699999999999999969e-02
-8.170999999999999375e+00 -3.044300000000000139e+01 -2.400199999999999889e+01 -1.239999999999999991e-01
2.098499999999999943e+01 -5.075999999999999623e+00 -1.422600000000000087e+01 -1.719999999999999862e-01
6.684199999999999875e+01 2.768199999999999861e+01 3.717999999999999972e+00 -1.069999999999999979e-01
1.054590000000000032e+02 4.029299999999999926e+01 2.603600000000000136e+01 2.100000000000000130e-02
1.021140000000000043e+02 2.603800000000000026e+01 3.938300000000000267e+01 1.199999999999999956e-01
6.959199999999999875e+01 4.259999999999999787e+00 3.401200000000000045e+01 1.260000000000000009e-01
5.173899999999999721e+01 -1.155100000000000016e+01 1.304800000000000004e+01 3.500000000000000333e-02
6.205700000000000216e+01 -1.805300000000000082e+01 -8.605999999999999872e+00 -7.799999999999999989e-02
7.622799999999999443e+01 -4.621000000000000441e+00 -1.517300000000000004e+01 -1.000000000000000056e-01
7.030899999999999750e+01 3.062099999999999866e+01 -4.496000000000000441e+00 -2.400000000000000050e-02
4.086800000000000210e+01 6.165899999999999892e+01 1.139100000000000001e+01 2.999999999999999889e-02
-2.564000000000000057e+00 6.257600000000000051e+01 2.015200000000000102e+01 3.400000000000000244e-02
-4.056300000000000239e+01 4.392099999999999937e+01 1.977400000000000091e+01 8.799999999999999489e-02
-4.732699999999999818e+01 3.720499999999999829e+01 1.626899999999999835e+01 2.149999999999999967e-01
-1.903000000000000114e+01 4.906700000000000017e+01 1.366600000000000037e+01 2.969999999999999862e-01
1.309200000000000053e+01 5.500600000000000023e+01 1.052299999999999969e+01 2.720000000000000195e-01
2.288200000000000145e+01 4.175399999999999778e+01 5.644999999999999574e+00 2.000000000000000111e-01
2.022500000000000142e+01 2.916199999999999903e+01 -6.760000000000000453e-01 1.380000000000000115e-01
2.135999999999999943e+01 3.518599999999999994e+01 -8.909000000000000696e+00 8.400000000000000522e-02
1.769999999999999929e+01 4.270100000000000051e+01 -1.630300000000000082e+01 5.199999999999999761e-02
-5.472999999999999865e+00 2.158800000000000097e+01 -1.682799999999999940e+01 7.299999999999999545e-02
-4.193699999999999761e+01 -2.705499999999999972e+01 -8.830000000000000071e+00 1.049999999999999961e-01
-6.912099999999999511e+01 -6.225699999999999790e+01 4.147999999999999687e+00 7.499999999999999722e-02
-6.709900000000000375e+01 -4.416299999999999670e+01 1.785099999999999909e+01 1.000000000000000021e-02
-3.267900000000000205e+01 1.502599999999999980e+01 2.750199999999999889e+01 8.999999999999999320e-03
1.468200000000000038e+01 5.658599999999999852e+01 3.007999999999999829e+01 7.099999999999999367e-02
4.289000000000000057e+01 4.303000000000000114e+01 2.847899999999999920e+01 9.800000000000000377e-02
3.534499999999999886e+01 -8.770000000000000018e-01 2.529100000000000037e+01 6.400000000000000133e-02
1.277200000000000024e+01 -2.945299999999999940e+01 1.617500000000000071e+01 1.600000000000000033e-02
9.615999999999999659e+00 -3.156500000000000128e+01 2.220000000000000029e-01 -3.899999999999999994e-02
2.278699999999999903e+01 -2.674699999999999989e+01 -1.313199999999999967e+01 -1.179999999999999938e-01
1.494299999999999962e+01 -2.961599999999999966e+01 -1.798100000000000165e+01 -1.829999999999999960e-01
-2.423499999999999943e+01 -3.502400000000000091e+01 -1.771099999999999852e+01 -1.910000000000000031e-01
-6.051899999999999835e+01 -2.749299999999999855e+01 -1.330199999999999960e+01 -1.789999999999999925e-01
-6.448000000000000398e+01 1.108000000000000096e+00 -2.740000000000000213e+00 -1.880000000000000004e-01
-4.377400000000000091e+01 3.925000000000000000e+01 1.007799999999999940e+01 -1.680000000000000104e-01
-2.707999999999999829e+01 6.111599999999999966e+01 1.761899999999999977e+01 -7.599999999999999811e-02
-3.284400000000000119e+01 4.983700000000000330e+01 1.670200000000000173e+01 8.999999999999999320e-03
-4.615800000000000125e+01 1.914399999999999835e+01 1.073199999999999932e+01 2.000000000000000042e-03
-3.282999999999999829e+01 4.779999999999999805e-01 5.605999999999999872e+00 -5.099999999999999672e-02
9.984999999999999432e+00 -1.197000000000000064e+00 2.395000000000000018e+00 -4.299999999999999656e-02
4.085799999999999699e+01 -1.694699999999999918e+01 -4.394999999999999574e+00 5.700000000000000205e-02
2.753800000000000026e+01 -6.307300000000000040e+01 -1.758500000000000085e+01 1.769999999999999907e-01
-1.325600000000000023e+01 -1.108089999999999975e+02 -2.969900000000000162e+01 2.139999999999999958e-01
-4.057600000000000051e+01 -1.278870000000000005e+02 -3.072899999999999920e+01 1.459999999999999909e-01
-3.333299999999999841e+01 -1.171770000000000067e+02 -2.009600000000000009e+01 8.400000000000000522e-02
-2.940999999999999837e+00 -9.251900000000000546e+01 -5.118000000000000327e+00 1.380000000000000115e-01
2.071000000000000085e+01 -5.370700000000000074e+01 5.820999999999999730e+00 2.479999999999999982e-01
3.709999999999999964e+00 -9.506000000000000227e+00 4.597999999999999865e+00 2.459999999999999964e-01
-6.591599999999999682e+01 1.392500000000000071e+01 -9.801999999999999602e+00 5.600000000000000117e-02
-1.414319999999999879e+02 1.091399999999999970e+01 -2.441600000000000037e+01 -2.320000000000000118e-01
-1.479250000000000114e+02 4.918000000000000149e+00 -2.736700000000000088e+01 -4.169999999999999818e-01
-8.094299999999999784e+01 1.076900000000000013e+01 -2.472299999999999898e+01 -3.330000000000000182e-01
-1.582000000000000028e+01 2.818400000000000105e+01 -2.511400000000000077e+01 -2.599999999999999881e-02
8.332000000000000739e+00 6.350999999999999801e+01 -1.883800000000000097e+01 2.330000000000000127e-01
3.274399999999999977e+01 1.142279999999999944e+02 4.745000000000000107e+00 2.210000000000000020e-01
7.375300000000000011e+01 1.459110000000000014e+02 2.956099999999999994e+01 1.299999999999999940e-02
7.413800000000000523e+01 1.259249999999999972e+02 3.184100000000000108e+01 -1.370000000000000107e-01
1.348000000000000043e+01 7.225199999999999534e+01 1.908999999999999986e+01 -1.300000000000000044e-01
-2.970100000000000051e+01 3.196399999999999864e+01 1.756099999999999994e+01 -9.500000000000000111e-02
2.044399999999999906e+01 1.830999999999999872e+01 3.284300000000000352e+01 -1.600000000000000033e-01
1.410819999999999936e+02 7.363999999999999879e+00 5.284199999999999875e+01 -2.340000000000000135e-01
2.377969999999999970e+02 -1.566499999999999915e+01 6.616700000000000159e+01 -1.290000000000000036e-01
2.346409999999999911e+02 -4.339500000000000313e+01 5.722399999999999665e+01 1.499999999999999944e-01
1.436239999999999952e+02 -6.545399999999999352e+01 1.794000000000000128e+01 3.930000000000000160e-01
4.864600000000000080e+01 -7.350199999999999534e+01 -2.540399999999999991e+01 4.289999999999999925e-01
1.282300000000000040e+01 -5.455299999999999727e+01 -3.324199999999999733e+01 2.859999999999999765e-01
2.248300000000000054e+01 -2.841000000000000192e+00 -4.802999999999999936e+00 1.340000000000000080e-01
2.525799999999999912e+01 5.697399999999999665e+01 2.104400000000000048e+01 6.300000000000000044e-02
-6.719999999999999751e+00 8.340999999999999659e+01 1.673100000000000165e+01 -6.000000000000000125e-03
-5.798899999999999721e+01 6.529099999999999682e+01 -9.397999999999999687e+00 -1.419999999999999873e-01
-9.615999999999999659e+01 3.108999999999999986e+01 -3.631099999999999994e+01 -2.690000000000000169e-01
-1.045720000000000027e+02 8.907999999999999474e+00 -5.071999999999999886e+01 -2.819999999999999729e-01
-8.718999999999999773e+01 4.094999999999999751e+00 -4.650300000000000011e+01 -1.950000000000000067e-01
-5.357999999999999829e+01 1.358200000000000074e+01 -2.797400000000000020e+01 -1.000000000000000056e-01
-1.266600000000000037e+01 3.322099999999999653e+01 -1.236899999999999977e+01 -5.000000000000000278e-02
2.139099999999999824e+01 4.920400000000000063e+01 -1.142600000000000016e+01 -3.300000000000000155e-02
3.359700000000000131e+01 4.520600000000000307e+01 -1.605300000000000082e+01 -2.699999999999999969e-02
2.743199999999999861e+01 2.279400000000000048e+01 -1.269400000000000084e+01 -5.600000000000000117e-02
2.573100000000000165e+01 2.459999999999999964e-01 -3.947000000000000064e+00 -1.590000000000000024e-01
3.846099999999999852e+01 -1.195500000000000007e+01 -2.721000000000000085e+00 -3.029999999999999916e-01
4.219100000000000250e+01 -2.433200000000000074e+01 -1.575600000000000023e+01 -3.719999999999999973e-01
1.075399999999999956e+01 -5.073199999999999932e+01 -3.469100000000000250e+01 -2.889999999999999791e-01
-4.089999999999999858e+01 -8.300199999999999534e+01 -3.877100000000000080e+01 -1.209999999999999964e-01
-6.983700000000000330e+01 -9.687000000000000455e+01 -1.582900000000000063e+01 1.000000000000000021e-02
-6.278199999999999648e+01 -8.434499999999999886e+01 1.709600000000000009e+01 7.099999999999999367e-02
-4.872800000000000153e+01 -6.503499999999999659e+01 2.901599999999999824e+01 8.899999999999999578e-02
-5.049799999999999756e+01 -5.862199999999999989e+01 1.307900000000000063e+01 5.700000000000000205e-02
-5.923499999999999943e+01 -5.919599999999999795e+01 -6.416000000000000369e+00 6.000000000000000125e-03
-5.841700000000000159e+01 -4.789300000000000068e+01 -7.517999999999999794e+00 5.600000000000000117e-02
-4.112299999999999756e+01 -2.124299999999999855e+01 5.663000000000000256e+00 2.660000000000000142e-01
-9.115000000000000213e+00 3.978000000000000203e+00 1.680499999999999972e+01 5.100000000000000089e-01
2.064300000000000068e+01 8.836000000000000298e+00 1.895200000000000173e+01 6.179999999999999938e-01
2.332199999999999918e+01 -6.559999999999999609e+00 1.605300000000000082e+01 5.600000000000000533e-01
4.109999999999999765e-01 -1.736299999999999955e+01 1.341999999999999993e+01 4.279999999999999916e-01
-1.609900000000000020e+01 -8.409999999999999698e-01 1.249799999999999933e+01 3.079999999999999960e-01
-1.149900000000000055e+01 2.821099999999999852e+01 9.885999999999999233e+00 2.099999999999999922e-01
-9.644000000000000128e+00 3.029700000000000060e+01 -7.249999999999999778e-01 6.800000000000000488e-02
-3.046399999999999864e+01 -6.075999999999999623e+00 -1.997400000000000020e+01 -1.489999999999999936e-01
-5.991299999999999670e+01 -5.050500000000000256e+01 -3.935699999999999932e+01 -3.599999999999999867e-01
-7.490699999999999648e+01 -7.383199999999999363e+01 -5.273299999999999699e+01 -4.889999999999999902e-01
-6.829500000000000171e+01 -7.695999999999999375e+01 -5.775099999999999767e+01 -5.600000000000000533e-01
-4.492000000000000171e+01 -6.975900000000000034e+01 -4.146600000000000108e+01 -5.819999999999999618e-01
-1.778399999999999892e+01 -4.946000000000000085e+01 5.783000000000000362e+00 -5.000000000000000000e-01
2.099999999999999922e-01 -1.257499999999999929e+01 5.684799999999999898e+01 -3.639999999999999902e-01
1.781899999999999906e+01 3.257900000000000063e+01 6.856300000000000239e+01 -3.089999999999999969e-01
5.105499999999999972e+01 6.957699999999999818e+01 4.042399999999999949e+01 -3.220000000000000084e-01
7.980700000000000216e+01 7.779999999999999716e+01 1.119500000000000028e+01 -2.819999999999999729e-01
6.969499999999999318e+01 5.022899999999999920e+01 1.780000000000000027e+00 -2.079999999999999905e-01
3.804399999999999693e+01 1.406600000000000072e+01 1.687000000000000055e+00 -1.749999999999999889e-01
3.396900000000000119e+01 3.642999999999999794e+00 1.352000000000000091e+00 -1.340000000000000080e-01
5.744899999999999807e+01 1.677100000000000080e+01 2.666999999999999815e+00 -3.200000000000000067e-02
6.233299999999999841e+01 2.840599999999999881e+01 5.477000000000000313e+00 8.599999999999999312e-02
3.267699999999999960e+01 3.272699999999999676e+01 5.934000000000000163e+00 1.769999999999999907e-01
3.140000000000000013e-01 4.182300000000000040e+01 3.642999999999999794e+00 2.540000000000000036e-01
-1.047700000000000031e+01 5.717199999999999704e+01 8.020000000000000462e-01 3.039999999999999925e-01
-1.056900000000000084e+01 6.860999999999999943e+01 -9.739999999999999769e-01 3.029999999999999916e-01
-1.269100000000000072e+01 7.212399999999999523e+01 3.780000000000000027e-01 2.780000000000000249e-01
-8.743999999999999773e+00 6.787300000000000466e+01 5.663999999999999702e+00 2.660000000000000142e-01
4.709999999999999964e+00 4.884199999999999875e+01 9.971999999999999531e+00 2.690000000000000169e-01
1.156600000000000072e+01 1.331600000000000072e+01 5.972000000000000419e+00 2.999999999999999889e-01
4.586999999999999744e+00 -1.717800000000000082e+01 -5.753000000000000114e+00 3.449999999999999734e-01
-2.250000000000000056e-01 -1.827499999999999858e+01 -1.400600000000000023e+01 3.320000000000000173e-01
8.579000000000000625e+00 -1.106999999999999984e+00 -9.087999999999999190e+00 1.950000000000000067e-01
2.251899999999999835e+01 -1.776000000000000023e+00 4.621999999999999886e+00 -1.899999999999999953e-02
3.436599999999999966e+01 -2.658699999999999974e+01 1.372400000000000020e+01 -1.620000000000000051e-01
4.777799999999999869e+01 -3.915999999999999659e+01 1.309699999999999953e+01 -1.340000000000000080e-01
5.897099999999999653e+01 -1.605699999999999861e+01 1.058000000000000007e+01 -7.000000000000000146e-03
5.431600000000000250e+01 1.700799999999999912e+01 1.114000000000000057e+01 6.900000000000000577e-02
3.019000000000000128e+01 2.598900000000000077e+01 8.695999999999999730e+00 4.499999999999999833e-02
-6.432999999999999829e+00 1.347499999999999964e+01 6.550000000000000266e-01 1.099999999999999936e-02
-5.072699999999999676e+01 -2.571000000000000174e+00 -5.285999999999999588e+00 6.099999999999999867e-02
-9.091299999999999670e+01 -2.114799999999999969e+01 -4.030000000000000249e+00 1.580000000000000016e-01
-1.046189999999999998e+02 -4.360699999999999932e+01 4.919999999999999929e-01 1.950000000000000067e-01
-8.819899999999999807e+01 -5.651800000000000068e+01 1.830000000000000071e+00 1.459999999999999909e-01
-6.594299999999999784e+01 -4.617699999999999960e+01 3.000000000000000062e-03 1.079999999999999988e-01
-5.229699999999999704e+01 -1.449499999999999922e+01 4.269000000000000128e+00 1.499999999999999944e-01
-3.326299999999999812e+01 1.855799999999999983e+01 1.812300000000000111e+01 2.300000000000000100e-01
-1.189999999999999947e+00 2.745499999999999829e+01 2.551200000000000045e+01 2.780000000000000249e-01
2.111499999999999844e+01 1.045899999999999963e+01 1.238299999999999912e+01 2.849999999999999756e-01
1.423700000000000010e+01 -4.836999999999999744e+00 -7.078999999999999737e+00 2.650000000000000133e-01
-1.467000000000000082e+00 -1.120000000000000023e-01 -1.216000000000000014e+01 2.159999999999999976e-01
1.607199999999999918e+01 1.700300000000000011e+01 -6.908000000000000362e+00 1.559999999999999998e-01
9.091200000000000614e+01 4.553099999999999881e+01 -2.782000000000000028e+00 1.479999999999999927e-01
2.040560000000000116e+02 9.428400000000000603e+01 5.407000000000000028e+00 2.109999999999999931e-01
2.875550000000000068e+02 1.406790000000000020e+02 2.189000000000000057e+01 2.399999999999999911e-01
2.714850000000000136e+02 1.393530000000000086e+02 3.245700000000000074e+01 1.250000000000000000e-01
1.656260000000000048e+02 8.465999999999999659e+01 2.313700000000000045e+01 -6.400000000000000133e-02
5.700000000000000000e+01 2.042099999999999937e+01 4.759999999999999787e-01 -1.539999999999999980e-01
4.384000000000000341e+00 -1.833200000000000074e+01 -1.784799999999999898e+01 -1.209999999999999964e-01
-1.477699999999999925e+01 -3.600999999999999801e+01 -2.296799999999999997e+01 -1.130000000000000032e-01
-3.952799999999999869e+01 -4.795100000000000051e+01 -1.889300000000000068e+01 -2.129999999999999949e-01
-7.126099999999999568e+01 -5.740299999999999869e+01 -1.437100000000000044e+01 -3.320000000000000173e-01
-9.798000000000000398e+01 -6.641500000000000625e+01 -1.675100000000000122e+01 -3.729999999999999982e-01
-1.171919999999999931e+02 -7.876500000000000057e+01 -2.758899999999999864e+01 -3.619999999999999885e-01
-1.261989999999999981e+02 -8.514499999999999602e+01 -3.824199999999999733e+01 -3.579999999999999849e-01
-1.226140000000000043e+02 -7.190999999999999659e+01 -3.581700000000000017e+01 -3.459999999999999742e-01
-1.086239999999999952e+02 -4.614099999999999824e+01 -1.935399999999999920e+01 -2.939999999999999836e-01
-8.179099999999999682e+01 -2.507300000000000040e+01 -1.681999999999999940e+00 -2.330000000000000127e-01
-4.415299999999999869e+01 -7.009999999999999787e+00 9.730000000000000426e+00 -1.869999999999999996e-01
-1.971000000000000085e+01 1.623300000000000054e+01 1.868299999999999983e+01 -1.140000000000000041e-01
-2.995700000000000074e+01 2.959600000000000009e+01 2.245799999999999841e+01 -2.500000000000000139e-02
-5.900999999999999801e+01 1.278700000000000081e+01 1.119899999999999984e+01 -1.200000000000000025e-02
-6.688200000000000500e+01 -2.254799999999999827e+01 -7.865999999999999659e+00 -8.999999999999999667e-02
-3.078999999999999915e+01 -4.422599999999999909e+01 -1.145899999999999963e+01 -1.539999999999999980e-01
3.077100000000000080e+01 -3.545400000000000063e+01 5.714000000000000412e+00 -1.350000000000000089e-01
7.345000000000000284e+01 -1.407999999999999918e+00 2.170599999999999952e+01 -5.800000000000000294e-02
6.720600000000000307e+01 3.671800000000000352e+01 1.817500000000000071e+01 2.000000000000000042e-02
1.286700000000000088e+01 4.520799999999999841e+01 -3.079999999999999960e-01 8.000000000000000167e-03
-7.062800000000000011e+01 4.850999999999999979e+00 -1.865399999999999991e+01 -1.759999999999999898e-01
-1.509499999999999886e+02 -6.047899999999999920e+01 -2.596399999999999864e+01 -4.189999999999999836e-01
-1.850300000000000011e+02 -1.011370000000000005e+02 -2.111299999999999955e+01 -4.680000000000000271e-01
-1.480329999999999870e+02 -8.541400000000000148e+01 -1.348199999999999932e+01 -2.600000000000000089e-01
-6.238100000000000023e+01 -2.695499999999999829e+01 -1.164600000000000080e+01 -3.099999999999999978e-02
1.639900000000000091e+01 2.048999999999999844e+01 -9.333999999999999631e+00 2.500000000000000139e-02
4.455899999999999750e+01 1.182799999999999940e+01 4.979000000000000092e+00 -2.299999999999999961e-02
2.254700000000000060e+01 -3.680599999999999739e+01 2.434400000000000119e+01 -3.799999999999999906e-02
-9.499000000000000554e+00 -6.848999999999999488e+01 2.874299999999999855e+01 -2.500000000000000139e-02
-1.344599999999999973e+01 -5.579599999999999937e+01 1.545199999999999996e+01 -4.299999999999999656e-02
6.027000000000000135e+00 -2.218799999999999883e+01 2.750000000000000222e-01 -8.000000000000000167e-02
2.027400000000000091e+01 -1.120000000000000107e+00 -8.307000000000000384e+00 -1.069999999999999979e-01
3.082600000000000051e+01 2.412999999999999812e+00 -1.244100000000000072e+01 -1.199999999999999956e-01
6.335600000000000165e+01 1.009600000000000009e+01 -1.154100000000000037e+01 -1.130000000000000032e-01
1.097360000000000042e+02 3.559199999999999875e+01 -4.677999999999999936e+00 -8.100000000000000255e-02
1.241850000000000023e+02 5.662100000000000222e+01 2.504000000000000004e+00 -4.900000000000000189e-02
8.593500000000000227e+01 4.007800000000000296e+01 5.506000000000000227e+00 -2.999999999999999889e-02
3.047400000000000020e+01 -4.855999999999999872e+00 8.726000000000000867e+00 5.000000000000000104e-03
2.080999999999999961e+00 -3.387100000000000222e+01 1.490199999999999925e+01 6.800000000000000488e-02
8.850000000000000089e-01 -3.295199999999999818e+01 1.461700000000000088e+01 1.059999999999999970e-01
-3.340000000000000191e-01 -2.979500000000000171e+01 8.830000000000000071e-01 8.799999999999999489e-02
-1.034099999999999930e+01 -3.592099999999999937e+01 -1.505499999999999972e+01 9.400000000000000022e-02
-1.687699999999999889e+01 -3.144300000000000139e+01 -1.854599999999999937e+01 2.049999999999999878e-01
-9.992000000000000881e+00 -7.475999999999999979e+00 -1.142399999999999949e+01 3.380000000000000226e-01
1.111999999999999922e+01 2.589799999999999969e+01 -3.233000000000000096e+00 3.499999999999999778e-01
3.647099999999999653e+01 6.390699999999999648e+01 4.544999999999999929e+00 2.449999999999999956e-01
4.467999999999999972e+01 9.852800000000000580e+01 1.223700000000000010e+01 1.270000000000000018e-01
2.484600000000000009e+01 1.076039999999999992e+02 1.288000000000000078e+01 3.400000000000000244e-02
-5.969999999999999751e-01 8.807200000000000273e+01 3.528000000000000025e+00 -3.099999999999999978e-02
4.674000000000000377e+00 7.386799999999999500e+01 -4.370000000000000107e+00 -6.000000000000000125e-03
4.351700000000000301e+01 9.004800000000000182e+01 1.407000000000000028e+00 1.620000000000000051e-01
7.300499999999999545e+01 1.131009999999999991e+02 1.721799999999999997e+01 3.840000000000000080e-01
5.400699999999999790e+01 1.032369999999999948e+02 2.926099999999999923e+01 4.689999999999999725e-01
1.993000000000000105e+00 5.774600000000000222e+01 2.842699999999999960e+01 3.449999999999999734e-01
-3.587700000000000244e+01 9.157999999999999474e+00 1.339400000000000013e+01 1.340000000000000080e-01
-4.052499999999999858e+01 -1.633500000000000085e+01 -1.098199999999999932e+01 -2.599999999999999881e-02
-2.475400000000000134e+01 -1.764199999999999946e+01 -3.141400000000000148e+01 -1.360000000000000098e-01
1.223999999999999977e+00 -7.578000000000000291e+00 -3.428399999999999892e+01 -2.230000000000000038e-01
3.199299999999999855e+01 8.799999999999999489e-02 -2.194600000000000151e+01 -2.250000000000000056e-01
5.532699999999999818e+01 2.927999999999999936e+00 -8.452999999999999403e+00 -8.599999999999999312e-02
6.205599999999999739e+01 1.274300000000000033e+01 -2.909999999999999809e-01 1.120000000000000023e-01
5.592900000000000205e+01 3.469700000000000273e+01 4.913000000000000256e+00 2.340000000000000135e-01
4.585699999999999932e+01 5.370600000000000307e+01 8.301999999999999602e+00 2.369999999999999885e-01
2.805399999999999849e+01 5.149399999999999977e+01 9.467000000000000526e+00 1.620000000000000051e-01
-1.676000000000000156e+01 2.313500000000000156e+01 6.971000000000000085e+00 5.099999999999999672e-02
-8.772100000000000364e+01 -2.462800000000000011e+01 -2.930000000000000160e+00 -5.500000000000000028e-02
-1.381620000000000061e+02 -7.673399999999999466e+01 -1.878200000000000003e+01 -9.400000000000000022e-02
-1.279869999999999948e+02 -1.174729999999999990e+02 -3.046600000000000108e+01 -2.500000000000000139e-02
-8.918099999999999739e+01 -1.450850000000000080e+02 -3.158699999999999974e+01 8.799999999999999489e-02
-8.616800000000000637e+01 -1.644559999999999889e+02 -2.681899999999999906e+01 1.290000000000000036e-01
-1.223199999999999932e+02 -1.634350000000000023e+02 -2.100199999999999889e+01 7.699999999999999900e-02
-1.406519999999999868e+02 -1.246770000000000067e+02 -1.130599999999999916e+01 2.999999999999999889e-02
-1.048389999999999986e+02 -6.452200000000000557e+01 4.719000000000000306e+00 4.200000000000000261e-02
-2.771600000000000108e+01 -2.557400000000000162e+01 2.254799999999999827e+01 5.199999999999999761e-02
6.149900000000000233e+01 -1.865899999999999892e+01 3.795700000000000074e+01 1.799999999999999864e-02
1.311490000000000009e+02 -7.094000000000000306e+00 5.318999999999999773e+01 -1.000000000000000021e-02
1.521529999999999916e+02 3.080699999999999861e+01 6.655700000000000216e+01 6.000000000000000125e-03
1.250100000000000051e+02 6.348199999999999932e+01 6.614400000000000546e+01 2.199999999999999872e-02
8.174599999999999511e+01 6.045499999999999829e+01 4.670799999999999841e+01 1.200000000000000025e-02
4.681199999999999761e+01 4.229500000000000171e+01 1.951500000000000057e+01 7.000000000000000146e-03
1.933800000000000097e+01 4.015899999999999892e+01 -2.512000000000000011e+00 1.000000000000000021e-02
-1.024000000000000021e+00 4.422599999999999909e+01 -1.520899999999999963e+01 -1.000000000000000021e-03
-1.326999999999999957e+00 2.963200000000000145e+01 -2.062699999999999889e+01 1.000000000000000021e-02
1.601399999999999935e+01 4.028999999999999915e+00 -2.609100000000000108e+01 5.700000000000000205e-02
2.057600000000000051e+01 -4.948999999999999844e+00 -3.779699999999999704e+01 4.700000000000000011e-02
-5.883000000000000007e+00 7.116999999999999993e+00 -4.800800000000000267e+01 -7.900000000000000078e-02
-4.300900000000000034e+01 1.495800000000000018e+01 -4.156900000000000261e+01 -1.990000000000000102e-01
-6.377799999999999869e+01 -3.604000000000000092e+00 -2.103000000000000114e+01 -1.789999999999999925e-01
-5.917600000000000193e+01 -3.718900000000000006e+01 -8.538999999999999702e+00 -8.200000000000000344e-02
-2.909900000000000020e+01 -5.038600000000000279e+01 -1.635000000000000142e+01 -3.799999999999999906e-02
5.814000000000000057e+00 -2.807600000000000051e+01 -3.043499999999999872e+01 -2.599999999999999881e-02
1.030999999999999917e+00 7.524000000000000021e+00 -2.662900000000000134e+01 4.299999999999999656e-02
-4.777799999999999869e+01 3.176999999999999957e+01 5.498999999999999666e+00 1.380000000000000115e-01
-7.022799999999999443e+01 4.045900000000000318e+01 5.165999999999999659e+01 1.570000000000000007e-01
-1.054499999999999993e+01 3.110300000000000153e+01 8.054300000000000637e+01 8.100000000000000255e-02
8.689499999999999602e+01 -2.266999999999999904e+00 6.881199999999999761e+01 -3.099999999999999978e-02
1.336299999999999955e+02 -4.444700000000000273e+01 2.478000000000000114e+01 -1.390000000000000124e-01
1.009639999999999986e+02 -6.276400000000000290e+01 -1.729599999999999937e+01 -2.359999999999999876e-01
3.322800000000000153e+01 -4.888700000000000045e+01 -3.149399999999999977e+01 -3.099999999999999978e-01
-1.322199999999999953e+01 -2.781299999999999883e+01 -2.230199999999999960e+01 -3.599999999999999867e-01
-2.161700000000000088e+01 -1.518599999999999994e+01 -9.522999999999999687e+00 -3.719999999999999973e-01
-9.452999999999999403e+00 3.677000000000000046e+00 -4.711000000000000298e+00 -3.019999999999999907e-01
1.199300000000000033e+01 4.226100000000000279e+01 -8.378000000000000114e+00 -1.439999999999999891e-01
4.498799999999999955e+01 8.909900000000000375e+01 -1.499099999999999966e+01 1.099999999999999936e-02
7.461400000000000432e+01 1.248469999999999942e+02 -1.448099999999999987e+01 7.599999999999999811e-02
7.265399999999999636e+01 1.433789999999999907e+02 -1.306000000000000050e+00 5.899999999999999689e-02
4.377000000000000313e+01 1.503789999999999907e+02 1.539400000000000013e+01 2.100000000000000130e-02
2.741499999999999915e+01 1.486690000000000111e+02 2.057199999999999918e+01 2.400000000000000050e-02
3.894100000000000250e+01 1.280860000000000127e+02 1.146599999999999930e+01 8.599999999999999312e-02
4.766400000000000148e+01 7.483899999999999864e+01 -3.516999999999999904e+00 1.489999999999999936e-01
2.780799999999999983e+01 -5.897999999999999687e+00 -2.134100000000000108e+01 1.650000000000000078e-01
-4.684000000000000163e+00 -8.196200000000000330e+01 -4.327700000000000102e+01 1.529999999999999971e-01
-2.020799999999999841e+01 -1.149629999999999939e+02 -5.585999999999999943e+01 1.160000000000000059e-01
-1.294299999999999962e+01 -9.299200000000000443e+01 -3.503999999999999915e+01 2.999999999999999889e-02
1.935999999999999943e+00 -4.251800000000000068e+01 1.921799999999999997e+01 -4.700000000000000011e-02
1.045400000000000063e+01 -3.470000000000000195e+00 7.080100000000000193e+01 -2.999999999999999889e-02
2.919999999999999929e+00 4.520999999999999908e+00 8.181399999999999295e+01 1.600000000000000033e-02
-3.556099999999999994e+01 -1.378899999999999970e+01 4.816599999999999682e+01 -7.599999999999999811e-02
-1.056479999999999961e+02 -4.587599999999999767e+01 -2.315999999999999837e+00 -2.750000000000000222e-01
-1.623019999999999925e+02 -7.574399999999999977e+01 -3.802400000000000091e+01 -3.220000000000000084e-01
-1.464389999999999930e+02 -8.088400000000000034e+01 -4.558700000000000330e+01 -1.059999999999999970e-01
-6.090699999999999648e+01 -4.875699999999999790e+01 -3.018499999999999872e+01 1.630000000000000060e-01
2.537000000000000099e+01 3.096000000000000085e+00 -5.208000000000000185e+00 2.600000000000000089e-01
6.036899999999999977e+01 4.174099999999999966e+01 1.731400000000000006e+01 2.179999999999999993e-01
5.590100000000000335e+01 4.930400000000000205e+01 3.089499999999999957e+01 1.789999999999999925e-01
3.906700000000000017e+01 2.578099999999999881e+01 3.002700000000000102e+01 1.429999999999999882e-01
6.894999999999999574e+00 -1.909400000000000119e+01 1.053400000000000070e+01 3.500000000000000333e-02
-3.927600000000000335e+01 -6.098700000000000188e+01 -1.791000000000000014e+01 -9.700000000000000289e-02
-6.330599999999999739e+01 -7.214799999999999613e+01 -3.404999999999999716e+01 -1.439999999999999891e-01
-4.443599999999999994e+01 -5.201100000000000279e+01 -2.866400000000000148e+01 -9.800000000000000377e-02
-1.867099999999999937e+01 -2.810999999999999943e+01 -1.223700000000000010e+01 -2.599999999999999881e-02
-2.766400000000000148e+01 -2.272700000000000031e+01 1.641000000000000014e+00 2.699999999999999969e-02
-5.997899999999999920e+01 -3.263100000000000023e+01 6.570000000000000284e+00 3.300000000000000155e-02
-7.412099999999999511e+01 -3.840400000000000347e+01 2.962000000000000188e+00 -5.000000000000000104e-03
-5.367600000000000193e+01 -2.786199999999999832e+01 -2.930000000000000160e+00 -2.999999999999999889e-02
-2.083500000000000085e+01 -1.461800000000000033e+01 -8.025000000000000355e+00 8.999999999999999320e-03
-6.730999999999999872e+00 -2.434799999999999898e+01 -1.737800000000000011e+01 9.800000000000000377e-02
-1.583300000000000018e+01 -5.540800000000000125e+01 -2.767099999999999937e+01 1.749999999999999889e-01
-2.317599999999999838e+01 -7.380599999999999739e+01 -2.266900000000000048e+01 1.849999999999999978e-01
-8.509999999999999787e+00 -5.785199999999999676e+01 -2.097999999999999865e+00 1.049999999999999961e-01
1.612999999999999901e+01 -2.330799999999999983e+01 1.142999999999999972e+01 -5.000000000000000104e-03
2.091400000000000148e+01 5.402999999999999581e+00 9.676000000000000156e+00 -4.700000000000000011e-02
-5.677999999999999936e+00 2.298100000000000165e+01 6.748000000000000220e+00 -8.999999999999999320e-03
-4.436399999999999721e+01 3.091300000000000026e+01 3.524000000000000021e+00 1.799999999999999864e-02
-6.302900000000000347e+01 2.270200000000000173e+01 -7.479000000000000092e+00 -5.199999999999999761e-02
-3.772200000000000131e+01 2.399000000000000021e+00 -6.998999999999999666e+00 -2.030000000000000138e-01
3.032100000000000151e+01 -1.919999999999999929e+00 2.418499999999999872e+01 -2.919999999999999818e-01
1.038020000000000067e+02 2.516700000000000159e+01 5.749699999999999989e+01 -1.799999999999999933e-01
1.341899999999999977e+02 5.092199999999999704e+01 5.127199999999999847e+01 4.700000000000000011e-02
1.105079999999999956e+02 3.679500000000000171e+01 1.552200000000000024e+01 1.509999999999999953e-01
6.532999999999999829e+01 6.160000000000000142e+00 -4.338000000000000078e+00 4.900000000000000189e-02
3.194300000000000139e+01 1.737099999999999866e+01 6.266000000000000014e+00 -9.199999999999999845e-02
1.733500000000000085e+01 7.046399999999999864e+01 1.926200000000000045e+01 -9.700000000000000289e-02
1.406000000000000050e+01 1.024830000000000041e+02 1.319299999999999962e+01 3.000000000000000062e-03
1.506099999999999994e+01 8.418899999999999295e+01 2.670000000000000151e-01 6.400000000000000133e-02
1.092200000000000060e+01 5.534400000000000119e+01 -2.363999999999999879e+00 2.699999999999999969e-02
-8.996000000000000441e+00 5.007399999999999807e+01 6.139999999999999902e-01 -3.500000000000000333e-02
-3.828799999999999670e+01 5.084899999999999665e+01 -2.205000000000000071e+00 -3.699999999999999817e-02
-4.977100000000000080e+01 3.288400000000000034e+01 -7.655000000000000249e+00 6.000000000000000125e-03
-2.639600000000000080e+01 4.820999999999999730e+00 -4.631000000000000227e+00 2.400000000000000050e-02
1.395100000000000051e+01 -1.054599999999999937e+01 8.086999999999999744e+00 1.200000000000000025e-02
3.722299999999999898e+01 -1.003800000000000026e+01 1.718499999999999872e+01 2.500000000000000139e-02
2.951800000000000068e+01 -1.256700000000000017e+01 8.721999999999999531e+00 7.699999999999999900e-02
5.291000000000000369e+00 -3.266499999999999915e+01 -1.226500000000000057e+01 1.199999999999999956e-01
-1.547000000000000064e+01 -5.941799999999999926e+01 -2.598499999999999943e+01 1.270000000000000018e-01
-2.641900000000000048e+01 -7.115500000000000114e+01 -2.545499999999999829e+01 1.199999999999999956e-01
-3.306900000000000261e+01 -6.679999999999999716e+01 -2.377100000000000080e+01 1.150000000000000050e-01
-4.567999999999999972e+01 -6.519400000000000261e+01 -3.182799999999999940e+01 8.699999999999999400e-02
-7.198099999999999454e+01 -7.357099999999999795e+01 -4.333200000000000074e+01 3.500000000000000333e-02
-1.030580000000000069e+02 -7.687199999999999989e+01 -4.226700000000000301e+01 -1.000000000000000021e-03
-1.116659999999999968e+02 -6.165599999999999881e+01 -2.061799999999999855e+01 -5.000000000000000104e-03
-7.843999999999999773e+01 -3.034299999999999997e+01 1.074200000000000088e+01 -1.799999999999999864e-02
-1.522100000000000009e+01 1.226299999999999990e+01 3.368900000000000006e+01 -7.299999999999999545e-02
4.180499999999999972e+01 5.941799999999999926e+01 4.091400000000000148e+01 -1.110000000000000014e-01
5.614300000000000068e+01 8.346099999999999852e+01 3.173999999999999844e+01 -7.499999999999999722e-02
2.093499999999999872e+01 5.856700000000000017e+01 5.951999999999999957e+00 -4.399999999999999745e-02
-2.573999999999999844e+01 1.256300000000000061e+01 -2.235699999999999932e+01 -8.599999999999999312e-02
-3.621900000000000119e+01 3.536000000000000032e+00 -2.887600000000000122e+01 -8.999999999999999667e-02
-3.158999999999999808e+00 4.015400000000000347e+01 -1.217399999999999949e+01 4.499999999999999833e-02
4.726299999999999812e+01 7.856399999999999295e+01 2.846999999999999975e+00 1.950000000000000067e-01
9.133100000000000307e+01 8.746099999999999852e+01 5.260000000000000231e-01 1.729999999999999871e-01
1.117519999999999953e+02 6.757500000000000284e+01 -1.212199999999999989e+01 -2.800000000000000058e-02
9.484199999999999875e+01 2.981700000000000017e+01 -2.427499999999999858e+01 -2.340000000000000135e-01
5.147800000000000153e+01 -5.392000000000000348e+00 -2.916300000000000026e+01 -3.019999999999999907e-01
2.027100000000000080e+01 -1.189700000000000024e+01 -1.971900000000000119e+01 -2.459999999999999964e-01
3.139799999999999969e+01 1.161400000000000077e+01 3.829000000000000181e+00 -1.549999999999999989e-01
7.541200000000000614e+01 3.736899999999999977e+01 2.863700000000000045e+01 -6.300000000000000044e-02
1.129110000000000014e+02 4.636999999999999744e+01 4.220400000000000063e+01 4.399999999999999745e-02
1.137409999999999997e+02 4.397800000000000153e+01 4.160999999999999943e+01 1.499999999999999944e-01
8.086799999999999500e+01 3.378099999999999881e+01 2.818299999999999983e+01 1.910000000000000031e-01
3.370700000000000074e+01 8.323999999999999844e+00 7.841000000000000192e+00 1.370000000000000107e-01
-1.319200000000000017e+01 -2.628500000000000014e+01 -3.900999999999999801e+00 4.900000000000000189e-02
-4.939999999999999858e+01 -4.621900000000000119e+01 4.179999999999999716e+00 -2.000000000000000042e-03
-6.674800000000000466e+01 -4.105499999999999972e+01 1.887300000000000111e+01 -2.100000000000000130e-02
-6.208200000000000074e+01 -2.708699999999999974e+01 1.630499999999999972e+01 -2.699999999999999969e-02
-3.722399999999999665e+01 -2.282700000000000173e+01 -2.797000000000000153e+00 -2.000000000000000042e-02
-3.693999999999999950e+00 -2.968400000000000105e+01 -1.518500000000000050e+01 -2.900000000000000147e-02
1.770499999999999829e+01 -3.906900000000000261e+01 -1.165700000000000003e+01 -6.400000000000000133e-02
1.476099999999999923e+01 -4.146600000000000108e+01 -5.179000000000000270e+00 -5.500000000000000028e-02
-5.709999999999999964e+00 -3.141900000000000048e+01 -6.490999999999999659e+00 4.399999999999999745e-02
-2.792599999999999838e+01 -1.641000000000000014e+01 -1.413400000000000034e+01 1.320000000000000062e-01
-3.434300000000000352e+01 -8.523999999999999133e+00 -1.985500000000000043e+01 9.700000000000000289e-02
-1.417200000000000060e+01 -3.188000000000000167e+00 -1.274900000000000055e+01 2.299999999999999961e-02
1.458699999999999974e+01 9.160999999999999588e+00 6.554999999999999716e+00 5.299999999999999850e-02
1.221599999999999930e+01 1.755999999999999872e+01 1.860200000000000031e+01 1.380000000000000115e-01
-3.089399999999999835e+01 9.567999999999999616e+00 1.157000000000000028e+01 1.280000000000000027e-01
-7.646200000000000330e+01 -2.548000000000000043e+00 -8.000000000000000167e-03 2.599999999999999881e-02
-9.133899999999999864e+01 -5.416000000000000369e+00 -2.020000000000000018e+00 -6.300000000000000044e-02
-8.134199999999999875e+01 -7.243999999999999773e+00 -3.076999999999999957e+00 -1.120000000000000023e-01
-5.702000000000000313e+01 -1.369800000000000040e+01 -1.194299999999999962e+01 -1.509999999999999953e-01
-1.196199999999999974e+01 -1.218599999999999994e+01 -1.721799999999999997e+01 -1.489999999999999936e-01
4.796800000000000352e+01 2.407999999999999918e+00 -7.679999999999999716e+00 -4.499999999999999833e-02
9.144700000000000273e+01 1.368099999999999916e+01 6.932000000000000384e+00 1.310000000000000053e-01
9.200400000000000489e+01 6.833000000000000185e+00 1.124900000000000055e+01 2.520000000000000018e-01
5.662800000000000011e+01 -1.134099999999999930e+01 7.052999999999999936e+00 2.340000000000000135e-01
1.898600000000000065e+01 -2.169500000000000028e+01 7.302999999999999936e+00 1.280000000000000027e-01
3.049999999999999822e+00 -1.843599999999999994e+01 1.261999999999999922e+01 4.100000000000000172e-02
-2.000000000000000042e-02 -1.802299999999999969e+01 8.759000000000000341e+00 -8.000000000000000167e-03
-9.534000000000000696e+00 -3.336899999999999977e+01 -8.279999999999999361e+00 -5.800000000000000294e-02
-2.498000000000000043e+01 -5.276899999999999835e+01 -2.242699999999999960e+01 -1.140000000000000041e-01
-3.389999999999999858e+01 -5.898400000000000176e+01 -2.255900000000000105e+01 -1.529999999999999971e-01
-3.592900000000000205e+01 -5.248899999999999721e+01 -1.810999999999999943e+01 -1.509999999999999953e-01
-4.068200000000000216e+01 -4.316899999999999693e+01 -1.872700000000000031e+01 -8.899999999999999578e-02
-4.780100000000000193e+01 -3.309100000000000108e+01 -1.572000000000000064e+01 -6.000000000000000125e-03
-4.932200000000000273e+01 -1.881500000000000128e+01 3.060000000000000053e+00 2.400000000000000050e-02
-5.158500000000000085e+01 -4.926999999999999602e+00 2.830499999999999972e+01 -2.100000000000000130e-02
-6.775199999999999534e+01 -3.255999999999999783e+00 3.400900000000000034e+01 -1.000000000000000056e-01
-8.227599999999999625e+01 -1.245800000000000018e+01 1.229299999999999926e+01 -1.610000000000000042e-01
-5.207900000000000063e+01 -6.012999999999999901e+00 -7.971000000000000085e+00 -1.459999999999999909e-01
3.868699999999999761e+01 3.992300000000000182e+01 4.836000000000000298e+00 -3.400000000000000244e-02
1.351220000000000141e+02 1.003100000000000023e+02 3.565800000000000125e+01 1.039999999999999952e-01
1.533549999999999898e+02 1.146940000000000026e+02 3.659100000000000108e+01 1.590000000000000024e-01
8.290800000000000125e+01 6.945099999999999341e+01 -3.817000000000000171e+00 1.350000000000000089e-01
1.481999999999999984e+00 2.302400000000000091e+01 -4.236800000000000210e+01 1.489999999999999936e-01
-3.676500000000000057e+01 1.776699999999999946e+01 -4.307600000000000051e+01 2.369999999999999885e-01
-5.121300000000000097e+01 2.504200000000000159e+01 -1.655799999999999983e+01 2.710000000000000187e-01
-5.149900000000000233e+01 1.385200000000000031e+01 1.227399999999999913e+01 1.499999999999999944e-01
-1.415600000000000058e+01 4.567000000000000171e+00 3.249799999999999756e+01 -5.700000000000000205e-02
3.312800000000000011e+01 1.655600000000000094e+01 3.400200000000000244e+01 -2.099999999999999922e-01
2.636799999999999855e+01 3.050100000000000122e+01 1.035699999999999932e+01 -2.409999999999999920e-01
-1.957700000000000173e+01 3.257000000000000028e+01 -1.598700000000000010e+01 -1.859999999999999987e-01
-2.945700000000000074e+01 3.428799999999999670e+01 -1.217600000000000016e+01 -1.229999999999999982e-01
3.294999999999999929e+00 3.340400000000000347e+01 1.580799999999999983e+01 -8.799999999999999489e-02
1.589600000000000080e+01 1.333999999999999986e+01 3.104500000000000171e+01 -4.800000000000000100e-02
-9.631000000000000227e+00 -1.657199999999999918e+01 2.196300000000000097e+01 1.700000000000000122e-02
-2.455900000000000105e+01 -3.238900000000000290e+01 9.240999999999999659e+00 6.600000000000000311e-02
2.947000000000000064e+00 -3.372699999999999676e+01 3.071000000000000174e+00 7.599999999999999811e-02
5.087700000000000244e+01 -2.920100000000000051e+01 -3.020000000000000018e+00 9.900000000000000466e-02
8.704399999999999693e+01 -1.232399999999999984e+01 -6.168000000000000149e+00 1.769999999999999907e-01
1.003209999999999980e+02 1.498099999999999987e+01 -6.420000000000000151e-01 2.690000000000000169e-01
8.827800000000000580e+01 2.860999999999999943e+01 4.102000000000000313e+00 2.839999999999999747e-01
4.692499999999999716e+01 1.570700000000000074e+01 5.170000000000000151e-01 2.099999999999999922e-01
-2.167999999999999972e+01 -9.804000000000000270e+00 -2.068000000000000060e+00 1.390000000000000124e-01
-9.551500000000000057e+01 -3.261500000000000199e+01 5.779999999999999583e-01 1.130000000000000032e-01
-1.297969999999999970e+02 -4.448199999999999932e+01 -3.458000000000000185e+00 8.000000000000000167e-03
-9.593699999999999761e+01 -3.404500000000000171e+01 -1.686799999999999855e+01 -2.670000000000000151e-01
-3.012500000000000000e+01 -2.265000000000000124e+00 -2.524200000000000088e+01 -5.430000000000000382e-01
-2.141000000000000014e+00 2.111100000000000065e+01 -2.319099999999999895e+01 -5.849999999999999645e-01
-2.832499999999999929e+01 7.072000000000000064e+00 -2.115299999999999869e+01 -4.430000000000000049e-01
-6.226700000000000301e+01 -3.386599999999999966e+01 -2.480000000000000071e+01 -3.589999999999999858e-01
-6.767000000000000171e+01 -6.603799999999999670e+01 -2.766499999999999915e+01 -3.880000000000000115e-01
-4.201899999999999835e+01 -6.731499999999999773e+01 -2.214799999999999969e+01 -3.719999999999999973e-01
1.512100000000000044e+01 -3.716100000000000136e+01 -9.037000000000000810e+00 -2.369999999999999885e-01
8.619899999999999807e+01 6.381999999999999673e+00 4.881999999999999673e+00 -1.010000000000000064e-01
1.104479999999999933e+02 2.976399999999999935e+01 1.667800000000000082e+01 -7.000000000000000666e-02
5.214699999999999847e+01 1.735000000000000142e+01 2.663299999999999912e+01 -1.069999999999999979e-01
-2.526500000000000057e+01 6.999999999999999556e-01 2.962399999999999878e+01 -8.400000000000000522e-02
-2.907300000000000040e+01 1.973499999999999943e+01 1.991499999999999915e+01 7.799999999999999989e-02
3.517000000000000171e+01 6.101200000000000045e+01 3.508000000000000007e+00 3.029999999999999916e-01
7.731300000000000239e+01 7.492600000000000193e+01 -3.950000000000000178e+00 4.510000000000000120e-01
4.986099999999999710e+01 4.782300000000000040e+01 5.751000000000000334e+00 5.210000000000000187e-01
-6.948000000000000398e+00 1.153200000000000003e+01 1.975499999999999901e+01 6.109999999999999876e-01
-4.297500000000000142e+01 -1.269200000000000017e+01 1.409200000000000053e+01 6.670000000000000373e-01
-5.750699999999999790e+01 -3.257699999999999818e+01 -1.545299999999999940e+01 5.160000000000000142e-01
-6.740999999999999659e+01 -4.849399999999999977e+01 -4.079699999999999704e+01 1.869999999999999996e-01
-6.395799999999999841e+01 -4.268500000000000227e+01 -3.346099999999999852e+01 -5.800000000000000294e-02
-2.869999999999999929e+01 -1.521700000000000053e+01 -6.440000000000000169e-01 -8.000000000000000167e-02
2.707199999999999918e+01 3.911000000000000032e+00 2.603399999999999892e+01 -2.800000000000000058e-02
6.052000000000000313e+01 -5.375000000000000000e+00 2.751800000000000068e+01 -5.800000000000000294e-02
3.932900000000000063e+01 -2.938299999999999912e+01 7.600999999999999979e+00 -1.140000000000000041e-01
-1.922500000000000142e+01 -4.652199999999999847e+01 -1.992099999999999937e+01 -9.099999999999999756e-02
-6.439199999999999591e+01 -4.854399999999999693e+01 -3.841700000000000159e+01 1.000000000000000021e-03
-7.403100000000000591e+01 -3.907000000000000028e+01 -3.581700000000000017e+01 8.300000000000000433e-02
-7.656100000000000705e+01 -3.508800000000000097e+01 -1.630799999999999983e+01 9.299999999999999933e-02
-8.757500000000000284e+01 -4.963400000000000034e+01 4.777999999999999581e+00 1.299999999999999940e-02
-6.653600000000000136e+01 -6.259899999999999665e+01 1.855999999999999872e+01 -1.039999999999999952e-01
1.043200000000000038e+01 -4.425399999999999778e+01 2.554400000000000048e+01 -1.509999999999999953e-01
8.311499999999999488e+01 -4.283000000000000362e+00 2.571600000000000108e+01 -8.500000000000000611e-02
8.534199999999999875e+01 2.202400000000000091e+01 1.630699999999999861e+01 -1.499999999999999944e-02
4.332099999999999795e+01 2.453900000000000148e+01 -1.637000000000000011e+00 -7.299999999999999545e-02
2.646999999999999886e+01 2.273699999999999832e+01 -1.808699999999999974e+01 -2.260000000000000064e-01
5.687700000000000244e+01 3.721500000000000341e+01 -1.640399999999999991e+01 -3.069999999999999951e-01
1.205400000000000063e+02 7.709300000000000352e+01 1.005899999999999928e+01 -1.920000000000000040e-01
1.924139999999999873e+02 1.290240000000000009e+02 4.007099999999999795e+01 8.000000000000000167e-02
2.192810000000000059e+02 1.515209999999999866e+02 4.049199999999999733e+01 3.170000000000000040e-01
1.641349999999999909e+02 1.181260000000000048e+02 7.724000000000000199e+00 3.649999999999999911e-01
6.785099999999999909e+01 6.129399999999999693e+01 -2.611400000000000077e+01 2.770000000000000240e-01
-1.371199999999999974e+01 2.752599999999999980e+01 -3.696600000000000108e+01 1.930000000000000049e-01
-8.998300000000000409e+01 9.598000000000000753e+00 -3.653900000000000148e+01 1.089999999999999997e-01
-1.683609999999999900e+02 -2.007100000000000151e+01 -4.009599999999999653e+01 -5.399999999999999939e-02
-1.814900000000000091e+02 -4.210099999999999909e+01 -3.119800000000000040e+01 -2.079999999999999905e-01
-8.677899999999999636e+01 -2.246699999999999875e+01 9.705000000000000071e+00 -2.000000000000000111e-01
2.955600000000000094e+01 2.035200000000000031e+01 5.959199999999999875e+01 -9.500000000000000111e-02
5.400900000000000034e+01 3.806799999999999784e+01 7.397400000000000375e+01 -8.100000000000000255e-02
-2.673999999999999932e+00 1.820499999999999829e+01 4.537299999999999756e+01 -1.660000000000000087e-01
-4.646600000000000108e+01 -9.698000000000000398e+00 9.147999999999999687e+00 -2.330000000000000127e-01
-4.248599999999999710e+01 -1.885600000000000165e+01 -5.110000000000000320e+00 -2.389999999999999902e-01
-3.258200000000000074e+01 -1.352800000000000047e+01 -2.104000000000000092e+00 -2.119999999999999940e-01
-4.679800000000000182e+01 -1.386400000000000077e+01 -6.340000000000000080e-01 -1.509999999999999953e-01
-7.010599999999999454e+01 -2.651099999999999923e+01 -6.806000000000000050e+00 -6.800000000000000488e-02
-8.219700000000000273e+01 -4.003399999999999892e+01 -1.394200000000000017e+01 -1.700000000000000122e-02
-8.054999999999999716e+01 -4.590500000000000114e+01 -1.722800000000000153e+01 -2.000000000000000042e-02
-6.488700000000000045e+01 -5.115299999999999869e+01 -2.010500000000000043e+01 -4.299999999999999656e-02
-2.858399999999999963e+01 -6.299099999999999966e+01 -2.613200000000000145e+01 -4.399999999999999745e-02
2.301699999999999946e+01 -6.999500000000000455e+01 -2.956500000000000128e+01 -7.000000000000000146e-03
6.116899999999999693e+01 -5.440999999999999659e+01 -2.182999999999999829e+01 4.299999999999999656e-02
5.995199999999999818e+01 -2.298699999999999832e+01 -6.102999999999999758e+00 7.900000000000000078e-02
2.901899999999999835e+01 -5.326999999999999957e+00 4.740000000000000213e+00 1.089999999999999997e-01
5.477999999999999758e+00 -1.261100000000000065e+01 4.658999999999999808e+00 1.549999999999999989e-01
1.611499999999999844e+01 -2.171999999999999886e+01 4.540000000000000147e-01 1.970000000000000084e-01
4.953699999999999903e+01 -1.566999999999999993e+01 1.862000000000000099e+00 1.940000000000000058e-01
6.172899999999999920e+01 -1.150300000000000011e+01 9.230999999999999872e+00 1.209999999999999964e-01
2.495200000000000173e+01 -2.645599999999999952e+01 1.098900000000000077e+01 3.000000000000000062e-03
-2.806500000000000128e+01 -4.558500000000000085e+01 -2.986000000000000210e+00 -8.200000000000000344e-02
-4.190800000000000125e+01 -4.659400000000000119e+01 -2.495400000000000063e+01 -7.599999999999999811e-02
-1.288400000000000034e+01 -3.091900000000000048e+01 -3.435399999999999920e+01 0.000000000000000000e+00
1.502399999999999913e+01 -1.447400000000000020e+01 -2.221300000000000097e+01 8.999999999999999667e-02
1.179100000000000037e+01 -1.195599999999999952e+01 -8.569999999999999840e-01 1.580000000000000016e-01
-1.707000000000000028e+01 -3.191400000000000148e+01 1.512500000000000000e+01 1.880000000000000004e-01
-4.978099999999999881e+01 -6.041700000000000159e+01 2.406800000000000139e+01 1.749999999999999889e-01
-6.233899999999999864e+01 -5.967000000000000171e+01 2.739300000000000068e+01 1.130000000000000032e-01
-4.104699999999999704e+01 -1.242800000000000082e+01 1.969000000000000128e+01 0.000000000000000000e+00
-8.289999999999999591e-01 4.796699999999999875e+01 -2.173000000000000043e+00 -1.370000000000000107e-01
2.366799999999999926e+01 7.960599999999999454e+01 -2.708399999999999963e+01 -2.280000000000000082e-01
2.107999999999999829e+01 8.556100000000000705e+01 -3.468099999999999739e+01 -2.280000000000000082e-01
1.806800000000000139e+01 9.724899999999999523e+01 -1.489799999999999969e+01 -1.809999999999999942e-01
3.457699999999999818e+01 1.176580000000000013e+02 1.779599999999999937e+01 -1.640000000000000069e-01
5.003499999999999659e+01 1.175390000000000015e+02 3.451299999999999812e+01 -1.940000000000000058e-01
3.908599999999999852e+01 9.340200000000000102e+01 2.360500000000000043e+01 -2.069999999999999896e-01
2.026899999999999835e+01 8.743500000000000227e+01 5.836999999999999744e+00 -1.260000000000000009e-01
3.184299999999999997e+01 1.262789999999999964e+02 4.937999999999999723e+00 5.299999999999999850e-02
6.705800000000000693e+01 1.759360000000000070e+02 1.569500000000000028e+01 2.280000000000000082e-01
7.977400000000000091e+01 1.830049999999999955e+02 1.934299999999999997e+01 2.829999999999999738e-01
5.633500000000000085e+01 1.350569999999999879e+02 1.319100000000000072e+01 2.190000000000000002e-01
3.209300000000000352e+01 6.268200000000000216e+01 5.389000000000000234e+00 1.499999999999999944e-01
2.733899999999999864e+01 -9.489999999999999547e-01 -2.362999999999999989e+00 1.439999999999999891e-01
1.635600000000000165e+01 -4.776899999999999835e+01 -1.008600000000000030e+01 1.330000000000000071e-01
-1.910099999999999909e+01 -8.491800000000000637e+01 -1.153299999999999947e+01 4.000000000000000083e-02
-4.936099999999999710e+01 -1.077030000000000030e+02 -2.165999999999999925e+00 -8.400000000000000522e-02
-4.592199999999999704e+01 -1.001430000000000007e+02 1.182399999999999984e+01 -1.179999999999999938e-01
-3.801200000000000045e+01 -6.827400000000000091e+01 1.584900000000000020e+01 -4.599999999999999922e-02
-6.723099999999999454e+01 -4.537299999999999756e+01 4.789999999999999813e-01 1.400000000000000029e-02
-1.060520000000000067e+02 -4.728600000000000136e+01 -2.174399999999999977e+01 -5.000000000000000104e-03
-8.841899999999999693e+01 -5.362100000000000222e+01 -2.376899999999999835e+01 -2.999999999999999889e-02
-1.526299999999999990e+01 -4.914699999999999847e+01 -1.550999999999999934e+00 -0.000000000000000000e+00
4.099600000000000222e+01 -4.652799999999999869e+01 1.539499999999999957e+01 3.400000000000000244e-02
4.273700000000000188e+01 -5.157600000000000051e+01 9.226000000000000867e+00 1.099999999999999936e-02
3.178200000000000003e+01 -4.520100000000000051e+01 2.609999999999999876e+00 -5.099999999999999672e-02
5.040899999999999892e+01 -1.942599999999999838e+01 2.005900000000000105e+01 -9.900000000000000466e-02
7.380100000000000193e+01 -2.929999999999999827e-01 4.533400000000000318e+01 -1.120000000000000023e-01
5.478900000000000148e+01 -1.495100000000000051e+01 4.369200000000000017e+01 -9.299999999999999933e-02
-1.405000000000000027e+00 -5.254200000000000159e+01 1.359699999999999953e+01 -3.699999999999999817e-02
-5.015899999999999892e+01 -7.712900000000000489e+01 -1.291799999999999926e+01 4.299999999999999656e-02
-7.220000000000000284e+01 -7.310999999999999943e+01 -1.811199999999999832e+01 9.500000000000000111e-02
-8.091599999999999682e+01 -5.398199999999999932e+01 -1.509999999999999964e+01 6.199999999999999956e-02
-8.006100000000000705e+01 -2.892099999999999937e+01 -1.607100000000000151e+01 -2.199999999999999872e-02
-5.552499999999999858e+01 5.100999999999999979e+00 -1.552999999999999936e+01 -3.099999999999999978e-02
-6.998999999999999666e+00 3.541799999999999926e+01 -9.089999999999999858e+00 7.599999999999999811e-02
3.860999999999999943e+01 3.785999999999999943e+01 -4.112000000000000099e+00 1.829999999999999960e-01
5.172800000000000153e+01 1.496499999999999986e+01 -6.559999999999999609e+00 1.690000000000000113e-01
2.863299999999999912e+01 -5.809000000000000163e+00 -1.192200000000000060e+01 4.900000000000000189e-02
-9.125000000000000000e+00 -1.132499999999999929e+01 -1.281499999999999950e+01 -7.199999999999999456e-02
-3.672899999999999920e+01 -1.093999999999999950e+01 -9.189999999999999503e+00 -1.350000000000000089e-01
-3.962899999999999778e+01 -1.243500000000000050e+01 -7.557999999999999829e+00 -1.509999999999999953e-01
-1.511400000000000077e+01 -1.256799999999999962e+01 -1.248900000000000077e+01 -1.320000000000000062e-01
2.478300000000000125e+01 -9.115000000000000213e+00 -2.125900000000000034e+01 -7.799999999999999989e-02
5.839800000000000324e+01 -6.197000000000000064e+00 -2.133999999999999986e+01 2.000000000000000042e-03
6.986299999999999955e+01 -4.639000000000000234e+00 9.080000000000000293e-01 1.089999999999999997e-01
5.306499999999999773e+01 -9.719999999999999751e-01 3.294800000000000040e+01 2.230000000000000038e-01
1.137800000000000011e+01 2.371999999999999886e+00 3.658599999999999852e+01 2.409999999999999920e-01
-3.192999999999999972e+01 5.310000000000000275e-01 1.040000000000000036e+00 1.010000000000000064e-01
-4.413499999999999801e+01 -3.505999999999999783e+00 -3.254999999999999716e+01 -7.299999999999999545e-02
-2.166100000000000136e+01 -6.520999999999999908e+00 -2.557799999999999940e+01 -1.290000000000000036e-01
-1.002000000000000002e+00 -1.770299999999999940e+01 6.027999999999999581e+00 -1.150000000000000050e-01
-1.922500000000000142e+01 -4.923899999999999721e+01 1.742999999999999972e+01 -1.680000000000000104e-01
-6.746200000000000330e+01 -9.275199999999999534e+01 -2.943000000000000060e+00 -2.620000000000000107e-01
-8.579399999999999693e+01 -1.138010000000000019e+02 -1.959499999999999886e+01 -2.500000000000000000e-01
-2.233699999999999974e+01 -7.965200000000000102e+01 -2.510000000000000009e-01 -8.000000000000000167e-02
8.826900000000000546e+01 2.174999999999999822e+00 3.969200000000000017e+01 1.370000000000000107e-01
1.460070000000000050e+02 8.240000000000000568e+01 5.752199999999999847e+01 2.439999999999999947e-01
1.114060000000000059e+02 1.169020000000000010e+02 3.539399999999999835e+01 1.779999999999999916e-01
4.982999999999999829e+01 1.039509999999999934e+02 -4.673000000000000043e+00 5.700000000000000205e-02
2.938299999999999912e+01 7.115200000000000102e+01 -3.000600000000000023e+01 5.199999999999999761e-02
4.439600000000000080e+01 4.265299999999999869e+01 -2.826300000000000168e+01 1.660000000000000087e-01
4.984799999999999898e+01 2.296099999999999852e+01 -1.267300000000000004e+01 2.220000000000000029e-01
2.066000000000000014e+01 4.899000000000000021e+00 -2.258999999999999897e+00 8.699999999999999400e-02
-2.584199999999999875e+01 -1.204100000000000037e+01 -7.940000000000000391e-01 -1.630000000000000060e-01
-5.127600000000000335e+01 -1.950700000000000145e+01 -3.800000000000000044e-01 -3.310000000000000164e-01
-4.065899999999999892e+01 -1.486999999999999922e+01 1.070999999999999952e+00 -3.019999999999999907e-01
-1.558999999999999986e+01 -7.142000000000000348e+00 -1.205999999999999961e+00 -1.489999999999999936e-01
-3.736000000000000210e+00 -7.953999999999999737e+00 -6.362000000000000099e+00 -3.899999999999999994e-02
-1.350200000000000067e+01 -1.948499999999999943e+01 -8.428000000000000824e+00 -3.200000000000000067e-02
-3.677199999999999847e+01 -3.097299999999999898e+01 -7.118999999999999773e+00 -4.100000000000000172e-02
-6.069599999999999795e+01 -3.022800000000000153e+01 -6.641000000000000014e+00 1.000000000000000021e-02
-7.634099999999999397e+01 -1.596100000000000030e+01 -8.441000000000000725e+00 7.099999999999999367e-02
-8.212000000000000455e+01 6.437999999999999723e+00 -1.289400000000000013e+01 6.900000000000000577e-02
-7.708899999999999864e+01 3.453000000000000114e+01 -1.962199999999999989e+01 3.400000000000000244e-02
-5.165899999999999892e+01 6.768999999999999773e+01 -2.266199999999999903e+01 4.599999999999999922e-02
1.254999999999999893e+00 9.897799999999999443e+01 -1.591799999999999926e+01 8.999999999999999667e-02
5.826700000000000301e+01 1.119470000000000027e+02 -4.275999999999999801e+00 7.900000000000000078e-02
7.081600000000000250e+01 9.200100000000000477e+01 -3.150000000000000022e-01 -1.400000000000000029e-02
2.228500000000000014e+01 4.597999999999999687e+01 -8.618999999999999773e+00 -1.069999999999999979e-01
-3.918999999999999773e+01 3.944999999999999840e+00 -1.692000000000000171e+01 -1.270000000000000018e-01
-5.834599999999999653e+01 -7.665000000000000036e+00 -6.559999999999999609e+00 -7.699999999999999900e-02
-4.240599999999999881e+01 8.724999999999999645e+00 2.464099999999999824e+01 -1.799999999999999864e-02
-2.750100000000000122e+01 3.249399999999999977e+01 5.390400000000000347e+01 -3.000000000000000062e-03
-7.408999999999999808e+00 4.776899999999999835e+01 5.337199999999999989e+01 -5.000000000000000104e-03
4.023599999999999710e+01 4.264699999999999847e+01 1.933099999999999952e+01 2.900000000000000147e-02
9.437800000000000011e+01 1.638200000000000145e+01 -1.721399999999999864e+01 6.300000000000000044e-02
1.209050000000000011e+02 -2.379999999999999893e+00 -1.868199999999999861e+01 3.899999999999999994e-02
1.194959999999999951e+02 1.170199999999999996e+01 1.261599999999999966e+01 -8.000000000000000167e-03
9.820900000000000318e+01 3.653799999999999670e+01 3.630199999999999960e+01 -4.599999999999999922e-02
5.681799999999999784e+01 3.666700000000000159e+01 3.098300000000000054e+01 -9.400000000000000022e-02
1.556400000000000006e+01 1.618199999999999861e+01 1.779100000000000037e+01 -9.900000000000000466e-02
2.487000000000000099e+00 -1.417999999999999927e+00 1.600499999999999901e+01 1.299999999999999940e-02
1.146599999999999930e+01 -1.352599999999999980e+01 1.364799999999999969e+01 1.590000000000000024e-01
1.700700000000000145e+01 -2.698100000000000165e+01 -2.269000000000000128e+00 1.900000000000000022e-01
1.495199999999999996e+01 -3.212700000000000244e+01 -2.021600000000000108e+01 1.089999999999999997e-01
1.735500000000000043e+01 -1.332099999999999973e+01 -2.290200000000000102e+01 4.000000000000000083e-02
2.421099999999999852e+01 2.431099999999999994e+01 -1.016499999999999915e+01 5.199999999999999761e-02
2.242800000000000082e+01 5.493900000000000006e+01 4.285999999999999588e+00 1.160000000000000059e-01
-5.939999999999999725e-01 5.803799999999999670e+01 8.898999999999999133e+00 1.650000000000000078e-01
-5.596699999999999875e+01 3.229299999999999926e+01 2.129999999999999893e+00 1.280000000000000027e-01
-1.414809999999999945e+02 -1.296400000000000041e+01 -1.172799999999999976e+01 6.000000000000000125e-03
-2.149089999999999918e+02 -6.298799999999999955e+01 -2.584600000000000009e+01 -1.019999999999999934e-01
-2.156349999999999909e+02 -9.732099999999999795e+01 -2.996099999999999852e+01 -1.100000000000000006e-01
-1.375780000000000030e+02 -1.026550000000000011e+02 -1.839900000000000091e+01 -3.799999999999999906e-02
-4.827700000000000102e+01 -8.784300000000000352e+01 -9.579999999999999627e-01 1.899999999999999953e-02
-1.333200000000000074e+01 -7.536100000000000421e+01 6.022999999999999687e+00 2.199999999999999872e-02
-3.150799999999999912e+01 -7.795300000000000296e+01 -1.721000000000000085e+00 1.899999999999999953e-02
-6.310699999999999932e+01 -9.275799999999999557e+01 -1.733200000000000074e+01 2.199999999999999872e-02
-8.501900000000000546e+01 -1.124270000000000067e+02 -3.486200000000000188e+01 -2.800000000000000058e-02
-8.772299999999999898e+01 -1.257819999999999965e+02 -4.665800000000000125e+01 -1.160000000000000059e-01
-5.296900000000000119e+01 -1.161919999999999931e+02 -3.942600000000000193e+01 -1.250000000000000000e-01
1.872200000000000131e+01 -8.182500000000000284e+01 -1.320500000000000007e+01 -2.599999999999999881e-02
7.646999999999999886e+01 -4.553900000000000148e+01 8.256000000000000227e+00 9.400000000000000022e-02
7.308499999999999375e+01 -2.153999999999999915e+01 9.941000000000000725e+00 1.809999999999999942e-01
4.595000000000000284e+01 5.804999999999999716e+00 7.717999999999999972e+00 2.489999999999999991e-01
7.329900000000000659e+01 4.771099999999999852e+01 1.500300000000000011e+01 2.790000000000000258e-01
1.456490000000000009e+02 8.451699999999999591e+01 1.824500000000000099e+01 2.260000000000000064e-01
1.654439999999999884e+02 9.283799999999999386e+01 6.823000000000000398e+00 9.500000000000000111e-02
9.310099999999999909e+01 7.468300000000000693e+01 -5.237000000000000099e+00 -4.100000000000000172e-02
3.233000000000000096e+00 4.488900000000000290e+01 -4.416000000000000369e+00 -9.900000000000000466e-02
-3.313000000000000256e+01 1.063899999999999935e+01 2.857000000000000206e+00 -6.199999999999999956e-02
-2.896900000000000119e+01 -1.912900000000000134e+01 7.189000000000000057e+00 1.000000000000000021e-03
-1.029700000000000060e+01 -2.401699999999999946e+01 1.170299999999999940e+01 7.000000000000000146e-03
3.773400000000000176e+01 5.320000000000000284e+00 2.380900000000000105e+01 -5.600000000000000117e-02
1.068520000000000039e+02 4.582399999999999807e+01 4.229899999999999949e+01 -1.069999999999999979e-01
1.334790000000000134e+02 5.885199999999999676e+01 5.362899999999999778e+01 -8.500000000000000611e-02
8.519400000000000261e+01 3.061700000000000088e+01 4.265899999999999892e+01 -6.300000000000000044e-02
1.543699999999999939e+01 -8.147999999999999687e+00 1.284500000000000064e+01 -1.360000000000000098e-01
-1.184699999999999953e+01 -1.267300000000000004e+01 -1.292800000000000082e+01 -2.230000000000000038e-01
1.910000000000000031e-01 2.829400000000000048e+01 -1.800400000000000134e+01 -1.509999999999999953e-01
9.007999999999999119e+00 8.682800000000000296e+01 -7.562000000000000277e+00 5.000000000000000278e-02
-4.477999999999999758e+00 1.286999999999999886e+02 3.184000000000000163e+00 1.499999999999999944e-01
-2.414699999999999847e+01 1.390749999999999886e+02 4.751000000000000334e+00 5.899999999999999689e-02
-2.841100000000000136e+01 1.242669999999999959e+02 -8.369999999999999662e-01 -4.000000000000000083e-02
-1.545299999999999940e+01 9.839199999999999591e+01 -9.070000000000000284e-01 2.100000000000000130e-02
1.179999999999999938e+00 6.694700000000000273e+01 1.462800000000000011e+01 1.710000000000000131e-01
1.179100000000000037e+01 2.515399999999999991e+01 3.394200000000000017e+01 2.429999999999999938e-01
1.132699999999999996e+01 -2.579899999999999949e+01 3.040399999999999991e+01 1.570000000000000007e-01
-8.130000000000000782e+00 -7.014000000000000057e+01 -1.362999999999999989e+00 -6.199999999999999956e-02
-4.113400000000000034e+01 -9.134199999999999875e+01 -3.233299999999999841e+01 -3.099999999999999978e-01
-5.902000000000000313e+01 -8.977899999999999636e+01 -3.628499999999999659e+01 -4.349999999999999978e-01
-4.520100000000000051e+01 -8.063200000000000500e+01 -2.350300000000000011e+01 -3.569999999999999840e-01
-2.280900000000000105e+01 -7.361899999999999977e+01 -1.715399999999999991e+01 -1.710000000000000131e-01
-2.152700000000000102e+01 -6.451500000000000057e+01 -1.571400000000000041e+01 -6.500000000000000222e-02
-3.771200000000000330e+01 -5.063199999999999790e+01 -6.089999999999999858e+00 -1.059999999999999970e-01
-4.728000000000000114e+01 -3.926400000000000290e+01 5.349000000000000199e+00 -1.880000000000000004e-01
-4.009199999999999875e+01 -3.691100000000000136e+01 1.877000000000000002e+00 -2.169999999999999984e-01
-2.580099999999999838e+01 -4.183899999999999864e+01 -1.689799999999999969e+01 -2.590000000000000080e-01
-1.240900000000000070e+01 -4.524900000000000233e+01 -3.365699999999999648e+01 -3.970000000000000195e-01
5.661999999999999922e+00 -3.734000000000000341e+01 -3.157499999999999929e+01 -5.160000000000000142e-01
3.000100000000000122e+01 -1.885900000000000176e+01 -1.053299999999999947e+01 -4.189999999999999836e-01
4.462800000000000011e+01 -1.147999999999999909e+00 1.060299999999999976e+01 -1.239999999999999991e-01
3.759400000000000119e+01 1.233200000000000074e+01 1.315399999999999991e+01 1.360000000000000098e-01
2.117699999999999960e+01 3.203499999999999659e+01 2.494000000000000217e+00 2.230000000000000038e-01
1.585100000000000087e+01 5.856400000000000006e+01 7.119999999999999662e-01 2.439999999999999947e-01
2.884199999999999875e+01 7.024699999999999989e+01 1.491799999999999926e+01 3.089999999999999969e-01
4.918999999999999773e+01 5.268999999999999773e+01 2.921399999999999864e+01 3.629999999999999893e-01
5.085600000000000165e+01 2.043400000000000105e+01 2.733299999999999841e+01 3.130000000000000004e-01
1.733399999999999963e+01 -7.206000000000000405e+00 1.001500000000000057e+01 1.769999999999999907e-01
-2.963100000000000023e+01 -2.578300000000000125e+01 -9.361000000000000654e+00 5.999999999999999778e-02
-4.974600000000000222e+01 -3.199500000000000099e+01 -2.040500000000000114e+01 3.899999999999999994e-02
-2.937000000000000099e+01 -1.935800000000000054e+01 -2.098900000000000077e+01 7.399999999999999634e-02
1.117999999999999972e+01 6.206000000000000405e+00 -7.708999999999999631e+00 6.900000000000000577e-02
4.196099999999999852e+01 2.471499999999999986e+01 1.985000000000000142e+01 3.699999999999999817e-02
4.454899999999999949e+01 2.076999999999999957e+01 4.281900000000000261e+01 7.799999999999999989e-02
2.641400000000000148e+01 1.913000000000000034e+00 3.893099999999999739e+01 2.030000000000000138e-01
1.663299999999999912e+01 -6.950000000000000178e+00 1.709299999999999997e+01 3.029999999999999916e-01
3.114399999999999835e+01 5.384000000000000341e+00 6.483999999999999986e+00 2.999999999999999889e-01
4.851100000000000279e+01 2.143199999999999861e+01 1.302399999999999913e+01 2.099999999999999922e-01
3.484899999999999665e+01 1.766000000000000014e+01 1.489199999999999946e+01 8.300000000000000433e-02
-1.223099999999999987e+01 -1.067399999999999949e+01 -3.609999999999999876e+00 -2.199999999999999872e-02
-5.525500000000000256e+01 -4.764399999999999835e+01 -3.475900000000000034e+01 -5.099999999999999672e-02
-5.629399999999999693e+01 -7.153900000000000148e+01 -5.792199999999999704e+01 -1.400000000000000029e-02
-1.780399999999999849e+01 -7.229699999999999704e+01 -5.671099999999999852e+01 1.799999999999999864e-02
2.664900000000000091e+01 -5.404800000000000182e+01 -3.049099999999999966e+01 2.699999999999999969e-02
5.697399999999999665e+01 -2.796199999999999974e+01 5.682999999999999829e+00 8.400000000000000522e-02
8.274800000000000466e+01 -1.057499999999999929e+01 3.080300000000000082e+01 2.220000000000000029e-01
1.043919999999999959e+02 -1.464199999999999946e+01 2.980600000000000094e+01 3.240000000000000102e-01
8.404800000000000182e+01 -3.188200000000000145e+01 3.854000000000000092e+00 2.349999999999999867e-01
2.909999999999999809e-01 -3.679200000000000159e+01 -2.680199999999999960e+01 -2.199999999999999872e-02
-9.084999999999999432e+01 -1.184099999999999930e+01 -3.630199999999999960e+01 -2.280000000000000082e-01
-1.175090000000000003e+02 3.344200000000000017e+01 -1.768400000000000105e+01 -2.099999999999999922e-01
-8.956499999999999773e+01 6.935500000000000398e+01 9.951999999999999957e+00 -6.400000000000000133e-02
-6.687900000000000489e+01 7.993699999999999761e+01 2.571300000000000097e+01 6.000000000000000125e-03
-6.903199999999999648e+01 8.092400000000000659e+01 2.831700000000000017e+01 -2.900000000000000147e-02
-7.753700000000000614e+01 8.812000000000000455e+01 2.470400000000000063e+01 -6.099999999999999867e-02
-8.287300000000000466e+01 9.217799999999999727e+01 1.468900000000000006e+01 -4.900000000000000189e-02
-8.037699999999999534e+01 8.612300000000000466e+01 7.000000000000000146e-03 -3.400000000000000244e-02
-5.840200000000000102e+01 8.640999999999999659e+01 -8.000000000000000000e+00 -2.100000000000000130e-02
-1.942099999999999937e+01 1.048780000000000001e+02 -2.467999999999999972e+00 2.800000000000000058e-02
1.768900000000000006e+01 1.246830000000000069e+02 7.519999999999999574e+00 1.209999999999999964e-01
4.297699999999999676e+01 1.197930000000000064e+02 7.107000000000000206e+00 2.240000000000000047e-01
5.379599999999999937e+01 8.413100000000000023e+01 -7.516000000000000014e+00 2.889999999999999791e-01
3.458599999999999852e+01 3.274799999999999756e+01 -2.612099999999999866e+01 2.720000000000000195e-01
-2.371600000000000108e+01 -1.585999999999999943e+01 -3.473599999999999710e+01 1.719999999999999862e-01
-8.931900000000000261e+01 -5.222299999999999898e+01 -2.610099999999999909e+01 2.599999999999999881e-02
-1.172480000000000047e+02 -7.953300000000000125e+01 -6.522999999999999687e+00 -1.439999999999999891e-01
-1.028010000000000019e+02 -1.068840000000000003e+02 5.318999999999999950e+00 -2.939999999999999836e-01
-6.811700000000000443e+01 -1.317659999999999911e+02 -1.935000000000000053e+00 -3.220000000000000084e-01
-2.273300000000000054e+01 -1.358110000000000070e+02 -1.426600000000000001e+01 -2.280000000000000082e-01
2.387399999999999878e+01 -1.062650000000000006e+02 -8.512000000000000455e+00 -1.670000000000000095e-01
4.930100000000000193e+01 -5.681000000000000227e+01 1.636499999999999844e+01 -2.039999999999999869e-01
5.200500000000000256e+01 -1.853099999999999881e+01 3.949600000000000222e+01 -2.129999999999999949e-01
5.880100000000000193e+01 -6.767999999999999794e+00 4.647099999999999653e+01 -1.330000000000000071e-01
7.435800000000000409e+01 -8.832000000000000739e+00 4.059499999999999886e+01 -6.700000000000000400e-02
6.706799999999999784e+01 -1.079100000000000037e+01 2.726599999999999824e+01 -7.799999999999999989e-02
2.526599999999999824e+01 -1.543399999999999928e+01 6.011000000000000121e+00 -1.219999999999999973e-01
-1.796999999999999886e+01 -2.571699999999999875e+01 -1.868599999999999994e+01 -1.769999999999999907e-01
-3.382200000000000273e+01 -3.208100000000000307e+01 -3.350099999999999767e+01 -2.409999999999999920e-01
-3.395900000000000318e+01 -2.692599999999999838e+01 -3.108299999999999841e+01 -2.580000000000000071e-01
-4.049399999999999977e+01 -1.767899999999999849e+01 -2.027799999999999869e+01 -1.700000000000000122e-01
-4.485099999999999909e+01 -1.390399999999999991e+01 -1.374799999999999933e+01 -5.000000000000000104e-03
-2.453999999999999915e+01 -1.354800000000000004e+01 -1.369299999999999962e+01 1.449999999999999900e-01
8.948000000000000398e+00 -1.357799999999999940e+01 -1.484600000000000009e+01 1.900000000000000022e-01
2.042000000000000171e+01 -1.800100000000000122e+01 -1.192699999999999960e+01 1.179999999999999938e-01
8.422000000000000597e+00 -2.622400000000000020e+01 -3.246999999999999886e+00 2.500000000000000139e-02
4.221000000000000085e+00 -3.123999999999999844e+01 6.554000000000000270e+00 -3.000000000000000062e-03
1.772400000000000020e+01 -3.076000000000000156e+01 1.153599999999999959e+01 8.999999999999999320e-03
3.380400000000000205e+01 -2.754200000000000159e+01 1.236999999999999922e+01 -2.199999999999999872e-02
4.920199999999999818e+01 -2.601399999999999935e+01 1.115300000000000047e+01 -9.700000000000000289e-02
6.621699999999999875e+01 -3.018499999999999872e+01 6.057999999999999829e+00 -1.089999999999999997e-01
7.147599999999999909e+01 -3.499300000000000210e+01 1.510000000000000009e+00 8.000000000000000167e-03
6.086500000000000199e+01 -2.948400000000000176e+01 8.801000000000000156e+00 1.779999999999999916e-01
5.296399999999999864e+01 -1.332900000000000063e+01 2.441300000000000026e+01 2.839999999999999747e-01
4.801299999999999812e+01 4.514000000000000234e+00 2.497100000000000009e+01 2.760000000000000231e-01
1.905399999999999849e+01 1.924299999999999855e+01 -1.762999999999999901e+00 1.549999999999999989e-01
-2.957999999999999829e+01 2.993900000000000006e+01 -3.413799999999999812e+01 -5.000000000000000104e-03
-4.056900000000000261e+01 3.671200000000000330e+01 -4.064200000000000301e+01 -9.099999999999999756e-02
2.569200000000000017e+01 4.590800000000000125e+01 -1.765399999999999991e+01 -7.199999999999999456e-02
1.224809999999999945e+02 6.373899999999999721e+01 1.126699999999999946e+01 0.000000000000000000e+00
1.580639999999999930e+02 7.865999999999999659e+01 2.354700000000000060e+01 7.399999999999999634e-02
1.042740000000000009e+02 6.946699999999999875e+01 1.450300000000000011e+01 9.900000000000000466e-02
2.308699999999999974e+01 3.809700000000000131e+01 -1.713000000000000078e+00 4.499999999999999833e-02
-2.147100000000000009e+01 1.071499999999999986e+01 -5.758000000000000007e+00 -4.100000000000000172e-02
-3.123000000000000043e+01 9.230000000000000426e-01 2.712000000000000188e+00 -9.199999999999999845e-02
-4.018099999999999739e+01 -2.653000000000000025e+00 5.591000000000000192e+00 -1.049999999999999961e-01
-5.678499999999999659e+01 -9.486000000000000654e+00 -2.059000000000000163e+00 -1.049999999999999961e-01
-6.544499999999999318e+01 -1.276999999999999957e+01 -3.443000000000000060e+00 -9.800000000000000377e-02
-6.213199999999999790e+01 -7.551999999999999602e+00 8.691000000000000725e+00 -8.500000000000000611e-02
-5.726200000000000045e+01 -2.915000000000000036e+00 1.817099999999999937e+01 -7.299999999999999545e-02
-4.780700000000000216e+01 -6.532000000000000028e+00 1.287800000000000011e+01 -5.500000000000000028e-02
-2.207600000000000051e+01 -1.227699999999999925e+01 1.586000000000000076e+00 -2.599999999999999881e-02
5.128999999999999559e+00 -1.258300000000000018e+01 -5.217999999999999972e+00 -5.000000000000000104e-03
6.239999999999999991e-01 -1.093999999999999950e+01 -9.023999999999999133e+00 5.000000000000000104e-03
-3.995300000000000296e+01 -1.167500000000000071e+01 -1.268500000000000050e+01 2.199999999999999872e-02
-8.286700000000000443e+01 -5.245000000000000107e+00 -1.389400000000000013e+01 6.199999999999999956e-02
-9.189499999999999602e+01 2.022400000000000020e+01 -1.075699999999999967e+01 1.039999999999999952e-01
-5.426500000000000057e+01 5.567300000000000182e+01 -2.435000000000000053e+00 1.029999999999999943e-01
1.542500000000000071e+01 7.887099999999999511e+01 1.168500000000000050e+01 5.600000000000000117e-02
7.817300000000000182e+01 8.105299999999999727e+01 2.433800000000000097e+01 1.899999999999999953e-02
9.738500000000000512e+01 6.990800000000000125e+01 2.139300000000000068e+01 7.000000000000000146e-03
7.880299999999999727e+01 5.692300000000000182e+01 6.049999999999999822e-01 -3.300000000000000155e-02
5.810999999999999943e+01 4.888600000000000279e+01 -2.126300000000000168e+01 -9.400000000000000022e-02
4.871000000000000085e+01 4.121600000000000108e+01 -2.669300000000000139e+01 -8.799999999999999489e-02
3.685300000000000153e+01 2.625400000000000134e+01 -1.188299999999999912e+01 1.899999999999999953e-02
1.723199999999999932e+01 1.146100000000000030e+01 1.537800000000000011e+01 1.680000000000000104e-01
4.309999999999999942e-01 9.476000000000000867e+00 3.811200000000000188e+01 3.059999999999999942e-01
-2.378000000000000114e+00 1.314799999999999969e+01 3.693099999999999739e+01 3.850000000000000089e-01
1.356300000000000061e+01 6.453999999999999737e+00 1.018399999999999928e+01 3.420000000000000262e-01
3.972099999999999653e+01 -4.464999999999999858e+00 -1.854100000000000037e+01 1.819999999999999951e-01
5.361999999999999744e+01 3.388999999999999790e+00 -2.537300000000000111e+01 2.400000000000000050e-02
4.236699999999999733e+01 3.300200000000000244e+01 -1.387199999999999989e+01 -3.099999999999999978e-02
1.679700000000000060e+01 5.347800000000000153e+01 -7.267999999999999794e+00 4.000000000000000083e-03
-1.080199999999999960e+01 3.324199999999999733e+01 -1.528899999999999970e+01 5.000000000000000278e-02
-4.004899999999999949e+01 -1.790399999999999991e+01 -2.215500000000000114e+01 5.899999999999999689e-02
-6.618099999999999739e+01 -5.858800000000000097e+01 -1.367500000000000071e+01 2.999999999999999889e-02
-7.835800000000000409e+01 -6.990399999999999636e+01 -1.919000000000000039e+00 -3.599999999999999728e-02
-7.896999999999999886e+01 -7.092199999999999704e+01 -6.203999999999999737e+00 -1.429999999999999882e-01
-8.514799999999999613e+01 -7.520199999999999818e+01 -2.044800000000000040e+01 -2.520000000000000018e-01
-1.037450000000000045e+02 -6.790699999999999648e+01 -2.117699999999999960e+01 -2.600000000000000089e-01
-1.142429999999999950e+02 -3.873400000000000176e+01 -2.176000000000000156e+00 -1.390000000000000124e-01
-9.354000000000000625e+01 -9.846000000000000085e+00 1.786199999999999832e+01 -4.700000000000000011e-02
-4.890699999999999648e+01 -1.150600000000000023e+01 2.225600000000000023e+01 -1.400000000000000133e-01
-9.439999999999999503e-01 -3.973100000000000165e+01 1.723799999999999955e+01 -3.330000000000000182e-01
4.390699999999999648e+01 -5.816299999999999670e+01 1.853000000000000114e+01 -3.850000000000000089e-01
7.701600000000000534e+01 -4.559400000000000119e+01 2.537199999999999989e+01 -2.010000000000000120e-01
8.135299999999999443e+01 -2.343700000000000117e+01 2.341199999999999903e+01 5.999999999999999778e-02
6.442799999999999727e+01 -2.160099999999999909e+01 1.233000000000000007e+01 1.839999999999999969e-01
5.406499999999999773e+01 -3.428300000000000125e+01 8.217999999999999972e+00 1.610000000000000042e-01
4.189600000000000080e+01 -3.748299999999999699e+01 1.293999999999999950e+01 1.170000000000000068e-01
-1.826999999999999957e+01 -3.455599999999999739e+01 7.743000000000000327e+00 6.099999999999999867e-02
-1.235109999999999957e+02 -4.362100000000000222e+01 -1.502899999999999991e+01 -7.900000000000000078e-02
-1.885339999999999918e+02 -5.187700000000000244e+01 -3.986699999999999733e+01 -2.220000000000000029e-01
-1.484499999999999886e+02 -2.983800000000000097e+01 -5.051800000000000068e+01 -2.260000000000000064e-01
-4.266799999999999926e+01 1.618400000000000105e+01 -4.084599999999999653e+01 -1.409999999999999865e-01
5.171500000000000341e+01 5.047299999999999898e+01 -9.077999999999999403e+00 -1.160000000000000059e-01
1.096820000000000022e+02 5.761299999999999955e+01 3.325600000000000023e+01 -1.380000000000000115e-01
1.321469999999999914e+02 4.737199999999999989e+01 5.691599999999999682e+01 -1.069999999999999979e-01
1.033490000000000038e+02 2.711299999999999955e+01 4.541599999999999682e+01 -4.299999999999999656e-02
3.674000000000000199e+01 3.729000000000000092e+00 1.805999999999999872e+01 -1.700000000000000122e-02
-4.009999999999999787e+00 -7.104000000000000092e+00 2.904999999999999805e+00 -1.200000000000000025e-02
1.396899999999999942e+01 4.010000000000000231e-01 3.786000000000000032e+00 2.199999999999999872e-02
4.837199999999999989e+01 1.259399999999999942e+01 8.326999999999999957e+00 9.700000000000000289e-02
5.233500000000000085e+01 1.770499999999999829e+01 9.243000000000000327e+00 1.950000000000000067e-01
3.557399999999999807e+01 1.828099999999999881e+01 6.600999999999999979e+00 2.919999999999999818e-01
3.102599999999999980e+01 1.848900000000000077e+01 2.406000000000000139e+00 3.479999999999999760e-01
4.162599999999999767e+01 1.655499999999999972e+01 -7.610000000000000098e-01 3.330000000000000182e-01
4.238300000000000267e+01 1.152399999999999913e+01 -2.230999999999999872e+00 2.750000000000000222e-01
1.409200000000000053e+01 4.501000000000000334e+00 -6.584999999999999964e+00 2.190000000000000002e-01
-3.698499999999999943e+01 -4.910000000000000142e+00 -1.952700000000000102e+01 1.509999999999999953e-01
-7.943800000000000239e+01 -1.390399999999999991e+01 -3.577499999999999858e+01 3.200000000000000067e-02
-7.718300000000000693e+01 -1.301600000000000001e+01 -3.597899999999999920e+01 -1.110000000000000014e-01
-2.855799999999999983e+01 4.009000000000000341e+00 -8.657999999999999474e+00 -1.849999999999999978e-01
2.054700000000000060e+01 2.782600000000000051e+01 2.551500000000000057e+01 -1.229999999999999982e-01
2.463400000000000034e+01 3.770300000000000296e+01 3.098499999999999943e+01 2.400000000000000050e-02
-1.071400000000000041e+01 2.323000000000000043e+01 2.960999999999999854e+00 1.100000000000000006e-01
-4.723700000000000188e+01 -2.668000000000000149e+00 -2.664000000000000057e+01 7.299999999999999545e-02
-6.413899999999999579e+01 -2.037000000000000099e+01 -3.414000000000000057e+01 1.000000000000000021e-03
-6.552599999999999625e+01 -2.777799999999999869e+01 -2.956200000000000117e+01 -2.199999999999999872e-02
-5.466700000000000159e+01 -3.883599999999999852e+01 -3.032300000000000040e+01 -2.900000000000000147e-02
-2.690399999999999991e+01 -6.306300000000000239e+01 -3.357399999999999807e+01 -5.099999999999999672e-02
1.244500000000000028e+01 -9.194700000000000273e+01 -2.497299999999999898e+01 -3.500000000000000333e-02
4.119899999999999807e+01 -1.033020000000000067e+02 -2.376999999999999780e+00 5.999999999999999778e-02
4.119200000000000017e+01 -8.419299999999999784e+01 1.787000000000000099e+01 1.700000000000000122e-01
1.689600000000000080e+01 -4.972299999999999898e+01 1.876399999999999935e+01 2.089999999999999913e-01
-1.264300000000000068e+01 -2.705300000000000082e+01 2.544000000000000039e+00 1.900000000000000022e-01
-3.163599999999999923e+01 -2.691600000000000037e+01 -1.346599999999999930e+01 1.829999999999999960e-01
-3.442600000000000193e+01 -4.441499999999999915e+01 -1.748400000000000176e+01 1.990000000000000102e-01
-2.378399999999999892e+01 -7.098399999999999466e+01 -1.167300000000000004e+01 1.940000000000000058e-01
-9.553000000000000824e+00 -8.709399999999999409e+01 -2.827999999999999847e+00 1.330000000000000071e-01
-2.846000000000000085e+00 -6.288799999999999812e+01 5.652000000000000135e+00 3.000000000000000062e-03
1.036000000000000032e+00 1.586700000000000088e+01 1.249200000000000088e+01 -1.670000000000000095e-01
2.528099999999999881e+01 1.295049999999999955e+02 1.703300000000000125e+01 -2.770000000000000240e-01
7.254200000000000159e+01 2.278069999999999879e+02 1.830199999999999960e+01 -2.359999999999999876e-01
9.883400000000000318e+01 2.581580000000000155e+02 1.548600000000000065e+01 -9.800000000000000377e-02
6.868000000000000682e+01 2.161250000000000000e+02 1.350399999999999956e+01 -2.000000000000000042e-02
1.615800000000000125e+01 1.549290000000000020e+02 1.915399999999999991e+01 -6.900000000000000577e-02
2.142999999999999794e+00 1.280720000000000027e+02 2.970400000000000063e+01 -1.630000000000000060e-01
3.480400000000000205e+01 1.445939999999999941e+02 3.738900000000000290e+01 -1.990000000000000102e-01
7.214700000000000557e+01 1.789010000000000105e+02 3.962100000000000222e+01 -1.660000000000000087e-01
7.881300000000000239e+01 1.996040000000000134e+02 3.596800000000000352e+01 -1.150000000000000050e-01
5.411599999999999966e+01 1.905169999999999959e+02 2.524800000000000111e+01 -6.500000000000000222e-02
1.850400000000000134e+01 1.506359999999999957e+02 1.027599999999999980e+01 8.999999999999999320e-03
-1.418800000000000061e+01 8.210599999999999454e+01 -3.282999999999999918e+00 8.400000000000000522e-02
-4.600900000000000034e+01 -2.669999999999999929e+00 -1.459600000000000009e+01 7.099999999999999367e-02
-7.101999999999999602e+01 -7.129699999999999704e+01 -2.567299999999999827e+01 -7.399999999999999634e-02
-6.368200000000000216e+01 -9.705400000000000205e+01 -3.116799999999999926e+01 -2.379999999999999893e-01
-1.911799999999999855e+01 -9.122199999999999420e+01 -2.394099999999999895e+01 -2.510000000000000009e-01
2.027599999999999980e+01 -8.865699999999999648e+01 -1.127800000000000047e+01 -9.400000000000000022e-02
1.714399999999999835e+01 -1.006680000000000064e+02 -5.434999999999999609e+00 6.500000000000000222e-02
-8.603999999999999204e+00 -1.021889999999999930e+02 -6.510000000000000231e-01 9.199999999999999845e-02
-1.811199999999999832e+01 -7.600199999999999534e+01 1.391600000000000037e+01 4.200000000000000261e-02
-1.178299999999999947e+01 -4.796699999999999875e+01 2.470299999999999940e+01 1.200000000000000025e-02
-1.149499999999999922e+01 -5.469400000000000261e+01 8.580000000000000071e+00 -2.299999999999999961e-02
-1.712999999999999901e+01 -9.237399999999999523e+01 -2.767299999999999827e+01 -1.089999999999999997e-01
-1.630900000000000105e+01 -1.255540000000000020e+02 -5.202799999999999869e+01 -1.849999999999999978e-01
-1.405100000000000016e+01 -1.364310000000000116e+02 -4.920600000000000307e+01 -1.749999999999999889e-01
-2.505999999999999872e+01 -1.387369999999999948e+02 -3.349399999999999977e+01 -9.700000000000000289e-02
-4.694299999999999784e+01 -1.465889999999999986e+02 -2.059100000000000108e+01 -1.400000000000000029e-02
-5.450800000000000267e+01 -1.510349999999999966e+02 -9.455000000000000071e+00 1.600000000000000033e-02
-2.085900000000000176e+01 -1.320960000000000036e+02 5.052999999999999936e+00 -2.500000000000000139e-02
4.818900000000000006e+01 -8.769100000000000250e+01 1.949200000000000088e+01 -6.099999999999999867e-02
1.033949999999999960e+02 -4.548899999999999721e+01 2.541000000000000014e+01 1.000000000000000021e-02
1.000060000000000002e+02 -3.473299999999999699e+01 1.744900000000000162e+01 1.390000000000000124e-01
4.957900000000000063e+01 -4.659499999999999886e+01 1.127999999999999892e+00 1.729999999999999871e-01
-6.919999999999999929e+00 -4.932399999999999807e+01 -7.847000000000000419e+00 8.400000000000000522e-02
-5.499199999999999733e+01 -4.078699999999999903e+01 -7.069999999999999618e-01 -1.799999999999999864e-02
-9.712099999999999511e+01 -4.559700000000000131e+01 1.363199999999999967e+01 -7.199999999999999456e-02
-1.215559999999999974e+02 -6.700499999999999545e+01 1.956700000000000017e+01 -1.229999999999999982e-01
-1.194789999999999992e+02 -8.197899999999999920e+01 8.372999999999999332e+00 -1.869999999999999996e-01
-9.926800000000000068e+01 -7.350499999999999545e+01 -1.607600000000000051e+01 -1.769999999999999907e-01
-6.439600000000000080e+01 -4.127600000000000335e+01 -3.691100000000000136e+01 -3.000000000000000062e-03
-1.790599999999999881e+01 4.727999999999999758e+00 -3.562500000000000000e+01 2.740000000000000213e-01
1.878399999999999892e+01 4.699600000000000222e+01 -9.627000000000000668e+00 4.199999999999999845e-01
4.136399999999999721e+01 7.498099999999999454e+01 2.673999999999999844e+01 2.720000000000000195e-01
7.623399999999999466e+01 9.765099999999999625e+01 5.509300000000000352e+01 -2.100000000000000130e-02
1.084290000000000020e+02 1.174479999999999933e+02 5.602900000000000347e+01 -1.880000000000000004e-01
7.434199999999999875e+01 1.106880000000000024e+02 1.840500000000000114e+01 -2.089999999999999913e-01
-2.644000000000000128e+01 7.071699999999999875e+01 -3.117999999999999972e+01 -2.530000000000000027e-01
-1.000759999999999934e+02 3.962199999999999989e+01 -3.982300000000000040e+01 -2.989999999999999880e-01
-7.329399999999999693e+01 5.775900000000000034e+01 3.100999999999999979e+00 -1.900000000000000022e-01
2.582900000000000063e+01 1.133700000000000045e+02 4.817199999999999704e+01 3.099999999999999978e-02
1.131680000000000064e+02 1.621930000000000121e+02 5.523299999999999699e+01 1.829999999999999960e-01
1.329379999999999882e+02 1.652750000000000057e+02 3.587100000000000222e+01 2.359999999999999876e-01
9.476099999999999568e+01 1.116290000000000049e+02 1.878900000000000148e+01 2.700000000000000178e-01
4.708700000000000330e+01 3.345600000000000307e+01 1.293299999999999983e+01 2.790000000000000258e-01
2.129400000000000048e+01 -1.521899999999999942e+01 9.936999999999999389e+00 2.250000000000000056e-01
1.027399999999999913e+01 -1.303500000000000014e+01 1.780000000000000027e+00 1.769999999999999907e-01
-1.810999999999999943e+00 8.105999999999999872e+00 -8.977000000000000313e+00 2.389999999999999902e-01
-1.643900000000000006e+01 1.078000000000000069e+00 -1.682199999999999918e+01 3.509999999999999787e-01
-3.153999999999999915e+01 -4.308700000000000330e+01 -2.467099999999999937e+01 3.320000000000000173e-01
-4.096300000000000097e+01 -7.899899999999999523e+01 -3.376599999999999824e+01 1.489999999999999936e-01
-2.205099999999999838e+01 -5.575999999999999801e+01 -3.296099999999999852e+01 -2.299999999999999961e-02
3.417000000000000171e+01 1.290099999999999980e+01 -1.739399999999999835e+01 -5.999999999999999778e-02
8.922499999999999432e+01 5.804800000000000182e+01 -3.548999999999999932e+00 -2.500000000000000139e-02
9.934699999999999420e+01 4.415200000000000102e+01 -6.937000000000000277e+00 -1.099999999999999936e-02
7.138200000000000500e+01 4.110000000000000320e+00 -2.022700000000000031e+01 -2.000000000000000042e-02
3.869400000000000261e+01 -2.154500000000000171e+01 -2.714000000000000057e+01 -2.900000000000000147e-02
1.433999999999999986e+01 -2.762300000000000111e+01 -2.138500000000000156e+01 -3.799999999999999906e-02
-3.149999999999999911e+00 -1.960300000000000153e+01 -4.916000000000000369e+00 -3.799999999999999906e-02
-1.161400000000000077e+01 3.354000000000000092e+00 1.510800000000000054e+01 -1.700000000000000122e-02
-1.383799999999999919e+01 2.799500000000000099e+01 2.437800000000000011e+01 -6.000000000000000125e-03
-2.523699999999999832e+01 2.413899999999999935e+01 1.107499999999999929e+01 -4.599999999999999922e-02
-5.884000000000000341e+01 -1.972800000000000153e+01 -1.845799999999999841e+01 -1.089999999999999997e-01
-1.047199999999999989e+02 -7.384799999999999898e+01 -4.156700000000000017e+01 -1.150000000000000050e-01
-1.339670000000000130e+02 -9.592600000000000193e+01 -3.953300000000000125e+01 -5.399999999999999939e-02
-1.285699999999999932e+02 -7.361299999999999955e+01 -1.305799999999999983e+01 -1.400000000000000029e-02
-1.014219999999999970e+02 -2.969600000000000151e+01 1.803000000000000114e+01 -8.899999999999999578e-02
-7.847400000000000375e+01 4.777999999999999581e+00 2.893400000000000105e+01 -2.780000000000000249e-01
-6.436499999999999488e+01 2.057700000000000173e+01 1.580499999999999972e+01 -4.480000000000000093e-01
-4.201500000000000057e+01 3.591599999999999682e+01 4.051000000000000156e+00 -4.000000000000000222e-01
-5.931000000000000050e+00 6.222500000000000142e+01 1.328899999999999970e+01 -1.130000000000000032e-01
2.879200000000000159e+01 7.850400000000000489e+01 2.741499999999999915e+01 1.549999999999999989e-01
4.965899999999999892e+01 6.331400000000000006e+01 2.100700000000000145e+01 1.849999999999999978e-01
5.378699999999999903e+01 2.980399999999999849e+01 -2.298999999999999932e+00 7.900000000000000078e-02
4.186599999999999966e+01 4.921999999999999709e+00 -1.843499999999999872e+01 4.100000000000000172e-02
2.722400000000000020e+01 -2.079000000000000181e+00 -1.596499999999999986e+01 8.000000000000000167e-02
3.155499999999999972e+01 6.020999999999999908e+00 -3.467999999999999972e+00 1.029999999999999943e-01
5.327499999999999858e+01 2.614900000000000091e+01 8.516000000000000014e+00 8.699999999999999400e-02
6.095400000000000063e+01 4.782000000000000028e+01 1.741499999999999915e+01 5.199999999999999761e-02
3.328799999999999670e+01 5.580499999999999972e+01 2.169399999999999906e+01 -2.000000000000000042e-03
-1.093999999999999950e+01 4.851400000000000290e+01 1.761899999999999977e+01 -6.500000000000000222e-02
-3.783700000000000330e+01 3.714200000000000301e+01 6.142999999999999794e+00 -1.110000000000000014e-01
-4.140500000000000114e+01 2.424699999999999989e+01 -6.503999999999999559e+00 -1.219999999999999973e-01
-4.124600000000000222e+01 -4.460000000000000075e-01 -1.686499999999999844e+01 -1.049999999999999961e-01
-4.282099999999999795e+01 -3.822699999999999676e+01 -2.511400000000000077e+01 -7.599999999999999811e-02
-2.700199999999999889e+01 -6.873499999999999943e+01 -2.831500000000000128e+01 -2.699999999999999969e-02
1.199799999999999933e+01 -6.982200000000000273e+01 -2.046199999999999974e+01 7.799999999999999989e-02
4.303799999999999670e+01 -4.508299999999999841e+01 -2.021999999999999797e+00 2.149999999999999967e-01
3.674600000000000222e+01 -1.953300000000000125e+01 1.534399999999999942e+01 2.359999999999999876e-01
1.171499999999999986e+01 -7.463000000000000078e+00 1.921199999999999974e+01 5.099999999999999672e-02
1.149699999999999989e+01 3.950000000000000178e-01 7.383000000000000007e+00 -1.970000000000000084e-01
4.944299999999999784e+01 1.543200000000000038e+01 -1.341099999999999959e+01 -2.790000000000000258e-01
1.029869999999999948e+02 3.552600000000000335e+01 -2.791499999999999915e+01 -1.439999999999999891e-01
1.394199999999999875e+02 4.987899999999999778e+01 -1.695899999999999963e+01 8.699999999999999400e-02
1.263419999999999987e+02 4.256799999999999784e+01 1.647200000000000131e+01 2.379999999999999893e-01
5.077799999999999869e+01 1.032999999999999918e+00 3.812899999999999778e+01 1.829999999999999960e-01
-5.269500000000000028e+01 -6.393500000000000227e+01 2.541499999999999915e+01 -2.800000000000000058e-02
-1.223679999999999950e+02 -1.196680000000000064e+02 -3.059999999999999942e-01 -1.729999999999999871e-01
-1.292669999999999959e+02 -1.424509999999999934e+02 -8.275000000000000355e+00 -1.330000000000000071e-01
-9.886299999999999955e+01 -1.337539999999999907e+02 1.449999999999999900e-01 -4.599999999999999922e-02
-7.268800000000000239e+01 -1.068329999999999984e+02 5.407000000000000028e+00 -5.299999999999999850e-02
-6.228300000000000125e+01 -7.546800000000000352e+01 3.000000000000000000e+00 -8.799999999999999489e-02
-4.898799999999999955e+01 -5.111099999999999710e+01 3.761000000000000121e+00 -4.800000000000000100e-02
-2.603300000000000125e+01 -3.363400000000000034e+01 1.138299999999999912e+01 5.099999999999999672e-02
-1.566900000000000048e+01 -1.181400000000000006e+01 1.634600000000000009e+01 1.340000000000000080e-01
-2.891799999999999926e+01 1.706700000000000017e+01 1.265000000000000036e+01 1.380000000000000115e-01
-3.985099999999999909e+01 4.358100000000000307e+01 6.411999999999999922e+00 4.900000000000000189e-02
-2.201099999999999923e+01 6.739700000000000557e+01 3.402000000000000135e+00 -5.000000000000000278e-02
1.959799999999999898e+01 9.687999999999999545e+01 8.499999999999999778e-01 -4.800000000000000100e-02
6.790699999999999648e+01 1.238780000000000001e+02 -2.870999999999999996e+00 7.199999999999999456e-02
1.122349999999999994e+02 1.275630000000000024e+02 -2.791999999999999815e+00 2.179999999999999993e-01
1.336690000000000111e+02 1.015960000000000036e+02 1.241000000000000103e+00 2.600000000000000089e-01
1.074389999999999930e+02 5.583899999999999864e+01 -5.070000000000000062e-01 1.469999999999999918e-01
4.249900000000000233e+01 6.756000000000000227e+00 -1.025200000000000067e+01 -2.100000000000000130e-02
-1.010800000000000054e+01 -2.219600000000000151e+01 -9.864000000000000767e+00 -7.099999999999999367e-02
-1.543699999999999939e+01 -1.848499999999999943e+01 1.576699999999999946e+01 5.099999999999999672e-02
3.416999999999999815e+00 -2.935999999999999943e+00 4.520799999999999841e+01 2.179999999999999993e-01
8.162000000000000810e+00 -6.645999999999999908e+00 3.750999999999999801e+01 2.720000000000000195e-01
5.440000000000000391e-01 -2.715899999999999892e+01 -9.778000000000000469e+00 2.030000000000000138e-01
3.983000000000000096e+00 -2.883200000000000074e+01 -4.994200000000000017e+01 1.079999999999999988e-01
2.075199999999999889e+01 1.297300000000000075e+01 -4.671500000000000341e+01 2.900000000000000147e-02
3.742199999999999704e+01 7.859199999999999875e+01 -1.459999999999999964e+01 -6.600000000000000311e-02
4.482099999999999795e+01 1.187060000000000031e+02 1.184299999999999997e+01 -1.680000000000000104e-01
3.270100000000000051e+01 1.012030000000000030e+02 2.096300000000000097e+01 -2.320000000000000118e-01
-6.501999999999999780e+00 3.997200000000000131e+01 2.325600000000000023e+01 -2.260000000000000064e-01
-5.536599999999999966e+01 -2.340399999999999991e+01 2.580600000000000094e+01 -1.380000000000000115e-01
-7.742600000000000193e+01 -6.003499999999999659e+01 2.243599999999999994e+01 -1.200000000000000025e-02
-5.699399999999999977e+01 -7.175900000000000034e+01 6.248999999999999666e+00 6.500000000000000222e-02
-1.988200000000000145e+01 -7.653100000000000591e+01 -1.744099999999999895e+01 4.100000000000000172e-02
-3.270999999999999908e+00 -8.379200000000000159e+01 -3.386999999999999744e+01 -5.899999999999999689e-02
-1.096400000000000041e+01 -8.542799999999999727e+01 -3.378300000000000125e+01 -1.479999999999999927e-01
-1.607400000000000162e+01 -7.365300000000000580e+01 -2.470100000000000051e+01 -1.400000000000000133e-01
-8.035000000000000142e+00 -5.999600000000000222e+01 -2.114199999999999946e+01 -5.899999999999999689e-02
-1.381900000000000084e+01 -6.184199999999999875e+01 -2.449500000000000099e+01 -4.000000000000000083e-02
-5.892399999999999949e+01 -7.958700000000000330e+01 -2.528200000000000003e+01 -1.559999999999999998e-01
-1.190930000000000035e+02 -9.984300000000000352e+01 -2.242500000000000071e+01 -3.130000000000000004e-01
-1.357489999999999952e+02 -1.087240000000000038e+02 -2.288299999999999912e+01 -3.579999999999999849e-01
-8.454699999999999704e+01 -9.683400000000000318e+01 -2.434900000000000020e+01 -2.280000000000000082e-01
-4.350999999999999979e+00 -6.607699999999999818e+01 -1.711299999999999955e+01 3.000000000000000062e-03
4.735099999999999909e+01 -3.391799999999999926e+01 -4.456999999999999851e+00 1.869999999999999996e-01
4.628900000000000148e+01 -1.778600000000000136e+01 -2.253000000000000114e+00 2.030000000000000138e-01
1.069899999999999984e+01 -1.351500000000000057e+01 -1.440700000000000003e+01 3.099999999999999978e-02
-2.108299999999999841e+01 5.719999999999999529e-01 -2.445899999999999963e+01 -2.290000000000000091e-01
-2.137999999999999901e+01 3.825399999999999778e+01 -1.522700000000000031e+01 -4.000000000000000222e-01
1.050099999999999945e+01 9.331600000000000250e+01 1.050300000000000011e+01 -3.509999999999999787e-01
5.487100000000000222e+01 1.522319999999999993e+02 3.238600000000000279e+01 -1.439999999999999891e-01
8.382299999999999329e+01 2.065339999999999918e+02 3.823199999999999932e+01 5.800000000000000294e-02
7.639499999999999602e+01 2.440759999999999934e+02 3.957500000000000284e+01 2.190000000000000002e-01
3.662299999999999756e+01 2.376270000000000095e+02 4.864600000000000080e+01 3.709999999999999964e-01
-1.020299999999999940e+01 1.657740000000000009e+02 5.178499999999999659e+01 4.229999999999999871e-01
-3.696900000000000119e+01 5.367199999999999704e+01 3.028399999999999892e+01 2.750000000000000222e-01
-2.960699999999999932e+01 -3.514500000000000313e+01 -2.363999999999999879e+00 6.199999999999999956e-02
-4.275999999999999801e+00 -7.111100000000000421e+01 -1.639099999999999824e+01 -1.299999999999999940e-02
1.677000000000000046e+00 -9.048099999999999454e+01 -1.033600000000000030e+01 2.800000000000000058e-02
-1.552999999999999936e+01 -1.244489999999999981e+02 -3.814999999999999947e+00 5.500000000000000028e-02
-1.055499999999999972e+01 -1.408919999999999959e+02 4.482000000000000206e+00 7.900000000000000078e-02
3.666400000000000148e+01 -1.022240000000000038e+02 2.994399999999999906e+01 1.779999999999999916e-01
7.403000000000000114e+01 -4.200900000000000034e+01 5.567000000000000171e+01 2.839999999999999747e-01
5.186800000000000210e+01 -2.680699999999999861e+01 4.176599999999999824e+01 2.670000000000000151e-01
-9.700000000000000289e-02 -5.996200000000000330e+01 -8.393000000000000682e+00 1.660000000000000087e-01
-2.167999999999999972e+01 -7.968600000000000705e+01 -4.356600000000000250e+01 1.199999999999999956e-01
-3.947000000000000064e+00 -4.939099999999999824e+01 -3.803999999999999915e+01 1.310000000000000053e-01
2.242699999999999960e+01 5.140000000000000124e-01 -1.797100000000000009e+01 9.299999999999999933e-02
3.804200000000000159e+01 2.560699999999999932e+01 -1.013000000000000078e+01 -1.299999999999999940e-02
4.100200000000000244e+01 2.347299999999999898e+01 -8.967000000000000526e+00 -1.150000000000000050e-01
3.059100000000000108e+01 1.983299999999999841e+01 -6.039999999999999813e-01 -1.630000000000000060e-01
2.986000000000000210e+00 1.870799999999999841e+01 8.135999999999999233e+00 -1.670000000000000095e-01
-4.155700000000000216e+01 -6.089999999999999858e-01 -7.399999999999999634e-02 -1.630000000000000060e-01
-8.601200000000000045e+01 -3.602000000000000313e+01 -2.143900000000000006e+01 -1.650000000000000078e-01
-1.001560000000000059e+02 -5.218800000000000239e+01 -3.059600000000000009e+01 -1.360000000000000098e-01
-7.260099999999999909e+01 -3.040800000000000125e+01 -1.685800000000000054e+01 -4.900000000000000189e-02
-2.814199999999999946e+01 6.366999999999999993e+00 1.153999999999999915e+00 4.599999999999999922e-02
6.748000000000000220e+00 3.185200000000000031e+01 6.153999999999999915e+00 7.000000000000000666e-02
3.634899999999999665e+01 5.018999999999999773e+01 5.067000000000000171e+00 2.100000000000000130e-02
6.761100000000000421e+01 7.290699999999999648e+01 9.589999999999999858e+00 -3.699999999999999817e-02
7.969299999999999784e+01 8.527299999999999613e+01 1.371299999999999919e+01 -6.500000000000000222e-02
5.520799999999999841e+01 6.583799999999999386e+01 6.402999999999999581e+00 -8.100000000000000255e-02
1.682199999999999918e+01 2.779100000000000037e+01 -5.870000000000000107e+00 -8.400000000000000522e-02
3.915999999999999925e+00 7.059999999999999609e+00 -7.774000000000000021e+00 -5.299999999999999850e-02
2.541600000000000037e+01 1.569800000000000040e+01 -2.199999999999999872e-02 -2.400000000000000050e-02
5.821800000000000352e+01 3.821200000000000330e+01 4.270999999999999908e+00 -5.399999999999999939e-02
8.620099999999999341e+01 6.250500000000000256e+01 3.338999999999999968e+00 -1.000000000000000056e-01
1.113340000000000032e+02 8.264700000000000557e+01 5.892999999999999794e+00 -5.700000000000000205e-02
1.242540000000000049e+02 8.548499999999999943e+01 1.069400000000000084e+01 8.699999999999999400e-02
9.765900000000000603e+01 6.150800000000000267e+01 6.208000000000000185e+00 2.260000000000000064e-01
2.297599999999999909e+01 1.902299999999999969e+01 -1.099600000000000044e+01 2.720000000000000195e-01
-6.331700000000000017e+01 -2.117200000000000060e+01 -3.076599999999999824e+01 2.530000000000000027e-01
-1.058589999999999947e+02 -3.887899999999999778e+01 -4.084400000000000119e+01 2.399999999999999911e-01
-9.174200000000000443e+01 -3.093499999999999872e+01 -3.597500000000000142e+01 2.320000000000000118e-01
-7.191299999999999670e+01 -1.558900000000000041e+01 -1.761499999999999844e+01 1.839999999999999969e-01
-8.841899999999999693e+01 -7.615999999999999659e+00 1.058500000000000085e+01 4.800000000000000100e-02
-1.024980000000000047e+02 -5.264999999999999680e+00 4.270499999999999829e+01 -1.829999999999999960e-01
-5.253799999999999670e+01 -1.036800000000000033e+01 6.345600000000000307e+01 -3.870000000000000107e-01
4.515800000000000125e+01 -2.481599999999999895e+01 5.636399999999999721e+01 -3.910000000000000142e-01
1.165990000000000038e+02 -2.989499999999999957e+01 2.894900000000000162e+01 -2.280000000000000082e-01
1.204689999999999941e+02 -1.507000000000000028e+01 6.123999999999999666e+00 -1.199999999999999956e-01
7.437600000000000477e+01 -6.698000000000000398e+00 -5.605000000000000426e+00 -1.479999999999999927e-01
2.109900000000000020e+01 -2.401899999999999835e+01 -1.730699999999999861e+01 -1.849999999999999978e-01
-7.317000000000000171e+00 -4.046200000000000330e+01 -2.794699999999999918e+01 -1.429999999999999882e-01
-6.628999999999999559e+00 -2.371300000000000097e+01 -2.452499999999999858e+01 -5.999999999999999778e-02
5.881000000000000227e+00 1.844600000000000151e+01 -3.978000000000000203e+00 2.699999999999999969e-02
8.365000000000000213e+00 5.169899999999999807e+01 2.002199999999999847e+01 1.059999999999999970e-01
-8.878999999999999559e+00 5.232699999999999818e+01 2.790700000000000003e+01 1.189999999999999947e-01
-3.500900000000000034e+01 2.584600000000000009e+01 1.242999999999999972e+01 1.799999999999999864e-02
-5.431600000000000250e+01 -2.012000000000000011e+00 -1.218599999999999994e+01 -1.209999999999999964e-01
-6.487800000000000011e+01 -1.324399999999999977e+01 -2.595799999999999841e+01 -1.330000000000000071e-01
-7.033499999999999375e+01 -1.153200000000000003e+01 -2.361100000000000065e+01 3.599999999999999728e-02
-6.959999999999999432e+01 -8.214000000000000412e+00 -9.701999999999999957e+00 2.439999999999999947e-01
-6.241100000000000136e+01 -9.987000000000000099e+00 1.374600000000000044e+01 3.130000000000000004e-01
-5.104599999999999937e+01 -2.070899999999999963e+01 3.770000000000000284e+01 2.169999999999999984e-01
-3.788799999999999812e+01 -3.869599999999999795e+01 4.183899999999999864e+01 8.200000000000000344e-02
-2.354500000000000171e+01 -5.257699999999999818e+01 2.254200000000000159e+01 1.600000000000000033e-02
-6.783999999999999808e+00 -5.416299999999999670e+01 3.553999999999999826e+00 -2.000000000000000042e-03
3.250000000000000000e+00 -5.262599999999999767e+01 -1.631999999999999895e+00 -5.000000000000000278e-02
-9.650000000000000355e+00 -5.897699999999999676e+01 -7.128000000000000114e+00 -1.290000000000000036e-01
-3.370799999999999841e+01 -6.064600000000000080e+01 -1.857400000000000162e+01 -1.529999999999999971e-01
-3.233200000000000074e+01 -3.552600000000000335e+01 -1.892899999999999849e+01 -7.599999999999999811e-02
-5.097999999999999865e+00 7.233999999999999986e+00 -4.826999999999999957e+00 2.800000000000000058e-02
1.836000000000000076e+00 2.842299999999999827e+01 9.689999999999999725e-01 3.599999999999999728e-02
-3.199200000000000088e+01 1.134800000000000075e+01 -1.367900000000000027e+01 -4.599999999999999922e-02
-7.004600000000000648e+01 -1.437700000000000067e+01 -3.230299999999999727e+01 -8.999999999999999667e-02
-7.748099999999999454e+01 -1.599600000000000044e+01 -3.731000000000000227e+01 -2.999999999999999889e-02
-6.245199999999999818e+01 2.366000000000000103e+00 -3.006099999999999994e+01 5.600000000000000117e-02
-4.673100000000000165e+01 1.619800000000000040e+01 -1.926899999999999835e+01 8.000000000000000167e-02
-3.619700000000000273e+01 1.591399999999999970e+01 -9.811999999999999389e+00 5.700000000000000205e-02
-2.550499999999999901e+01 1.486400000000000077e+01 -3.173000000000000043e+00 5.299999999999999850e-02
-4.333999999999999631e+00 2.626200000000000045e+01 2.529999999999999805e+00 8.500000000000000611e-02
2.957600000000000051e+01 3.645100000000000051e+01 6.616999999999999993e+00 1.110000000000000014e-01
4.821000000000000085e+01 1.787199999999999989e+01 3.980000000000000204e-01 7.499999999999999722e-02
2.121799999999999997e+01 -2.473199999999999932e+01 -1.768900000000000006e+01 -1.600000000000000033e-02
-2.147299999999999898e+01 -4.678499999999999659e+01 -2.835200000000000031e+01 -1.079999999999999988e-01
-1.287100000000000044e+01 -1.665200000000000102e+01 -1.211800000000000033e+01 -1.980000000000000093e-01
4.950500000000000256e+01 4.318500000000000227e+01 2.002199999999999847e+01 -3.270000000000000129e-01
8.989600000000000080e+01 7.797199999999999420e+01 3.481099999999999994e+01 -4.359999999999999987e-01
6.389099999999999824e+01 5.552700000000000102e+01 1.871300000000000097e+01 -3.920000000000000151e-01
1.860800000000000054e+01 -8.950000000000000178e-01 -5.357999999999999652e+00 -1.920000000000000040e-01
6.464999999999999858e+00 -3.907300000000000040e+01 -1.425399999999999956e+01 8.999999999999999320e-03
9.330000000000000515e-01 -4.149699999999999989e+01 -1.720499999999999829e+01 1.049999999999999961e-01
-3.624499999999999744e+01 -3.517300000000000182e+01 -2.818599999999999994e+01 1.260000000000000009e-01
-6.051700000000000301e+01 -3.160099999999999909e+01 -2.763599999999999923e+01 1.600000000000000033e-01
-1.057399999999999984e+01 -1.007199999999999918e+01 8.175000000000000711e+00 2.670000000000000151e-01
7.211799999999999500e+01 2.688500000000000156e+01 5.531499999999999773e+01 4.159999999999999809e-01
9.505899999999999750e+01 4.456199999999999761e+01 6.844199999999999307e+01 4.759999999999999787e-01
5.987199999999999989e+01 3.537100000000000222e+01 4.845900000000000318e+01 4.000000000000000222e-01
5.330400000000000205e+01 2.944600000000000151e+01 3.360399999999999920e+01 2.969999999999999862e-01
1.121520000000000010e+02 4.130100000000000193e+01 3.583899999999999864e+01 2.439999999999999947e-01
1.799130000000000109e+02 5.033400000000000318e+01 3.537500000000000000e+01 2.039999999999999869e-01
1.831850000000000023e+02 3.281799999999999784e+01 2.364699999999999847e+01 1.280000000000000027e-01
1.068059999999999974e+02 -9.811999999999999389e+00 1.061200000000000010e+01 -5.000000000000000104e-03
2.971000000000000085e+00 -4.887400000000000233e+01 1.018000000000000016e+00 -1.710000000000000131e-01
-6.434999999999999432e+01 -5.478300000000000125e+01 -9.958999999999999631e+00 -2.670000000000000151e-01
-7.808299999999999841e+01 -3.302499999999999858e+01 -2.403600000000000136e+01 -2.290000000000000091e-01
-6.063900000000000290e+01 -1.673600000000000065e+01 -3.721699999999999875e+01 -1.519999999999999962e-01
-3.239399999999999835e+01 -1.991199999999999903e+01 -4.655599999999999739e+01 -1.459999999999999909e-01
-1.685000000000000053e+00 -2.331899999999999906e+01 -4.995100000000000051e+01 -1.499999999999999944e-01
2.585500000000000043e+01 -6.546999999999999709e+00 -4.098299999999999699e+01 -6.199999999999999956e-02
4.575900000000000034e+01 2.669800000000000040e+01 -1.514199999999999946e+01 3.599999999999999728e-02
4.699600000000000222e+01 5.558400000000000318e+01 1.615500000000000114e+01 -8.000000000000000167e-03
1.046799999999999997e+01 6.698300000000000409e+01 3.060099999999999909e+01 -1.590000000000000024e-01
-5.943900000000000006e+01 6.818200000000000216e+01 2.063200000000000145e+01 -2.389999999999999902e-01
-1.187289999999999992e+02 6.879099999999999682e+01 8.970000000000000195e-01 -2.000000000000000111e-01
-1.274899999999999949e+02 6.195300000000000296e+01 -1.368299999999999983e+01 -1.559999999999999998e-01
-9.109000000000000341e+01 3.821500000000000341e+01 -2.058099999999999952e+01 -1.710000000000000131e-01
-4.337700000000000244e+01 3.646999999999999797e+00 -1.973000000000000043e+01 -1.620000000000000051e-01
-1.000999999999999979e+01 -2.885099999999999909e+01 -8.871000000000000441e+00 -7.900000000000000078e-02
2.088999999999999968e+00 -5.239600000000000080e+01 8.134999999999999787e+00 1.799999999999999864e-02
-5.807999999999999829e+00 -6.532500000000000284e+01 1.843700000000000117e+01 8.100000000000000255e-02
-3.020899999999999963e+01 -7.068600000000000705e+01 1.129299999999999926e+01 1.250000000000000000e-01
-5.798499999999999943e+01 -7.478900000000000148e+01 -7.625000000000000000e+00 1.509999999999999953e-01
-6.146999999999999886e+01 -7.512399999999999523e+01 -1.869200000000000017e+01 1.479999999999999927e-01
-2.177799999999999869e+01 -6.079200000000000159e+01 -1.069400000000000084e+01 1.390000000000000124e-01
3.325699999999999790e+01 -3.801400000000000290e+01 5.166000000000000369e+00 1.260000000000000009e-01
4.719599999999999795e+01 -3.265400000000000347e+01 1.142699999999999960e+01 7.199999999999999456e-02
9.314999999999999503e+00 -5.042300000000000182e+01 7.746999999999999886e+00 -3.699999999999999817e-02
-3.132600000000000051e+01 -6.501300000000000523e+01 6.466000000000000192e+00 -1.519999999999999962e-01
-3.651200000000000045e+01 -6.085499999999999687e+01 1.052699999999999925e+01 -2.179999999999999993e-01
-1.701999999999999957e+01 -5.144899999999999807e+01 1.166399999999999970e+01 -2.089999999999999913e-01
1.920000000000000040e-01 -4.242699999999999960e+01 7.277999999999999581e+00 -1.280000000000000027e-01
6.088000000000000078e+00 -1.435299999999999976e+01 3.883000000000000007e+00 -2.699999999999999969e-02
1.141000000000000014e+01 4.058100000000000307e+01 5.003000000000000114e+00 4.100000000000000172e-02
2.738500000000000156e+01 9.428100000000000591e+01 4.589000000000000412e+00 8.699999999999999400e-02
4.547299999999999898e+01 1.152960000000000065e+02 -6.171999999999999709e+00 1.419999999999999873e-01
4.435399999999999920e+01 1.055829999999999984e+02 -2.611499999999999844e+01 1.829999999999999960e-01
1.942200000000000060e+01 8.636499999999999488e+01 -4.133100000000000307e+01 1.390000000000000124e-01
-6.269000000000000128e+00 6.843200000000000216e+01 -3.816599999999999682e+01 5.000000000000000104e-03
-8.198000000000000398e+00 5.541799999999999926e+01 -1.662199999999999989e+01 -9.099999999999999756e-02
8.260999999999999233e+00 5.153699999999999903e+01 8.242000000000000881e+00 -1.000000000000000021e-02
1.992999999999999972e+01 4.893800000000000239e+01 1.883200000000000074e+01 1.729999999999999871e-01
2.341400000000000148e+01 3.392099999999999937e+01 1.515900000000000070e+01 2.399999999999999911e-01
2.996099999999999852e+01 1.284999999999999964e+01 1.468099999999999916e+01 1.509999999999999953e-01
3.940999999999999659e+01 3.378000000000000114e+00 2.410500000000000043e+01 6.700000000000000400e-02
5.203399999999999892e+01 2.048999999999999932e+00 2.960900000000000176e+01 8.400000000000000522e-02
7.091700000000000159e+01 -1.322799999999999976e+01 2.214199999999999946e+01 1.380000000000000115e-01
7.551800000000000068e+01 -5.070600000000000307e+01 9.688000000000000611e+00 1.370000000000000107e-01
4.431799999999999784e+01 -8.904800000000000182e+01 2.262000000000000011e+00 7.499999999999999722e-02
-1.390000000000000124e-01 -9.656699999999999307e+01 3.455999999999999961e+00 2.100000000000000130e-02
-1.938200000000000145e+01 -6.586299999999999955e+01 1.136400000000000077e+01 2.400000000000000050e-02
-1.298700000000000010e+01 -2.456700000000000017e+01 1.566699999999999982e+01 4.800000000000000100e-02
-5.987000000000000099e+00 -5.836999999999999744e+00 4.360999999999999766e+00 3.099999999999999978e-02
-6.543999999999999595e+00 -1.452100000000000080e+01 -1.871399999999999864e+01 -4.000000000000000083e-02
-5.881999999999999673e+00 -3.079200000000000159e+01 -3.353999999999999915e+01 -1.110000000000000014e-01
-3.447000000000000064e+00 -3.812700000000000244e+01 -2.644200000000000017e+01 -1.260000000000000009e-01
-8.646000000000000796e+00 -3.525800000000000267e+01 -5.378000000000000114e+00 -1.010000000000000064e-01
-2.104799999999999827e+01 -2.696799999999999997e+01 1.142399999999999949e+01 -9.199999999999999845e-02
-2.476099999999999923e+01 -1.571100000000000030e+01 1.581900000000000084e+01 -9.700000000000000289e-02
-1.200200000000000067e+01 -3.466000000000000192e+00 1.124399999999999977e+01 -8.200000000000000344e-02
-6.360000000000000098e-01 5.985000000000000320e+00 7.089999999999999636e-01 -5.899999999999999689e-02
-8.657000000000000028e+00 1.104299999999999926e+01 -1.309099999999999930e+01 -5.000000000000000278e-02
-2.439099999999999824e+01 1.285100000000000087e+01 -2.228600000000000136e+01 -5.600000000000000117e-02
-2.546000000000000085e+01 1.302800000000000047e+01 -2.220700000000000074e+01 -7.900000000000000078e-02
-1.226299999999999990e+01 1.837800000000000011e+01 -1.808200000000000074e+01 -1.250000000000000000e-01
-2.454000000000000181e+00 3.644100000000000250e+01 -1.513299999999999912e+01 -1.690000000000000113e-01
-4.176000000000000156e+00 5.737100000000000222e+01 -1.097199999999999953e+01 -1.640000000000000069e-01
-9.734999999999999432e+00 5.875000000000000000e+01 -3.503000000000000114e+00 -1.089999999999999997e-01
-1.210800000000000054e+01 3.507399999999999807e+01 1.086000000000000076e+00 -6.099999999999999867e-02
-1.533699999999999974e+01 3.923999999999999932e+00 -4.618999999999999773e+00 -5.299999999999999850e-02
-2.283599999999999852e+01 -1.777199999999999847e+01 -1.538700000000000045e+01 -3.200000000000000067e-02
-2.639600000000000080e+01 -2.682799999999999940e+01 -1.540499999999999936e+01 4.800000000000000100e-02
-1.674800000000000111e+01 -2.375799999999999912e+01 6.560000000000000275e-01 1.219999999999999973e-01
2.947000000000000064e+00 -4.629999999999999893e+00 1.874299999999999855e+01 9.800000000000000377e-02
1.837099999999999866e+01 2.779100000000000037e+01 2.514999999999999858e+01 8.999999999999999320e-03
1.465000000000000036e+01 5.164999999999999858e+01 2.367999999999999972e+01 -2.699999999999999969e-02
-6.102999999999999758e+00 4.335499999999999687e+01 2.476099999999999923e+01 2.299999999999999961e-02
-1.674800000000000111e+01 1.020199999999999996e+01 2.783800000000000097e+01 9.900000000000000466e-02
5.466000000000000192e+00 -1.450000000000000000e+01 2.535500000000000043e+01 1.580000000000000016e-01
4.122399999999999665e+01 -1.331799999999999962e+01 1.897899999999999920e+01 2.069999999999999896e-01
4.718699999999999761e+01 -1.020999999999999908e+00 1.712000000000000099e+01 2.200000000000000011e-01
1.359399999999999942e+01 2.395000000000000018e+00 1.590099999999999980e+01 1.439999999999999891e-01
-2.262600000000000122e+01 -4.221000000000000085e+00 2.418000000000000149e+00 1.600000000000000033e-02
-2.650000000000000000e+01 -7.102000000000000313e+00 -1.993599999999999994e+01 -4.399999999999999745e-02
-5.461000000000000298e+00 2.825000000000000178e+00 -3.195200000000000173e+01 5.000000000000000104e-03
6.384999999999999787e+00 1.590600000000000058e+01 -2.652599999999999980e+01 8.400000000000000522e-02
-9.961999999999999744e+00 1.440399999999999991e+01 -1.699599999999999866e+01 1.130000000000000032e-01
-4.799600000000000222e+01 -5.663000000000000256e+00 -1.739499999999999957e+01 7.699999999999999900e-02
-9.777800000000000580e+01 -3.516199999999999903e+01 -2.534799999999999898e+01 -4.299999999999999656e-02
-1.441059999999999945e+02 -6.414199999999999591e+01 -2.451800000000000068e+01 -2.630000000000000115e-01
-1.407210000000000036e+02 -7.370199999999999818e+01 -1.006000000000000005e+00 -4.839999999999999858e-01
-4.766799999999999926e+01 -3.869500000000000028e+01 3.911299999999999955e+01 -4.799999999999999822e-01
7.897899999999999920e+01 2.511700000000000088e+01 6.745399999999999352e+01 -1.559999999999999998e-01
1.181299999999999955e+02 5.131300000000000239e+01 5.857000000000000028e+01 2.109999999999999931e-01
4.611599999999999966e+01 8.757999999999999119e+00 1.933800000000000097e+01 2.580000000000000071e-01
-3.130699999999999861e+01 -4.712100000000000222e+01 -1.963899999999999935e+01 2.800000000000000058e-02
-3.818399999999999750e+01 -5.227499999999999858e+01 -3.624799999999999756e+01 -1.110000000000000014e-01
-4.266000000000000014e+00 -9.887999999999999901e+00 -2.803300000000000125e+01 -3.000000000000000062e-03
3.224300000000000210e+01 4.193999999999999773e+01 -5.240999999999999659e+00 1.700000000000000122e-01
7.853900000000000148e+01 8.371299999999999386e+01 1.716700000000000159e+01 2.310000000000000109e-01
1.245859999999999985e+02 1.084980000000000047e+02 2.863299999999999912e+01 1.920000000000000040e-01
1.253529999999999944e+02 1.028379999999999939e+02 2.506800000000000139e+01 1.260000000000000009e-01
6.622799999999999443e+01 6.445000000000000284e+01 6.794999999999999929e+00 3.799999999999999906e-02
-1.974599999999999866e+01 2.126999999999999957e+01 -1.645599999999999952e+01 -9.600000000000000200e-02
-9.577400000000000091e+01 5.107000000000000206e+00 -2.975700000000000145e+01 -2.330000000000000127e-01
-1.352719999999999914e+02 1.125600000000000023e+01 -3.042599999999999838e+01 -2.879999999999999782e-01
-1.213409999999999940e+02 1.009500000000000064e+01 -2.728300000000000125e+01 -2.220000000000000029e-01
-7.080400000000000205e+01 -5.213000000000000078e+00 -2.196099999999999852e+01 -7.299999999999999545e-02
-2.910099999999999909e+01 -1.491699999999999982e+01 -9.715999999999999304e+00 6.099999999999999867e-02
-2.345499999999999829e+01 -1.349699999999999989e+01 3.454000000000000181e+00 6.500000000000000222e-02
-4.098299999999999699e+01 -1.588100000000000023e+01 4.908000000000000362e+00 -8.400000000000000522e-02
-4.857399999999999807e+01 -2.169600000000000151e+01 -4.519999999999999574e+00 -2.379999999999999893e-01
-2.572599999999999909e+01 -1.376500000000000057e+01 -1.194699999999999918e+01 -2.079999999999999905e-01
1.144500000000000028e+01 2.775999999999999801e+00 -1.260599999999999987e+01 8.000000000000000167e-03
2.712000000000000099e+01 1.735000000000000098e+00 -1.131600000000000072e+01 2.039999999999999869e-01
1.102599999999999980e+01 -1.986700000000000088e+01 -5.934999999999999609e+00 2.280000000000000082e-01
-1.556499999999999950e+01 -3.976400000000000290e+01 7.850999999999999979e+00 1.660000000000000087e-01
-3.148699999999999832e+01 -4.799600000000000222e+01 1.660500000000000043e+01 1.610000000000000042e-01
-2.434600000000000009e+01 -4.878900000000000148e+01 3.238999999999999879e+00 1.710000000000000131e-01
1.500000000000000000e+01 -3.753999999999999915e+01 -1.879400000000000048e+01 1.000000000000000056e-01
7.517499999999999716e+01 -8.756999999999999673e+00 -1.617599999999999838e+01 -4.000000000000000083e-03
1.210630000000000024e+02 2.539300000000000068e+01 1.706099999999999994e+01 -5.199999999999999761e-02
1.343170000000000073e+02 4.734400000000000119e+01 4.921500000000000341e+01 -1.899999999999999953e-02
1.315999999999999943e+02 5.132500000000000284e+01 5.194500000000000028e+01 8.000000000000000167e-02
1.208859999999999957e+02 3.619299999999999784e+01 2.954599999999999937e+01 1.610000000000000042e-01
8.095799999999999841e+01 2.337000000000000188e+00 1.860000000000000098e+00 1.140000000000000041e-01
1.599099999999999966e+01 -3.246600000000000108e+01 -1.744399999999999906e+01 -2.000000000000000042e-03
-1.942099999999999937e+01 -3.686099999999999710e+01 -1.847899999999999920e+01 -6.000000000000000125e-03
6.238000000000000433e+00 -3.462000000000000188e+00 1.229999999999999982e+00 1.260000000000000009e-01
4.947899999999999920e+01 3.402400000000000091e+01 2.432100000000000151e+01 2.310000000000000109e-01
5.403300000000000125e+01 3.891199999999999903e+01 2.729599999999999937e+01 2.119999999999999940e-01
2.236100000000000065e+01 1.112700000000000067e+01 7.509000000000000341e+00 9.099999999999999756e-02
-5.583000000000000185e+00 -2.280099999999999838e+01 -1.576099999999999923e+01 -8.400000000000000522e-02
-1.224399999999999977e+01 -4.159499999999999886e+01 -2.435800000000000054e+01 -2.240000000000000047e-01
-1.563899999999999935e+01 -4.402499999999999858e+01 -2.067699999999999960e+01 -2.250000000000000056e-01
-3.284300000000000352e+01 -4.214300000000000068e+01 -2.222800000000000153e+01 -1.170000000000000068e-01
-5.141199999999999903e+01 -4.177900000000000347e+01 -3.553199999999999648e+01 -4.200000000000000261e-02
-4.663499999999999801e+01 -3.228000000000000114e+01 -4.417399999999999949e+01 -4.000000000000000083e-02
-1.385299999999999976e+01 -3.540000000000000036e+00 -2.965500000000000114e+01 -8.000000000000000167e-03
2.607900000000000063e+01 3.082199999999999918e+01 3.248000000000000220e+00 8.999999999999999667e-02
4.120199999999999818e+01 3.998400000000000176e+01 2.682400000000000162e+01 1.260000000000000009e-01
9.003999999999999559e+00 1.067900000000000027e+01 1.578800000000000026e+01 0.000000000000000000e+00
-5.529599999999999937e+01 -3.127499999999999858e+01 -2.370799999999999841e+01 -1.880000000000000004e-01
-9.424800000000000466e+01 -4.523799999999999955e+01 -5.413000000000000256e+01 -2.670000000000000151e-01
-6.116499999999999915e+01 -2.069200000000000017e+01 -4.404599999999999937e+01 -1.980000000000000093e-01
1.823300000000000054e+01 1.242500000000000071e+01 -1.798999999999999932e+00 -6.500000000000000222e-02
6.347800000000000153e+01 1.817999999999999972e+01 3.379299999999999926e+01 5.099999999999999672e-02
3.378799999999999670e+01 -7.213000000000000078e+00 3.567999999999999972e+01 9.700000000000000289e-02
-1.845100000000000051e+01 -3.437800000000000011e+01 1.840800000000000125e+01 5.700000000000000205e-02
-1.832799999999999940e+01 -3.710799999999999699e+01 1.630600000000000094e+01 -5.000000000000000104e-03
3.176599999999999824e+01 -1.971000000000000085e+01 3.484799999999999898e+01 4.000000000000000083e-03
6.827400000000000091e+01 -1.495999999999999996e+00 4.705700000000000216e+01 9.099999999999999756e-02
6.006600000000000250e+01 9.605999999999999872e+00 3.599399999999999977e+01 1.620000000000000051e-01
3.179700000000000060e+01 1.544800000000000040e+01 1.235500000000000043e+01 1.280000000000000027e-01
8.557999999999999829e+00 1.622800000000000153e+01 -5.621000000000000441e+00 -5.000000000000000104e-03
-1.087599999999999945e+01 1.357600000000000051e+01 -7.719999999999999751e+00 -1.350000000000000089e-01
-2.836499999999999844e+01 1.273300000000000054e+01 4.466999999999999638e+00 -1.549999999999999989e-01
-3.118799999999999883e+01 1.477599999999999980e+01 1.803000000000000114e+01 -7.099999999999999367e-02
-1.052699999999999925e+01 1.672100000000000009e+01 2.085699999999999932e+01 1.200000000000000025e-02
1.992200000000000060e+01 1.932000000000000028e+01 1.410299999999999976e+01 2.999999999999999889e-02
3.385499999999999687e+01 2.379700000000000060e+01 5.857999999999999652e+00 1.899999999999999953e-02
1.960300000000000153e+01 2.361599999999999966e+01 -1.564000000000000057e+00 1.000000000000000021e-02
-1.012199999999999989e+01 1.106300000000000061e+01 -9.378000000000000114e+00 -1.200000000000000025e-02
-3.596900000000000119e+01 -8.823999999999999844e+00 -1.488599999999999923e+01 -5.199999999999999761e-02
-4.954299999999999926e+01 -2.033200000000000074e+01 -1.529899999999999949e+01 -8.999999999999999667e-02
-5.155400000000000205e+01 -1.506900000000000084e+01 -1.287500000000000000e+01 -1.079999999999999988e-01
-4.467199999999999704e+01 -2.170999999999999819e+00 -1.123499999999999943e+01 -1.039999999999999952e-01
-3.522899999999999920e+01 2.774000000000000021e+00 -1.215700000000000003e+01 -8.200000000000000344e-02
-3.398100000000000165e+01 -5.418000000000000149e+00 -1.698499999999999943e+01 -5.600000000000000117e-02
-4.633800000000000097e+01 -2.176399999999999935e+01 -2.660800000000000054e+01 -4.399999999999999745e-02
-6.468999999999999773e+01 -4.196300000000000097e+01 -3.953499999999999659e+01 -4.000000000000000083e-02
-7.612900000000000489e+01 -6.016199999999999903e+01 -4.977799999999999869e+01 -3.200000000000000067e-02
-7.318699999999999761e+01 -6.079599999999999937e+01 -4.522299999999999898e+01 -2.500000000000000139e-02
-5.348100000000000165e+01 -3.050400000000000134e+01 -1.529599999999999937e+01 -1.000000000000000021e-02
-2.096300000000000097e+01 1.780099999999999838e+01 2.870700000000000074e+01 3.699999999999999817e-02
6.197000000000000064e+00 4.679599999999999937e+01 5.066899999999999693e+01 9.900000000000000466e-02
7.693999999999999950e+00 3.574600000000000222e+01 3.065299999999999869e+01 1.310000000000000053e-01
-7.269000000000000128e+00 1.045100000000000051e+01 -2.839999999999999747e-01 1.429999999999999882e-01
-4.070999999999999730e+00 7.815000000000000391e+00 7.289999999999999813e-01 1.630000000000000060e-01
2.331200000000000117e+01 2.154899999999999949e+01 2.393100000000000094e+01 1.640000000000000069e-01
3.259499999999999886e+01 1.565900000000000070e+01 2.201599999999999824e+01 1.039999999999999952e-01
-7.626000000000000334e+00 -1.847299999999999898e+01 -1.692999999999999972e+01 2.299999999999999961e-02
-7.073699999999999477e+01 -5.025999999999999801e+01 -5.335399999999999920e+01 -2.000000000000000042e-02
-1.008580000000000041e+02 -4.778799999999999670e+01 -5.028000000000000114e+01 -4.800000000000000100e-02
-5.988000000000000256e+01 -6.344000000000000306e+00 -9.003000000000000114e+00 -1.199999999999999956e-01
4.306400000000000006e+01 4.778999999999999915e+01 4.230199999999999960e+01 -2.119999999999999940e-01
1.391699999999999875e+02 7.172899999999999920e+01 7.129200000000000159e+01 -2.439999999999999947e-01
1.513799999999999955e+02 4.711099999999999710e+01 6.409300000000000352e+01 -1.980000000000000093e-01
8.187600000000000477e+01 6.057000000000000384e+00 3.554899999999999949e+01 -1.260000000000000009e-01
5.421999999999999709e+00 -8.483999999999999986e+00 1.084200000000000053e+01 -7.299999999999999545e-02
-2.780300000000000082e+01 5.442000000000000171e+00 4.368999999999999773e+00 -4.000000000000000083e-02
-3.022800000000000153e+01 1.840399999999999991e+01 1.390600000000000058e+01 -6.000000000000000125e-03
-2.349899999999999878e+01 1.383600000000000030e+01 2.149800000000000111e+01 5.500000000000000028e-02
-3.447999999999999954e+00 2.274000000000000021e+00 1.168200000000000038e+01 1.469999999999999918e-01
3.237500000000000000e+01 -1.697000000000000064e+00 -6.160000000000000142e+00 2.320000000000000118e-01
6.153499999999999659e+01 6.790000000000000480e-01 -1.383200000000000074e+01 2.409999999999999920e-01
6.376599999999999824e+01 1.046999999999999931e+00 -1.410299999999999976e+01 1.489999999999999936e-01
4.744500000000000028e+01 8.899999999999999578e-02 -1.971099999999999852e+01 2.299999999999999961e-02
2.596600000000000108e+01 2.845000000000000195e+00 -2.836499999999999844e+01 -5.800000000000000294e-02
-4.626000000000000334e+00 6.777000000000000135e+00 -2.951099999999999923e+01 -8.300000000000000433e-02
-4.238600000000000279e+01 6.427999999999999936e+00 -2.213299999999999912e+01 -8.100000000000000255e-02
-6.670399999999999352e+01 2.310999999999999943e+00 -1.391300000000000026e+01 -5.000000000000000278e-02
-6.763100000000000023e+01 -1.973000000000000087e+00 -1.005499999999999972e+01 4.000000000000000083e-03
-5.914500000000000313e+01 -3.516999999999999904e+00 -9.278999999999999915e+00 3.699999999999999817e-02
-5.288799999999999812e+01 1.403999999999999915e+00 -9.378999999999999559e+00 2.199999999999999872e-02
-4.347500000000000142e+01 1.465099999999999980e+01 -1.076500000000000057e+01 -1.200000000000000025e-02
-2.372800000000000153e+01 3.046099999999999852e+01 -1.271499999999999986e+01 -5.099999999999999672e-02
6.522000000000000242e+00 3.759000000000000341e+01 -1.214300000000000068e+01 -1.069999999999999979e-01
4.560900000000000176e+01 2.990500000000000114e+01 -9.192000000000000171e+00 -1.489999999999999936e-01
8.462699999999999534e+01 1.366399999999999970e+01 -9.278999999999999915e+00 -1.320000000000000062e-01
1.028760000000000048e+02 1.655999999999999917e+00 -1.427500000000000036e+01 -6.900000000000000577e-02
8.758400000000000318e+01 2.721000000000000085e+00 -1.440799999999999947e+01 -1.400000000000000029e-02
5.155499999999999972e+01 1.950499999999999901e+01 2.415999999999999925e+00 -2.000000000000000042e-03
2.095700000000000074e+01 4.426500000000000057e+01 3.095100000000000051e+01 -1.000000000000000021e-03
1.354499999999999993e+01 5.300300000000000011e+01 4.718099999999999739e+01 3.300000000000000155e-02
2.981500000000000128e+01 2.814300000000000068e+01 3.537299999999999756e+01 9.099999999999999756e-02
5.467600000000000193e+01 -9.170999999999999375e+00 8.909000000000000696e+00 1.160000000000000059e-01
6.483299999999999841e+01 -2.036499999999999844e+01 -9.175000000000000711e+00 6.900000000000000577e-02
4.303600000000000136e+01 -1.600999999999999979e+00 -1.506600000000000072e+01 -2.500000000000000139e-02
-5.067999999999999616e+00 1.659199999999999875e+01 -1.712800000000000011e+01 -8.200000000000000344e-02
-4.971999999999999886e+01 1.499799999999999933e+01 -1.528100000000000058e+01 -2.100000000000000130e-02
-6.515600000000000591e+01 2.779999999999999805e+00 -5.490999999999999659e+00 1.489999999999999936e-01
-5.730100000000000193e+01 -6.524000000000000021e+00 7.942999999999999616e+00 3.240000000000000102e-01
-4.516499999999999915e+01 -1.348300000000000054e+01 1.804400000000000048e+01 4.030000000000000249e-01
-3.005499999999999972e+01 -2.553000000000000114e+01 2.155099999999999838e+01 3.790000000000000036e-01
-1.321700000000000053e+01 -4.544299999999999784e+01 1.401399999999999935e+01 3.039999999999999925e-01
-1.204299999999999926e+01 -6.720199999999999818e+01 -4.799000000000000377e+00 2.300000000000000100e-01
-2.594099999999999895e+01 -7.715800000000000125e+01 -2.034199999999999875e+01 1.970000000000000084e-01
-2.659299999999999997e+01 -6.692499999999999716e+01 -1.814000000000000057e+01 2.020000000000000129e-01
-4.772000000000000242e+00 -4.309300000000000352e+01 -3.318000000000000060e+00 2.049999999999999878e-01
1.308900000000000041e+01 -1.682199999999999918e+01 1.144200000000000017e+01 2.119999999999999940e-01
8.394000000000000128e+00 1.631999999999999895e+00 2.150900000000000034e+01 2.340000000000000135e-01
-2.498000000000000220e+00 2.334999999999999964e+00 2.348400000000000176e+01 2.030000000000000138e-01
3.289000000000000146e+00 -5.764999999999999680e+00 1.610099999999999909e+01 7.399999999999999634e-02
2.374099999999999966e+01 4.102000000000000313e+00 9.699999999999999289e+00 -6.300000000000000044e-02
4.134700000000000131e+01 3.266199999999999903e+01 1.265700000000000003e+01 -1.130000000000000032e-01
4.045100000000000051e+01 4.236299999999999955e+01 1.601000000000000156e+01 -1.300000000000000044e-01
5.921999999999999709e+00 6.692000000000000171e+00 8.252000000000000668e+00 -2.469999999999999973e-01
-6.086099999999999710e+01 -5.594800000000000040e+01 -6.333999999999999631e+00 -4.849999999999999867e-01
-1.190889999999999986e+02 -1.067120000000000033e+02 -1.553599999999999959e+01 -6.949999999999999512e-01
-1.244489999999999981e+02 -1.263940000000000055e+02 -1.646799999999999997e+01 -7.029999999999999583e-01
-8.639100000000000534e+01 -1.263460000000000036e+02 -1.775499999999999901e+01 -5.030000000000000027e-01
-5.085999999999999943e+01 -1.266580000000000013e+02 -2.692599999999999838e+01 -2.580000000000000071e-01
-3.924499999999999744e+01 -1.288209999999999980e+02 -3.793399999999999750e+01 -1.189999999999999947e-01
-3.419599999999999795e+01 -1.127069999999999936e+02 -3.291700000000000159e+01 -8.400000000000000522e-02
-8.127000000000000668e+00 -5.719299999999999784e+01 1.135999999999999899e+00 -6.199999999999999956e-02
5.072299999999999898e+01 3.307999999999999829e+01 5.385300000000000153e+01 -1.299999999999999940e-02
1.247330000000000041e+02 1.169909999999999997e+02 9.023399999999999466e+01 2.400000000000000050e-02
1.728369999999999891e+02 1.539219999999999970e+02 8.003799999999999670e+01 2.000000000000000042e-02
1.641229999999999905e+02 1.587899999999999920e+02 3.265400000000000347e+01 6.000000000000000125e-03
1.120789999999999935e+02 1.826769999999999925e+02 -1.150799999999999912e+01 2.999999999999999889e-02
5.979699999999999704e+01 2.304350000000000023e+02 -2.661299999999999955e+01 9.299999999999999933e-02
2.780600000000000094e+01 2.449619999999999891e+02 -2.248100000000000165e+01 1.419999999999999873e-01
3.201999999999999957e+00 1.892309999999999945e+02 -1.930600000000000094e+01 1.140000000000000041e-01
-2.275499999999999901e+01 1.000000000000000000e+02 -2.026899999999999835e+01 3.400000000000000244e-02
-4.022999999999999687e+01 3.735699999999999932e+01 -1.739199999999999946e+01 2.000000000000000042e-03
-3.894400000000000261e+01 1.774599999999999866e+01 -9.930999999999999162e+00 3.500000000000000333e-02
-1.987999999999999901e+01 2.175499999999999901e+01 -3.783999999999999808e+00 4.399999999999999745e-02
4.298000000000000043e+00 3.266299999999999670e+01 -1.084000000000000075e+00 1.700000000000000122e-02
1.765800000000000125e+01 3.728600000000000136e+01 -2.528999999999999915e+00 3.899999999999999994e-02
1.583500000000000085e+01 2.032999999999999829e+01 -1.064400000000000013e+01 9.700000000000000289e-02
6.147999999999999687e+00 -1.329700000000000060e+01 -1.794300000000000139e+01 8.799999999999999489e-02
-5.086999999999999744e+00 -3.897599999999999909e+01 -7.594999999999999751e+00 2.199999999999999872e-02
-1.590199999999999925e+01 -5.159000000000000341e+01 1.600600000000000023e+01 8.999999999999999320e-03
-2.822299999999999898e+01 -7.079999999999999716e+01 2.118599999999999994e+01 5.999999999999999778e-02
-4.572200000000000131e+01 -9.815200000000000102e+01 -1.790999999999999925e+00 6.500000000000000222e-02
-5.944100000000000250e+01 -1.061209999999999951e+02 -1.873100000000000165e+01 -2.800000000000000058e-02
-5.287100000000000222e+01 -8.348199999999999932e+01 -7.883000000000000007e+00 -1.459999999999999909e-01
-3.523799999999999955e+01 -5.956700000000000017e+01 3.580000000000000071e+00 -2.129999999999999949e-01
-3.493099999999999739e+01 -6.119400000000000261e+01 -8.628000000000000114e+00 -2.220000000000000029e-01
-5.204699999999999704e+01 -7.161899999999999977e+01 -2.210399999999999920e+01 -1.549999999999999989e-01
-6.139699999999999847e+01 -6.416700000000000159e+01 -1.014400000000000013e+01 2.000000000000000042e-03
-6.006300000000000239e+01 -5.245900000000000318e+01 9.300000000000000711e+00 1.429999999999999882e-01
-6.533799999999999386e+01 -6.565000000000000568e+01 2.003000000000000114e+00 9.299999999999999933e-02
-7.148199999999999932e+01 -9.251099999999999568e+01 -2.701500000000000057e+01 -1.590000000000000024e-01
-5.248700000000000188e+01 -9.464700000000000557e+01 -3.954800000000000182e+01 -3.890000000000000124e-01
-6.796000000000000263e+00 -6.596500000000000341e+01 -2.084199999999999875e+01 -3.619999999999999885e-01
3.480499999999999972e+01 -3.770400000000000063e+01 3.280000000000000138e-01 -9.900000000000000466e-02
4.545600000000000307e+01 -2.741499999999999915e+01 -3.818000000000000060e+00 1.459999999999999909e-01
2.488400000000000034e+01 -2.508699999999999974e+01 -2.231099999999999994e+01 2.109999999999999931e-01
-5.456999999999999851e+00 -3.041000000000000014e+01 -2.945299999999999940e+01 1.670000000000000095e-01
-1.785600000000000165e+01 -5.441599999999999682e+01 -2.342500000000000071e+01 1.280000000000000027e-01
-5.243000000000000327e+00 -8.061299999999999955e+01 -1.772400000000000020e+01 1.049999999999999961e-01
7.310999999999999943e+00 -7.550499999999999545e+01 -1.464600000000000080e+01 8.100000000000000255e-02
-1.348000000000000087e+00 -4.078199999999999648e+01 -1.033500000000000085e+01 6.700000000000000400e-02
-1.621000000000000085e+01 -1.360999999999999943e+01 -8.359999999999999432e+00 5.899999999999999689e-02
-1.367200000000000060e+01 -1.315900000000000070e+01 -9.939999999999999503e+00 2.699999999999999969e-02
1.522999999999999909e+00 -1.708800000000000097e+01 -4.168999999999999595e+00 -2.299999999999999961e-02
9.648999999999999133e+00 -4.900000000000000189e-02 1.770700000000000074e+01 -3.400000000000000244e-02
8.233999999999999986e+00 2.730999999999999872e+01 4.595400000000000063e+01 2.299999999999999961e-02
1.278700000000000081e+01 3.934799999999999898e+01 6.110600000000000165e+01 1.290000000000000036e-01
3.462599999999999767e+01 3.950099999999999767e+01 5.617799999999999727e+01 2.650000000000000133e-01
6.999399999999999977e+01 5.335499999999999687e+01 4.146699999999999875e+01 3.790000000000000036e-01
1.028010000000000019e+02 8.394899999999999807e+01 2.643700000000000117e+01 3.679999999999999938e-01
1.119120000000000061e+02 1.048229999999999933e+02 7.706999999999999851e+00 2.069999999999999896e-01
8.800600000000000023e+01 1.018329999999999984e+02 -1.686100000000000065e+01 5.399999999999999939e-02
4.362899999999999778e+01 9.494400000000000261e+01 -3.207900000000000063e+01 5.800000000000000294e-02
8.000000000000000167e-03 1.073930000000000007e+02 -2.041199999999999903e+01 1.189999999999999947e-01
-2.535500000000000043e+01 1.331320000000000050e+02 7.041000000000000369e+00 2.500000000000000139e-02
-2.294500000000000028e+01 1.472119999999999891e+02 1.703999999999999915e+01 -1.970000000000000084e-01
-2.577999999999999847e+00 1.381659999999999968e+02 1.971000000000000085e+00 -3.210000000000000075e-01
1.198099999999999987e+01 1.162680000000000007e+02 -7.264999999999999680e+00 -2.600000000000000089e-01
1.249699999999999989e+01 8.990300000000000580e+01 8.973000000000000753e+00 -1.409999999999999865e-01
8.644000000000000128e+00 5.414699999999999847e+01 2.950400000000000134e+01 -8.000000000000000167e-02
1.213999999999999968e+00 1.175799999999999912e+01 2.849299999999999855e+01 -6.800000000000000488e-02
-1.333099999999999952e+01 -1.916199999999999903e+01 1.177800000000000047e+01 -6.900000000000000577e-02
-1.899200000000000088e+01 -2.998100000000000165e+01 9.250000000000000444e-01 -9.600000000000000200e-02
-2.664000000000000146e+00 -3.202900000000000347e+01 7.119999999999999662e-01 -1.479999999999999927e-01
1.031199999999999939e+01 -3.660999999999999943e+01 5.800000000000000294e-02 -1.549999999999999989e-01
-8.311999999999999389e+00 -4.268299999999999983e+01 -5.253000000000000114e+00 -6.099999999999999867e-02
-2.822400000000000020e+01 -4.468099999999999739e+01 -8.253000000000000114e+00 6.600000000000000311e-02
5.706999999999999851e+00 -3.926899999999999835e+01 -3.443999999999999950e+00 1.019999999999999934e-01
7.803499999999999659e+01 -2.634199999999999875e+01 7.777000000000000135e+00 4.800000000000000100e-02
1.129210000000000065e+02 -1.162800000000000011e+01 1.860600000000000165e+01 5.299999999999999850e-02
8.651399999999999579e+01 -7.019000000000000128e+00 2.075700000000000145e+01 2.020000000000000129e-01
4.539399999999999835e+01 -2.326800000000000068e+01 1.268399999999999928e+01 3.629999999999999893e-01
1.615299999999999869e+01 -5.602799999999999869e+01 2.435999999999999943e+00 3.499999999999999778e-01
-6.363999999999999879e+00 -7.871399999999999864e+01 1.292999999999999927e+00 2.000000000000000111e-01
-4.516000000000000014e+00 -6.696200000000000330e+01 1.334099999999999930e+01 1.089999999999999997e-01
2.492500000000000071e+01 -3.694100000000000250e+01 2.515099999999999980e+01 9.299999999999999933e-02
2.696600000000000108e+01 -3.095899999999999963e+01 1.494500000000000028e+01 -5.000000000000000104e-03
-2.374500000000000099e+01 -5.440800000000000125e+01 -1.620700000000000074e+01 -1.829999999999999960e-01
-6.620999999999999375e+01 -6.445600000000000307e+01 -3.859300000000000352e+01 -2.479999999999999982e-01
-6.138400000000000034e+01 -3.433400000000000318e+01 -3.235300000000000153e+01 -1.559999999999999998e-01
-6.229399999999999693e+01 1.237400000000000055e+01 -1.237700000000000067e+01 -7.099999999999999367e-02
-1.097420000000000044e+02 4.363000000000000256e+01 -2.900999999999999801e+00 -8.500000000000000611e-02
-1.492980000000000018e+02 5.880299999999999727e+01 -4.918999999999999595e+00 -1.130000000000000032e-01
-1.121770000000000067e+02 7.610899999999999466e+01 -1.221000000000000085e+00 -8.799999999999999489e-02
-1.423600000000000065e+01 9.895199999999999818e+01 1.411200000000000010e+01 -5.099999999999999672e-02
7.007099999999999795e+01 1.074039999999999964e+02 2.547400000000000020e+01 -2.900000000000000147e-02
9.421599999999999397e+01 8.736700000000000443e+01 1.961400000000000077e+01 1.899999999999999953e-02
7.144700000000000273e+01 5.221399999999999864e+01 3.299999999999999822e+00 9.900000000000000466e-02
4.043999999999999773e+01 2.143299999999999983e+01 -1.158300000000000018e+01 1.529999999999999971e-01
2.064999999999999858e+01 -3.954000000000000181e+00 -2.104200000000000159e+01 1.479999999999999927e-01
1.856999999999999984e+00 -3.155300000000000082e+01 -2.189799999999999969e+01 1.019999999999999934e-01
-2.833699999999999974e+01 -5.750900000000000034e+01 -1.139899999999999913e+01 2.500000000000000139e-02
-5.875800000000000267e+01 -6.946299999999999386e+01 3.736000000000000210e+00 -5.899999999999999689e-02
-6.945300000000000296e+01 -6.532200000000000273e+01 1.118200000000000038e+01 -1.049999999999999961e-01
-6.151400000000000290e+01 -5.682300000000000040e+01 4.360000000000000320e+00 -1.000000000000000056e-01
-5.214800000000000324e+01 -5.445100000000000051e+01 -1.623900000000000077e+01 -7.199999999999999456e-02
-5.017099999999999937e+01 -5.785799999999999699e+01 -4.211299999999999955e+01 -5.600000000000000117e-02
-5.275699999999999790e+01 -5.798700000000000188e+01 -5.245600000000000307e+01 -6.400000000000000133e-02
-5.150800000000000267e+01 -4.432999999999999829e+01 -3.106400000000000006e+01 -6.900000000000000577e-02
-3.562100000000000222e+01 -1.810600000000000165e+01 6.519999999999999574e+00 -4.100000000000000172e-02
-8.303000000000000824e+00 2.584000000000000075e+00 2.551999999999999957e+01 7.000000000000000146e-03
1.042600000000000016e+01 2.721999999999999975e+00 1.570500000000000007e+01 4.200000000000000261e-02
1.352500000000000036e+01 -9.625000000000000000e+00 -1.899999999999999953e-02 7.399999999999999634e-02
1.330100000000000016e+01 -1.801099999999999923e+01 -2.625000000000000000e+00 1.029999999999999943e-01
1.389100000000000001e+01 -2.186599999999999966e+01 3.237000000000000099e+00 8.000000000000000167e-02
9.782000000000000028e+00 -2.876399999999999935e+01 1.004400000000000048e+01 -1.700000000000000122e-02
3.467999999999999972e+00 -3.682300000000000040e+01 1.882300000000000040e+01 -1.310000000000000053e-01
-1.044000000000000039e+00 -4.015299999999999869e+01 2.286299999999999955e+01 -2.310000000000000109e-01
-6.083999999999999631e+00 -3.829800000000000182e+01 8.699999999999999289e+00 -3.599999999999999867e-01
-7.575999999999999623e+00 -3.155099999999999838e+01 -1.740700000000000003e+01 -4.849999999999999867e-01
4.751999999999999780e+00 -1.858999999999999986e+01 -2.956200000000000117e+01 -4.570000000000000173e-01
2.592699999999999960e+01 -7.246999999999999886e+00 -1.977899999999999991e+01 -2.250000000000000056e-01
3.436800000000000210e+01 -1.635500000000000043e+01 -1.067699999999999960e+01 4.100000000000000172e-02
1.989099999999999824e+01 -4.833899999999999864e+01 -1.839000000000000057e+01 1.749999999999999889e-01
-1.260000000000000009e+00 -7.198000000000000398e+01 -3.040099999999999980e+01 1.739999999999999880e-01
-7.467999999999999972e+00 -5.932600000000000051e+01 -3.091700000000000159e+01 1.000000000000000056e-01
3.646999999999999797e+00 -2.182900000000000063e+01 -1.984900000000000020e+01 -0.000000000000000000e+00
2.617200000000000060e+01 1.827899999999999991e+01 -1.274999999999999911e+00 -3.799999999999999906e-02
6.915800000000000125e+01 6.123299999999999699e+01 2.284799999999999898e+01 6.700000000000000400e-02
1.340809999999999889e+02 1.028960000000000008e+02 4.442600000000000193e+01 2.590000000000000080e-01
1.752539999999999907e+02 1.150589999999999975e+02 4.984100000000000108e+01 3.649999999999999911e-01
1.388429999999999893e+02 8.926000000000000512e+01 3.571800000000000352e+01 2.959999999999999853e-01
4.646600000000000108e+01 6.315500000000000114e+01 1.779400000000000048e+01 1.759999999999999898e-01
-2.156200000000000117e+01 7.071999999999999886e+01 1.239899999999999913e+01 1.719999999999999862e-01
-3.382800000000000296e+01 9.596699999999999875e+01 1.285299999999999976e+01 2.750000000000000222e-01
-3.794200000000000017e+01 1.007139999999999986e+02 1.850000000000000089e+00 3.400000000000000244e-01
-7.420199999999999818e+01 7.580599999999999739e+01 -1.619099999999999895e+01 2.969999999999999862e-01
-1.163229999999999933e+02 4.295900000000000318e+01 -1.964799999999999969e+01 1.849999999999999978e-01
-1.136050000000000040e+02 2.194600000000000151e+01 -4.948999999999999844e+00 7.099999999999999367e-02
-5.433599999999999852e+01 1.826699999999999946e+01 9.365999999999999659e+00 7.000000000000000146e-03
1.976699999999999946e+01 2.869399999999999906e+01 1.056900000000000084e+01 -8.000000000000000167e-03
4.845199999999999818e+01 3.650900000000000034e+01 6.149999999999999911e-01 -1.700000000000000122e-02
1.635600000000000165e+01 1.920700000000000074e+01 -1.445899999999999963e+01 -4.399999999999999745e-02
-2.222800000000000153e+01 -1.816100000000000136e+01 -2.689399999999999835e+01 -6.099999999999999867e-02
-1.310500000000000043e+01 -4.184700000000000131e+01 -2.946900000000000119e+01 -6.400000000000000133e-02
2.495700000000000074e+01 -3.720600000000000307e+01 -2.382900000000000063e+01 -1.110000000000000014e-01
4.151100000000000279e+01 -2.319300000000000139e+01 -1.508600000000000030e+01 -2.190000000000000002e-01
3.233200000000000074e+01 -1.193999999999999950e+01 -1.304000000000000048e+00 -3.140000000000000013e-01
2.698199999999999932e+01 4.296999999999999709e+00 1.663599999999999923e+01 -3.780000000000000027e-01
3.627799999999999869e+01 2.287800000000000011e+01 2.661700000000000088e+01 -4.839999999999999858e-01
4.791199999999999903e+01 2.013200000000000145e+01 2.008299999999999841e+01 -5.919999999999999707e-01
4.556900000000000261e+01 -2.160399999999999920e+01 2.759999999999999787e+00 -5.410000000000000364e-01
1.895100000000000051e+01 -8.349699999999999989e+01 -1.138799999999999990e+01 -3.410000000000000253e-01
-2.378900000000000148e+01 -1.198400000000000034e+02 -9.160999999999999588e+00 -1.910000000000000031e-01
-5.282800000000000296e+01 -1.062830000000000013e+02 1.130499999999999972e+01 -1.580000000000000016e-01
-4.582900000000000063e+01 -6.229599999999999937e+01 3.574000000000000199e+01 -1.239999999999999991e-01
-1.989000000000000057e+01 -2.229400000000000048e+01 4.496099999999999852e+01 -2.400000000000000050e-02
-1.152100000000000080e+01 -1.078000000000000069e+00 3.143299999999999983e+01 7.599999999999999811e-02
-2.447800000000000153e+01 1.164600000000000080e+01 6.628000000000000114e+00 1.189999999999999947e-01
-2.860300000000000153e+01 2.841600000000000037e+01 -8.255000000000000782e+00 1.250000000000000000e-01
-1.777899999999999991e+01 3.956600000000000250e+01 -5.115999999999999659e+00 1.079999999999999988e-01
-2.967599999999999838e+01 2.421099999999999852e+01 4.899999999999999911e-01 6.199999999999999956e-02
-8.090600000000000591e+01 -1.161899999999999977e+01 -8.711000000000000298e+00 2.299999999999999961e-02
-1.207099999999999937e+02 -2.938400000000000034e+01 -2.584299999999999997e+01 5.500000000000000028e-02
-9.605500000000000682e+01 -6.689000000000000057e+00 -3.038200000000000145e+01 1.549999999999999989e-01
-3.046300000000000097e+01 2.669699999999999918e+01 -1.816799999999999926e+01 2.300000000000000100e-01
1.532099999999999973e+01 2.519900000000000162e+01 -4.775000000000000355e+00 1.950000000000000067e-01
2.672899999999999920e+01 -1.303800000000000026e+01 -1.546999999999999931e+00 8.200000000000000344e-02
2.416499999999999915e+01 -4.971999999999999886e+01 -3.157999999999999918e+00 2.000000000000000042e-03
7.613000000000000433e+00 -6.040999999999999659e+01 -1.455000000000000071e+00 5.000000000000000104e-03
-2.793599999999999994e+01 -5.478699999999999903e+01 5.490000000000000435e-01 4.399999999999999745e-02
-5.281000000000000227e+01 -4.577300000000000324e+01 -5.384000000000000341e+00 7.099999999999999367e-02
-3.170299999999999940e+01 -2.973400000000000176e+01 -2.083800000000000097e+01 1.120000000000000023e-01
2.381599999999999895e+01 -5.530000000000000249e+00 -3.978399999999999892e+01 2.010000000000000120e-01
6.822700000000000387e+01 1.294299999999999962e+01 -5.328199999999999648e+01 3.230000000000000093e-01
8.077500000000000568e+01 2.023699999999999832e+01 -5.071800000000000352e+01 4.349999999999999978e-01
8.375199999999999534e+01 3.309400000000000119e+01 -2.303399999999999892e+01 5.000000000000000000e-01
9.754699999999999704e+01 5.946500000000000341e+01 2.542200000000000060e+01 4.979999999999999982e-01
1.039309999999999974e+02 8.016599999999999682e+01 7.132099999999999795e+01 4.380000000000000004e-01
7.549399999999999977e+01 8.176099999999999568e+01 8.947700000000000387e+01 3.539999999999999813e-01
2.264999999999999858e+01 7.056600000000000250e+01 7.315000000000000568e+01 2.630000000000000115e-01
-1.676800000000000068e+01 4.502799999999999869e+01 3.585600000000000165e+01 1.529999999999999971e-01
-2.358599999999999852e+01 3.899000000000000021e+00 3.686999999999999833e+00 3.099999999999999978e-02
-9.550000000000000711e+00 -2.667399999999999949e+01 -3.306999999999999940e+00 -5.899999999999999689e-02
5.025000000000000355e+00 -2.228200000000000003e+01 5.213000000000000078e+00 -9.600000000000000200e-02
5.282000000000000028e+00 4.407000000000000028e+00 3.786999999999999922e+00 -9.299999999999999933e-02
-1.477599999999999980e+01 2.291900000000000048e+01 -7.988000000000000433e+00 -5.099999999999999672e-02
-4.337299999999999756e+01 1.779599999999999937e+01 -8.452999999999999403e+00 2.999999999999999889e-02
-5.488499999999999801e+01 -3.559999999999999831e-01 4.310999999999999943e+00 8.799999999999999489e-02
-4.059599999999999653e+01 -8.311999999999999389e+00 7.865999999999999659e+00 6.199999999999999956e-02
-2.790299999999999869e+01 -2.087000000000000188e+00 -7.331000000000000405e+00 -3.000000000000000062e-03
-4.815800000000000125e+01 -4.097000000000000419e+00 -2.621699999999999875e+01 -3.099999999999999978e-02
-8.638299999999999557e+01 -2.808800000000000097e+01 -3.301100000000000279e+01 -5.700000000000000205e-02
-9.031199999999999761e+01 -5.741199999999999903e+01 -2.203699999999999903e+01 -1.539999999999999980e-01
-4.453699999999999903e+01 -7.064700000000000557e+01 3.741000000000000103e+00 -2.600000000000000089e-01
-4.222999999999999865e+00 -7.182599999999999341e+01 2.363599999999999923e+01 -2.439999999999999947e-01
-1.690700000000000003e+01 -7.694499999999999318e+01 1.289400000000000013e+01 -1.089999999999999997e-01
-4.133200000000000074e+01 -7.823999999999999488e+01 -1.754100000000000037e+01 8.000000000000000167e-03
-4.357000000000000206e+00 -4.984899999999999665e+01 -2.904899999999999949e+01 1.000000000000000021e-02
8.608400000000000318e+01 1.043800000000000061e+01 -1.256000000000000050e+01 -5.099999999999999672e-02
1.516189999999999998e+02 7.581699999999999307e+01 2.846000000000000085e+00 -7.499999999999999722e-02
1.481870000000000118e+02 1.242549999999999955e+02 1.076000000000000068e+00 -6.400000000000000133e-02
1.034680000000000035e+02 1.488669999999999902e+02 -4.493999999999999773e+00 -1.130000000000000032e-01
6.201899999999999835e+01 1.475149999999999864e+02 -5.187000000000000277e+00 -2.439999999999999947e-01
3.682600000000000051e+01 1.296819999999999879e+02 -4.937999999999999723e+00 -3.539999999999999813e-01
1.920299999999999940e+01 1.144360000000000070e+02 2.830000000000000071e+00 -3.330000000000000182e-01
8.265000000000000568e+00 1.013050000000000068e+02 2.556700000000000017e+01 -1.980000000000000093e-01
8.121000000000000441e+00 6.923199999999999932e+01 4.432800000000000296e+01 -7.799999999999999989e-02
7.820999999999999730e+00 1.646600000000000108e+01 3.203300000000000125e+01 -7.299999999999999545e-02
-5.705000000000000071e+00 -2.854899999999999949e+01 -5.224000000000000199e+00 -1.549999999999999989e-01
-2.271600000000000108e+01 -4.545000000000000284e+01 -3.283800000000000097e+01 -2.260000000000000064e-01
-2.785200000000000031e+01 -4.689800000000000324e+01 -3.037000000000000099e+01 -2.310000000000000109e-01
-2.645499999999999829e+01 -5.692099999999999937e+01 -9.028999999999999915e+00 -2.169999999999999984e-01
-3.168499999999999872e+01 -8.058499999999999375e+01 7.254999999999999893e+00 -2.379999999999999893e-01
-4.565899999999999892e+01 -1.037579999999999956e+02 3.882000000000000117e+00 -2.600000000000000089e-01
-6.141100000000000136e+01 -1.137319999999999993e+02 -1.211299999999999955e+01 -2.210000000000000020e-01
-6.898499999999999943e+01 -1.121680000000000064e+02 -1.793799999999999883e+01 -1.340000000000000080e-01
-6.285199999999999676e+01 -1.074980000000000047e+02 -3.115000000000000213e+00 -6.300000000000000044e-02
-4.492699999999999960e+01 -9.684999999999999432e+01 1.657199999999999918e+01 -1.799999999999999864e-02
-1.731599999999999895e+01 -6.772499999999999432e+01 2.214099999999999824e+01 5.000000000000000278e-02
1.465300000000000047e+01 -2.650799999999999912e+01 1.357300000000000040e+01 1.559999999999999998e-01
3.477900000000000347e+01 -4.645999999999999908e+00 1.610999999999999988e+00 2.250000000000000056e-01
2.936499999999999844e+01 -1.795899999999999963e+01 -8.019000000000000128e+00 2.039999999999999869e-01
1.032000000000000028e+00 -4.467099999999999937e+01 -1.601899999999999835e+01 1.479999999999999927e-01
-3.782300000000000040e+01 -6.286099999999999710e+01 -2.424800000000000111e+01 1.300000000000000044e-01
-6.994199999999999307e+01 -7.646899999999999409e+01 -3.155999999999999872e+01 1.260000000000000009e-01
-7.403199999999999648e+01 -8.668699999999999761e+01 -3.225800000000000267e+01 8.000000000000000167e-02
-4.335000000000000142e+01 -7.677299999999999613e+01 -2.317200000000000060e+01 8.999999999999999320e-03
-1.829999999999999960e-01 -4.056900000000000261e+01 -1.038499999999999979e+01 -3.099999999999999978e-02
3.189499999999999957e+01 6.349999999999999645e+00 -3.400000000000000244e-02 -3.599999999999999728e-02
5.833700000000000330e+01 4.532800000000000296e+01 9.458000000000000185e+00 -5.199999999999999761e-02
8.509900000000000375e+01 6.232600000000000051e+01 1.655999999999999872e+01 -8.799999999999999489e-02
8.607999999999999829e+01 5.509700000000000131e+01 1.365099999999999980e+01 -7.099999999999999367e-02
4.367099999999999937e+01 4.819599999999999795e+01 4.591999999999999638e+00 3.599999999999999728e-02
-5.004999999999999893e+00 7.174800000000000466e+01 6.969000000000000306e+00 1.479999999999999927e-01
-8.901999999999999247e+00 1.150709999999999980e+02 2.417099999999999937e+01 1.630000000000000060e-01
2.489199999999999946e+01 1.331260000000000048e+02 3.086400000000000077e+01 9.400000000000000022e-02
4.212700000000000244e+01 1.064620000000000033e+02 6.778999999999999915e+00 3.899999999999999994e-02
2.212399999999999878e+01 6.349199999999999733e+01 -2.704700000000000060e+01 5.600000000000000117e-02
2.107000000000000206e+00 3.638000000000000256e+01 -3.266899999999999693e+01 1.079999999999999988e-01
1.057900000000000063e+01 2.539199999999999946e+01 -3.623000000000000220e+00 1.130000000000000032e-01
2.249399999999999977e+01 1.395899999999999963e+01 3.445700000000000074e+01 6.000000000000000125e-03
5.809000000000000163e+00 -6.259999999999999787e+00 5.547500000000000142e+01 -2.010000000000000120e-01
-2.105199999999999960e+01 -2.863700000000000045e+01 5.069500000000000028e+01 -3.739999999999999991e-01
-1.548099999999999987e+01 -3.611800000000000210e+01 2.959400000000000119e+01 -3.539999999999999813e-01
2.120899999999999963e+01 -1.985699999999999932e+01 8.144999999999999574e+00 -1.449999999999999900e-01
4.092999999999999972e+01 2.806000000000000050e+00 -8.112000000000000099e+00 4.000000000000000083e-02
1.320599999999999952e+01 6.261000000000000121e+00 -2.195200000000000173e+01 1.499999999999999944e-02
-3.784400000000000119e+01 -8.292999999999999261e+00 -2.909600000000000009e+01 -1.229999999999999982e-01
-7.263700000000000045e+01 -1.567800000000000082e+01 -2.433800000000000097e+01 -1.239999999999999991e-01
-8.642000000000000171e+01 -7.650000000000000133e-01 -1.760300000000000153e+01 5.700000000000000205e-02
-8.689000000000000057e+01 3.056400000000000006e+01 -1.832199999999999918e+01 2.439999999999999947e-01
-5.403199999999999648e+01 6.585999999999999943e+01 -1.315099999999999980e+01 3.539999999999999813e-01
1.634299999999999997e+01 8.825499999999999545e+01 1.020800000000000018e+01 4.699999999999999734e-01
7.196599999999999397e+01 7.945399999999999352e+01 3.318800000000000239e+01 6.089999999999999858e-01
7.503600000000000136e+01 4.435499999999999687e+01 3.263900000000000290e+01 6.680000000000000382e-01
5.690200000000000102e+01 1.110999999999999943e+01 1.411899999999999977e+01 6.149999999999999911e-01
5.163700000000000045e+01 -7.394999999999999574e+00 -5.304999999999999716e+00 5.240000000000000213e-01
4.586699999999999733e+01 -2.247800000000000153e+01 -1.783599999999999852e+01 4.099999999999999756e-01
3.066000000000000014e+01 -3.632200000000000273e+01 -1.580700000000000038e+01 2.230000000000000038e-01
3.330100000000000193e+01 -3.486299999999999955e+01 6.455000000000000071e+00 2.900000000000000147e-02
6.439700000000000557e+01 -1.556499999999999950e+01 3.620700000000000074e+01 -1.799999999999999864e-02
8.606000000000000227e+01 8.134999999999999787e+00 5.064500000000000313e+01 7.699999999999999900e-02
6.244800000000000040e+01 2.649200000000000088e+01 4.186299999999999955e+01 1.039999999999999952e-01
8.794000000000000483e+00 3.474699999999999989e+01 2.213400000000000034e+01 -5.800000000000000294e-02
-3.233800000000000097e+01 2.704700000000000060e+01 5.831000000000000405e+00 -2.790000000000000258e-01
-4.105100000000000193e+01 5.913999999999999702e+00 -7.649000000000000021e+00 -3.719999999999999973e-01
-3.048400000000000176e+01 -1.514199999999999946e+01 -2.851999999999999957e+01 -3.400000000000000244e-01
-2.434900000000000020e+01 -2.319800000000000040e+01 -5.516700000000000159e+01 -2.959999999999999853e-01
-3.247399999999999665e+01 -1.237599999999999945e+01 -6.513700000000000045e+01 -2.560000000000000053e-01
-3.802499999999999858e+01 9.944000000000000838e+00 -3.800999999999999801e+01 -1.769999999999999907e-01
-1.594699999999999918e+01 1.847800000000000153e+01 9.240000000000000213e+00 -8.899999999999999578e-02
2.460900000000000176e+01 -6.153999999999999915e+00 3.031299999999999883e+01 -4.200000000000000261e-02
3.762500000000000000e+01 -4.572099999999999653e+01 7.275000000000000355e+00 -3.899999999999999994e-02
-4.288999999999999702e+00 -6.521899999999999409e+01 -2.798400000000000176e+01 -7.299999999999999545e-02
-8.144599999999999795e+01 -6.391799999999999926e+01 -4.363499999999999801e+01 -1.499999999999999944e-01
-1.606500000000000057e+02 -6.881799999999999784e+01 -4.154899999999999949e+01 -2.590000000000000080e-01
-2.118689999999999998e+02 -8.272599999999999909e+01 -3.164799999999999969e+01 -3.549999999999999822e-01
-2.019329999999999927e+02 -8.214100000000000534e+01 -1.601699999999999946e+01 -3.659999999999999920e-01
-1.322949999999999875e+02 -6.399399999999999977e+01 -5.179000000000000270e+00 -2.740000000000000213e-01
-6.123299999999999699e+01 -5.588900000000000290e+01 -1.081900000000000084e+01 -1.590000000000000024e-01
-3.628499999999999659e+01 -7.888200000000000500e+01 -2.084900000000000020e+01 -1.079999999999999988e-01
-4.048599999999999710e+01 -1.238479999999999990e+02 -1.417500000000000071e+01 -1.039999999999999952e-01
-4.123299999999999699e+01 -1.618069999999999879e+02 3.274999999999999911e+00 -8.200000000000000344e-02
-4.349499999999999744e+01 -1.656229999999999905e+02 6.730000000000000426e+00 -4.000000000000000083e-02
-5.992300000000000182e+01 -1.311980000000000075e+02 -7.724999999999999645e+00 -3.200000000000000067e-02
-7.024099999999999966e+01 -8.317700000000000671e+01 -1.956899999999999906e+01 -5.500000000000000028e-02
-4.504899999999999949e+01 -4.539699999999999847e+01 -1.607700000000000173e+01 -3.099999999999999978e-02
1.138799999999999990e+01 -8.378999999999999559e+00 -4.157000000000000028e+00 6.700000000000000400e-02
6.469400000000000261e+01 4.928300000000000125e+01 4.727000000000000313e+00 1.509999999999999953e-01
9.133199999999999363e+01 1.158550000000000040e+02 4.200000000000000178e+00 1.509999999999999953e-01
1.014699999999999989e+02 1.583400000000000034e+02 -4.463000000000000078e+00 1.049999999999999961e-01
1.151059999999999945e+02 1.725740000000000123e+02 -9.310000000000000497e+00 5.500000000000000028e-02
1.340209999999999866e+02 1.889960000000000093e+02 3.286000000000000032e+00 -3.599999999999999728e-02
1.518839999999999861e+02 2.300879999999999939e+02 3.075100000000000122e+01 -1.590000000000000024e-01
1.666119999999999948e+02 2.753179999999999836e+02 5.345199999999999818e+01 -1.600000000000000033e-01
1.651800000000000068e+02 2.701279999999999859e+02 5.511899999999999977e+01 5.099999999999999672e-02
1.263709999999999951e+02 1.831630000000000109e+02 3.860799999999999699e+01 2.600000000000000089e-01
5.651899999999999835e+01 5.540200000000000102e+01 1.975600000000000023e+01 2.159999999999999976e-01
-6.081999999999999851e+00 -3.791299999999999670e+01 9.361000000000000654e+00 2.500000000000000139e-02
-3.494899999999999807e+01 -7.107399999999999807e+01 4.846000000000000085e+00 -3.799999999999999906e-02
-3.724499999999999744e+01 -7.398900000000000432e+01 -1.590000000000000024e-01 4.100000000000000172e-02
-2.829100000000000037e+01 -6.905899999999999750e+01 -5.120000000000000107e+00 1.000000000000000056e-01
-1.215900000000000070e+01 -5.292399999999999949e+01 -6.419999999999999929e+00 1.110000000000000014e-01
8.202999999999999403e+00 -2.786400000000000077e+01 -4.065000000000000391e+00 1.330000000000000071e-01
2.429500000000000171e+01 -3.939999999999999947e+00 1.042000000000000037e+00 1.469999999999999918e-01
3.363199999999999790e+01 1.812800000000000011e+01 8.173000000000000043e+00 1.270000000000000018e-01
4.124000000000000199e+01 3.366100000000000136e+01 1.273600000000000065e+01 9.400000000000000022e-02
3.941799999999999926e+01 2.573199999999999932e+01 1.150500000000000078e+01 4.000000000000000083e-02
6.248000000000000220e+00 -6.219000000000000306e+00 8.592000000000000526e+00 -5.299999999999999850e-02
-5.859400000000000119e+01 -3.728399999999999892e+01 6.083000000000000185e+00 -1.340000000000000080e-01
-1.155870000000000033e+02 -4.939999999999999858e+01 -9.600000000000000200e-02 -1.250000000000000000e-01
-1.198089999999999975e+02 -4.431000000000000227e+01 -7.209999999999999964e+00 -1.099999999999999936e-02
-6.745699999999999363e+01 -2.778800000000000026e+01 -5.230000000000000426e+00 1.330000000000000071e-01
-5.804999999999999716e+00 -1.150799999999999912e+01 4.969999999999999751e+00 1.620000000000000051e-01
1.414400000000000013e+01 -1.425900000000000034e+01 9.794999999999999929e+00 -4.000000000000000083e-03
1.147999999999999909e+00 -3.207399999999999807e+01 5.344000000000000306e+00 -2.179999999999999993e-01
7.544999999999999929e+00 -3.114600000000000080e+01 6.511000000000000121e+00 -2.580000000000000071e-01
4.558100000000000307e+01 5.142000000000000348e+00 2.317500000000000071e+01 -1.250000000000000000e-01
6.700300000000000011e+01 4.604299999999999926e+01 3.922200000000000131e+01 -1.499999999999999944e-02
3.671399999999999864e+01 4.830199999999999960e+01 3.222699999999999676e+01 -6.000000000000000125e-03
-1.109299999999999997e+01 5.863000000000000433e+00 7.863000000000000433e+00 3.000000000000000062e-03
-1.738299999999999912e+01 -4.690899999999999892e+01 -6.769000000000000128e+00 6.500000000000000222e-02
1.783200000000000074e+01 -7.586299999999999955e+01 -2.172000000000000153e+00 7.699999999999999900e-02
3.988199999999999790e+01 -7.823300000000000409e+01 5.698999999999999844e+00 -2.100000000000000130e-02
2.303000000000000114e+01 -6.948499999999999943e+01 4.878999999999999559e+00 -1.049999999999999961e-01
-5.054999999999999716e+00 -5.767099999999999937e+01 -7.429999999999999938e-01 -5.399999999999999939e-02
-2.059900000000000020e+01 -4.461999999999999744e+01 -6.182000000000000384e+00 5.600000000000000117e-02
-3.270400000000000063e+01 -3.717499999999999716e+01 -1.090700000000000003e+01 8.599999999999999312e-02
-5.121500000000000341e+01 -4.046999999999999886e+01 -1.267099999999999937e+01 5.299999999999999850e-02
-6.045900000000000318e+01 -4.334899999999999665e+01 -8.323000000000000398e+00 5.399999999999999939e-02
-3.811500000000000199e+01 -2.494000000000000128e+01 7.600000000000000089e-01 1.150000000000000050e-01
1.015600000000000058e+01 1.811400000000000077e+01 8.076000000000000512e+00 1.960000000000000075e-01
5.161699999999999733e+01 6.605200000000000671e+01 7.735000000000000320e+00 2.459999999999999964e-01
6.259000000000000341e+01 1.025169999999999959e+02 -1.499999999999999944e-01 2.369999999999999885e-01
4.582500000000000284e+01 1.233610000000000042e+02 -1.206300000000000061e+01 1.980000000000000093e-01
1.622800000000000153e+01 1.191099999999999994e+02 -2.357700000000000173e+01 1.719999999999999862e-01
-8.236000000000000654e+00 7.982899999999999352e+01 -2.726999999999999957e+01 1.390000000000000124e-01
-1.356799999999999962e+01 1.755300000000000082e+01 -2.144099999999999895e+01 5.399999999999999939e-02
-1.046899999999999942e+01 -4.124699999999999989e+01 -2.106500000000000128e+01 -4.100000000000000172e-02
-2.908500000000000085e+01 -8.255299999999999727e+01 -4.082500000000000284e+01 -7.599999999999999811e-02
-7.577400000000000091e+01 -1.071470000000000056e+02 -6.833599999999999852e+01 -5.899999999999999689e-02
-1.152980000000000018e+02 -1.124860000000000042e+02 -7.287600000000000477e+01 -2.999999999999999889e-02
-1.064090000000000060e+02 -8.951900000000000546e+01 -3.844500000000000028e+01 -0.000000000000000000e+00
-4.712100000000000222e+01 -3.936699999999999733e+01 2.065599999999999881e+01 1.600000000000000033e-02
1.831500000000000128e+01 1.515700000000000003e+01 6.839799999999999613e+01 -1.000000000000000021e-02
4.851500000000000057e+01 4.237199999999999989e+01 7.295699999999999363e+01 -7.199999999999999456e-02
5.632500000000000284e+01 3.483800000000000097e+01 3.874000000000000199e+01 -1.150000000000000050e-01
7.931900000000000261e+01 2.302799999999999869e+01 2.959000000000000075e+00 -9.299999999999999933e-02
1.128259999999999934e+02 3.764800000000000324e+01 -1.036299999999999955e+01 -4.000000000000000083e-03
1.215690000000000026e+02 6.777299999999999613e+01 -1.102800000000000047e+01 1.039999999999999952e-01
1.021719999999999970e+02 7.899599999999999511e+01 -1.126200000000000045e+01 1.409999999999999865e-01
8.147100000000000364e+01 6.178000000000000114e+01 -6.695999999999999730e+00 5.099999999999999672e-02
6.408499999999999375e+01 3.543699999999999761e+01 2.914000000000000146e+00 -9.099999999999999756e-02
2.961799999999999855e+01 1.252299999999999969e+01 5.402999999999999581e+00 -1.650000000000000078e-01
-2.132499999999999929e+01 -1.210699999999999932e+01 -3.193999999999999950e+00 -1.700000000000000122e-01
-5.944100000000000250e+01 -4.092300000000000182e+01 -1.271899999999999942e+01 -1.769999999999999907e-01
-6.815999999999999659e+01 -6.732899999999999352e+01 -1.548799999999999955e+01 -1.930000000000000049e-01
-5.979800000000000182e+01 -8.591200000000000614e+01 -1.274799999999999933e+01 -1.799999999999999933e-01
-4.883400000000000318e+01 -9.203499999999999659e+01 -7.915000000000000036e+00 -1.370000000000000107e-01
-3.786899999999999977e+01 -8.126800000000000068e+01 -4.383000000000000007e+00 -8.699999999999999400e-02
-2.912500000000000000e+01 -6.191700000000000159e+01 -5.677999999999999936e+00 -4.499999999999999833e-02
-2.923000000000000043e+01 -5.248700000000000188e+01 -1.050300000000000011e+01 -4.100000000000000172e-02
-4.480899999999999750e+01 -5.929800000000000182e+01 -1.213199999999999967e+01 -9.199999999999999845e-02
-7.660899999999999466e+01 -7.193099999999999739e+01 -7.849000000000000199e+00 -1.360000000000000098e-01
-1.104410000000000025e+02 -7.957899999999999352e+01 -3.229999999999999982e+00 -8.200000000000000344e-02
-1.193640000000000043e+02 -7.677200000000000557e+01 -2.738999999999999879e+00 2.500000000000000139e-02
-8.296699999999999875e+01 -5.417199999999999704e+01 -7.950000000000000400e-01 5.999999999999999778e-02
-6.076999999999999957e+00 -1.973000000000000087e+00 1.113599999999999923e+01 5.899999999999999689e-02
7.634199999999999875e+01 6.901099999999999568e+01 2.709499999999999886e+01 1.519999999999999962e-01
1.152720000000000056e+02 1.291860000000000070e+02 2.821199999999999974e+01 2.260000000000000064e-01
8.506000000000000227e+01 1.629950000000000045e+02 9.679999999999999716e+00 5.700000000000000205e-02
1.131900000000000084e+01 1.774319999999999879e+02 -9.653000000000000469e+00 -2.409999999999999920e-01
-5.145499999999999829e+01 1.729759999999999991e+02 -1.359600000000000009e+01 -3.059999999999999942e-01
-7.613400000000000034e+01 1.329799999999999898e+02 -8.218999999999999417e+00 -6.600000000000000311e-02
-8.451000000000000512e+01 5.298199999999999932e+01 -8.041000000000000369e+00 1.779999999999999916e-01
-1.038769999999999953e+02 -3.573499999999999943e+01 -1.378599999999999959e+01 2.079999999999999905e-01
-1.134150000000000063e+02 -8.444400000000000261e+01 -9.839000000000000412e+00 1.320000000000000062e-01
-6.099900000000000233e+01 -6.811199999999999477e+01 1.324399999999999977e+01 1.250000000000000000e-01
5.746399999999999864e+01 -5.554999999999999716e+00 3.943800000000000239e+01 1.620000000000000051e-01
1.713810000000000002e+02 6.448999999999999488e+01 4.972800000000000153e+01 1.439999999999999891e-01
2.171920000000000073e+02 1.187740000000000009e+02 5.084300000000000352e+01 7.099999999999999367e-02
2.079230000000000018e+02 1.443580000000000041e+02 5.206099999999999994e+01 -3.000000000000000062e-03
1.806889999999999930e+02 1.199929999999999950e+02 3.918399999999999750e+01 -6.199999999999999956e-02
1.288089999999999975e+02 4.485199999999999676e+01 5.126000000000000334e+00 -1.380000000000000115e-01
4.445100000000000051e+01 -3.270799999999999841e+01 -2.304799999999999827e+01 -2.489999999999999991e-01
-3.117800000000000082e+01 -6.275300000000000011e+01 -1.794099999999999895e+01 -3.150000000000000022e-01
-6.285000000000000142e+01 -5.484000000000000341e+01 1.013599999999999923e+01 -2.439999999999999947e-01
-7.344400000000000261e+01 -5.469299999999999784e+01 2.885600000000000165e+01 -9.900000000000000466e-02
-9.337399999999999523e+01 -7.908700000000000330e+01 2.072500000000000142e+01 -4.200000000000000261e-02
-1.062450000000000045e+02 -1.047699999999999960e+02 -5.266000000000000014e+00 -9.500000000000000111e-02
-8.851900000000000546e+01 -1.104380000000000024e+02 -2.901999999999999957e+01 -1.270000000000000018e-01
-6.319899999999999807e+01 -1.024519999999999982e+02 -4.159799999999999898e+01 -5.999999999999999778e-02
-6.185600000000000165e+01 -9.312199999999999989e+01 -4.574900000000000233e+01 3.599999999999999728e-02
-6.639700000000000557e+01 -7.603499999999999659e+01 -3.669200000000000017e+01 7.000000000000000666e-02
-4.962400000000000233e+01 -4.524600000000000222e+01 -8.644000000000000128e+00 3.500000000000000333e-02
-3.619700000000000273e+01 -2.100600000000000023e+01 1.866199999999999903e+01 -2.100000000000000130e-02
-5.743500000000000227e+01 -2.316799999999999926e+01 1.619300000000000139e+01 -5.199999999999999761e-02
-8.690900000000000603e+01 -3.437100000000000222e+01 -1.063000000000000078e+01 -1.799999999999999864e-02
-7.920300000000000296e+01 -2.509299999999999997e+01 -2.883500000000000085e+01 9.099999999999999756e-02
-3.513400000000000034e+01 3.572000000000000064e+00 -2.429899999999999949e+01 2.169999999999999984e-01
1.320199999999999996e+01 3.445300000000000296e+01 -1.164400000000000013e+01 2.740000000000000213e-01
5.142699999999999960e+01 6.601800000000000068e+01 -5.743000000000000327e+00 2.340000000000000135e-01
8.479500000000000171e+01 9.907999999999999829e+01 -6.631000000000000227e+00 1.409999999999999865e-01
1.089009999999999962e+02 1.162090000000000032e+02 -6.698999999999999844e+00 4.100000000000000172e-02
1.058449999999999989e+02 1.014090000000000060e+02 -1.129999999999999893e+00 -4.700000000000000011e-02
6.987699999999999534e+01 6.605800000000000693e+01 6.250000000000000000e+00 -1.160000000000000059e-01
2.131299999999999883e+01 3.719800000000000040e+01 7.424000000000000377e+00 -1.380000000000000115e-01
-1.032199999999999918e+01 2.785999999999999943e+01 7.799999999999999989e-02 -1.150000000000000050e-01
-8.759999999999999787e+00 3.347800000000000153e+01 -9.900000000000000355e+00 -8.799999999999999489e-02
2.398999999999999844e+01 4.856099999999999994e+01 -1.307499999999999929e+01 -5.700000000000000205e-02
7.321599999999999397e+01 6.386500000000000199e+01 -5.336999999999999744e+00 3.699999999999999817e-02
1.187789999999999964e+02 5.840999999999999659e+01 6.945999999999999730e+00 1.950000000000000067e-01
1.415469999999999970e+02 2.545400000000000063e+01 1.728399999999999892e+01 3.109999999999999987e-01
1.241740000000000066e+02 -1.001900000000000013e+01 2.618499999999999872e+01 2.979999999999999871e-01
6.190599999999999881e+01 -2.912300000000000111e+01 2.834199999999999875e+01 1.819999999999999951e-01
-1.417900000000000027e+01 -4.572099999999999653e+01 1.262400000000000055e+01 5.999999999999999778e-02
-5.508700000000000330e+01 -7.122299999999999898e+01 -1.426699999999999946e+01 1.099999999999999936e-02
-5.193800000000000239e+01 -8.926600000000000534e+01 -2.814499999999999957e+01 4.900000000000000189e-02
-3.974300000000000210e+01 -8.492600000000000193e+01 -1.900700000000000145e+01 1.229999999999999982e-01
-3.852000000000000313e+01 -6.827100000000000080e+01 -1.641000000000000014e+00 1.640000000000000069e-01
-3.392099999999999937e+01 -5.586699999999999733e+01 7.951999999999999957e+00 1.370000000000000107e-01
-1.916000000000000014e+01 -5.184899999999999665e+01 8.089999999999999858e+00 7.499999999999999722e-02
-1.935500000000000043e+01 -5.769500000000000028e+01 -8.679999999999999938e-01 2.699999999999999969e-02
-6.080799999999999983e+01 -7.990399999999999636e+01 -2.357199999999999918e+01 -2.400000000000000050e-02
-1.266539999999999964e+02 -1.104120000000000061e+02 -5.039800000000000324e+01 -1.199999999999999956e-01
-1.598100000000000023e+02 -1.182800000000000011e+02 -5.141599999999999682e+01 -2.010000000000000120e-01
-1.273100000000000023e+02 -8.800300000000000011e+01 -1.140900000000000070e+01 -1.690000000000000113e-01
-6.837500000000000000e+01 -5.010799999999999699e+01 4.314600000000000080e+01 -7.599999999999999811e-02
-3.812299999999999756e+01 -3.960199999999999676e+01 7.225700000000000500e+01 -6.800000000000000488e-02
-2.438500000000000156e+01 -4.085199999999999676e+01 6.701500000000000057e+01 -1.489999999999999936e-01
1.235800000000000054e+01 -1.660999999999999943e+01 4.872999999999999687e+01 -1.769999999999999907e-01
5.208800000000000097e+01 2.737199999999999989e+01 3.416799999999999926e+01 -1.069999999999999979e-01
5.129599999999999937e+01 5.561399999999999721e+01 2.115599999999999881e+01 -6.500000000000000222e-02
2.554200000000000159e+01 6.280400000000000205e+01 4.804999999999999716e+00 -1.160000000000000059e-01
2.447599999999999909e+01 7.627500000000000568e+01 -9.551999999999999602e+00 -1.549999999999999989e-01
5.563400000000000034e+01 1.093529999999999944e+02 -1.485399999999999920e+01 -7.799999999999999989e-02
8.102599999999999625e+01 1.429739999999999895e+02 -1.291799999999999926e+01 5.600000000000000117e-02
7.267900000000000205e+01 1.521140000000000043e+02 -9.234999999999999432e+00 1.239999999999999991e-01
4.099199999999999733e+01 1.328720000000000141e+02 -5.865000000000000213e+00 1.059999999999999970e-01
1.458999999999999986e+01 9.984799999999999898e+01 -4.480999999999999872e+00 8.899999999999999578e-02
1.201099999999999923e+01 6.633199999999999363e+01 -6.020999999999999908e+00 1.429999999999999882e-01
2.781099999999999994e+01 3.321200000000000330e+01 -5.697000000000000064e+00 2.349999999999999867e-01
3.676700000000000301e+01 -4.759999999999999787e-01 9.989999999999999991e-01 2.710000000000000187e-01
2.223300000000000054e+01 -2.099699999999999989e+01 9.353999999999999204e+00 2.119999999999999940e-01
-2.822999999999999954e+00 -1.494899999999999984e+01 1.073300000000000054e+01 1.539999999999999980e-01
-1.740800000000000125e+01 7.600000000000000089e-01 3.386000000000000121e+00 2.129999999999999949e-01
-1.926899999999999835e+01 -7.409999999999999920e-01 -7.716999999999999638e+00 3.439999999999999725e-01
-1.766400000000000148e+01 -1.346100000000000030e+01 -1.884199999999999875e+01 3.980000000000000204e-01
-2.164300000000000068e+01 -1.618900000000000006e+01 -2.981700000000000017e+01 3.340000000000000191e-01
-3.890999999999999659e+01 -1.277100000000000080e+01 -3.907300000000000040e+01 2.369999999999999885e-01
-6.348400000000000176e+01 -1.400300000000000011e+01 -4.013400000000000034e+01 1.549999999999999989e-01
-7.317600000000000193e+01 -6.535999999999999588e+00 -2.512300000000000111e+01 5.299999999999999850e-02
-5.542499999999999716e+01 2.105300000000000082e+01 3.766999999999999904e+00 -8.100000000000000255e-02
-1.645799999999999841e+01 4.870600000000000307e+01 2.785999999999999943e+01 -2.030000000000000138e-01
3.367199999999999704e+01 5.427100000000000080e+01 3.049200000000000088e+01 -2.730000000000000204e-01
7.799299999999999500e+01 4.504099999999999682e+01 1.990500000000000114e+01 -3.069999999999999951e-01
9.140399999999999636e+01 3.752799999999999869e+01 1.543500000000000050e+01 -4.020000000000000240e-01
6.900900000000000034e+01 3.486999999999999744e+01 1.704599999999999937e+01 -6.029999999999999805e-01
3.740400000000000347e+01 3.604200000000000159e+01 9.555999999999999162e+00 -7.630000000000000115e-01
2.291100000000000136e+01 3.828199999999999648e+01 -8.439999999999999503e+00 -7.530000000000000027e-01
2.655199999999999960e+01 3.017699999999999960e+01 -2.064300000000000068e+01 -7.239999999999999769e-01
3.629899999999999949e+01 8.246000000000000441e+00 -1.863100000000000023e+01 -8.579999999999999849e-01
4.030499999999999972e+01 -1.258799999999999919e+01 -1.327399999999999913e+01 -9.669999999999999707e-01
2.419000000000000128e+01 -2.539399999999999835e+01 -1.492699999999999960e+01 -7.249999999999999778e-01
-1.748600000000000065e+01 -4.286200000000000188e+01 -1.707400000000000162e+01 -2.220000000000000029e-01
-6.668500000000000227e+01 -6.776000000000000512e+01 -7.163999999999999702e+00 1.100000000000000006e-01
-9.632099999999999795e+01 -8.226200000000000045e+01 1.508999999999999986e+01 9.700000000000000289e-02
-8.775199999999999534e+01 -7.608700000000000330e+01 3.568500000000000227e+01 2.000000000000000042e-03
-3.552799999999999869e+01 -5.936099999999999710e+01 3.955499999999999972e+01 6.199999999999999956e-02
3.733200000000000074e+01 -4.563900000000000290e+01 2.367899999999999849e+01 1.960000000000000075e-01
8.417400000000000659e+01 -3.990999999999999659e+01 -9.250000000000000444e-01 2.300000000000000100e-01
8.786199999999999477e+01 -3.928699999999999903e+01 -1.762000000000000099e+01 1.809999999999999942e-01
8.076999999999999602e+01 -3.792999999999999972e+01 -1.669000000000000128e+01 1.980000000000000093e-01
8.692199999999999704e+01 -3.701400000000000290e+01 -4.024000000000000021e+00 3.300000000000000155e-01
9.038200000000000500e+01 -4.309300000000000352e+01 4.980999999999999872e+00 4.510000000000000120e-01
7.441599999999999682e+01 -5.108500000000000085e+01 3.608000000000000096e+00 4.450000000000000067e-01
3.597899999999999920e+01 -4.680599999999999739e+01 -5.510000000000000453e-01 3.579999999999999849e-01
-3.362899999999999778e+01 -3.185699999999999932e+01 -9.040000000000000258e-01 3.009999999999999898e-01
-1.223979999999999961e+02 -2.574299999999999855e+01 -2.512999999999999901e+00 2.909999999999999809e-01
-1.756069999999999993e+02 -3.582300000000000040e+01 -1.193599999999999994e+01 2.790000000000000258e-01
-1.597909999999999968e+02 -4.392699999999999960e+01 -2.495700000000000074e+01 2.540000000000000036e-01
-1.159699999999999989e+02 -3.486699999999999733e+01 -3.209899999999999665e+01 2.369999999999999885e-01
-1.010250000000000057e+02 -2.195100000000000051e+01 -3.196900000000000119e+01 2.089999999999999913e-01
-1.131050000000000040e+02 -2.730600000000000094e+01 -3.286399999999999721e+01 1.350000000000000089e-01
-1.102159999999999940e+02 -4.592999999999999972e+01 -3.913900000000000290e+01 2.999999999999999889e-02
-6.891800000000000637e+01 -4.692900000000000205e+01 -3.703199999999999648e+01 -5.000000000000000278e-02
-3.161999999999999922e+00 -1.301699999999999946e+01 -6.889999999999999680e+00 -4.399999999999999745e-02
4.867799999999999727e+01 3.318299999999999983e+01 4.205799999999999983e+01 4.399999999999999745e-02
5.174499999999999744e+01 5.250999999999999801e+01 6.933899999999999864e+01 1.150000000000000050e-01
1.419500000000000028e+01 3.576500000000000057e+01 5.143399999999999750e+01 9.900000000000000466e-02
-1.104800000000000004e+01 1.590600000000000058e+01 1.333000000000000007e+01 6.400000000000000133e-02
1.052599999999999980e+01 2.811299999999999955e+01 -3.754999999999999893e+00 1.069999999999999979e-01
4.909400000000000119e+01 6.546800000000000352e+01 8.069000000000000838e+00 2.049999999999999878e-01
5.692799999999999727e+01 8.931900000000000261e+01 2.120100000000000051e+01 2.680000000000000160e-01
3.638499999999999801e+01 8.139600000000000080e+01 1.365600000000000058e+01 2.690000000000000169e-01
2.529400000000000048e+01 6.205199999999999960e+01 -4.105000000000000426e+00 2.550000000000000044e-01
3.610000000000000142e+01 5.262700000000000244e+01 -8.086000000000000298e+00 2.570000000000000062e-01
5.092099999999999937e+01 4.950099999999999767e+01 6.466999999999999638e+00 2.560000000000000053e-01
6.217799999999999727e+01 4.581900000000000261e+01 2.278399999999999892e+01 2.560000000000000053e-01
7.415999999999999659e+01 4.571399999999999864e+01 2.594200000000000017e+01 3.089999999999999969e-01
7.654900000000000659e+01 4.509899999999999665e+01 1.684100000000000108e+01 3.629999999999999893e-01
6.005299999999999727e+01 3.177499999999999858e+01 6.716000000000000192e+00 2.570000000000000062e-01
4.210000000000000142e+01 8.462999999999999190e+00 3.504000000000000004e+00 1.299999999999999940e-02
4.106099999999999994e+01 -1.406400000000000006e+01 2.245000000000000107e+00 -1.209999999999999964e-01
4.453199999999999648e+01 -3.787700000000000244e+01 -7.860999999999999766e+00 -3.799999999999999906e-02
2.856599999999999895e+01 -6.813700000000000045e+01 -2.633999999999999986e+01 5.199999999999999761e-02
-3.693999999999999950e+00 -9.607899999999999352e+01 -3.809899999999999665e+01 -3.200000000000000067e-02
-2.379500000000000171e+01 -1.074860000000000042e+02 -3.036899999999999977e+01 -1.839999999999999969e-01
-2.089799999999999969e+01 -9.902200000000000557e+01 -9.214999999999999858e+00 -2.320000000000000118e-01
-1.917699999999999960e+01 -7.824200000000000443e+01 7.434999999999999609e+00 -2.089999999999999913e-01
-3.837599999999999767e+01 -5.081400000000000006e+01 1.117099999999999937e+01 -2.660000000000000142e-01
-6.156199999999999761e+01 -1.283600000000000030e+01 9.573000000000000398e+00 -4.229999999999999871e-01
-6.375900000000000034e+01 3.686399999999999721e+01 1.241999999999999993e+01 -5.260000000000000231e-01
-5.416599999999999682e+01 7.818699999999999761e+01 1.753600000000000136e+01 -4.450000000000000067e-01
-5.791799999999999926e+01 8.595600000000000307e+01 1.560699999999999932e+01 -2.379999999999999893e-01
-6.375300000000000011e+01 6.906699999999999307e+01 9.406000000000000583e+00 -7.499999999999999722e-02
-3.298700000000000188e+01 6.154399999999999693e+01 1.372700000000000031e+01 -5.199999999999999761e-02
3.796999999999999886e+01 7.412900000000000489e+01 2.884100000000000108e+01 -1.100000000000000006e-01
1.068889999999999958e+02 8.890699999999999648e+01 3.507800000000000296e+01 -1.350000000000000089e-01
1.384879999999999995e+02 9.149800000000000466e+01 2.326399999999999935e+01 -1.150000000000000050e-01
1.330310000000000059e+02 7.906199999999999761e+01 5.431000000000000050e+00 -1.429999999999999882e-01
1.052090000000000032e+02 5.477400000000000091e+01 -1.014100000000000001e+01 -2.389999999999999902e-01
6.503300000000000125e+01 3.430400000000000205e+01 -2.648100000000000165e+01 -3.130000000000000004e-01
2.344600000000000151e+01 3.586599999999999966e+01 -4.000300000000000011e+01 -2.999999999999999889e-01
-2.998000000000000220e+00 5.341199999999999903e+01 -4.010499999999999687e+01 -2.010000000000000120e-01
-5.517999999999999794e+00 6.072899999999999920e+01 -2.574099999999999966e+01 -2.900000000000000147e-02
-3.161999999999999922e+00 4.309400000000000119e+01 -9.804000000000000270e+00 1.370000000000000107e-01
-3.561299999999999955e+01 8.217000000000000526e+00 -7.626000000000000334e+00 1.340000000000000080e-01
-1.083670000000000044e+02 -2.404299999999999926e+01 -1.912199999999999989e+01 -9.199999999999999845e-02
-1.612690000000000055e+02 -3.222800000000000153e+01 -2.631700000000000017e+01 -3.410000000000000253e-01
-1.415080000000000098e+02 -1.487299999999999933e+01 -2.172299999999999898e+01 -3.689999999999999947e-01
-8.653000000000000114e+01 -4.596000000000000085e+00 -2.385399999999999920e+01 -1.819999999999999951e-01
-7.483299999999999841e+01 -3.274499999999999744e+01 -4.125099999999999767e+01 4.100000000000000172e-02
-1.151970000000000027e+02 -8.506100000000000705e+01 -4.660099999999999909e+01 2.010000000000000120e-01
-1.383340000000000032e+02 -1.187729999999999961e+02 -1.700400000000000134e+01 3.340000000000000191e-01
-9.042400000000000659e+01 -1.113349999999999937e+02 2.698300000000000054e+01 4.879999999999999893e-01
3.314000000000000057e+00 -7.136899999999999977e+01 5.080700000000000216e+01 6.189999999999999947e-01
7.578900000000000148e+01 -2.069699999999999918e+01 4.960499999999999687e+01 6.219999999999999973e-01
9.275700000000000500e+01 1.445500000000000007e+01 3.911200000000000188e+01 4.550000000000000155e-01
7.107800000000000296e+01 1.329899999999999949e+01 2.434100000000000108e+01 2.139999999999999958e-01
4.029299999999999926e+01 -2.126800000000000068e+01 1.491000000000000103e+00 2.100000000000000130e-02
1.624399999999999977e+01 -6.120600000000000307e+01 -1.902700000000000102e+01 -1.069999999999999979e-01
8.098000000000000753e+00 -7.330800000000000693e+01 -1.773900000000000077e+01 -2.210000000000000020e-01
1.738700000000000045e+01 -4.750999999999999801e+01 2.376999999999999780e+00 -3.300000000000000155e-01
2.479500000000000171e+01 -1.415799999999999947e+01 1.536899999999999977e+01 -3.810000000000000053e-01
7.947000000000000064e+00 -1.644900000000000162e+01 9.907000000000000028e+00 -3.400000000000000244e-01
-2.474599999999999866e+01 -5.711899999999999977e+01 2.740000000000000213e-01 -2.409999999999999920e-01
-4.279899999999999949e+01 -9.549200000000000443e+01 -3.729000000000000092e+00 -1.670000000000000095e-01
-3.151800000000000068e+01 -1.003760000000000048e+02 -8.800000000000000711e+00 -1.549999999999999989e-01
-2.149999999999999911e+00 -7.935699999999999932e+01 -1.616499999999999915e+01 -1.650000000000000078e-01
2.472700000000000031e+01 -5.449699999999999989e+01 -1.447600000000000087e+01 -1.489999999999999936e-01
3.100199999999999889e+01 -3.669400000000000261e+01 -1.602999999999999980e+00 -1.150000000000000050e-01
8.669000000000000483e+00 -2.947700000000000031e+01 7.767000000000000348e+00 -9.700000000000000289e-02
-2.969500000000000028e+01 -3.372899999999999920e+01 4.746999999999999886e+00 -1.029999999999999943e-01
-5.486500000000000199e+01 -3.935900000000000176e+01 -9.759999999999999787e-01 -9.500000000000000111e-02
-4.847099999999999653e+01 -3.010600000000000165e+01 -1.320000000000000062e-01 -4.900000000000000189e-02
-2.308500000000000085e+01 -3.299999999999999822e+00 1.211999999999999966e+00 -2.999999999999999889e-02
-1.328999999999999959e+00 2.877599999999999980e+01 -3.419999999999999929e+00 -1.010000000000000064e-01
1.844200000000000017e+01 5.707200000000000273e+01 -6.427999999999999936e+00 -1.789999999999999925e-01
5.183899999999999864e+01 8.156600000000000250e+01 1.961000000000000076e+00 -1.219999999999999973e-01
8.756699999999999307e+01 1.011949999999999932e+02 1.683599999999999852e+01 5.600000000000000117e-02
9.376699999999999591e+01 1.093400000000000034e+02 2.338599999999999923e+01 2.039999999999999869e-01
7.294499999999999318e+01 9.973600000000000421e+01 1.620499999999999829e+01 2.290000000000000091e-01
6.365999999999999659e+01 7.113200000000000500e+01 3.361000000000000210e+00 1.729999999999999871e-01
6.903900000000000148e+01 2.415099999999999980e+01 -1.070199999999999996e+01 9.800000000000000377e-02
3.954999999999999716e+01 -3.909100000000000108e+01 -2.950799999999999912e+01 1.499999999999999944e-02
-4.654800000000000182e+01 -1.039099999999999966e+02 -4.836899999999999977e+01 -5.500000000000000028e-02
-1.382510000000000048e+02 -1.422760000000000105e+02 -5.452900000000000347e+01 -7.000000000000000666e-02
-1.706189999999999998e+02 -1.355960000000000036e+02 -4.430400000000000205e+01 -5.299999999999999850e-02
-1.336390000000000100e+02 -8.841800000000000637e+01 -2.325700000000000145e+01 -6.700000000000000400e-02
-7.205800000000000693e+01 -1.884600000000000009e+01 2.541999999999999815e+00 -7.900000000000000078e-02
-2.904899999999999949e+01 5.096800000000000352e+01 2.449399999999999977e+01 8.999999999999999320e-03
8.980000000000000204e-01 1.045939999999999941e+02 3.691899999999999693e+01 2.000000000000000111e-01
4.464000000000000057e+01 1.388959999999999866e+02 4.570100000000000051e+01 3.669999999999999929e-01
9.290600000000000591e+01 1.510500000000000114e+02 5.422500000000000142e+01 3.579999999999999849e-01
1.147229999999999990e+02 1.344850000000000136e+02 5.527400000000000091e+01 1.429999999999999882e-01
1.087229999999999990e+02 1.031009999999999991e+02 4.874199999999999733e+01 -9.500000000000000111e-02
9.608499999999999375e+01 8.876999999999999602e+01 4.182200000000000273e+01 -1.150000000000000050e-01
8.509699999999999420e+01 9.765300000000000580e+01 3.178500000000000014e+01 5.800000000000000294e-02
6.933700000000000330e+01 9.888899999999999579e+01 1.515099999999999980e+01 1.890000000000000013e-01
4.316499999999999915e+01 6.894700000000000273e+01 1.977000000000000091e+00 1.839999999999999969e-01
9.715999999999999304e+00 2.146799999999999997e+01 -2.829999999999999738e-01 1.519999999999999962e-01
-1.966000000000000014e+01 -1.493200000000000038e+01 1.260000000000000009e-01 1.640000000000000069e-01
-3.315400000000000347e+01 -2.780099999999999838e+01 -4.285999999999999588e+00 1.829999999999999960e-01
-2.626500000000000057e+01 -2.357499999999999929e+01 -9.757999999999999119e+00 1.690000000000000113e-01
-6.546000000000000263e+00 -1.447700000000000031e+01 -1.391399999999999970e+01 1.370000000000000107e-01
6.820999999999999730e+00 -1.037899999999999956e+01 -2.036899999999999977e+01 1.229999999999999982e-01
-1.217000000000000082e+00 -1.525799999999999912e+01 -2.749699999999999989e+01 1.409999999999999865e-01
-2.134100000000000108e+01 -2.401000000000000156e+01 -2.641900000000000048e+01 1.479999999999999927e-01
-2.572100000000000009e+01 -2.605799999999999983e+01 -1.260699999999999932e+01 1.160000000000000059e-01
-1.850000000000000089e+00 -1.818799999999999883e+01 6.001999999999999780e+00 8.400000000000000522e-02
2.694800000000000040e+01 -1.135500000000000043e+01 1.456900000000000084e+01 7.599999999999999811e-02
2.914000000000000057e+01 -1.675199999999999889e+01 6.459999999999999964e+00 5.099999999999999672e-02
5.684999999999999609e+00 -2.777499999999999858e+01 -9.226000000000000867e+00 -4.000000000000000083e-03
-1.817500000000000071e+01 -2.937399999999999878e+01 -1.875700000000000145e+01 -2.800000000000000058e-02
-3.052299999999999969e+01 -2.386599999999999966e+01 -1.816799999999999926e+01 -2.000000000000000042e-03
-3.824799999999999756e+01 -3.039300000000000068e+01 -1.344800000000000040e+01 2.599999999999999881e-02
-4.720499999999999829e+01 -5.764500000000000313e+01 -1.362599999999999945e+01 4.599999999999999922e-02
-5.816899999999999693e+01 -8.988400000000000034e+01 -2.530600000000000094e+01 7.900000000000000078e-02
-7.445300000000000296e+01 -1.017120000000000033e+02 -4.336399999999999721e+01 8.400000000000000522e-02
-9.508700000000000330e+01 -8.202400000000000091e+01 -4.843999999999999773e+01 1.400000000000000029e-02
-1.035090000000000003e+02 -4.367999999999999972e+01 -2.971499999999999986e+01 -8.000000000000000167e-02
-7.747499999999999432e+01 -1.146100000000000030e+01 -5.966000000000000192e+00 -1.010000000000000064e-01
-1.068399999999999928e+01 2.670000000000000151e-01 -3.596999999999999975e+00 -5.099999999999999672e-02
7.420699999999999363e+01 2.315999999999999837e+00 -1.887600000000000122e+01 -8.000000000000000167e-03
1.296399999999999864e+02 1.917699999999999960e+01 -2.347700000000000031e+01 8.999999999999999320e-03
1.191200000000000045e+02 5.483100000000000307e+01 -3.866999999999999993e+00 4.800000000000000100e-02
6.603499999999999659e+01 8.789000000000000057e+01 2.696699999999999875e+01 6.500000000000000222e-02
4.239399999999999835e+01 1.107819999999999965e+02 5.458500000000000085e+01 -1.799999999999999864e-02
8.386700000000000443e+01 1.375709999999999980e+02 7.456900000000000261e+01 -1.039999999999999952e-01
1.410440000000000111e+02 1.615860000000000127e+02 7.984699999999999420e+01 -6.000000000000000125e-03
1.416469999999999914e+02 1.486009999999999991e+02 6.178099999999999881e+01 2.119999999999999940e-01
7.717600000000000193e+01 8.818099999999999739e+01 2.805999999999999872e+01 2.459999999999999964e-01
5.769999999999999574e+00 1.922599999999999909e+01 3.669999999999999929e+00 -3.000000000000000062e-03
-1.435200000000000031e+01 -1.481099999999999994e+01 4.620000000000000107e+00 -2.620000000000000107e-01
1.849200000000000088e+01 -1.456000000000000050e+01 1.634100000000000108e+01 -2.819999999999999729e-01
5.270799999999999841e+01 -9.724000000000000199e+00 1.232000000000000028e+01 -1.499999999999999944e-01
3.997599999999999909e+01 -1.654200000000000159e+01 -8.343999999999999417e+00 -8.899999999999999578e-02
-1.420700000000000074e+01 -3.163800000000000168e+01 -2.261100000000000065e+01 -1.590000000000000024e-01
-6.399499999999999744e+01 -5.140800000000000125e+01 -2.089999999999999858e+01 -2.680000000000000160e-01
-7.984499999999999886e+01 -7.454099999999999682e+01 -1.746499999999999986e+01 -3.420000000000000262e-01
-7.394400000000000261e+01 -9.111100000000000421e+01 -2.319800000000000040e+01 -3.679999999999999938e-01
-7.089000000000000057e+01 -8.722700000000000387e+01 -3.156099999999999994e+01 -3.390000000000000235e-01
-6.929900000000000659e+01 -5.943399999999999750e+01 -3.282099999999999795e+01 -2.560000000000000053e-01
-4.663600000000000279e+01 -1.586800000000000033e+01 -2.558599999999999852e+01 -1.549999999999999989e-01
-5.133000000000000007e+00 2.893400000000000105e+01 -1.320700000000000074e+01 -7.499999999999999722e-02
1.625499999999999901e+01 5.779299999999999926e+01 1.215000000000000080e+00 -1.200000000000000025e-02
-2.064000000000000057e+00 6.203199999999999648e+01 1.383900000000000041e+01 4.200000000000000261e-02
-3.153300000000000125e+01 4.719400000000000261e+01 1.942099999999999937e+01 9.299999999999999933e-02
-4.796200000000000330e+01 1.973600000000000065e+01 1.495100000000000051e+01 1.630000000000000060e-01
-6.635999999999999943e+01 -2.107900000000000063e+01 1.379000000000000004e+00 2.409999999999999920e-01
-1.028239999999999981e+02 -6.745399999999999352e+01 -1.631099999999999994e+01 2.389999999999999902e-01
-1.400329999999999870e+02 -9.137900000000000489e+01 -2.666300000000000026e+01 1.110000000000000014e-01
-1.431620000000000061e+02 -6.759999999999999432e+01 -1.867099999999999937e+01 -5.399999999999999939e-02
-9.908100000000000307e+01 -9.711999999999999744e+00 1.459000000000000075e+00 -1.189999999999999947e-01
-4.036299999999999955e+01 2.983200000000000074e+01 1.073799999999999955e+01 -8.100000000000000255e-02
-1.524799999999999933e+01 8.532000000000000028e+00 -5.280000000000000249e+00 -7.799999999999999989e-02
-2.721000000000000085e+01 -5.494400000000000261e+01 -3.182799999999999940e+01 -1.849999999999999978e-01
-3.206400000000000006e+01 -9.366800000000000637e+01 -3.821500000000000341e+01 -2.800000000000000266e-01
1.680000000000000104e-01 -6.907599999999999341e+01 -1.554700000000000060e+01 -2.119999999999999940e-01
4.611999999999999744e+01 -1.820799999999999841e+01 1.070100000000000051e+01 -4.000000000000000083e-02
5.947699999999999676e+01 -4.663000000000000256e+00 1.685000000000000142e+01 5.399999999999999939e-02
2.744200000000000017e+01 -3.946000000000000085e+01 1.176999999999999957e+01 2.000000000000000042e-02
-1.907799999999999940e+01 -8.271999999999999886e+01 1.007000000000000028e+01 -2.500000000000000139e-02
-4.761099999999999710e+01 -1.095120000000000005e+02 -9.240000000000000435e-01 1.099999999999999936e-02
-5.103499999999999659e+01 -1.291150000000000091e+02 -3.097700000000000031e+01 1.039999999999999952e-01
-3.013800000000000168e+01 -1.438820000000000050e+02 -4.951800000000000068e+01 2.049999999999999878e-01
1.979899999999999949e+01 -1.299019999999999868e+02 -2.095599999999999952e+01 3.049999999999999933e-01
8.773099999999999454e+01 -6.962399999999999523e+01 4.425999999999999801e+01 3.699999999999999956e-01
1.365389999999999873e+02 1.012800000000000011e+01 1.014099999999999966e+02 2.989999999999999880e-01
1.388230000000000075e+02 5.407699999999999818e+01 1.133289999999999935e+02 5.000000000000000278e-02
1.045580000000000069e+02 4.318399999999999750e+01 7.587999999999999545e+01 -2.469999999999999973e-01
6.081400000000000006e+01 1.805300000000000082e+01 2.137399999999999878e+01 -3.980000000000000204e-01
3.124500000000000099e+01 2.441000000000000014e+01 -1.056499999999999950e+01 -3.659999999999999920e-01
3.421800000000000352e+01 6.496099999999999852e+01 -1.187199999999999989e+01 -2.570000000000000062e-01
6.327700000000000102e+01 1.116860000000000070e+02 -3.782000000000000028e+00 -1.360000000000000098e-01
7.498499999999999943e+01 1.386750000000000114e+02 -3.291999999999999815e+00 1.400000000000000029e-02
3.713000000000000256e+01 1.393679999999999950e+02 -7.666000000000000369e+00 1.650000000000000078e-01
-1.917200000000000060e+01 1.231940000000000026e+02 -7.368000000000000327e+00 2.340000000000000135e-01
-3.978799999999999670e+01 9.865600000000000591e+01 -2.427000000000000046e+00 2.089999999999999913e-01
-2.692200000000000060e+01 6.663400000000000034e+01 -1.699000000000000066e+00 1.710000000000000131e-01
-2.568900000000000006e+01 3.000799999999999912e+01 -1.018399999999999928e+01 1.710000000000000131e-01
-4.683200000000000074e+01 -3.801000000000000156e+00 -2.348000000000000043e+01 1.660000000000000087e-01
-6.071600000000000108e+01 -3.117699999999999960e+01 -3.262500000000000000e+01 1.010000000000000064e-01
-5.565999999999999659e+01 -5.239600000000000080e+01 -3.103399999999999892e+01 -1.299999999999999940e-02
-5.321999999999999886e+01 -6.513500000000000512e+01 -2.212000000000000099e+01 -1.150000000000000050e-01
-7.330500000000000682e+01 -6.835399999999999920e+01 -2.117800000000000082e+01 -1.479999999999999927e-01
-1.099539999999999935e+02 -6.782299999999999329e+01 -3.866799999999999926e+01 -1.140000000000000041e-01
-1.357050000000000125e+02 -6.569400000000000261e+01 -6.002000000000000313e+01 -4.900000000000000189e-02
-1.248439999999999941e+02 -5.069299999999999784e+01 -5.752700000000000102e+01 3.400000000000000244e-02
-7.452400000000000091e+01 -1.016099999999999959e+01 -2.369999999999999929e+01 1.429999999999999882e-01
2.668000000000000149e+00 5.019500000000000028e+01 2.273900000000000077e+01 2.600000000000000089e-01
9.541299999999999670e+01 1.031940000000000026e+02 5.811699999999999733e+01 3.280000000000000138e-01
1.802189999999999941e+02 1.207549999999999955e+02 6.720300000000000296e+01 3.170000000000000040e-01
2.126910000000000025e+02 9.921099999999999852e+01 4.980400000000000205e+01 2.879999999999999782e-01
1.715929999999999893e+02 5.586800000000000210e+01 2.255999999999999872e+01 3.019999999999999907e-01
9.338500000000000512e+01 6.049000000000000377e+00 1.842999999999999972e+00 2.899999999999999800e-01
3.245600000000000307e+01 -3.474000000000000199e+01 -9.535000000000000142e+00 1.549999999999999989e-01
8.590999999999999304e+00 -4.252499999999999858e+01 -1.446799999999999997e+01 -4.100000000000000172e-02
1.107199999999999918e+01 -1.518200000000000038e+01 -1.597700000000000031e+01 -1.620000000000000051e-01
2.827899999999999991e+01 1.063199999999999967e+01 -1.563899999999999935e+01 -1.809999999999999942e-01
5.045600000000000307e+01 8.000000000000000000e+00 -9.746999999999999886e+00 -1.350000000000000089e-01
6.065899999999999892e+01 -4.169999999999999818e-01 1.808999999999999941e+00 -4.800000000000000100e-02
5.163600000000000279e+01 2.187900000000000134e+01 8.461999999999999744e+00 -7.000000000000000146e-03
3.763300000000000267e+01 7.182299999999999329e+01 3.458000000000000185e+00 -1.140000000000000041e-01
2.554799999999999827e+01 1.119470000000000027e+02 -5.746000000000000441e+00 -2.969999999999999862e-01
4.522999999999999687e+00 1.198199999999999932e+02 -9.449999999999999289e+00 -3.810000000000000053e-01
-1.963700000000000045e+01 1.117309999999999945e+02 -7.136000000000000121e+00 -3.210000000000000075e-01
-2.780600000000000094e+01 1.132840000000000060e+02 -2.451000000000000068e+00 -2.320000000000000118e-01
-2.821600000000000108e+01 1.237259999999999991e+02 3.674999999999999822e+00 -2.049999999999999878e-01
-3.737400000000000233e+01 1.212219999999999942e+02 1.047400000000000020e+01 -2.240000000000000047e-01
-3.392600000000000193e+01 9.443800000000000239e+01 1.439300000000000068e+01 -2.270000000000000073e-01
7.613000000000000433e+00 5.428900000000000148e+01 1.216999999999999993e+01 -1.529999999999999971e-01
5.459700000000000131e+01 1.373099999999999987e+01 5.128000000000000114e+00 1.799999999999999864e-02
5.139200000000000301e+01 -2.539799999999999969e+01 8.300000000000000433e-02 2.260000000000000064e-01
7.980000000000000426e+00 -5.872999999999999687e+01 3.257000000000000117e+00 3.840000000000000080e-01
-1.768599999999999994e+01 -7.885899999999999466e+01 1.015700000000000003e+01 4.079999999999999738e-01
-2.678999999999999915e+01 -9.525300000000000011e+01 7.533000000000000362e+00 2.109999999999999931e-01
-7.577400000000000091e+01 -1.226670000000000016e+02 -8.500999999999999446e+00 -1.849999999999999978e-01
-1.515200000000000102e+02 -1.491210000000000093e+02 -2.472200000000000131e+01 -5.230000000000000204e-01
-1.661990000000000123e+02 -1.501069999999999993e+02 -2.947800000000000153e+01 -5.280000000000000249e-01
-1.005840000000000032e+02 -1.279839999999999947e+02 -2.694300000000000139e+01 -2.479999999999999982e-01
-3.517499999999999716e+01 -1.042789999999999964e+02 -2.310099999999999909e+01 2.699999999999999969e-02
-2.199599999999999866e+01 -8.614700000000000557e+01 -1.483399999999999963e+01 1.219999999999999973e-01
-2.976399999999999935e+01 -6.867700000000000671e+01 -2.201000000000000068e+00 8.100000000000000255e-02
-2.114499999999999957e+01 -5.425000000000000000e+01 6.863000000000000433e+00 2.599999999999999881e-02
1.229999999999999982e-01 -4.762100000000000222e+01 8.923000000000000043e+00 1.700000000000000122e-02
1.787500000000000000e+01 -4.434899999999999665e+01 7.105999999999999872e+00 3.699999999999999817e-02
2.113800000000000168e+01 -3.935900000000000176e+01 3.315999999999999837e+00 6.500000000000000222e-02
2.261000000000000121e+00 -3.994599999999999795e+01 -8.439999999999999725e-01 9.199999999999999845e-02
-2.823300000000000054e+01 -5.581799999999999784e+01 -2.263999999999999790e+00 9.199999999999999845e-02
-4.290599999999999881e+01 -7.840399999999999636e+01 -1.102000000000000091e+00 7.499999999999999722e-02
-3.384100000000000108e+01 -8.756000000000000227e+01 -8.349999999999999645e-01 1.260000000000000009e-01
-2.386700000000000088e+01 -7.624200000000000443e+01 -1.866999999999999993e+00 2.530000000000000027e-01
-2.701899999999999835e+01 -4.967600000000000193e+01 3.129999999999999893e+00 3.099999999999999978e-01
-2.898600000000000065e+01 -1.116099999999999959e+01 2.220200000000000173e+01 1.910000000000000031e-01
-1.981200000000000117e+01 3.073400000000000176e+01 4.509599999999999653e+01 -8.000000000000000167e-03
-7.913999999999999702e+00 5.618500000000000227e+01 4.587299999999999756e+01 -1.229999999999999982e-01
7.527000000000000135e+00 5.553900000000000148e+01 1.945299999999999940e+01 -1.260000000000000009e-01
3.944899999999999807e+01 4.807399999999999807e+01 -4.750000000000000000e+00 -1.120000000000000023e-01
8.260599999999999454e+01 6.240100000000000335e+01 -3.200000000000000067e-02 -8.699999999999999400e-02
1.078970000000000056e+02 9.680400000000000205e+01 2.525100000000000122e+01 3.599999999999999728e-02
9.376099999999999568e+01 1.156430000000000007e+02 4.099499999999999744e+01 2.020000000000000129e-01
5.162800000000000011e+01 9.401699999999999591e+01 2.919999999999999929e+01 2.500000000000000000e-01
1.133799999999999919e+01 4.678399999999999892e+01 -5.030000000000000027e-01 1.859999999999999987e-01
-1.223600000000000065e+01 2.116000000000000103e+00 -2.565899999999999892e+01 1.539999999999999980e-01
-2.558999999999999986e+01 -3.013400000000000034e+01 -3.452700000000000102e+01 1.849999999999999978e-01
-3.498899999999999721e+01 -5.109300000000000352e+01 -3.000600000000000023e+01 1.849999999999999978e-01
-3.240200000000000102e+01 -5.847299999999999898e+01 -1.934400000000000119e+01 1.100000000000000006e-01
-7.692999999999999616e+00 -5.304200000000000159e+01 -9.731999999999999318e+00 1.299999999999999940e-02
3.086700000000000088e+01 -4.097399999999999665e+01 -6.924999999999999822e+00 -3.099999999999999978e-02
6.139000000000000057e+01 -2.177899999999999991e+01 -1.090499999999999936e+01 -1.299999999999999940e-02
7.448900000000000432e+01 1.222899999999999920e+01 -1.456900000000000084e+01 8.000000000000000167e-03
7.845199999999999818e+01 6.055799999999999983e+01 -7.641000000000000014e+00 -6.000000000000000125e-03
7.801200000000000045e+01 1.067369999999999948e+02 1.272600000000000087e+01 -4.299999999999999656e-02
6.785399999999999920e+01 1.277750000000000057e+02 3.324000000000000199e+01 -9.299999999999999933e-02
4.968800000000000239e+01 1.119509999999999934e+02 3.709300000000000352e+01 -1.610000000000000042e-01
3.517499999999999716e+01 7.248600000000000421e+01 2.273799999999999955e+01 -2.089999999999999913e-01
2.656500000000000128e+01 4.111599999999999966e+01 8.300000000000000433e-02 -1.809999999999999942e-01
1.208799999999999919e+01 3.735900000000000176e+01 -1.911400000000000077e+01 -9.600000000000000200e-02
-1.327299999999999969e+01 4.727799999999999869e+01 -2.182400000000000162e+01 -4.399999999999999745e-02
-3.670600000000000307e+01 4.601299999999999812e+01 -3.987999999999999989e+00 -6.700000000000000400e-02
-4.869299999999999784e+01 3.102199999999999847e+01 1.777199999999999847e+01 -8.999999999999999667e-02
-6.397299999999999898e+01 1.359600000000000009e+01 1.979899999999999949e+01 -2.299999999999999961e-02
-9.597499999999999432e+01 -5.339000000000000412e+00 -4.530000000000000138e-01 1.079999999999999988e-01
-1.191310000000000002e+02 -2.600799999999999912e+01 -1.833699999999999974e+01 1.829999999999999960e-01
-9.598199999999999932e+01 -3.478399999999999892e+01 -1.259699999999999953e+01 1.509999999999999953e-01
-3.525999999999999801e+01 -2.196600000000000108e+01 5.145999999999999908e+00 9.199999999999999845e-02
1.595599999999999952e+01 2.089999999999999913e-01 8.621000000000000441e+00 6.900000000000000577e-02
2.892200000000000060e+01 1.070400000000000063e+01 -4.902000000000000135e+00 2.800000000000000058e-02
1.191000000000000014e+01 -1.639999999999999902e+00 -1.829400000000000048e+01 -1.000000000000000056e-01
-1.506300000000000061e+01 -3.243200000000000216e+01 -2.502799999999999869e+01 -2.710000000000000187e-01
-3.902700000000000102e+01 -6.018599999999999994e+01 -2.856299999999999883e+01 -3.619999999999999885e-01
-5.252799999999999869e+01 -5.903199999999999648e+01 -2.267999999999999972e+01 -2.620000000000000107e-01
-4.654200000000000159e+01 -2.814699999999999847e+01 -6.300000000000000044e-01 2.599999999999999881e-02
-1.369400000000000084e+01 2.322999999999999954e+00 2.420400000000000063e+01 3.400000000000000244e-01
3.033899999999999864e+01 3.967999999999999972e+00 2.890500000000000114e+01 4.769999999999999796e-01
4.450900000000000034e+01 -2.309600000000000009e+01 7.751999999999999780e+00 3.729999999999999982e-01
1.178800000000000026e+01 -5.624900000000000233e+01 -2.148799999999999955e+01 1.559999999999999998e-01
-2.857499999999999929e+01 -6.987800000000000011e+01 -3.272500000000000142e+01 1.299999999999999940e-02
-3.140099999999999980e+01 -5.367699999999999960e+01 -1.388599999999999923e+01 1.000000000000000021e-02
-2.463999999999999968e+00 -2.206500000000000128e+01 1.689999999999999858e+01 2.299999999999999961e-02
2.264000000000000057e+01 -1.322000000000000064e+00 2.509799999999999898e+01 -8.799999999999999489e-02
2.721799999999999997e+01 -4.786999999999999922e+00 6.750000000000000444e-01 -2.720000000000000195e-01
1.810600000000000165e+01 -2.472800000000000153e+01 -2.908200000000000074e+01 -3.719999999999999973e-01
7.586000000000000298e+00 -4.435999999999999943e+01 -3.584899999999999665e+01 -3.970000000000000195e-01
1.286599999999999966e+01 -4.980199999999999960e+01 -1.700199999999999889e+01 -4.979999999999999982e-01
4.876299999999999812e+01 -3.580400000000000205e+01 1.490099999999999980e+01 -6.700000000000000400e-01
9.195699999999999363e+01 -1.357000000000000028e+01 4.080700000000000216e+01 -7.319999999999999840e-01
8.706199999999999761e+01 -8.122999999999999332e+00 3.999300000000000210e+01 -6.340000000000000080e-01
2.706700000000000017e+01 -2.886599999999999966e+01 1.321100000000000030e+01 -5.150000000000000133e-01
-2.177499999999999858e+01 -5.082699999999999818e+01 -1.212100000000000044e+01 -4.359999999999999987e-01
-1.350500000000000078e+01 -4.816299999999999670e+01 -1.728500000000000014e+01 -3.200000000000000067e-01
1.948300000000000054e+01 -2.890299999999999869e+01 -1.205499999999999972e+01 -1.859999999999999987e-01
2.899800000000000111e+01 -1.013100000000000023e+01 -9.208999999999999631e+00 -1.419999999999999873e-01
1.014499999999999957e+01 1.430599999999999916e+01 -5.081000000000000405e+00 -1.539999999999999980e-01
-1.924500000000000099e+01 5.283299999999999841e+01 5.041000000000000369e+00 -6.300000000000000044e-02
-4.725699999999999790e+01 8.961199999999999477e+01 1.444999999999999929e+01 1.869999999999999996e-01
-6.294599999999999795e+01 1.026250000000000000e+02 1.672500000000000142e+01 4.969999999999999973e-01
-5.428799999999999670e+01 9.047899999999999920e+01 1.503599999999999959e+01 7.489999999999999991e-01
-2.269699999999999918e+01 6.875499999999999545e+01 1.441499999999999915e+01 9.100000000000000311e-01
1.187800000000000011e+01 5.031400000000000006e+01 1.370500000000000007e+01 1.008999999999999897e+00
2.739799999999999969e+01 3.662599999999999767e+01 8.260999999999999233e+00 1.032999999999999918e+00
1.772100000000000009e+01 2.503000000000000114e+01 -2.555000000000000160e+00 9.310000000000000497e-01
-9.846000000000000085e+00 1.596599999999999930e+01 -1.254100000000000037e+01 7.369999999999999885e-01
-4.928399999999999892e+01 8.518000000000000682e+00 -1.578299999999999947e+01 5.580000000000000515e-01
-9.490099999999999625e+01 -2.499000000000000110e+00 -1.495199999999999996e+01 3.970000000000000195e-01
-1.262339999999999947e+02 -1.807900000000000063e+01 -1.712600000000000122e+01 2.109999999999999931e-01
-1.179639999999999986e+02 -3.112099999999999866e+01 -2.319600000000000151e+01 8.300000000000000433e-02
-7.164000000000000057e+01 -3.384700000000000131e+01 -2.651399999999999935e+01 9.199999999999999845e-02
-1.266999999999999993e+01 -2.159499999999999886e+01 -2.082300000000000040e+01 1.409999999999999865e-01
4.090200000000000102e+01 6.261000000000000121e+00 -6.360999999999999766e+00 1.039999999999999952e-01
7.411499999999999488e+01 3.493900000000000006e+01 9.696999999999999176e+00 -4.000000000000000083e-03
5.914999999999999858e+01 3.394299999999999784e+01 1.759600000000000009e+01 -1.290000000000000036e-01
-1.993999999999999995e+00 -4.360999999999999766e+00 1.557399999999999984e+01 -2.770000000000000240e-01
-4.044400000000000261e+01 -3.873799999999999955e+01 1.351800000000000068e+01 -4.189999999999999836e-01
4.858999999999999986e+00 -2.831800000000000139e+01 1.737099999999999866e+01 -4.729999999999999760e-01
9.577800000000000580e+01 1.024600000000000044e+01 1.881099999999999994e+01 -4.410000000000000031e-01
1.457189999999999941e+02 3.140399999999999991e+01 1.004400000000000048e+01 -4.380000000000000004e-01
1.339170000000000016e+02 2.452799999999999869e+01 -2.084000000000000075e+00 -5.390000000000000346e-01
1.067319999999999993e+02 1.585100000000000087e+01 -4.716999999999999638e+00 -6.730000000000000426e-01
9.368200000000000216e+01 1.954299999999999926e+01 4.219000000000000306e+00 -6.939999999999999503e-01
7.891400000000000148e+01 1.739399999999999835e+01 1.350699999999999967e+01 -5.839999999999999636e-01
4.558899999999999864e+01 -5.876000000000000334e+00 1.320700000000000074e+01 -4.600000000000000200e-01
6.459999999999999964e+00 -3.499300000000000210e+01 5.540000000000000036e+00 -3.719999999999999973e-01
-1.993799999999999883e+01 -5.082699999999999818e+01 -2.555000000000000160e+00 -2.510000000000000009e-01
-3.752400000000000091e+01 -5.684300000000000352e+01 -9.500000000000000000e+00 -8.899999999999999578e-02
-5.897399999999999665e+01 -6.021800000000000352e+01 -1.691700000000000159e+01 2.900000000000000147e-02
-8.220199999999999818e+01 -5.278199999999999648e+01 -2.322599999999999909e+01 8.400000000000000522e-02
-9.447100000000000364e+01 -2.467800000000000082e+01 -2.325300000000000011e+01 1.549999999999999989e-01
-8.517799999999999727e+01 1.827100000000000080e+01 -1.602400000000000091e+01 2.670000000000000151e-01
-5.407000000000000028e+01 5.670900000000000318e+01 -1.096100000000000030e+01 3.340000000000000191e-01
-1.871699999999999875e+01 7.386799999999999500e+01 -1.761100000000000065e+01 2.929999999999999827e-01
-1.449999999999999956e+00 7.130400000000000205e+01 -3.043900000000000006e+01 2.129999999999999949e-01
-1.927999999999999936e+00 6.590699999999999648e+01 -3.305799999999999983e+01 2.099999999999999922e-01
-7.700000000000000178e-01 6.616400000000000148e+01 -1.536800000000000033e+01 2.810000000000000275e-01
1.021199999999999974e+01 5.947399999999999665e+01 1.628200000000000003e+01 3.069999999999999951e-01
2.149800000000000111e+01 3.239399999999999835e+01 4.172399999999999665e+01 2.449999999999999956e-01
2.590800000000000125e+01 -6.931000000000000050e+00 4.509300000000000352e+01 1.809999999999999942e-01
2.945299999999999940e+01 -3.613900000000000290e+01 3.313199999999999790e+01 1.729999999999999871e-01
4.265100000000000335e+01 -3.964099999999999824e+01 2.351800000000000068e+01 1.690000000000000113e-01
6.014699999999999847e+01 -2.233899999999999864e+01 1.859299999999999997e+01 1.089999999999999997e-01
5.393299999999999983e+01 -8.345000000000000639e+00 8.151999999999999247e+00 2.100000000000000130e-02
8.442999999999999616e+00 -1.322300000000000075e+01 -7.754999999999999893e+00 -1.200000000000000025e-02
-4.577300000000000324e+01 -1.913100000000000023e+01 -1.680099999999999838e+01 5.199999999999999761e-02
-5.837500000000000000e+01 -1.280000000000000027e+00 -1.221899999999999942e+01 1.590000000000000024e-01
-9.634999999999999787e+00 3.140899999999999892e+01 6.380000000000000115e-01 2.059999999999999887e-01
6.851999999999999602e+01 4.892399999999999949e+01 1.326200000000000045e+01 1.509999999999999953e-01
1.091149999999999949e+02 3.754699999999999704e+01 1.814799999999999969e+01 5.899999999999999689e-02
7.277899999999999636e+01 6.767000000000000348e+00 1.010299999999999976e+01 1.000000000000000021e-02
4.028999999999999915e+00 -2.328200000000000003e+01 -3.984999999999999876e+00 2.199999999999999872e-02
-1.860500000000000043e+01 -3.541299999999999670e+01 -7.475999999999999979e+00 8.200000000000000344e-02
1.296100000000000030e+01 -3.000799999999999912e+01 2.044999999999999929e+00 1.499999999999999944e-01
3.545199999999999818e+01 -2.333899999999999864e+01 5.402000000000000135e+00 1.489999999999999936e-01
9.987000000000000099e+00 -2.506400000000000006e+01 -1.096799999999999997e+01 2.900000000000000147e-02
-3.376100000000000279e+01 -2.643700000000000117e+01 -3.228399999999999892e+01 -1.600000000000000033e-01
-4.669500000000000028e+01 -1.814600000000000080e+01 -3.024699999999999989e+01 -2.750000000000000222e-01
-1.424399999999999977e+01 -1.047100000000000009e+01 7.810000000000000275e-01 -2.039999999999999869e-01
4.164900000000000091e+01 -2.065200000000000102e+01 3.092099999999999937e+01 -3.000000000000000062e-03
8.439000000000000057e+01 -4.470799999999999841e+01 2.991000000000000014e+01 1.570000000000000007e-01
7.960800000000000409e+01 -6.221200000000000330e+01 6.886000000000000121e+00 1.910000000000000031e-01
1.406000000000000050e+01 -6.985899999999999466e+01 -9.926000000000000156e+00 1.160000000000000059e-01
-9.581900000000000261e+01 -8.709600000000000364e+01 -1.931599999999999895e+01 -6.900000000000000577e-02
-2.163890000000000100e+02 -1.185679999999999978e+02 -3.292099999999999937e+01 -3.160000000000000031e-01
-3.014920000000000186e+02 -1.349950000000000045e+02 -3.564200000000000301e+01 -4.239999999999999880e-01
-3.026560000000000059e+02 -1.126670000000000016e+02 -1.044100000000000072e+01 -2.620000000000000107e-01
-2.199650000000000034e+02 -6.968099999999999739e+01 1.998000000000000043e+01 -7.000000000000000146e-03
-1.255699999999999932e+02 -3.777400000000000091e+01 2.349399999999999977e+01 6.500000000000000222e-02
-8.829699999999999704e+01 -1.881200000000000117e+01 6.339000000000000412e+00 -4.100000000000000172e-02
-8.928700000000000614e+01 1.040199999999999925e+01 -4.181000000000000050e+00 -1.079999999999999988e-01
-5.078999999999999915e+01 6.400799999999999557e+01 2.266000000000000014e+00 -3.200000000000000067e-02
5.612700000000000244e+01 1.232009999999999934e+02 1.723499999999999943e+01 8.400000000000000522e-02
1.612969999999999970e+02 1.445629999999999882e+02 2.348199999999999932e+01 1.199999999999999956e-01
1.754890000000000043e+02 1.087930000000000064e+02 7.616999999999999993e+00 7.599999999999999811e-02
1.047229999999999990e+02 5.301299999999999812e+01 -1.743799999999999883e+01 2.999999999999999889e-02
3.618900000000000006e+01 2.446000000000000085e+01 -2.441000000000000014e+01 6.300000000000000044e-02
2.082000000000000028e+01 2.210399999999999920e+01 -1.408600000000000030e+01 1.640000000000000069e-01
3.229099999999999682e+01 2.048600000000000065e+01 -7.921000000000000263e+00 2.129999999999999949e-01
3.523100000000000165e+01 2.030600000000000094e+01 -3.224000000000000199e+00 1.160000000000000059e-01
3.177400000000000091e+01 3.414699999999999847e+01 1.747800000000000153e+01 -6.600000000000000311e-02
3.607500000000000284e+01 5.380199999999999960e+01 4.279500000000000171e+01 -2.000000000000000111e-01
4.491199999999999903e+01 6.533700000000000330e+01 4.196200000000000330e+01 -2.590000000000000080e-01
4.717000000000000171e+01 6.596899999999999409e+01 1.077599999999999980e+01 -2.859999999999999765e-01
4.772099999999999653e+01 5.306600000000000250e+01 -1.954500000000000171e+01 -2.730000000000000204e-01
6.422700000000000387e+01 2.830600000000000094e+01 -1.804500000000000171e+01 -1.970000000000000084e-01
9.109499999999999886e+01 6.060999999999999943e+00 1.099900000000000055e+01 -1.049999999999999961e-01
8.936799999999999500e+01 -8.006000000000000227e+00 3.313300000000000267e+01 -5.500000000000000028e-02
4.140400000000000347e+01 -2.535500000000000043e+01 2.354100000000000037e+01 -6.400000000000000133e-02
-8.063000000000000611e+00 -4.310000000000000142e+01 -6.299999999999999822e+00 -1.219999999999999973e-01
-5.107999999999999652e+00 -3.412800000000000011e+01 -2.364499999999999957e+01 -1.859999999999999987e-01
3.906900000000000261e+01 9.086999999999999744e+00 -1.013499999999999979e+01 -1.950000000000000067e-01
6.834799999999999898e+01 4.944400000000000261e+01 1.999500000000000099e+01 -1.680000000000000104e-01
5.603600000000000136e+01 4.953099999999999881e+01 3.617300000000000182e+01 -2.069999999999999896e-01
1.989999999999999858e+01 1.856599999999999895e+01 2.318199999999999861e+01 -3.529999999999999805e-01
-1.251699999999999946e+01 -4.663999999999999702e+00 -4.660999999999999588e+00 -4.759999999999999787e-01
-2.160999999999999943e+01 4.199999999999999845e-01 -2.137699999999999889e+01 -4.079999999999999738e-01
-3.262000000000000011e+00 1.976800000000000068e+01 -1.933800000000000097e+01 -1.610000000000000042e-01
2.339900000000000091e+01 2.856200000000000117e+01 -1.291900000000000048e+01 6.700000000000000400e-02
3.293599999999999994e+01 1.903099999999999881e+01 -1.339199999999999946e+01 1.380000000000000115e-01
2.036100000000000065e+01 2.653000000000000025e+00 -1.578500000000000014e+01 1.069999999999999979e-01
2.234999999999999876e+00 -7.626000000000000334e+00 -1.304599999999999937e+01 8.599999999999999312e-02
-4.192000000000000171e+00 -1.158300000000000018e+01 -8.497999999999999332e+00 9.800000000000000377e-02
-1.836000000000000076e+00 -1.909499999999999886e+01 -9.695000000000000284e+00 1.179999999999999938e-01
-1.304599999999999937e+01 -3.651599999999999824e+01 -1.838100000000000023e+01 1.250000000000000000e-01
-4.795199999999999818e+01 -5.668599999999999994e+01 -2.747700000000000031e+01 9.099999999999999756e-02
-8.019799999999999329e+01 -6.746999999999999886e+01 -2.650900000000000034e+01 2.299999999999999961e-02
-7.680400000000000205e+01 -7.294100000000000250e+01 -1.689499999999999957e+01 1.400000000000000029e-02
-4.471000000000000085e+01 -8.609999999999999432e+01 -1.370100000000000051e+01 1.350000000000000089e-01
-1.306400000000000006e+01 -9.120399999999999352e+01 -1.780600000000000094e+01 2.869999999999999774e-01
1.547499999999999964e+01 -5.244299999999999784e+01 -8.240000000000000213e+00 3.280000000000000138e-01
4.480499999999999972e+01 1.973600000000000065e+01 1.887000000000000099e+01 2.720000000000000195e-01
4.817600000000000193e+01 6.253600000000000136e+01 3.660799999999999699e+01 1.920000000000000040e-01
1.286700000000000088e+01 4.947500000000000142e+01 2.995200000000000173e+01 1.170000000000000068e-01
-2.258699999999999974e+01 2.602700000000000102e+01 1.486400000000000077e+01 9.800000000000000377e-02
-3.024800000000000111e+01 2.706200000000000117e+01 3.915000000000000036e+00 1.600000000000000033e-01
-3.571999999999999886e+01 2.979400000000000048e+01 -6.546999999999999709e+00 1.940000000000000058e-01
-5.667099999999999937e+01 2.008500000000000085e+01 -9.641999999999999460e+00 1.140000000000000041e-01
-6.246900000000000119e+01 2.751699999999999946e+01 8.678000000000000824e+00 2.299999999999999961e-02
-3.282399999999999807e+01 6.193299999999999983e+01 3.601700000000000301e+01 7.000000000000000666e-02
2.959999999999999964e+00 8.211899999999999977e+01 4.102799999999999869e+01 2.250000000000000056e-01
1.200799999999999912e+01 5.410999999999999943e+01 1.608399999999999963e+01 2.929999999999999827e-01
-2.963000000000000078e+00 -3.140000000000000124e+00 -1.418699999999999939e+01 1.650000000000000078e-01
-1.857600000000000051e+01 -4.592199999999999704e+01 -2.492699999999999960e+01 -3.200000000000000067e-02
-1.224000000000000021e+01 -5.642999999999999972e+01 -1.436400000000000077e+01 -1.089999999999999997e-01
2.542399999999999949e+01 -5.282900000000000063e+01 8.970000000000000195e-01 -5.199999999999999761e-02
7.576399999999999579e+01 -5.556099999999999994e+01 4.629999999999999893e+00 3.500000000000000333e-02
1.007890000000000015e+02 -6.078900000000000148e+01 -3.031000000000000139e+00 9.900000000000000466e-02
7.955400000000000205e+01 -5.686699999999999733e+01 -9.938000000000000611e+00 1.350000000000000089e-01
1.925700000000000145e+01 -5.081700000000000017e+01 -1.248199999999999932e+01 1.130000000000000032e-01
-6.046800000000000352e+01 -5.570100000000000051e+01 -1.915700000000000003e+01 2.000000000000000042e-02
-1.230529999999999973e+02 -5.894299999999999784e+01 -2.988899999999999935e+01 -8.500000000000000611e-02
-1.251749999999999972e+02 -3.434199999999999875e+01 -2.926300000000000168e+01 -1.250000000000000000e-01
-7.127700000000000102e+01 1.156300000000000061e+01 -1.043900000000000006e+01 -8.899999999999999578e-02
-2.158699999999999974e+01 3.960600000000000165e+01 9.285000000000000142e+00 -4.599999999999999922e-02
-1.584600000000000009e+01 3.438499999999999801e+01 1.134600000000000009e+01 -5.700000000000000205e-02
-2.683099999999999952e+01 2.688599999999999923e+01 3.028000000000000025e+00 -8.599999999999999312e-02
-1.307099999999999973e+01 4.305299999999999727e+01 2.971999999999999975e+00 -4.700000000000000011e-02
2.026699999999999946e+01 5.994800000000000040e+01 8.692999999999999616e+00 4.100000000000000172e-02
4.022899999999999920e+01 4.011399999999999721e+01 1.510000000000000009e+00 6.600000000000000311e-02
3.255299999999999727e+01 -1.169200000000000017e+01 -2.010900000000000176e+01 1.700000000000000122e-02
8.333999999999999631e+00 -5.450699999999999790e+01 -3.243200000000000216e+01 1.299999999999999940e-02
-8.473000000000000753e+00 -6.206300000000000239e+01 -1.627899999999999991e+01 9.400000000000000022e-02
2.969999999999999862e-01 -4.371500000000000341e+01 1.621499999999999986e+01 1.719999999999999862e-01
2.240800000000000125e+01 -1.976500000000000057e+01 3.591499999999999915e+01 1.799999999999999933e-01
2.848100000000000165e+01 1.963000000000000078e+00 3.208899999999999864e+01 1.419999999999999873e-01
1.369599999999999973e+01 2.312800000000000011e+01 1.897299999999999898e+01 1.029999999999999943e-01
4.540000000000000147e-01 4.659199999999999875e+01 1.082799999999999940e+01 5.199999999999999761e-02
6.552999999999999936e+00 7.431900000000000261e+01 5.655999999999999694e+00 -3.099999999999999978e-02
2.785699999999999932e+01 9.961799999999999500e+01 -5.245000000000000107e+00 -1.079999999999999988e-01
4.526599999999999824e+01 1.037150000000000034e+02 -2.257100000000000151e+01 -1.250000000000000000e-01
4.357800000000000296e+01 7.552599999999999625e+01 -3.807699999999999818e+01 -9.500000000000000111e-02
2.583899999999999864e+01 2.960000000000000142e+01 -4.223299999999999699e+01 -7.000000000000000666e-02
9.615999999999999659e+00 -7.594999999999999751e+00 -3.018199999999999861e+01 -5.600000000000000117e-02
9.044000000000000483e+00 -1.897700000000000031e+01 -5.706999999999999851e+00 -2.599999999999999881e-02
1.991499999999999915e+01 -3.712000000000000188e+00 1.898000000000000043e+01 1.799999999999999864e-02
2.314699999999999847e+01 1.904500000000000171e+01 3.226899999999999835e+01 3.799999999999999906e-02
5.540000000000000036e+00 2.257900000000000063e+01 3.157900000000000063e+01 3.000000000000000062e-03
-2.237500000000000000e+01 6.176999999999999602e+00 2.193900000000000006e+01 -7.299999999999999545e-02
-3.785000000000000142e+01 -3.310999999999999943e+00 1.335299999999999976e+01 -1.219999999999999973e-01
-3.697299999999999898e+01 5.479000000000000092e+00 1.737300000000000111e+01 -1.010000000000000064e-01
-3.330799999999999983e+01 1.298399999999999999e+01 3.357000000000000028e+01 -7.399999999999999634e-02
-2.814900000000000091e+01 3.456999999999999851e+00 4.467300000000000182e+01 -1.270000000000000018e-01
-1.372700000000000031e+01 -1.635699999999999932e+01 3.860999999999999943e+01 -2.520000000000000018e-01
3.789000000000000146e+00 -3.749300000000000210e+01 2.371999999999999886e+01 -3.559999999999999831e-01
1.406300000000000061e+01 -5.722099999999999653e+01 1.103200000000000003e+01 -3.380000000000000226e-01
2.021300000000000097e+01 -6.307099999999999795e+01 1.379000000000000004e+00 -1.710000000000000131e-01
2.763800000000000168e+01 -4.108100000000000307e+01 -3.588000000000000078e+00 3.699999999999999817e-02
3.078500000000000014e+01 -7.676999999999999602e+00 -1.153000000000000025e+00 1.409999999999999865e-01
2.148900000000000077e+01 1.838000000000000078e+00 1.685999999999999943e+00 1.320000000000000062e-01
-1.157999999999999918e+00 -1.853099999999999881e+01 -4.887999999999999901e+00 1.000000000000000056e-01
-3.109299999999999997e+01 -4.418699999999999761e+01 -2.093299999999999983e+01 6.600000000000000311e-02
-5.453199999999999648e+01 -6.087299999999999756e+01 -3.800200000000000244e+01 -1.799999999999999864e-02
-5.386399999999999721e+01 -7.120900000000000318e+01 -4.588600000000000279e+01 -1.219999999999999973e-01
-2.589699999999999847e+01 -7.153700000000000614e+01 -3.857000000000000028e+01 -1.209999999999999964e-01
7.328999999999999737e+00 -5.307699999999999818e+01 -1.925000000000000000e+01 7.000000000000000146e-03
1.781200000000000117e+01 -1.909700000000000131e+01 1.153999999999999915e+00 1.280000000000000027e-01
4.131999999999999673e+00 1.556300000000000061e+01 1.331000000000000050e+01 1.320000000000000062e-01
-2.601999999999999869e+00 3.800500000000000256e+01 1.858999999999999986e+01 4.599999999999999922e-02
2.345400000000000063e+01 4.410000000000000142e+01 2.412399999999999878e+01 -5.700000000000000205e-02
6.245600000000000307e+01 3.313799999999999812e+01 2.669099999999999895e+01 -1.390000000000000124e-01
6.918300000000000693e+01 7.110999999999999766e+00 1.521599999999999930e+01 -1.869999999999999996e-01
3.255499999999999972e+01 -1.872700000000000031e+01 -7.621000000000000441e+00 -2.030000000000000138e-01
-1.729400000000000048e+01 -2.607799999999999940e+01 -2.682700000000000173e+01 -1.950000000000000067e-01
-5.579999999999999716e+01 -2.122299999999999898e+01 -3.885799999999999699e+01 -1.690000000000000113e-01
-7.503900000000000148e+01 -2.375100000000000122e+01 -5.051700000000000301e+01 -1.320000000000000062e-01
-5.684400000000000119e+01 -2.597599999999999909e+01 -5.584199999999999875e+01 -7.000000000000000666e-02
7.589000000000000412e+00 2.128000000000000114e+00 -3.812700000000000244e+01 3.699999999999999817e-02
7.373900000000000432e+01 6.028799999999999670e+01 2.791999999999999815e+00 1.380000000000000115e-01
8.144499999999999318e+01 1.022699999999999960e+02 4.259300000000000352e+01 1.419999999999999873e-01
3.343900000000000006e+01 9.121099999999999852e+01 5.609100000000000108e+01 8.799999999999999489e-02
-1.622899999999999920e+01 4.422599999999999909e+01 4.020300000000000296e+01 1.059999999999999970e-01
-3.432800000000000296e+01 1.830000000000000071e+00 1.296799999999999997e+01 1.390000000000000124e-01
-2.392099999999999937e+01 -1.694300000000000139e+01 -3.109999999999999876e+00 4.000000000000000083e-03
4.352999999999999758e+00 -1.335299999999999976e+01 1.768999999999999906e+00 -2.330000000000000127e-01
3.220199999999999818e+01 1.947000000000000064e+00 1.620100000000000051e+01 -2.939999999999999836e-01
3.028600000000000136e+01 8.640000000000000568e+00 1.907999999999999829e+01 -1.170000000000000068e-01
-7.655000000000000249e+00 -5.233999999999999986e+00 4.961999999999999744e+00 5.600000000000000117e-02
-4.920199999999999818e+01 -2.564399999999999835e+01 -1.153100000000000058e+01 6.300000000000000044e-02
-6.115200000000000102e+01 -3.257999999999999829e+01 -1.930600000000000094e+01 6.000000000000000125e-03
-3.973599999999999710e+01 -2.492599999999999838e+01 -2.100000000000000000e+01 1.600000000000000033e-02
-8.020000000000000462e-01 -1.075699999999999967e+01 -1.930999999999999872e+01 7.099999999999999367e-02
3.660000000000000142e+01 8.882999999999999119e+00 -1.401699999999999946e+01 1.110000000000000014e-01
5.645499999999999829e+01 3.370000000000000284e+01 -9.185999999999999943e+00 1.570000000000000007e-01
5.023599999999999710e+01 5.364999999999999858e+01 -5.426999999999999602e+00 2.230000000000000038e-01
2.247700000000000031e+01 5.507399999999999807e+01 7.349000000000000199e+00 2.760000000000000231e-01
-9.814000000000000057e+00 3.906600000000000250e+01 3.396399999999999864e+01 2.989999999999999880e-01
-3.236599999999999966e+01 2.539999999999999858e+01 5.707000000000000028e+01 2.919999999999999818e-01
-4.616199999999999903e+01 2.487500000000000000e+01 5.232099999999999795e+01 2.069999999999999896e-01
-5.502400000000000091e+01 1.933500000000000085e+01 2.159799999999999898e+01 2.100000000000000130e-02
-5.292499999999999716e+01 -1.083500000000000085e+01 -5.799999999999999822e+00 -1.719999999999999862e-01
-3.661399999999999721e+01 -5.459199999999999875e+01 -1.066300000000000026e+01 -2.520000000000000018e-01
-1.889099999999999824e+01 -8.376399999999999579e+01 -2.333000000000000185e+00 -1.839999999999999969e-01
-1.565199999999999925e+01 -8.343600000000000705e+01 5.298000000000000043e+00 -0.000000000000000000e+00
-1.935900000000000176e+01 -6.191899999999999693e+01 1.098600000000000065e+01 2.119999999999999940e-01
-4.894000000000000128e+00 -4.215800000000000125e+01 1.250099999999999945e+01 3.340000000000000191e-01
2.493400000000000105e+01 -3.754899999999999949e+01 3.170000000000000040e-01 3.099999999999999978e-01
3.310600000000000165e+01 -3.369700000000000273e+01 -2.552799999999999869e+01 1.950000000000000067e-01
7.000000000000000000e+00 -9.503000000000000114e+00 -4.942300000000000182e+01 7.099999999999999367e-02
-1.776899999999999835e+01 3.063599999999999923e+01 -5.738400000000000034e+01 -1.700000000000000122e-02
-9.974000000000000199e+00 6.520999999999999375e+01 -4.880299999999999727e+01 -3.400000000000000244e-02
1.827100000000000080e+01 8.459000000000000341e+01 -2.984400000000000119e+01 2.400000000000000050e-02
4.036599999999999966e+01 9.259199999999999875e+01 -6.588000000000000078e+00 8.100000000000000255e-02
5.205400000000000205e+01 9.139300000000000068e+01 1.255499999999999972e+01 5.999999999999999778e-02
5.882500000000000284e+01 8.162999999999999545e+01 1.848300000000000054e+01 -2.299999999999999961e-02
5.149399999999999977e+01 6.855100000000000193e+01 9.680999999999999162e+00 -9.800000000000000377e-02
2.426500000000000057e+01 5.788799999999999812e+01 -6.996000000000000441e+00 -1.380000000000000115e-01
-1.262000000000000011e+00 5.017799999999999727e+01 -2.077799999999999869e+01 -1.400000000000000133e-01
-2.241999999999999993e+00 4.140299999999999869e+01 -2.118400000000000105e+01 -1.000000000000000056e-01
9.932999999999999829e+00 2.805300000000000082e+01 -8.012000000000000455e+00 -4.499999999999999833e-02
1.144800000000000040e+01 1.198499999999999943e+01 5.565999999999999837e+00 -2.500000000000000139e-02
8.194000000000000838e+00 -1.578000000000000069e+00 8.804999999999999716e+00 -3.799999999999999906e-02
1.839000000000000057e+01 -1.075099999999999945e+01 4.357000000000000206e+00 -4.100000000000000172e-02
2.711499999999999844e+01 -2.040200000000000102e+01 -1.879000000000000004e+00 -5.199999999999999761e-02
3.202999999999999847e+00 -3.785699999999999932e+01 -9.243999999999999773e+00 -1.069999999999999979e-01
-4.670300000000000296e+01 -5.935999999999999943e+01 -1.501600000000000001e+01 -1.489999999999999936e-01
-8.250700000000000500e+01 -6.621399999999999864e+01 -1.302200000000000024e+01 -9.199999999999999845e-02
-8.681000000000000227e+01 -5.083800000000000097e+01 -5.309000000000000163e+00 2.400000000000000050e-02
-8.072899999999999920e+01 -3.525200000000000244e+01 -3.880000000000000115e-01 9.800000000000000377e-02
-7.927899999999999636e+01 -4.093599999999999994e+01 9.340000000000000524e-01 1.140000000000000041e-01
-7.003000000000000114e+01 -5.568500000000000227e+01 3.045999999999999819e+00 1.010000000000000064e-01
-4.871600000000000108e+01 -5.372899999999999920e+01 4.842999999999999972e+00 2.800000000000000058e-02
-3.169200000000000017e+01 -3.380799999999999983e+01 5.110000000000000320e+00 -1.219999999999999973e-01
-1.796499999999999986e+01 -1.352200000000000024e+01 1.030700000000000038e+01 -2.290000000000000091e-01
1.413899999999999935e+01 2.099999999999999922e-01 2.413400000000000034e+01 -1.650000000000000078e-01
6.338600000000000279e+01 1.069800000000000040e+01 3.550000000000000000e+01 -1.899999999999999953e-02
1.047210000000000036e+02 1.725000000000000000e+01 3.103399999999999892e+01 2.900000000000000147e-02
1.286730000000000018e+02 1.778999999999999915e+01 1.496700000000000053e+01 -1.899999999999999953e-02
1.376260000000000048e+02 8.692000000000000171e+00 2.487999999999999989e+00 -5.899999999999999689e-02
1.149399999999999977e+02 -1.673000000000000043e+01 -7.199999999999999734e-01 -1.089999999999999997e-01
4.048899999999999721e+01 -5.233599999999999852e+01 -5.500000000000000444e-01 -1.940000000000000058e-01
-6.841899999999999693e+01 -7.520399999999999352e+01 -2.329000000000000181e+00 -2.389999999999999902e-01
-1.606399999999999864e+02 -7.185299999999999443e+01 -5.301999999999999602e+00 -2.399999999999999911e-01
-1.939950000000000045e+02 -5.244500000000000028e+01 -6.657000000000000028e+00 -2.999999999999999889e-01
-1.631730000000000018e+02 -3.000199999999999889e+01 -5.482000000000000206e+00 -4.040000000000000258e-01
-9.651800000000000068e+01 -3.516000000000000014e+00 -8.399999999999999689e-01 -3.980000000000000204e-01
-3.396000000000000085e+01 2.878099999999999881e+01 7.290000000000000036e+00 -2.340000000000000135e-01
-2.429999999999999938e-01 5.502199999999999847e+01 9.999000000000000554e+00 -2.599999999999999881e-02
7.224999999999999645e+00 6.084400000000000119e+01 -3.471999999999999975e+00 1.330000000000000071e-01
1.380400000000000027e+01 4.950300000000000011e+01 -2.096499999999999986e+01 2.740000000000000213e-01
4.876400000000000290e+01 4.075200000000000244e+01 -1.337299999999999933e+01 4.689999999999999725e-01
1.079939999999999998e+02 4.560999999999999943e+01 1.868199999999999861e+01 7.129999999999999671e-01
1.431129999999999995e+02 5.099099999999999966e+01 3.541299999999999670e+01 8.890000000000000124e-01
1.195819999999999936e+02 3.793299999999999983e+01 1.563499999999999979e+01 8.649999999999999911e-01
7.039000000000000057e+01 7.065999999999999837e+00 -1.158799999999999919e+01 6.139999999999999902e-01
5.607600000000000051e+01 -2.285000000000000142e+01 -1.445100000000000051e+01 2.660000000000000142e-01
8.532399999999999807e+01 -3.830199999999999960e+01 -2.775999999999999801e+00 3.000000000000000062e-03
1.116389999999999958e+02 -4.350900000000000034e+01 -2.088999999999999968e+00 -1.100000000000000006e-01
1.024140000000000015e+02 -4.561899999999999977e+01 -1.011299999999999955e+01 -1.419999999999999873e-01
6.985899999999999466e+01 -4.235600000000000165e+01 -5.491999999999999993e+00 -1.320000000000000062e-01
3.191900000000000048e+01 -3.686999999999999744e+01 1.428599999999999959e+01 -4.100000000000000172e-02
-7.817999999999999616e+00 -4.552499999999999858e+01 2.973699999999999832e+01 1.310000000000000053e-01
-3.528399999999999892e+01 -7.316800000000000637e+01 2.862800000000000011e+01 2.710000000000000187e-01
-3.468699999999999761e+01 -9.792499999999999716e+01 1.797599999999999909e+01 2.520000000000000018e-01
-2.544000000000000128e+01 -9.473799999999999955e+01 1.050099999999999945e+01 8.300000000000000433e-02
-3.742999999999999972e+01 -6.241899999999999693e+01 1.207199999999999918e+01 -6.099999999999999867e-02
-5.685099999999999909e+01 -2.340299999999999869e+01 1.771999999999999886e+01 -3.400000000000000244e-02
-4.902900000000000347e+01 -6.089999999999999858e-01 1.617999999999999972e+01 8.200000000000000344e-02
-1.765099999999999980e+01 8.932999999999999829e+00 4.926000000000000156e+00 7.399999999999999634e-02
4.783000000000000362e+00 2.811799999999999855e+01 -5.687999999999999723e+00 -1.189999999999999947e-01
2.857000000000000206e+00 6.125000000000000000e+01 -9.554000000000000270e+00 -3.270000000000000129e-01
-1.615899999999999892e+01 8.557999999999999829e+01 -1.177100000000000080e+01 -3.970000000000000195e-01
-3.896500000000000341e+01 8.882599999999999341e+01 -1.485999999999999943e+01 -3.830000000000000071e-01
-5.063499999999999801e+01 8.564900000000000091e+01 -1.260800000000000054e+01 -4.249999999999999889e-01
-3.678099999999999881e+01 9.102299999999999613e+01 1.443999999999999950e+00 -5.320000000000000284e-01
3.515000000000000124e+00 1.009279999999999973e+02 2.351599999999999824e+01 -5.889999999999999680e-01
4.225399999999999778e+01 1.002439999999999998e+02 3.392499999999999716e+01 -5.610000000000000542e-01
3.793399999999999750e+01 7.751500000000000057e+01 1.164700000000000024e+01 -5.520000000000000462e-01
-1.513599999999999923e+01 3.555599999999999739e+01 -3.493500000000000227e+01 -6.340000000000000080e-01
-7.151000000000000512e+01 -8.592999999999999972e+00 -6.697100000000000364e+01 -7.259999999999999787e-01
-8.521899999999999409e+01 -3.617699999999999960e+01 -5.756400000000000006e+01 -7.019999999999999574e-01
-5.893599999999999994e+01 -3.952100000000000080e+01 -2.111799999999999855e+01 -5.540000000000000480e-01
-2.867699999999999960e+01 -2.532300000000000040e+01 7.964000000000000412e+00 -3.589999999999999858e-01
-1.157600000000000051e+01 -6.743000000000000327e+00 1.136299999999999955e+01 -1.419999999999999873e-01
4.764999999999999680e+00 8.038000000000000256e+00 -3.793000000000000149e+00 1.229999999999999982e-01
2.137099999999999866e+01 1.659400000000000119e+01 -1.998799999999999955e+01 3.800000000000000044e-01
2.195799999999999841e+01 1.715599999999999881e+01 -2.570599999999999952e+01 4.969999999999999973e-01
1.899299999999999855e+01 1.217099999999999937e+01 -1.675400000000000134e+01 4.570000000000000173e-01
4.412299999999999756e+01 9.265000000000000568e+00 8.012999999999999901e+00 3.940000000000000169e-01
7.989499999999999602e+01 9.628999999999999559e+00 3.979399999999999693e+01 3.950000000000000178e-01
7.175400000000000489e+01 4.243000000000000327e+00 5.690200000000000102e+01 4.129999999999999782e-01
1.477999999999999936e+01 -1.355700000000000038e+01 4.366100000000000136e+01 4.109999999999999765e-01
-3.737299999999999756e+01 -3.829099999999999682e+01 8.727999999999999758e+00 3.940000000000000169e-01
-4.874399999999999977e+01 -5.519700000000000273e+01 -2.407400000000000162e+01 3.410000000000000253e-01
-3.465299999999999869e+01 -5.212899999999999778e+01 -3.824399999999999977e+01 2.330000000000000127e-01
-2.051200000000000045e+01 -3.197400000000000020e+01 -3.275200000000000244e+01 1.120000000000000023e-01
-6.108999999999999986e+00 -9.506999999999999673e+00 -1.620100000000000051e+01 5.299999999999999850e-02
1.838100000000000023e+01 6.107000000000000206e+00 1.088999999999999968e+00 1.160000000000000059e-01
4.464099999999999824e+01 1.695599999999999952e+01 1.275099999999999945e+01 2.889999999999999791e-01
5.203199999999999648e+01 2.375499999999999901e+01 1.599799999999999933e+01 4.460000000000000075e-01
3.274499999999999744e+01 2.036700000000000088e+01 8.970000000000000639e+00 4.329999999999999960e-01
-4.979999999999999982e-01 6.253999999999999559e+00 -7.219000000000000306e+00 2.710000000000000187e-01
-3.091000000000000014e+01 -5.201999999999999957e+00 -2.707300000000000040e+01 1.439999999999999891e-01
-5.357099999999999795e+01 -1.809999999999999942e-01 -4.339099999999999824e+01 1.529999999999999971e-01
-6.984999999999999432e+01 1.724299999999999855e+01 -4.787299999999999756e+01 2.030000000000000138e-01
-7.353400000000000603e+01 3.020599999999999952e+01 -3.264999999999999858e+01 1.580000000000000016e-01
-5.610600000000000165e+01 2.922200000000000131e+01 -2.668000000000000149e+00 1.899999999999999953e-02
-2.757799999999999940e+01 1.579199999999999982e+01 1.830000000000000071e+01 -8.300000000000000433e-02
-1.582600000000000051e+01 -5.964000000000000412e+00 1.446400000000000041e+01 -4.900000000000000189e-02
-3.268900000000000006e+01 -2.822700000000000031e+01 2.059000000000000163e+00 5.099999999999999672e-02
-5.578600000000000136e+01 -4.176299999999999812e+01 2.912999999999999812e+00 5.600000000000000117e-02
-5.827100000000000080e+01 -4.704599999999999937e+01 1.230000000000000071e+01 -8.999999999999999667e-02
-4.033400000000000318e+01 -4.882999999999999829e+01 1.533399999999999963e+01 -2.800000000000000266e-01
-2.181400000000000006e+01 -4.134400000000000119e+01 1.320100000000000051e+01 -3.529999999999999805e-01
-2.013800000000000168e+01 -1.857300000000000040e+01 1.501500000000000057e+01 -2.290000000000000091e-01
-3.743099999999999739e+01 5.599000000000000199e+00 1.975199999999999889e+01 2.000000000000000042e-03
-5.867499999999999716e+01 9.505000000000000782e+00 1.860099999999999909e+01 1.419999999999999873e-01
-6.806600000000000250e+01 -7.982000000000000206e+00 6.982999999999999652e+00 7.799999999999999989e-02
-6.415300000000000580e+01 -2.824800000000000111e+01 -1.051500000000000057e+01 -8.799999999999999489e-02
-4.315699999999999648e+01 -3.261500000000000199e+01 -2.141100000000000136e+01 -1.719999999999999862e-01
1.482399999999999984e+01 -8.618000000000000327e+00 -1.297700000000000031e+01 -1.229999999999999982e-01
1.116310000000000002e+02 4.198100000000000165e+01 1.284800000000000075e+01 -3.300000000000000155e-02
2.006129999999999995e+02 8.689499999999999602e+01 3.443399999999999750e+01 2.199999999999999872e-02
2.240649999999999977e+02 8.491899999999999693e+01 3.264399999999999835e+01 6.199999999999999956e-02
1.723950000000000102e+02 3.896800000000000352e+01 1.583000000000000007e+01 1.130000000000000032e-01
8.902200000000000557e+01 -4.730000000000000426e+00 4.916000000000000369e+00 1.290000000000000036e-01
2.432100000000000151e+01 -1.877199999999999847e+01 -5.330000000000000293e-01 7.699999999999999900e-02
-6.115999999999999659e+00 -2.003999999999999915e+01 -1.435299999999999976e+01 8.999999999999999320e-03
-1.985800000000000054e+01 -2.801800000000000068e+01 -3.029700000000000060e+01 -8.000000000000000167e-03
-3.723199999999999932e+01 -3.568900000000000006e+01 -2.966600000000000037e+01 2.599999999999999881e-02
-6.255400000000000205e+01 -3.114900000000000091e+01 -1.388599999999999923e+01 5.500000000000000028e-02
-8.533299999999999841e+01 -1.955499999999999972e+01 8.569999999999999840e-01 3.699999999999999817e-02
-8.794299999999999784e+01 -1.482099999999999973e+01 1.000999999999999979e+01 -2.199999999999999872e-02
-6.005799999999999983e+01 -2.134299999999999997e+01 1.792000000000000171e+01 -8.300000000000000433e-02
-1.193299999999999983e+01 -2.642800000000000082e+01 2.203500000000000014e+01 -9.600000000000000200e-02
3.467999999999999972e+01 -1.255400000000000027e+01 1.716100000000000136e+01 -3.699999999999999817e-02
6.517799999999999727e+01 2.021900000000000119e+01 6.352999999999999758e+00 3.200000000000000067e-02
7.297899999999999920e+01 4.996800000000000352e+01 -1.806999999999999940e+00 1.499999999999999944e-02
5.720499999999999829e+01 5.480899999999999750e+01 -2.755999999999999783e+00 -8.400000000000000522e-02
3.129400000000000048e+01 3.453900000000000148e+01 -1.022000000000000020e+00 -1.539999999999999980e-01
1.548099999999999987e+01 5.913000000000000256e+00 -6.464000000000000412e+00 -1.519999999999999962e-01
1.324900000000000055e+01 -1.870299999999999940e+01 -2.157999999999999829e+01 -1.690000000000000113e-01
1.418999999999999950e+01 -3.649900000000000233e+01 -3.340800000000000125e+01 -2.570000000000000062e-01
1.601300000000000168e+01 -4.306400000000000006e+01 -2.437399999999999878e+01 -3.039999999999999925e-01
2.057100000000000151e+01 -3.665599999999999881e+01 7.652999999999999581e+00 -2.049999999999999878e-01
1.930799999999999983e+01 -2.955900000000000105e+01 4.251400000000000290e+01 -3.899999999999999994e-02
2.103000000000000203e+00 -3.373400000000000176e+01 5.315699999999999648e+01 5.000000000000000278e-02
-2.924800000000000111e+01 -4.400200000000000244e+01 3.013500000000000156e+01 4.700000000000000011e-02
-5.886800000000000210e+01 -5.045300000000000296e+01 -9.053000000000000824e+00 2.299999999999999961e-02
-6.235399999999999920e+01 -5.173700000000000188e+01 -3.479399999999999693e+01 0.000000000000000000e+00
-2.791600000000000037e+01 -4.624799999999999756e+01 -2.926200000000000045e+01 -3.099999999999999978e-02
2.334400000000000119e+01 -2.679400000000000048e+01 -6.260000000000000009e-01 -5.800000000000000294e-02
5.049499999999999744e+01 5.075000000000000178e+00 2.259199999999999875e+01 -5.999999999999999778e-02
3.061100000000000065e+01 3.112099999999999866e+01 1.673999999999999844e+01 -3.599999999999999728e-02
-1.817299999999999827e+01 3.567900000000000205e+01 -1.426099999999999923e+01 -1.499999999999999944e-02
-5.480400000000000205e+01 2.547500000000000142e+01 -4.412400000000000233e+01 -2.500000000000000139e-02
-5.654999999999999716e+01 2.124500000000000099e+01 -4.613900000000000290e+01 -3.500000000000000333e-02
-3.424000000000000199e+01 3.569400000000000261e+01 -1.086700000000000088e+01 -8.000000000000000167e-03
-8.785000000000000142e+00 6.116299999999999670e+01 3.854099999999999682e+01 1.400000000000000029e-02
1.245500000000000007e+01 7.696500000000000341e+01 5.489099999999999824e+01 -5.700000000000000205e-02
3.431600000000000250e+01 7.480599999999999739e+01 2.025499999999999901e+01 -2.010000000000000120e-01
5.796000000000000085e+01 6.715399999999999636e+01 -2.513299999999999912e+01 -2.620000000000000107e-01
6.957299999999999329e+01 5.753600000000000136e+01 -3.910099999999999909e+01 -1.610000000000000042e-01
5.104500000000000171e+01 3.103099999999999881e+01 -3.164900000000000091e+01 -2.400000000000000050e-02
5.222000000000000419e+00 -6.168999999999999595e+00 -3.020100000000000051e+01 1.600000000000000033e-02
-3.650399999999999778e+01 -1.794200000000000017e+01 -2.937300000000000111e+01 1.600000000000000033e-02
-3.529200000000000159e+01 1.462800000000000011e+01 -6.407000000000000028e+00 9.099999999999999756e-02
1.812699999999999889e+01 7.071099999999999852e+01 3.950699999999999790e+01 1.970000000000000084e-01
8.164499999999999602e+01 1.154449999999999932e+02 7.996200000000000330e+01 1.829999999999999960e-01
9.554200000000000159e+01 1.289989999999999952e+02 8.251699999999999591e+01 1.099999999999999936e-02
4.292900000000000205e+01 1.109159999999999968e+02 4.494100000000000250e+01 -1.539999999999999980e-01
-4.107000000000000028e+01 6.223299999999999699e+01 3.350000000000000200e-01 -1.400000000000000133e-01
-1.073599999999999994e+02 -1.427899999999999991e+01 -2.014900000000000091e+01 1.299999999999999940e-02
-1.234689999999999941e+02 -8.784799999999999898e+01 -1.987300000000000111e+01 1.449999999999999900e-01
-9.099599999999999511e+01 -1.136740000000000066e+02 -2.013599999999999923e+01 1.980000000000000093e-01
-4.274000000000000199e+01 -8.693300000000000693e+01 -2.120599999999999952e+01 2.139999999999999958e-01
-2.604000000000000092e+00 -4.479999999999999716e+01 -3.083000000000000185e+00 2.089999999999999913e-01
3.648899999999999721e+01 -1.563299999999999912e+01 3.280799999999999983e+01 1.809999999999999942e-01
6.824800000000000466e+01 -5.764000000000000234e+00 5.002199999999999847e+01 1.300000000000000044e-01
4.644700000000000273e+01 -2.106299999999999883e+01 2.175100000000000122e+01 -0.000000000000000000e+00
-4.162299999999999756e+01 -5.572599999999999909e+01 -2.764199999999999946e+01 -2.149999999999999967e-01
-1.170699999999999932e+02 -7.679399999999999693e+01 -4.862400000000000233e+01 -3.420000000000000262e-01
-1.002590000000000003e+02 -6.016799999999999926e+01 -2.938700000000000045e+01 -2.149999999999999967e-01
-2.011499999999999844e+01 -2.649899999999999878e+01 -4.139000000000000234e+00 6.700000000000000400e-02
3.845100000000000051e+01 -1.190700000000000003e+01 2.850000000000000089e+00 2.660000000000000142e-01
4.718299999999999983e+01 -1.767999999999999972e+01 3.559000000000000163e+00 2.730000000000000204e-01
3.244599999999999795e+01 -1.650600000000000023e+01 9.602999999999999758e+00 1.509999999999999953e-01
1.576200000000000045e+01 2.137000000000000011e+00 9.272999999999999687e+00 1.400000000000000029e-02
9.663999999999999702e+00 2.291300000000000026e+01 -6.679999999999999716e+00 -4.900000000000000189e-02
2.391700000000000159e+01 3.180000000000000071e+01 -2.780900000000000105e+01 0.000000000000000000e+00
4.182399999999999807e+01 2.471999999999999886e+01 -4.266599999999999682e+01 1.110000000000000014e-01
3.332099999999999795e+01 2.741000000000000103e+00 -4.918900000000000006e+01 1.630000000000000060e-01
4.089999999999999858e+00 -2.066799999999999926e+01 -4.149900000000000233e+01 9.900000000000000466e-02
-1.001900000000000013e+01 -2.622800000000000153e+01 -1.423300000000000054e+01 -8.999999999999999320e-03
9.709999999999999742e-01 -1.443800000000000061e+01 1.667800000000000082e+01 -4.800000000000000100e-02
1.075200000000000067e+01 -5.591999999999999638e+00 2.596399999999999864e+01 -1.200000000000000025e-02
2.947999999999999954e+00 -1.117900000000000027e+01 1.356099999999999994e+01 2.699999999999999969e-02
-9.374000000000000554e+00 -1.976899999999999835e+01 4.105999999999999872e+00 1.000000000000000021e-02
-9.320999999999999730e+00 -1.220599999999999952e+01 1.296100000000000030e+01 -6.300000000000000044e-02
1.051999999999999957e+01 1.233000000000000007e+01 2.834900000000000020e+01 -1.340000000000000080e-01
4.594800000000000040e+01 2.786100000000000065e+01 2.660099999999999909e+01 -1.039999999999999952e-01
6.807899999999999352e+01 1.012400000000000055e+01 1.203000000000000069e+00 4.499999999999999833e-02
4.609199999999999875e+01 -2.924200000000000088e+01 -2.471699999999999875e+01 1.789999999999999925e-01
-4.197000000000000064e+00 -5.670499999999999829e+01 -2.404899999999999949e+01 1.739999999999999880e-01
-3.449099999999999966e+01 -5.693599999999999994e+01 1.854000000000000092e+00 6.900000000000000577e-02
-2.101000000000000156e+01 -3.615699999999999648e+01 3.185200000000000031e+01 -2.900000000000000147e-02
1.959900000000000020e+01 -7.448999999999999844e+00 4.960099999999999909e+01 -7.199999999999999456e-02
4.458400000000000318e+01 4.987000000000000099e+00 4.500200000000000244e+01 -4.599999999999999922e-02
1.084699999999999953e+01 -1.942299999999999827e+01 1.679200000000000159e+01 5.999999999999999778e-02
-7.265999999999999659e+01 -6.277600000000000335e+01 -1.690500000000000114e+01 2.220000000000000029e-01
-1.328029999999999973e+02 -8.386100000000000421e+01 -3.369100000000000250e+01 3.370000000000000218e-01
-1.152879999999999967e+02 -7.242000000000000171e+01 -3.175100000000000122e+01 2.869999999999999774e-01
-5.576299999999999812e+01 -5.467600000000000193e+01 -2.454700000000000060e+01 9.099999999999999756e-02
-2.796999999999999886e+01 -4.659100000000000108e+01 -2.120899999999999963e+01 -6.800000000000000488e-02
-4.242699999999999960e+01 -3.385499999999999687e+01 -2.084199999999999875e+01 -5.700000000000000205e-02
-4.406799999999999784e+01 -2.521999999999999797e+00 -1.658299999999999841e+01 5.000000000000000278e-02
-9.901999999999999247e+00 3.398599999999999710e+01 -6.519000000000000128e+00 1.039999999999999952e-01
9.669000000000000483e+00 5.009000000000000341e+01 -1.500000000000000000e+00 6.800000000000000488e-02
-2.169200000000000017e+01 4.195600000000000307e+01 -6.996999999999999886e+00 -1.000000000000000021e-02
-5.269400000000000261e+01 3.646600000000000108e+01 -5.870000000000000107e+00 -7.799999999999999989e-02
-1.358200000000000074e+01 6.066499999999999915e+01 1.516900000000000048e+01 -1.059999999999999970e-01
7.326000000000000512e+01 9.988500000000000512e+01 3.588700000000000045e+01 -1.010000000000000064e-01
1.136760000000000019e+02 1.028050000000000068e+02 2.796499999999999986e+01 -1.559999999999999998e-01
6.900300000000000011e+01 4.947500000000000142e+01 -1.391999999999999904e+00 -3.320000000000000173e-01
1.802999999999999936e+00 -9.365999999999999659e+00 -1.663400000000000034e+01 -5.160000000000000142e-01
-2.178099999999999881e+01 -1.758500000000000085e+01 -1.379999999999999893e+00 -5.659999999999999476e-01
-1.225000000000000000e+01 1.015000000000000036e+01 2.130099999999999838e+01 -5.130000000000000115e-01
-8.301000000000000156e+00 2.177899999999999991e+01 2.207700000000000173e+01 -4.560000000000000164e-01
-7.341999999999999638e+00 7.209999999999999964e+00 3.230999999999999872e+00 -3.960000000000000187e-01
1.210699999999999932e+01 -3.251999999999999780e+00 -9.765000000000000568e+00 -3.119999999999999996e-01
3.891199999999999903e+01 4.495000000000000107e+00 -3.310999999999999943e+00 -2.300000000000000100e-01
4.290100000000000335e+01 1.745899999999999963e+01 1.275000000000000000e+01 -1.250000000000000000e-01
2.034600000000000009e+01 2.558999999999999986e+01 2.107300000000000040e+01 4.800000000000000100e-02
-4.905999999999999694e+00 2.666499999999999915e+01 1.273300000000000054e+01 2.049999999999999878e-01
-1.589000000000000057e+01 1.332399999999999984e+01 -7.703999999999999737e+00 2.129999999999999949e-01
-1.521299999999999919e+01 -1.464100000000000001e+01 -2.724800000000000111e+01 8.300000000000000433e-02
-8.342999999999999972e+00 -3.585999999999999943e+01 -3.475699999999999790e+01 -3.799999999999999906e-02
4.187000000000000277e+00 -3.065800000000000125e+01 -2.625700000000000145e+01 -2.199999999999999872e-02
1.694200000000000017e+01 -1.016399999999999970e+01 -7.294999999999999929e+00 1.280000000000000027e-01
2.099599999999999866e+01 -2.125999999999999890e+00 7.272999999999999687e+00 2.700000000000000178e-01
1.566799999999999926e+01 -1.495599999999999952e+01 6.171999999999999709e+00 2.720000000000000195e-01
4.144999999999999574e+00 -3.209300000000000352e+01 -5.219999999999999751e+00 1.650000000000000078e-01
-1.445899999999999963e+01 -3.583299999999999841e+01 -1.312299999999999933e+01 6.700000000000000400e-02
-3.657600000000000051e+01 -2.380900000000000105e+01 -1.265900000000000070e+01 3.699999999999999817e-02
-4.897999999999999687e+01 -5.732999999999999652e+00 -9.089000000000000412e+00 5.199999999999999761e-02
-3.811500000000000199e+01 8.407000000000000028e+00 -7.429999999999999716e+00 1.039999999999999952e-01
6.460000000000000187e-01 1.764999999999999858e+01 -9.974999999999999645e+00 2.139999999999999958e-01
5.524900000000000233e+01 2.842599999999999838e+01 -1.697299999999999898e+01 3.679999999999999938e-01
9.571599999999999397e+01 4.548400000000000176e+01 -1.853300000000000125e+01 4.719999999999999751e-01
1.017319999999999993e+02 7.111899999999999977e+01 3.740000000000000213e+00 4.470000000000000084e-01
9.498799999999999955e+01 1.071869999999999976e+02 4.927600000000000335e+01 3.449999999999999734e-01
1.087570000000000050e+02 1.388199999999999932e+02 7.914900000000000091e+01 2.479999999999999982e-01
1.215529999999999973e+02 1.315980000000000132e+02 5.196099999999999852e+01 9.500000000000000111e-02
7.543099999999999739e+01 8.014499999999999602e+01 -1.485999999999999943e+01 -1.849999999999999978e-01
-2.759900000000000020e+01 3.163400000000000034e+01 -5.559300000000000352e+01 -4.380000000000000004e-01
-1.078029999999999973e+02 2.187500000000000000e+01 -4.121900000000000119e+01 -4.420000000000000040e-01
-1.095379999999999967e+02 3.192399999999999949e+01 -1.135299999999999976e+01 -2.220000000000000029e-01
-6.911100000000000421e+01 3.622699999999999676e+01 -6.086000000000000298e+00 4.000000000000000083e-03
-4.771600000000000108e+01 3.756600000000000250e+01 -1.018699999999999939e+01 7.599999999999999811e-02
-4.207900000000000063e+01 3.844500000000000028e+01 1.087899999999999956e+01 1.400000000000000029e-02
-1.430100000000000016e+01 2.828399999999999892e+01 4.955400000000000205e+01 -3.699999999999999817e-02
2.372899999999999920e+01 3.323999999999999844e+00 6.219500000000000028e+01 3.500000000000000333e-02
2.307799999999999940e+01 -3.127299999999999969e+01 3.039300000000000068e+01 1.769999999999999907e-01
-2.042599999999999838e+01 -6.971399999999999864e+01 -1.092999999999999972e+01 2.389999999999999902e-01
-5.613600000000000279e+01 -9.843000000000000682e+01 -1.655499999999999972e+01 1.690000000000000113e-01
-4.777600000000000335e+01 -9.936199999999999477e+01 1.658800000000000097e+01 8.300000000000000433e-02
-1.154899999999999949e+01 -7.604399999999999693e+01 5.272699999999999676e+01 1.069999999999999979e-01
1.902100000000000080e+01 -5.503600000000000136e+01 6.013600000000000279e+01 2.260000000000000064e-01
3.443099999999999739e+01 -4.956900000000000261e+01 3.936599999999999966e+01 3.469999999999999751e-01
4.060199999999999676e+01 -4.611299999999999955e+01 1.378400000000000070e+01 4.199999999999999845e-01
3.442499999999999716e+01 -3.430700000000000216e+01 2.750000000000000222e-01 4.159999999999999809e-01
1.108300000000000018e+01 -2.533699999999999974e+01 -5.472999999999999865e+00 3.009999999999999898e-01
-1.988599999999999923e+01 -3.190800000000000125e+01 -1.458200000000000074e+01 1.049999999999999961e-01
-4.361999999999999744e+01 -4.730100000000000193e+01 -2.552499999999999858e+01 -4.800000000000000100e-02
-5.338300000000000267e+01 -5.572299999999999898e+01 -2.810699999999999932e+01 -8.000000000000000167e-02
-4.844100000000000250e+01 -5.451299999999999812e+01 -2.189799999999999969e+01 -5.399999999999999939e-02
-3.322500000000000142e+01 -5.283899999999999864e+01 -1.893700000000000117e+01 -5.399999999999999939e-02
-1.975799999999999912e+01 -5.261899999999999977e+01 -2.622100000000000009e+01 -7.499999999999999722e-02
-1.511200000000000010e+01 -4.529299999999999926e+01 -3.562899999999999778e+01 -6.500000000000000222e-02
-1.012199999999999989e+01 -2.565200000000000102e+01 -3.740599999999999881e+01 -3.099999999999999978e-02
1.542000000000000037e+00 1.651000000000000023e+00 -3.334300000000000352e+01 -1.099999999999999936e-02
4.621999999999999886e+00 2.520400000000000063e+01 -2.826699999999999946e+01 -2.400000000000000050e-02
-1.049900000000000055e+01 3.370600000000000307e+01 -2.024599999999999866e+01 -8.599999999999999312e-02
-2.052100000000000080e+01 2.619399999999999906e+01 -8.922000000000000597e+00 -2.010000000000000120e-01
-5.709999999999999964e+00 1.268900000000000006e+01 -3.257000000000000117e+00 -3.140000000000000013e-01
1.259299999999999997e+01 4.831000000000000405e+00 -9.460000000000000853e+00 -3.449999999999999734e-01
1.018900000000000006e+01 1.154899999999999949e+01 -1.682300000000000040e+01 -2.969999999999999862e-01
8.699999999999999956e-01 3.330199999999999960e+01 -1.038400000000000034e+01 -2.340000000000000135e-01
2.329000000000000181e+00 5.512400000000000233e+01 4.858999999999999986e+00 -1.940000000000000058e-01
-8.379999999999999671e-01 5.867799999999999727e+01 1.025200000000000067e+01 -2.039999999999999869e-01
-2.556500000000000128e+01 4.010199999999999676e+01 1.550000000000000044e+00 -2.969999999999999862e-01
-5.102000000000000313e+01 8.455999999999999517e+00 -7.288999999999999702e+00 -4.560000000000000164e-01
-4.333700000000000330e+01 -2.183699999999999974e+01 -6.291000000000000369e+00 -5.709999999999999520e-01
-1.790000000000000036e+00 -3.414699999999999847e+01 5.769999999999999574e-01 -5.180000000000000160e-01
4.778199999999999648e+01 -2.024399999999999977e+01 8.442999999999999616e+00 -2.770000000000000240e-01
8.553100000000000591e+01 7.764999999999999680e+00 1.798300000000000054e+01 4.599999999999999922e-02
9.907899999999999352e+01 2.314399999999999835e+01 2.290599999999999881e+01 2.999999999999999889e-01
8.024699999999999989e+01 9.483999999999999986e+00 9.635999999999999233e+00 3.900000000000000133e-01
3.394299999999999784e+01 -2.096499999999999986e+01 -2.023600000000000065e+01 3.250000000000000111e-01
-2.860300000000000153e+01 -4.045499999999999829e+01 -4.308500000000000085e+01 1.660000000000000087e-01
-8.445399999999999352e+01 -2.880900000000000105e+01 -3.612800000000000011e+01 3.000000000000000062e-03
-8.461400000000000432e+01 2.071300000000000097e+01 2.028000000000000025e+00 -4.200000000000000261e-02
-3.795999999999999819e+00 9.295300000000000296e+01 4.987899999999999778e+01 5.700000000000000205e-02
1.034459999999999980e+02 1.437620000000000005e+02 7.593200000000000216e+01 1.429999999999999882e-01
1.569190000000000111e+02 1.364319999999999879e+02 6.393099999999999739e+01 7.199999999999999456e-02
1.407940000000000111e+02 8.600499999999999545e+01 2.869600000000000151e+01 -1.160000000000000059e-01
9.926399999999999579e+01 3.663199999999999790e+01 -1.092999999999999972e+00 -3.230000000000000093e-01
6.582200000000000273e+01 6.748000000000000220e+00 -1.163299999999999912e+01 -4.929999999999999938e-01
2.660200000000000031e+01 -1.714099999999999824e+01 -1.035399999999999920e+01 -5.889999999999999680e-01
-4.011899999999999977e+01 -4.782999999999999829e+01 -1.087800000000000011e+01 -6.290000000000000036e-01
-1.061989999999999981e+02 -7.958299999999999841e+01 -1.686299999999999955e+01 -6.800000000000000488e-01
-1.160829999999999984e+02 -9.783799999999999386e+01 -2.072599999999999909e+01 -7.019999999999999574e-01
-6.748799999999999955e+01 -9.742100000000000648e+01 -1.712300000000000111e+01 -5.839999999999999636e-01
-1.916400000000000148e+01 -8.777599999999999625e+01 -1.073700000000000010e+01 -3.609999999999999876e-01
-9.641999999999999460e+00 -7.915900000000000603e+01 -5.248999999999999666e+00 -1.759999999999999898e-01
-1.825300000000000011e+01 -6.923600000000000421e+01 6.456999999999999851e+00 -4.299999999999999656e-02
-1.719800000000000040e+01 -5.248899999999999721e+01 2.848199999999999932e+01 1.209999999999999964e-01
-1.389100000000000001e+01 -3.701700000000000301e+01 4.568200000000000216e+01 3.230000000000000093e-01
-2.368700000000000117e+01 -3.534000000000000341e+01 3.923100000000000165e+01 4.959999999999999964e-01
-3.608700000000000330e+01 -4.402100000000000080e+01 1.419999999999999929e+01 5.709999999999999520e-01
-3.011299999999999955e+01 -4.952100000000000080e+01 -6.748999999999999666e+00 5.160000000000000142e-01
-5.107000000000000206e+00 -4.595700000000000074e+01 -1.198000000000000043e+01 4.040000000000000258e-01
1.806599999999999895e+01 -3.566899999999999693e+01 -7.612000000000000099e+00 3.790000000000000036e-01
1.642399999999999949e+01 -2.509700000000000131e+01 -4.320999999999999730e+00 4.490000000000000102e-01
-1.551999999999999957e+01 -2.533299999999999841e+01 -7.612000000000000099e+00 4.570000000000000173e-01
-5.648499999999999943e+01 -4.079899999999999949e+01 -1.420700000000000074e+01 3.210000000000000075e-01
-7.654200000000000159e+01 -5.741599999999999682e+01 -1.664999999999999858e+01 1.630000000000000060e-01
-6.974399999999999977e+01 -5.836599999999999966e+01 -1.282399999999999984e+01 1.010000000000000064e-01
-5.639200000000000301e+01 -4.521600000000000108e+01 -6.278999999999999915e+00 1.039999999999999952e-01
-4.998100000000000165e+01 -2.741600000000000037e+01 -6.879999999999999449e-01 1.150000000000000050e-01
-4.001100000000000279e+01 -3.607000000000000206e+00 1.927999999999999936e+00 1.600000000000000033e-01
-1.992200000000000060e+01 2.881099999999999994e+01 2.029999999999999805e+00 2.620000000000000107e-01
-4.418999999999999595e+00 5.973499999999999943e+01 2.823999999999999844e+00 3.649999999999999911e-01
8.217000000000000526e+00 8.082399999999999807e+01 7.096000000000000085e+00 4.089999999999999747e-01
4.780499999999999972e+01 9.886299999999999955e+01 1.271100000000000030e+01 4.010000000000000231e-01
1.093889999999999958e+02 1.173550000000000040e+02 1.283900000000000041e+01 3.790000000000000036e-01
1.369670000000000130e+02 1.245469999999999970e+02 4.737000000000000099e+00 3.430000000000000271e-01
1.082189999999999941e+02 1.167879999999999967e+02 -4.445000000000000284e+00 2.750000000000000222e-01
7.286799999999999500e+01 1.134980000000000047e+02 -6.746999999999999886e+00 1.940000000000000058e-01
7.343800000000000239e+01 1.306999999999999886e+02 -3.859999999999999876e+00 1.479999999999999927e-01
8.536100000000000421e+01 1.517990000000000066e+02 -2.995000000000000107e+00 1.459999999999999909e-01
6.632399999999999807e+01 1.428820000000000050e+02 -6.285999999999999588e+00 1.439999999999999891e-01
1.931599999999999895e+01 9.352700000000000102e+01 -9.505000000000000782e+00 1.049999999999999961e-01
-2.346199999999999974e+01 2.597400000000000020e+01 -1.182199999999999918e+01 4.800000000000000100e-02
-4.700200000000000244e+01 -3.239900000000000091e+01 -1.851800000000000068e+01 -8.999999999999999320e-03
-5.529200000000000159e+01 -6.653600000000000136e+01 -2.589000000000000057e+01 -9.400000000000000022e-02
-4.804500000000000171e+01 -6.976699999999999591e+01 -1.650799999999999912e+01 -1.950000000000000067e-01
-2.400499999999999901e+01 -4.552499999999999858e+01 1.536200000000000010e+01 -2.210000000000000020e-01
-4.430000000000000049e-01 -1.156600000000000072e+01 4.609499999999999886e+01 -1.350000000000000089e-01
-2.181999999999999940e+00 1.378100000000000058e+01 4.760199999999999676e+01 -7.499999999999999722e-02
-2.362000000000000099e+01 2.603300000000000125e+01 2.314699999999999847e+01 -1.519999999999999962e-01
-2.950600000000000023e+01 2.457400000000000162e+01 9.190000000000000391e-01 -2.419999999999999929e-01
-1.070899999999999963e+01 2.987999999999999989e+00 -5.655999999999999694e+00 -1.819999999999999951e-01
-5.535999999999999588e+00 -3.319899999999999807e+01 -9.926999999999999602e+00 -5.700000000000000205e-02
-3.847999999999999687e+01 -5.681199999999999761e+01 -2.375600000000000023e+01 -5.399999999999999939e-02
-7.321899999999999409e+01 -4.743500000000000227e+01 -3.867999999999999972e+01 -1.600000000000000033e-01
-6.450400000000000489e+01 -1.720400000000000063e+01 -3.888600000000000279e+01 -2.109999999999999931e-01
-2.928999999999999915e+01 4.525000000000000355e+00 -2.163500000000000156e+01 -1.360000000000000098e-01
-2.202700000000000102e+01 3.384999999999999787e+00 -2.668000000000000149e+00 -3.799999999999999906e-02
-5.232300000000000040e+01 -1.317999999999999972e+01 -1.100000000000000006e-01 -2.900000000000000147e-02
-7.194499999999999318e+01 -3.383599999999999852e+01 -1.144699999999999918e+01 -8.799999999999999489e-02
-4.874399999999999977e+01 -4.922699999999999676e+01 -1.511800000000000033e+01 -1.069999999999999979e-01
-1.105000000000000071e+01 -4.447399999999999665e+01 2.059000000000000163e+00 -4.000000000000000083e-02
4.258000000000000007e+00 -1.331900000000000084e+01 2.917099999999999937e+01 4.900000000000000189e-02
6.259999999999999787e+00 1.759199999999999875e+01 4.295100000000000051e+01 9.299999999999999933e-02
1.489899999999999913e+01 6.706000000000000405e+00 2.885000000000000142e+01 9.900000000000000466e-02
1.344999999999999929e+01 -4.473400000000000176e+01 -3.657000000000000028e+00 9.700000000000000289e-02
-1.451900000000000013e+01 -8.019400000000000261e+01 -2.613800000000000168e+01 7.699999999999999900e-02
-3.921600000000000108e+01 -6.090400000000000347e+01 -2.011899999999999977e+01 2.199999999999999872e-02
-2.758899999999999864e+01 -1.986299999999999955e+01 3.833000000000000185e+00 -5.299999999999999850e-02
9.939999999999999947e-01 -7.714999999999999858e+00 2.162099999999999866e+01 -1.120000000000000023e-01
9.372999999999999332e+00 -1.933599999999999852e+01 2.071799999999999997e+01 -1.419999999999999873e-01
1.000000000000000000e+00 -1.429100000000000037e+01 5.490999999999999659e+00 -1.640000000000000069e-01
1.717999999999999972e+00 1.498499999999999943e+01 -1.200699999999999967e+01 -1.910000000000000031e-01
1.420299999999999940e+01 3.684300000000000352e+01 -1.934700000000000131e+01 -2.290000000000000091e-01
2.487500000000000000e+01 3.374699999999999989e+01 -9.999000000000000554e+00 -2.770000000000000240e-01
3.382500000000000284e+01 2.461700000000000088e+01 8.689999999999999503e+00 -2.889999999999999791e-01
5.249300000000000210e+01 2.774200000000000088e+01 1.955900000000000105e+01 -2.190000000000000002e-01
7.595399999999999352e+01 3.188500000000000156e+01 1.447400000000000020e+01 -1.079999999999999988e-01
7.879200000000000159e+01 2.137699999999999889e+01 3.794000000000000039e+00 -2.100000000000000130e-02
5.175300000000000011e+01 7.347000000000000419e+00 2.043000000000000149e+00 4.599999999999999922e-02
2.055699999999999861e+01 1.099499999999999922e+01 8.926999999999999602e+00 9.800000000000000377e-02
7.778999999999999915e+00 2.776399999999999935e+01 1.059099999999999930e+01 6.500000000000000222e-02
6.420000000000000151e-01 2.643400000000000105e+01 -2.814999999999999947e+00 -7.000000000000000666e-02
-2.082300000000000040e+01 -1.577599999999999980e+01 -2.537399999999999878e+01 -2.030000000000000138e-01
-4.535399999999999920e+01 -8.154300000000000637e+01 -3.982300000000000040e+01 -2.280000000000000082e-01
-4.445900000000000318e+01 -1.248209999999999980e+02 -3.360799999999999699e+01 -1.539999999999999980e-01
-1.707000000000000028e+01 -1.197169999999999987e+02 -1.331700000000000017e+01 -7.000000000000000666e-02
2.857000000000000206e+00 -8.611499999999999488e+01 6.899999999999999467e-01 -6.300000000000000044e-02
-6.775000000000000355e+00 -5.736599999999999966e+01 -8.659999999999999920e-01 -1.290000000000000036e-01
-2.074200000000000088e+01 -3.634300000000000352e+01 -4.442999999999999616e+00 -1.260000000000000009e-01
3.709999999999999964e+00 3.529999999999999805e-01 5.918999999999999595e+00 5.000000000000000278e-02
7.076300000000000523e+01 5.771900000000000119e+01 2.643100000000000094e+01 2.680000000000000160e-01
1.302620000000000005e+02 1.012489999999999952e+02 3.851100000000000279e+01 2.979999999999999871e-01
1.244419999999999931e+02 9.541299999999999670e+01 2.811199999999999832e+01 1.140000000000000041e-01
5.530100000000000193e+01 5.089399999999999835e+01 -2.076999999999999957e+00 -9.299999999999999933e-02
-1.213700000000000045e+01 1.230700000000000038e+01 -3.237700000000000244e+01 -1.519999999999999962e-01
-2.314799999999999969e+01 6.073000000000000398e+00 -3.755199999999999960e+01 -4.399999999999999745e-02
1.084099999999999930e+01 1.939699999999999847e+01 -9.755000000000000782e+00 1.409999999999999865e-01
3.623599999999999710e+01 2.839900000000000091e+01 2.753099999999999881e+01 2.700000000000000178e-01
2.246199999999999974e+01 2.923900000000000077e+01 4.423700000000000188e+01 2.389999999999999902e-01
-5.740000000000000213e+00 3.007499999999999929e+01 3.999199999999999733e+01 7.299999999999999545e-02
-4.791000000000000369e+00 2.625000000000000000e+01 3.266599999999999682e+01 -8.000000000000000167e-02
2.693700000000000117e+01 6.589000000000000412e+00 2.250900000000000034e+01 -1.069999999999999979e-01
4.643599999999999994e+01 -2.227700000000000102e+01 -2.129999999999999949e-01 -7.699999999999999900e-02
2.694600000000000151e+01 -3.870600000000000307e+01 -2.635900000000000176e+01 -9.800000000000000377e-02
-8.176999999999999602e+00 -3.268200000000000216e+01 -3.958500000000000085e+01 -1.529999999999999971e-01
-2.628699999999999903e+01 -1.747200000000000131e+01 -4.298199999999999932e+01 -1.769999999999999907e-01
-2.417399999999999949e+01 -1.011400000000000077e+01 -4.616799999999999926e+01 -1.610000000000000042e-01
-5.897999999999999687e+00 -7.551999999999999602e+00 -4.031900000000000261e+01 -1.029999999999999943e-01
3.084499999999999886e+01 6.123000000000000220e+00 -1.184200000000000053e+01 -5.000000000000000104e-03
6.251299999999999812e+01 3.099099999999999966e+01 2.948699999999999832e+01 7.399999999999999634e-02
5.147899999999999920e+01 4.822899999999999920e+01 5.775300000000000011e+01 1.049999999999999961e-01
7.011000000000000121e+00 4.738700000000000045e+01 5.971000000000000085e+01 1.559999999999999998e-01
-3.192000000000000171e+01 3.296999999999999886e+01 3.988600000000000279e+01 2.429999999999999938e-01
-6.927700000000000102e+01 5.517000000000000348e+00 5.833000000000000185e+00 2.270000000000000073e-01
-1.241770000000000067e+02 -3.285099999999999909e+01 -3.185699999999999932e+01 1.700000000000000122e-02
-1.558420000000000130e+02 -6.015200000000000102e+01 -5.157699999999999818e+01 -2.190000000000000002e-01
-1.155409999999999968e+02 -5.663700000000000045e+01 -3.681300000000000239e+01 -2.399999999999999911e-01
-4.287100000000000222e+01 -3.893900000000000006e+01 -2.693000000000000060e+00 -5.999999999999999778e-02
-1.513000000000000078e+01 -4.115400000000000347e+01 1.245899999999999963e+01 9.800000000000000377e-02
-3.600000000000000000e+01 -6.707099999999999795e+01 -1.013100000000000023e+01 1.320000000000000062e-01
-5.344299999999999784e+01 -8.736199999999999477e+01 -4.714999999999999858e+01 1.559999999999999998e-01
-4.597899999999999920e+01 -8.038700000000000045e+01 -5.973599999999999710e+01 2.500000000000000000e-01
-2.295599999999999952e+01 -4.961200000000000188e+01 -3.062000000000000099e+01 3.190000000000000058e-01
1.996399999999999864e+01 -4.445999999999999730e+00 2.648400000000000176e+01 2.849999999999999756e-01
7.998199999999999932e+01 4.134700000000000131e+01 7.520099999999999341e+01 2.330000000000000127e-01
1.140499999999999972e+02 5.923899999999999721e+01 7.934600000000000364e+01 2.270000000000000073e-01
8.796599999999999397e+01 4.046300000000000097e+01 4.272099999999999653e+01 1.960000000000000075e-01
3.177499999999999858e+01 2.679299999999999926e+01 1.233200000000000074e+01 8.500000000000000611e-02
-1.558999999999999941e+00 5.782300000000000040e+01 1.796000000000000085e+01 -2.400000000000000050e-02
-2.771999999999999797e+00 1.100079999999999956e+02 3.427900000000000347e+01 -4.499999999999999833e-02
6.450000000000000178e-01 1.281160000000000139e+02 2.599299999999999855e+01 -1.099999999999999936e-02
-1.068200000000000038e+01 9.293999999999999773e+01 -1.578999999999999959e+00 4.000000000000000083e-03
-3.197800000000000153e+01 3.359899999999999665e+01 -2.064399999999999835e+01 -1.899999999999999953e-02
-4.908899999999999864e+01 -7.767000000000000348e+00 -2.126999999999999957e+01 -5.999999999999999778e-02
-5.641899999999999693e+01 -1.145100000000000051e+01 -1.202599999999999980e+01 -9.800000000000000377e-02
-5.750600000000000023e+01 7.966999999999999638e+00 -1.870000000000000107e+00 -1.069999999999999979e-01
-5.189900000000000091e+01 2.066799999999999926e+01 5.150000000000000133e-01 -7.900000000000000078e-02
-3.027599999999999980e+01 1.725100000000000122e+01 -1.138799999999999990e+01 -4.900000000000000189e-02
1.123900000000000077e+01 1.755199999999999960e+01 -2.728399999999999892e+01 -4.299999999999999656e-02
5.191299999999999670e+01 3.384700000000000131e+01 -2.974699999999999989e+01 -3.099999999999999978e-02
5.913100000000000023e+01 4.481000000000000227e+01 -2.296399999999999864e+01 -0.000000000000000000e+00
3.187800000000000011e+01 2.871600000000000108e+01 -2.276699999999999946e+01 3.000000000000000062e-03
3.278000000000000025e+00 4.490000000000000102e-01 -2.364199999999999946e+01 -4.499999999999999833e-02
-8.474000000000000199e+00 -1.125399999999999956e+01 -1.001800000000000068e+01 -1.019999999999999934e-01
-1.121199999999999974e+01 -2.443000000000000060e+00 1.049000000000000021e+01 -1.280000000000000027e-01
-4.650000000000000355e+00 1.034399999999999942e+01 1.735600000000000165e+01 -1.409999999999999865e-01
1.944300000000000139e+01 1.298700000000000010e+01 8.891000000000000014e+00 -1.719999999999999862e-01
5.500500000000000256e+01 4.328000000000000291e+00 1.312000000000000055e+00 -1.680000000000000104e-01
8.902700000000000102e+01 -3.229000000000000092e+00 4.746999999999999886e+00 -5.299999999999999850e-02
1.080019999999999953e+02 -1.905999999999999917e+00 1.127299999999999969e+01 1.049999999999999961e-01
9.329300000000000637e+01 -7.030000000000000249e+00 7.089000000000000412e+00 1.539999999999999980e-01
4.348199999999999932e+01 -3.403699999999999903e+01 -7.445999999999999730e+00 8.100000000000000255e-02
-1.163799999999999990e+01 -6.604399999999999693e+01 -1.957499999999999929e+01 1.700000000000000122e-02
-4.516599999999999682e+01 -7.212399999999999523e+01 -2.218900000000000006e+01 3.799999999999999906e-02
-5.595100000000000051e+01 -4.890599999999999881e+01 -1.721000000000000085e+01 1.079999999999999988e-01
-4.823499999999999943e+01 -2.171399999999999864e+01 -7.628999999999999559e+00 1.799999999999999933e-01
-2.543400000000000105e+01 -1.141000000000000014e+01 3.116999999999999993e+00 2.059999999999999887e-01
-6.610000000000000320e+00 -1.826300000000000168e+01 1.013199999999999967e+01 1.390000000000000124e-01
-1.280599999999999916e+01 -3.358100000000000307e+01 1.161899999999999977e+01 1.200000000000000025e-02
-3.939300000000000068e+01 -5.184499999999999886e+01 1.069999999999999929e+01 -5.500000000000000028e-02
-6.690399999999999636e+01 -7.481699999999999307e+01 1.016099999999999959e+01 -1.000000000000000021e-03
-8.642000000000000171e+01 -1.095669999999999931e+02 7.546999999999999709e+00 1.110000000000000014e-01
-9.496999999999999886e+01 -1.525459999999999923e+02 -1.500000000000000000e+00 1.900000000000000022e-01
-7.858899999999999864e+01 -1.761380000000000052e+02 -1.199699999999999989e+01 2.179999999999999993e-01
-2.439600000000000080e+01 -1.496970000000000027e+02 -7.750000000000000000e+00 2.250000000000000056e-01
4.102400000000000091e+01 -8.024599999999999511e+01 1.568500000000000050e+01 2.139999999999999958e-01
5.337500000000000000e+01 -1.434800000000000075e+01 3.437800000000000011e+01 1.479999999999999927e-01
-1.385999999999999943e+01 1.442200000000000060e+01 2.495899999999999963e+01 2.900000000000000147e-02
-1.011569999999999965e+02 2.043199999999999861e+01 8.999999999999999667e-02 -7.599999999999999811e-02
-1.329590000000000032e+02 3.103699999999999903e+01 -9.814000000000000057e+00 -1.340000000000000080e-01
-1.064330000000000069e+02 4.535699999999999932e+01 8.840000000000000080e-01 -2.069999999999999896e-01
-6.910200000000000387e+01 5.097500000000000142e+01 1.129299999999999926e+01 -3.320000000000000173e-01
-4.196300000000000097e+01 5.577300000000000324e+01 7.173000000000000043e+00 -4.520000000000000129e-01
-8.050000000000000711e+00 7.746899999999999409e+01 -4.326999999999999957e+00 -4.809999999999999831e-01
3.925200000000000244e+01 1.093559999999999945e+02 -1.365600000000000058e+01 -3.870000000000000107e-01
7.444899999999999807e+01 1.202079999999999984e+02 -2.285000000000000142e+01 -2.500000000000000000e-01
7.992100000000000648e+01 9.732200000000000273e+01 -3.210000000000000142e+01 -2.210000000000000020e-01
7.862699999999999534e+01 6.605599999999999739e+01 -3.101999999999999957e+01 -3.410000000000000253e-01
9.141800000000000637e+01 5.119299999999999784e+01 -1.639499999999999957e+01 -5.000000000000000000e-01
9.434499999999999886e+01 4.668900000000000006e+01 -3.520000000000000018e+00 -5.739999999999999547e-01
6.562999999999999545e+01 4.122899999999999920e+01 -5.241999999999999993e+00 -5.090000000000000080e-01
3.460699999999999932e+01 4.415599999999999881e+01 -1.202800000000000047e+01 -3.380000000000000226e-01
3.628499999999999659e+01 6.702100000000000080e+01 -7.908000000000000362e+00 -1.580000000000000016e-01
5.640699999999999648e+01 9.859900000000000375e+01 3.951999999999999957e+00 -3.200000000000000067e-02
5.881000000000000227e+01 1.085430000000000064e+02 6.831000000000000405e+00 7.599999999999999811e-02
3.643299999999999983e+01 7.323300000000000409e+01 -3.552999999999999936e+00 1.940000000000000058e-01
9.599999999999999645e+00 6.831999999999999851e+00 -1.119800000000000040e+01 2.419999999999999929e-01
-4.623000000000000220e+00 -3.921600000000000108e+01 9.310000000000000497e-01 1.300000000000000044e-01
-2.869999999999999774e-01 -2.606099999999999994e+01 3.201599999999999824e+01 -7.499999999999999722e-02
2.544099999999999895e+01 3.128099999999999881e+01 6.626800000000000068e+01 -1.610000000000000042e-01
6.011800000000000210e+01 8.204600000000000648e+01 8.545199999999999818e+01 1.899999999999999953e-02
6.662600000000000477e+01 8.566800000000000637e+01 7.592199999999999704e+01 3.860000000000000098e-01
2.658099999999999952e+01 4.037700000000000244e+01 3.757600000000000051e+01 7.259999999999999787e-01
-2.038700000000000045e+01 -1.918900000000000006e+01 -7.921999999999999709e+00 9.010000000000000231e-01
-2.723499999999999943e+01 -5.607999999999999829e+01 -3.212500000000000000e+01 9.280000000000000471e-01
-5.463000000000000078e+00 -6.743200000000000216e+01 -2.868799999999999883e+01 8.719999999999999973e-01
1.941000000000000059e+00 -7.787099999999999511e+01 -1.725799999999999912e+01 7.610000000000000098e-01
-1.864999999999999858e+01 -9.991200000000000614e+01 -1.998400000000000176e+01 6.260000000000000009e-01
-5.070499999999999829e+01 -1.165909999999999940e+02 -3.856400000000000006e+01 5.140000000000000124e-01
-7.567300000000000182e+01 -1.033670000000000044e+02 -4.878300000000000125e+01 4.159999999999999809e-01
-7.748399999999999466e+01 -5.948100000000000165e+01 -2.667000000000000171e+01 2.570000000000000062e-01
-4.479299999999999926e+01 -1.673999999999999844e+01 1.280599999999999916e+01 -2.199999999999999872e-02
1.276200000000000045e+01 -9.481999999999999318e+00 2.680600000000000094e+01 -3.599999999999999867e-01
6.368699999999999761e+01 -3.218299999999999983e+01 2.858000000000000096e+00 -5.989999999999999769e-01
7.916400000000000148e+01 -4.226200000000000045e+01 -2.125700000000000145e+01 -6.250000000000000000e-01
6.025000000000000000e+01 -1.082099999999999973e+01 -7.730999999999999872e+00 -4.749999999999999778e-01
3.929200000000000159e+01 4.270400000000000063e+01 2.893499999999999872e+01 -2.839999999999999747e-01
4.307099999999999795e+01 7.328199999999999648e+01 3.922299999999999898e+01 -1.519999999999999962e-01
6.106300000000000239e+01 6.081400000000000006e+01 6.323000000000000398e+00 -8.699999999999999400e-02
6.690699999999999648e+01 2.928999999999999915e+01 -2.972500000000000142e+01 -4.399999999999999745e-02
5.524600000000000222e+01 1.621499999999999986e+01 -2.661499999999999844e+01 1.299999999999999940e-02
3.660499999999999687e+01 2.988700000000000045e+01 6.591000000000000192e+00 8.400000000000000522e-02
8.951000000000000512e+00 3.900900000000000034e+01 2.620100000000000051e+01 1.140000000000000041e-01
-4.126800000000000068e+01 8.742000000000000881e+00 9.721999999999999531e+00 3.099999999999999978e-02
-1.052939999999999969e+02 -5.153300000000000125e+01 -2.053600000000000136e+01 -1.390000000000000124e-01
-1.437460000000000093e+02 -9.562999999999999545e+01 -3.027899999999999991e+01 -2.580000000000000071e-01
-1.303619999999999948e+02 -9.943099999999999739e+01 -1.500200000000000067e+01 -2.230000000000000038e-01
-8.272799999999999443e+01 -8.137099999999999511e+01 2.995000000000000107e+00 -8.200000000000000344e-02
-3.481799999999999784e+01 -6.473300000000000409e+01 6.482999999999999652e+00 4.100000000000000172e-02
-5.210000000000000187e-01 -5.461800000000000210e+01 -1.768000000000000016e+00 7.299999999999999545e-02
2.764999999999999858e+01 -4.860399999999999920e+01 -7.259999999999999787e+00 4.000000000000000083e-02
5.826800000000000068e+01 -4.289900000000000091e+01 -1.570000000000000007e-01 8.999999999999999320e-03
7.976699999999999591e+01 -3.206000000000000227e+01 1.187700000000000067e+01 6.000000000000000125e-03
6.318399999999999750e+01 -1.732100000000000151e+01 9.601000000000000867e+00 -1.200000000000000025e-02
4.865000000000000213e+00 -8.926999999999999602e+00 -1.406600000000000072e+01 -8.599999999999999312e-02
-5.123799999999999955e+01 -1.033399999999999963e+01 -4.034799999999999898e+01 -1.809999999999999942e-01
-6.747400000000000375e+01 -9.118000000000000327e+00 -4.070199999999999818e+01 -2.250000000000000056e-01
-6.013300000000000267e+01 4.120000000000000107e+00 -7.934999999999999609e+00 -1.980000000000000093e-01
-5.964800000000000324e+01 1.882100000000000151e+01 3.262899999999999778e+01 -1.439999999999999891e-01
-6.302100000000000080e+01 2.000000000000000000e+01 4.856099999999999994e+01 -1.110000000000000014e-01
-5.786399999999999721e+01 6.831000000000000405e+00 3.304200000000000159e+01 -1.079999999999999988e-01
-5.353999999999999915e+01 -1.480700000000000038e+01 4.330000000000000071e+00 -1.140000000000000041e-01
-5.542499999999999716e+01 -3.822999999999999687e+01 -1.749699999999999989e+01 -1.229999999999999982e-01
-4.150000000000000000e+01 -4.833100000000000307e+01 -2.089999999999999858e+01 -1.310000000000000053e-01
-1.046999999999999931e+00 -3.503499999999999659e+01 -6.488999999999999879e+00 -1.039999999999999952e-01
3.107499999999999929e+01 -1.456099999999999994e+01 7.290000000000000036e+00 -3.599999999999999728e-02
2.078000000000000114e+01 -6.623000000000000220e+00 3.839999999999999858e+00 2.299999999999999961e-02
-8.781000000000000583e+00 6.959999999999999520e-01 -4.293999999999999595e+00 4.599999999999999922e-02
-1.182099999999999973e+01 3.007400000000000162e+01 2.900999999999999801e+00 6.099999999999999867e-02
1.197600000000000087e+01 7.128700000000000614e+01 1.489400000000000013e+01 6.700000000000000400e-02
2.635699999999999932e+01 9.126800000000000068e+01 8.196999999999999176e+00 1.600000000000000033e-02
1.504199999999999982e+01 8.390900000000000603e+01 -1.416300000000000026e+01 -6.900000000000000577e-02
-8.698000000000000398e+00 8.127100000000000080e+01 -2.887999999999999901e+01 -8.100000000000000255e-02
-3.487299999999999756e+01 1.035789999999999935e+02 -2.367099999999999937e+01 0.000000000000000000e+00
-5.870400000000000063e+01 1.247620000000000005e+02 -5.543000000000000149e+00 5.899999999999999689e-02
-5.503600000000000136e+01 1.143149999999999977e+02 1.149900000000000055e+01 2.599999999999999881e-02
-2.040000000000000036e+00 8.370999999999999375e+01 1.675000000000000000e+01 1.000000000000000021e-03
6.790300000000000580e+01 5.720400000000000063e+01 6.753000000000000114e+00 7.900000000000000078e-02
9.809600000000000364e+01 3.195599999999999952e+01 -1.122100000000000009e+01 1.789999999999999925e-01
8.435699999999999932e+01 1.322999999999999954e+00 -1.983899999999999864e+01 1.719999999999999862e-01
6.549299999999999500e+01 -1.940099999999999980e+01 -6.463000000000000078e+00 7.499999999999999722e-02
5.290400000000000347e+01 -1.975000000000000000e+01 1.985699999999999932e+01 -1.499999999999999944e-02
2.538100000000000023e+01 -1.489300000000000068e+01 3.761999999999999744e+01 -9.900000000000000466e-02
-1.796000000000000085e+01 -2.092999999999999972e+01 3.821600000000000108e+01 -2.109999999999999931e-01
-4.552000000000000313e+01 -3.394500000000000028e+01 2.702499999999999858e+01 -2.800000000000000266e-01
-3.809000000000000341e+01 -4.273899999999999721e+01 7.661999999999999922e+00 -2.059999999999999887e-01
-1.753300000000000125e+01 -4.395199999999999818e+01 -1.469400000000000084e+01 -2.000000000000000042e-02
-1.219899999999999984e+01 -3.913499999999999801e+01 -2.496999999999999886e+01 1.320000000000000062e-01
-9.022000000000000242e+00 -2.750900000000000034e+01 -1.375900000000000034e+01 1.580000000000000016e-01
2.948600000000000065e+01 -6.046000000000000263e+00 7.980999999999999872e+00 1.400000000000000133e-01
1.001910000000000025e+02 2.382999999999999829e+01 2.338299999999999912e+01 2.270000000000000073e-01
1.417969999999999970e+02 4.718200000000000216e+01 2.363800000000000168e+01 4.329999999999999960e-01
1.034380000000000024e+02 3.981400000000000006e+01 3.067000000000000171e+00 5.829999999999999627e-01
1.619500000000000028e+01 -3.218999999999999861e+00 -3.306400000000000006e+01 5.510000000000000453e-01
-4.096900000000000119e+01 -5.127199999999999847e+01 -5.900500000000000256e+01 4.219999999999999862e-01
-4.089800000000000324e+01 -6.976300000000000523e+01 -5.253900000000000148e+01 3.029999999999999916e-01
-1.839399999999999835e+01 -5.497099999999999653e+01 -1.611299999999999955e+01 1.079999999999999988e-01
8.945000000000000284e+00 -2.382799999999999940e+01 3.383500000000000085e+01 -2.610000000000000098e-01
5.231799999999999784e+01 7.240999999999999659e+00 7.334600000000000364e+01 -6.350000000000000089e-01
9.207800000000000296e+01 2.266199999999999903e+01 7.401200000000000045e+01 -7.229999999999999760e-01
8.619100000000000250e+01 1.191200000000000081e+01 3.149699999999999989e+01 -5.080000000000000071e-01
3.674399999999999977e+01 -1.485699999999999932e+01 -1.716300000000000026e+01 -2.710000000000000187e-01
-1.028999999999999915e+01 -2.920400000000000063e+01 -2.997200000000000131e+01 -1.680000000000000104e-01
-2.446999999999999886e+01 -1.009200000000000053e+01 -5.857000000000000206e+00 -6.400000000000000133e-02
-1.253100000000000058e+01 3.302600000000000335e+01 2.409600000000000009e+01 1.370000000000000107e-01
3.891000000000000014e+00 6.256799999999999784e+01 3.699399999999999977e+01 2.859999999999999765e-01
1.024099999999999966e+01 5.177799999999999869e+01 2.938599999999999923e+01 2.399999999999999911e-01
8.913999999999999702e+00 2.345700000000000074e+01 7.113000000000000433e+00 8.200000000000000344e-02
8.083000000000000185e+00 2.062600000000000122e+01 -1.594100000000000072e+01 -2.999999999999999889e-02
2.322000000000000064e+00 4.245799999999999841e+01 -2.572800000000000153e+01 -6.500000000000000222e-02
-1.854500000000000171e+01 4.952499999999999858e+01 -2.411299999999999955e+01 -7.399999999999999634e-02
-4.843299999999999983e+01 2.382000000000000028e+01 -2.302299999999999969e+01 -8.799999999999999489e-02
-7.098999999999999488e+01 -1.455799999999999983e+01 -2.491100000000000136e+01 -1.120000000000000023e-01
-7.673099999999999454e+01 -4.282099999999999795e+01 -2.353699999999999903e+01 -1.300000000000000044e-01
-6.366700000000000159e+01 -5.966799999999999926e+01 -1.926500000000000057e+01 -9.500000000000000111e-02
-3.644200000000000017e+01 -7.536299999999999955e+01 -1.968100000000000094e+01 -4.000000000000000083e-03
-1.282300000000000040e+01 -9.178400000000000603e+01 -2.526000000000000156e+01 7.599999999999999811e-02
-1.049200000000000088e+01 -9.509499999999999886e+01 -2.275000000000000000e+01 1.130000000000000032e-01
-2.279500000000000171e+01 -6.963899999999999579e+01 1.074000000000000066e+00 1.600000000000000033e-01
-3.241499999999999915e+01 -2.262600000000000122e+01 3.607500000000000284e+01 2.349999999999999867e-01
-4.200500000000000256e+01 1.148900000000000077e+01 4.834599999999999653e+01 2.680000000000000160e-01
-5.863400000000000034e+01 4.080000000000000071e+00 1.915899999999999892e+01 2.059999999999999887e-01
-6.528300000000000125e+01 -3.172299999999999898e+01 -2.382999999999999829e+01 8.400000000000000522e-02
-4.572200000000000131e+01 -5.686399999999999721e+01 -3.978300000000000125e+01 -2.999999999999999889e-02
-1.862199999999999989e+01 -5.533700000000000330e+01 -2.998600000000000065e+01 -1.130000000000000032e-01
-1.091699999999999982e+01 -3.922899999999999920e+01 -2.479899999999999949e+01 -1.529999999999999971e-01
-1.360800000000000054e+01 -1.367600000000000016e+01 -2.485600000000000165e+01 -9.800000000000000377e-02
2.157000000000000028e+00 2.728200000000000003e+01 -1.199999999999999956e+00 5.399999999999999939e-02
3.403799999999999670e+01 7.624299999999999500e+01 4.664900000000000091e+01 1.690000000000000113e-01
4.565200000000000102e+01 1.074260000000000019e+02 7.662399999999999523e+01 1.270000000000000018e-01
1.619399999999999906e+01 9.367499999999999716e+01 5.662899999999999778e+01 -6.000000000000000125e-03
-3.356499999999999773e+01 3.192099999999999937e+01 2.330000000000000071e+00 -1.039999999999999952e-01
-6.974399999999999977e+01 -4.211800000000000210e+01 -4.432000000000000028e+01 -1.360000000000000098e-01
-7.602299999999999613e+01 -8.134399999999999409e+01 -5.730499999999999972e+01 -1.340000000000000080e-01
-5.216599999999999682e+01 -7.095499999999999829e+01 -4.341400000000000148e+01 -9.099999999999999756e-02
-9.874000000000000554e+00 -3.134499999999999886e+01 -2.548900000000000077e+01 1.299999999999999940e-02
2.174599999999999866e+01 5.019000000000000128e+00 -1.666700000000000159e+01 1.320000000000000062e-01
1.719999999999999929e+01 1.127299999999999969e+01 -1.371000000000000085e+01 1.419999999999999873e-01
-8.634999999999999787e+00 -8.765000000000000568e+00 -7.876999999999999780e+00 -2.400000000000000050e-02
-1.452599999999999980e+01 -1.305400000000000027e+01 3.709000000000000075e+00 -2.429999999999999938e-01
1.341699999999999982e+01 2.955399999999999849e+01 1.521499999999999986e+01 -3.099999999999999978e-01
4.885300000000000153e+01 9.023199999999999932e+01 1.905799999999999983e+01 -1.940000000000000058e-01
6.313000000000000256e+01 1.107189999999999941e+02 1.353200000000000003e+01 -8.400000000000000522e-02
5.640599999999999881e+01 7.984600000000000364e+01 4.381000000000000227e+00 -1.069999999999999979e-01
4.946999999999999886e+01 4.857399999999999807e+01 2.636000000000000121e+00 -1.489999999999999936e-01
5.382200000000000273e+01 5.830899999999999750e+01 1.484900000000000020e+01 -8.400000000000000522e-02
5.735600000000000165e+01 8.725600000000000023e+01 3.109299999999999997e+01 1.400000000000000029e-02
4.116299999999999670e+01 9.024099999999999966e+01 3.152199999999999847e+01 4.499999999999999833e-02
6.572000000000000064e+00 6.162400000000000233e+01 9.477000000000000313e+00 4.900000000000000189e-02
-2.032300000000000040e+01 3.207600000000000051e+01 -1.615500000000000114e+01 7.099999999999999367e-02
-1.232399999999999984e+01 2.192899999999999849e+01 -1.615099999999999980e+01 7.599999999999999811e-02
3.089900000000000091e+01 2.231899999999999906e+01 1.536999999999999922e+01 9.099999999999999756e-02
7.408899999999999864e+01 1.662000000000000099e+01 4.609599999999999653e+01 1.769999999999999907e-01
7.379999999999999716e+01 2.798999999999999932e+00 4.121000000000000085e+01 2.590000000000000080e-01
2.499699999999999989e+01 -9.993999999999999773e+00 8.557999999999999829e+00 2.220000000000000029e-01
-3.492999999999999972e+01 -2.151699999999999946e+01 -1.654400000000000048e+01 1.089999999999999997e-01
-7.194400000000000261e+01 -4.445799999999999841e+01 -2.150400000000000134e+01 5.099999999999999672e-02
-7.974399999999999977e+01 -7.885399999999999920e+01 -2.183899999999999864e+01 7.000000000000000666e-02
-6.218299999999999983e+01 -9.944899999999999807e+01 -2.640800000000000125e+01 5.899999999999999689e-02
-1.974899999999999878e+01 -8.743000000000000682e+01 -2.599500000000000099e+01 -4.100000000000000172e-02
4.540200000000000102e+01 -5.801800000000000068e+01 -1.443599999999999994e+01 -1.170000000000000068e-01
1.179419999999999931e+02 -3.889099999999999824e+01 -1.889000000000000012e+00 -3.400000000000000244e-02
1.620999999999999943e+02 -3.708899999999999864e+01 -2.604000000000000092e+00 1.630000000000000060e-01
1.470639999999999930e+02 -3.954399999999999693e+01 -1.522700000000000031e+01 3.569999999999999840e-01
8.752100000000000080e+01 -3.516199999999999903e+01 -2.109900000000000020e+01 5.160000000000000142e-01
2.158899999999999864e+01 -3.068599999999999994e+01 -7.945000000000000284e+00 5.929999999999999716e-01
-4.966400000000000148e+01 -4.527100000000000080e+01 1.143200000000000038e+01 4.400000000000000022e-01
-1.415929999999999893e+02 -8.343500000000000227e+01 1.700799999999999912e+01 4.800000000000000100e-02
-2.149950000000000045e+02 -1.204230000000000018e+02 7.983999999999999986e+00 -3.019999999999999907e-01
-2.031550000000000011e+02 -1.280629999999999882e+02 -2.811999999999999833e+00 -3.579999999999999849e-01
-1.096919999999999931e+02 -1.044020000000000010e+02 -6.842999999999999972e+00 -1.930000000000000049e-01
-1.471499999999999986e+01 -6.782699999999999818e+01 -2.817000000000000171e+00 -3.099999999999999978e-02
1.827899999999999991e+01 -3.668299999999999983e+01 4.072000000000000064e+00 1.499999999999999944e-02
-1.215999999999999970e+00 -1.819500000000000028e+01 5.448000000000000398e+00 -4.599999999999999922e-02
-2.175300000000000011e+01 -3.116999999999999993e+00 2.293000000000000149e+00 -1.449999999999999900e-01
-6.206999999999999851e+00 2.852400000000000091e+01 5.777999999999999581e+00 -2.340000000000000135e-01
3.855299999999999727e+01 8.234199999999999875e+01 1.834799999999999898e+01 -3.830000000000000071e-01
7.240800000000000125e+01 1.307920000000000016e+02 2.605199999999999960e+01 -6.560000000000000275e-01
6.650000000000000000e+01 1.379610000000000127e+02 1.726599999999999824e+01 -9.120000000000000329e-01
3.581099999999999994e+01 1.053130000000000024e+02 6.860000000000000542e-01 -9.270000000000000462e-01
1.775499999999999901e+01 7.228000000000000114e+01 -2.297000000000000153e+00 -6.800000000000000488e-01
2.768299999999999983e+01 6.649200000000000443e+01 1.516799999999999926e+01 -3.509999999999999787e-01
4.918099999999999739e+01 7.373300000000000409e+01 3.052299999999999969e+01 -1.010000000000000064e-01
5.979999999999999716e+01 6.789700000000000557e+01 1.961400000000000077e+01 1.499999999999999944e-02
5.189900000000000091e+01 4.891599999999999682e+01 -5.243000000000000327e+00 1.799999999999999864e-02
2.865299999999999869e+01 2.974399999999999977e+01 -1.464899999999999913e+01 -3.599999999999999728e-02
-6.857000000000000206e+00 7.115000000000000213e+00 -1.079800000000000004e+01 -8.300000000000000433e-02
-4.427000000000000313e+01 -2.369699999999999918e+01 -1.594599999999999973e+01 -6.900000000000000577e-02
-5.550500000000000256e+01 -4.086500000000000199e+01 -2.505999999999999872e+01 4.800000000000000100e-02
-2.149299999999999855e+01 -2.004400000000000048e+01 -1.561700000000000088e+01 2.540000000000000036e-01
2.758800000000000097e+01 1.728000000000000114e+01 6.987000000000000099e+00 4.490000000000000102e-01
3.598899999999999721e+01 1.819900000000000162e+01 1.622599999999999909e+01 4.809999999999999831e-01
-4.934000000000000163e+00 -2.845299999999999940e+01 8.060000000000000497e+00 3.150000000000000022e-01
-4.794700000000000273e+01 -6.949800000000000466e+01 1.145000000000000018e+00 1.320000000000000062e-01
-6.040299999999999869e+01 -5.963600000000000279e+01 -1.950000000000000067e-01 1.529999999999999971e-01
-5.330100000000000193e+01 -2.290700000000000003e+01 -8.541000000000000369e+00 3.420000000000000262e-01
-3.373299999999999699e+01 -7.278999999999999915e+00 -1.963400000000000034e+01 4.510000000000000120e-01
7.514000000000000234e+00 -7.817999999999999616e+00 -1.051399999999999935e+01 3.900000000000000133e-01
4.748599999999999710e+01 1.099900000000000055e+01 1.837800000000000011e+01 3.200000000000000067e-01
3.807999999999999829e+01 4.002900000000000347e+01 3.228600000000000136e+01 3.430000000000000271e-01
-1.673699999999999832e+01 4.217600000000000193e+01 1.400399999999999956e+01 3.489999999999999769e-01
-5.007300000000000040e+01 2.358599999999999852e+01 -7.325000000000000178e+00 2.590000000000000080e-01
-2.477599999999999980e+01 1.639399999999999835e+01 -5.508000000000000007e+00 1.459999999999999909e-01
1.477999999999999936e+01 1.756800000000000139e+01 3.298999999999999932e+00 8.799999999999999489e-02
1.726399999999999935e+01 9.285999999999999588e+00 -7.900000000000000355e-01 6.099999999999999867e-02
2.387999999999999901e+00 5.551999999999999602e+00 -3.515000000000000124e+00 2.599999999999999881e-02
1.468200000000000038e+01 2.285399999999999920e+01 1.109500000000000064e+01 1.600000000000000033e-02
3.824900000000000233e+01 3.803999999999999915e+01 2.346399999999999864e+01 6.300000000000000044e-02
2.231599999999999895e+01 2.305600000000000094e+01 8.788999999999999702e+00 9.800000000000000377e-02
-3.132999999999999829e+01 -5.758000000000000007e+00 -1.782199999999999918e+01 2.400000000000000050e-02
-7.191400000000000148e+01 -1.458300000000000018e+01 -2.299899999999999878e+01 -1.310000000000000053e-01
-7.721599999999999397e+01 -6.746000000000000441e+00 -7.687000000000000277e+00 -2.439999999999999947e-01
-6.805599999999999739e+01 -1.144800000000000040e+01 -2.563000000000000167e+00 -2.389999999999999902e-01
-5.389800000000000324e+01 -3.120400000000000063e+01 -1.672700000000000031e+01 -1.370000000000000107e-01
-2.119500000000000028e+01 -3.794500000000000028e+01 -2.474599999999999866e+01 -1.600000000000000033e-02
2.490399999999999991e+01 -1.944099999999999895e+01 -9.973000000000000753e+00 5.399999999999999939e-02
6.105499999999999972e+01 3.758999999999999897e+00 1.013799999999999990e+01 9.299999999999999933e-02
8.762900000000000489e+01 1.261400000000000077e+01 1.441900000000000048e+01 1.960000000000000075e-01
1.140679999999999978e+02 1.100699999999999967e+01 5.201999999999999957e+00 3.340000000000000191e-01
1.089290000000000020e+02 6.163000000000000256e+00 -6.426999999999999602e+00 2.790000000000000258e-01
3.725699999999999790e+01 -3.778000000000000025e+00 -1.414100000000000001e+01 -7.699999999999999900e-02
-5.330899999999999750e+01 -1.533099999999999952e+01 -9.734999999999999432e+00 -5.060000000000000053e-01
-6.790900000000000603e+01 -1.980600000000000094e+01 8.551999999999999602e+00 -7.009999999999999565e-01
3.716000000000000192e+00 -2.229500000000000171e+01 2.158399999999999963e+01 -6.119999999999999885e-01
6.859499999999999886e+01 -3.627900000000000347e+01 8.807000000000000384e+00 -3.679999999999999938e-01
5.826899999999999835e+01 -6.041599999999999682e+01 -2.058599999999999852e+01 -1.079999999999999988e-01
6.883000000000000007e+00 -8.013599999999999568e+01 -3.583599999999999852e+01 2.900000000000000147e-02
-2.327100000000000080e+01 -8.710899999999999466e+01 -2.327899999999999991e+01 -2.999999999999999889e-02
-3.676500000000000057e+01 -8.376800000000000068e+01 -4.153999999999999915e+00 -1.670000000000000095e-01
-7.645900000000000318e+01 -7.368899999999999295e+01 -8.757999999999999119e+00 -2.069999999999999896e-01
-1.323890000000000100e+02 -5.515100000000000335e+01 -3.711899999999999977e+01 -1.499999999999999944e-01
-1.433100000000000023e+02 -2.403600000000000136e+01 -5.679599999999999937e+01 -1.110000000000000014e-01
-8.864900000000000091e+01 1.680300000000000082e+01 -4.500000000000000000e+01 -9.600000000000000200e-02
-2.422899999999999920e+01 5.448299999999999699e+01 -1.794600000000000151e+01 8.000000000000000167e-03
-9.824999999999999289e+00 7.623300000000000409e+01 -5.331000000000000405e+00 2.190000000000000002e-01
-3.841100000000000136e+01 8.017199999999999704e+01 -9.810999999999999943e+00 3.810000000000000053e-01
-5.599799999999999756e+01 7.744299999999999784e+01 -9.714999999999999858e+00 3.629999999999999893e-01
-2.708899999999999864e+01 8.148900000000000432e+01 5.761999999999999567e+00 2.520000000000000018e-01
3.396200000000000330e+01 8.817600000000000193e+01 2.405399999999999849e+01 2.300000000000000100e-01
8.667400000000000659e+01 7.880899999999999750e+01 3.412899999999999778e+01 3.250000000000000111e-01
1.141989999999999981e+02 5.270300000000000296e+01 4.454200000000000159e+01 4.329999999999999960e-01
1.347069999999999936e+02 3.143799999999999883e+01 6.361399999999999721e+01 4.510000000000000120e-01
1.548839999999999861e+02 2.152400000000000091e+01 7.670799999999999841e+01 2.879999999999999782e-01
1.475180000000000007e+02 1.283600000000000030e+01 6.609499999999999886e+01 -3.500000000000000333e-02
9.371500000000000341e+01 1.406300000000000061e+01 4.403199999999999648e+01 -3.059999999999999942e-01
1.576900000000000013e+01 3.460099999999999909e+01 3.540400000000000347e+01 -3.589999999999999858e-01
-4.626899999999999835e+01 4.684400000000000119e+01 3.584899999999999665e+01 -3.270000000000000129e-01
-6.915699999999999648e+01 2.543400000000000105e+01 2.405799999999999983e+01 -4.219999999999999862e-01
-5.211500000000000199e+01 -5.096000000000000085e+00 5.139999999999999680e+00 -5.989999999999999769e-01
-1.297400000000000020e+01 -1.033900000000000041e+01 1.693999999999999950e+00 -6.600000000000000311e-01
1.833800000000000097e+01 1.939999999999999947e+00 1.150699999999999967e+01 -5.669999999999999485e-01
2.784600000000000009e+01 6.480000000000000426e+00 1.138000000000000078e+01 -4.369999999999999996e-01
3.059499999999999886e+01 4.176000000000000156e+00 -3.113999999999999879e+00 -3.140000000000000013e-01
3.502799999999999869e+01 8.320000000000000284e+00 -1.355300000000000082e+01 -1.409999999999999865e-01
2.495599999999999952e+01 9.599999999999999645e+00 -1.190099999999999980e+01 6.600000000000000311e-02
3.850000000000000089e-01 -1.303500000000000014e+01 -1.082199999999999918e+01 2.220000000000000029e-01
-9.333999999999999631e+00 -5.384700000000000131e+01 -1.906099999999999994e+01 3.390000000000000235e-01
1.046000000000000041e+00 -7.863400000000000034e+01 -2.718900000000000006e+01 4.789999999999999813e-01
-1.993000000000000105e+00 -6.442000000000000171e+01 -2.344699999999999918e+01 5.949999999999999734e-01
-3.089300000000000068e+01 -2.753999999999999915e+01 -1.249699999999999989e+01 5.809999999999999609e-01
-5.578199999999999648e+01 -9.615999999999999659e+00 -1.139100000000000001e+01 4.480000000000000093e-01
-5.371900000000000119e+01 -3.432800000000000296e+01 -2.840399999999999991e+01 2.999999999999999889e-01
-2.864099999999999824e+01 -7.664600000000000080e+01 -5.047800000000000153e+01 1.880000000000000004e-01
1.742200000000000060e+01 -8.673300000000000409e+01 -5.390800000000000125e+01 1.010000000000000064e-01
8.165399999999999636e+01 -4.561099999999999710e+01 -2.766900000000000048e+01 7.900000000000000078e-02
1.267740000000000009e+02 1.563400000000000034e+01 1.106000000000000050e+01 1.489999999999999936e-01
1.030120000000000005e+02 5.119299999999999784e+01 2.978300000000000125e+01 1.849999999999999978e-01
2.110999999999999943e+01 4.783500000000000085e+01 1.849699999999999989e+01 4.700000000000000011e-02
-4.644299999999999784e+01 2.975900000000000034e+01 1.002999999999999892e+00 -1.499999999999999944e-01
-6.464300000000000068e+01 1.632600000000000051e+01 -3.626999999999999780e+00 -1.960000000000000075e-01
-7.831399999999999295e+01 2.609999999999999876e+00 -4.862000000000000099e+00 -1.280000000000000027e-01
-1.121470000000000056e+02 -9.099000000000000199e+00 -1.169800000000000040e+01 -1.120000000000000023e-01
-1.048449999999999989e+02 -2.382000000000000117e+00 -1.357699999999999996e+01 -1.749999999999999889e-01
-1.930499999999999972e+01 1.621199999999999974e+01 -6.219000000000000306e+00 -2.690000000000000169e-01
5.696900000000000119e+01 1.953699999999999903e+01 -3.020999999999999908e+00 -3.729999999999999982e-01
1.939300000000000068e+01 3.898000000000000131e+00 -8.151999999999999247e+00 -4.040000000000000258e-01
-1.029140000000000015e+02 -1.140199999999999925e+01 -9.689999999999999503e+00 -2.939999999999999836e-01
-1.880449999999999875e+02 -2.116900000000000048e+01 -4.011000000000000121e+00 -1.270000000000000018e-01
-1.681649999999999920e+02 -3.393500000000000227e+01 1.604000000000000092e+00 -1.400000000000000029e-02
-8.074399999999999977e+01 -4.781600000000000250e+01 6.043999999999999595e+00 6.800000000000000488e-02
-3.036000000000000032e+00 -5.442999999999999972e+01 1.085399999999999920e+01 1.570000000000000007e-01
2.931400000000000006e+01 -5.295000000000000284e+01 9.622999999999999332e+00 2.049999999999999878e-01
3.392099999999999937e+01 -4.515299999999999869e+01 -2.270999999999999908e+00 1.839999999999999969e-01
3.247299999999999898e+01 -2.940800000000000125e+01 -1.603099999999999881e+01 1.570000000000000007e-01
2.381899999999999906e+01 -7.006000000000000227e+00 -1.928399999999999892e+01 1.739999999999999880e-01
2.516999999999999904e+00 1.416499999999999915e+01 -1.283999999999999986e+01 1.880000000000000004e-01
-2.391000000000000014e+01 2.734199999999999875e+01 -7.964000000000000412e+00 1.239999999999999991e-01
-3.362400000000000233e+01 3.517300000000000182e+01 -8.269999999999999574e+00 1.099999999999999936e-02
-1.256000000000000005e+00 4.548599999999999710e+01 -5.575999999999999623e+00 -1.899999999999999953e-02
7.325700000000000500e+01 5.983700000000000330e+01 5.088000000000000078e+00 1.049999999999999961e-01
1.514859999999999900e+02 7.243399999999999750e+01 1.833299999999999841e+01 2.610000000000000098e-01
1.888389999999999986e+02 7.632200000000000273e+01 2.623499999999999943e+01 2.750000000000000222e-01
1.713580000000000041e+02 6.418500000000000227e+01 2.397200000000000131e+01 1.239999999999999991e-01
1.205750000000000028e+02 3.459799999999999898e+01 1.224000000000000021e+01 -6.099999999999999867e-02
7.540900000000000603e+01 1.461999999999999966e+00 -2.760000000000000231e-01 -1.529999999999999971e-01
5.076100000000000279e+01 -1.977499999999999858e+01 -4.455000000000000071e+00 -1.559999999999999998e-01
2.569999999999999840e+00 -3.657999999999999829e+01 -5.496000000000000441e+00 -1.950000000000000067e-01
-1.234989999999999952e+02 -7.210999999999999943e+01 -1.993400000000000105e+01 -3.810000000000000053e-01
-2.889909999999999854e+02 -1.248700000000000045e+02 -4.639200000000000301e+01 -6.229999999999999982e-01
-3.649350000000000023e+02 -1.497599999999999909e+02 -5.453799999999999670e+01 -6.780000000000000471e-01
-2.755620000000000118e+02 -1.029629999999999939e+02 -2.537300000000000111e+01 -4.640000000000000235e-01
-9.681699999999999307e+01 -3.434000000000000163e+00 1.730699999999999861e+01 -1.769999999999999907e-01
3.026899999999999835e+01 7.498900000000000432e+01 3.909899999999999665e+01 -3.200000000000000067e-02
5.553300000000000125e+01 8.005700000000000216e+01 3.507999999999999829e+01 -8.999999999999999320e-03
3.938499999999999801e+01 3.297999999999999687e+01 2.044800000000000040e+01 6.199999999999999956e-02
3.688700000000000045e+01 -5.165000000000000036e+00 6.317999999999999616e+00 2.349999999999999867e-01
3.946999999999999886e+01 -1.554999999999999938e+00 4.460000000000000075e-01 3.669999999999999929e-01
3.675800000000000267e+01 2.628000000000000114e+01 9.973000000000000753e+00 3.370000000000000218e-01
5.079299999999999926e+01 4.204899999999999949e+01 2.786599999999999966e+01 2.069999999999999896e-01
8.232699999999999818e+01 3.117699999999999960e+01 3.530899999999999750e+01 7.499999999999999722e-02
9.063299999999999557e+01 9.647999999999999687e+00 2.718299999999999983e+01 -6.900000000000000577e-02
5.514999999999999858e+01 -2.794000000000000039e+00 1.594100000000000072e+01 -2.119999999999999940e-01
7.979000000000000092e+00 -5.812999999999999723e+00 8.890000000000000568e+00 -2.449999999999999956e-01
-1.370100000000000051e+01 -8.839000000000000412e+00 1.810999999999999943e+00 -1.250000000000000000e-01
-7.977000000000000313e+00 -1.252699999999999925e+01 -6.934000000000000163e+00 3.400000000000000244e-02
5.378000000000000114e+00 -1.152399999999999913e+01 -1.397899999999999920e+01 1.100000000000000006e-01
8.775999999999999801e+00 -6.245000000000000107e+00 -2.112699999999999889e+01 8.999999999999999667e-02
1.737999999999999989e+00 3.380000000000000226e-01 -3.138299999999999912e+01 4.299999999999999656e-02
6.892999999999999794e+00 1.180300000000000082e+01 -3.346500000000000341e+01 4.800000000000000100e-02
4.303399999999999892e+01 2.610800000000000054e+01 -1.130100000000000016e+01 1.140000000000000041e-01
8.826000000000000512e+01 1.765599999999999881e+01 2.386400000000000077e+01 1.539999999999999980e-01
1.019270000000000067e+02 -3.289900000000000091e+01 3.942600000000000193e+01 1.130000000000000032e-01
8.390099999999999625e+01 -9.124399999999999977e+01 2.803200000000000003e+01 5.700000000000000205e-02
7.001999999999999602e+01 -1.015690000000000026e+02 1.307799999999999940e+01 5.600000000000000117e-02
7.105200000000000671e+01 -5.957600000000000051e+01 5.272000000000000242e+00 9.800000000000000377e-02
6.192799999999999727e+01 -5.227999999999999758e+00 -8.871000000000000441e+00 1.719999999999999862e-01
3.047299999999999898e+01 3.639699999999999847e+01 -3.468099999999999739e+01 2.740000000000000213e-01
6.328000000000000291e+00 7.093800000000000239e+01 -5.001299999999999812e+01 3.290000000000000147e-01
3.921099999999999852e+01 1.142139999999999986e+02 -2.166700000000000159e+01 2.540000000000000036e-01
1.374120000000000061e+02 1.684360000000000070e+02 5.289500000000000313e+01 1.150000000000000050e-01
2.205060000000000002e+02 2.062719999999999914e+02 1.176119999999999948e+02 5.000000000000000278e-02
1.905020000000000095e+02 1.954350000000000023e+02 1.069849999999999994e+02 5.800000000000000294e-02
6.586100000000000421e+01 1.469590000000000032e+02 3.413799999999999812e+01 4.900000000000000189e-02
-4.636099999999999710e+01 1.038529999999999944e+02 -2.296300000000000097e+01 4.800000000000000100e-02
-1.091770000000000067e+02 7.517300000000000182e+01 -2.956200000000000117e+01 1.270000000000000018e-01
-1.627270000000000039e+02 2.774099999999999966e+01 -2.166499999999999915e+01 2.220000000000000029e-01
-1.919840000000000089e+02 -4.363199999999999790e+01 -2.570700000000000074e+01 2.330000000000000127e-01
-1.339890000000000043e+02 -9.048900000000000432e+01 -2.427799999999999869e+01 1.759999999999999898e-01
-1.447400000000000020e+01 -8.116700000000000159e+01 -6.030000000000000249e+00 1.079999999999999988e-01
5.494899999999999807e+01 -4.918900000000000006e+01 9.868000000000000327e+00 2.599999999999999881e-02
2.907000000000000028e+01 -4.176100000000000279e+01 6.056000000000000050e+00 -5.399999999999999939e-02
-2.376000000000000156e+01 -5.916799999999999926e+01 -1.050399999999999956e+01 -7.299999999999999545e-02
-3.850500000000000256e+01 -6.928900000000000148e+01 -2.119500000000000028e+01 -4.399999999999999745e-02
-2.974899999999999878e+01 -5.176299999999999812e+01 -1.700700000000000145e+01 -8.999999999999999667e-02
-3.381600000000000250e+01 -1.205700000000000038e+01 -7.192999999999999616e+00 -2.989999999999999880e-01
-4.638499999999999801e+01 2.920400000000000063e+01 -5.628999999999999559e+00 -6.149999999999999911e-01
-4.210799999999999699e+01 5.377199999999999847e+01 -1.006799999999999962e+01 -8.429999999999999716e-01
-1.582499999999999929e+01 5.634899999999999665e+01 -9.359999999999999432e+00 -7.800000000000000266e-01
1.091999999999999993e+01 3.763900000000000290e+01 -6.113000000000000433e+00 -4.420000000000000040e-01
1.184699999999999953e+01 -1.024999999999999911e+00 -9.214000000000000412e+00 -9.099999999999999756e-02
-1.631400000000000006e+01 -4.873499999999999943e+01 -1.280799999999999983e+01 4.499999999999999833e-02
-4.788600000000000279e+01 -8.413899999999999579e+01 -6.916999999999999815e+00 1.000000000000000021e-02
-5.350699999999999790e+01 -9.140200000000000102e+01 2.584999999999999964e+00 -7.000000000000000146e-03
-2.822400000000000020e+01 -7.455100000000000193e+01 4.160000000000000142e+00 7.599999999999999811e-02
5.769000000000000128e+00 -5.549099999999999966e+01 -2.932999999999999829e+00 1.769999999999999907e-01
1.780000000000000071e+01 -5.526800000000000068e+01 -1.575900000000000034e+01 1.980000000000000093e-01
-9.031000000000000583e+00 -7.598600000000000421e+01 -3.481799999999999784e+01 1.620000000000000051e-01
-5.865500000000000114e+01 -1.005720000000000027e+02 -5.210799999999999699e+01 1.710000000000000131e-01
-8.265999999999999659e+01 -1.039440000000000026e+02 -4.753399999999999892e+01 2.369999999999999885e-01
-4.947099999999999653e+01 -7.025100000000000477e+01 -1.402699999999999925e+01 2.650000000000000133e-01
3.876999999999999780e+00 -1.587299999999999933e+01 2.104899999999999949e+01 2.089999999999999913e-01
1.236700000000000088e+01 1.465700000000000003e+01 2.181500000000000128e+01 1.260000000000000009e-01
-2.858899999999999864e+01 -2.521999999999999797e+00 -7.427999999999999936e+00 6.500000000000000222e-02
-6.834999999999999432e+01 -3.884000000000000341e+01 -2.473999999999999844e+01 1.099999999999999936e-02
-7.752500000000000568e+01 -5.001200000000000045e+01 -6.894999999999999574e+00 -4.900000000000000189e-02
-6.089500000000000313e+01 -2.629700000000000060e+01 2.448499999999999943e+01 -8.200000000000000344e-02
-2.295899999999999963e+01 9.448000000000000398e+00 3.971099999999999852e+01 -6.199999999999999956e-02
2.253000000000000114e+01 3.091100000000000136e+01 3.450699999999999790e+01 -2.100000000000000130e-02
4.351500000000000057e+01 2.602100000000000080e+01 1.917000000000000171e+01 -2.000000000000000042e-02
3.051300000000000168e+01 5.615999999999999659e+00 2.734999999999999876e+00 -6.900000000000000577e-02
8.606999999999999318e+00 -7.538000000000000256e+00 -5.527999999999999581e+00 -9.199999999999999845e-02
-4.796000000000000263e+00 -9.153000000000000469e+00 -2.172000000000000153e+00 -3.200000000000000067e-02
-1.456799999999999962e+01 -1.613599999999999923e+01 1.193000000000000060e+00 4.499999999999999833e-02
-2.465899999999999892e+01 -3.332500000000000284e+01 -7.219000000000000306e+00 4.000000000000000083e-02
-3.179400000000000048e+01 -4.294200000000000017e+01 -2.024200000000000088e+01 -3.599999999999999728e-02
-3.492600000000000193e+01 -3.436599999999999966e+01 -2.318400000000000105e+01 -1.000000000000000056e-01
-3.659799999999999898e+01 -2.086599999999999966e+01 -1.556000000000000050e+01 -1.079999999999999988e-01
-3.940699999999999648e+01 -1.733099999999999952e+01 -7.945999999999999730e+00 -8.799999999999999489e-02
-4.236399999999999721e+01 -1.871399999999999864e+01 -5.753999999999999559e+00 -7.499999999999999722e-02
-4.092099999999999937e+01 -1.246899999999999942e+01 -5.969000000000000306e+00 -7.099999999999999367e-02
-3.370199999999999818e+01 -1.189000000000000057e+00 -4.892000000000000348e+00 -4.499999999999999833e-02
-2.519399999999999906e+01 6.560000000000000275e-01 -3.322000000000000064e+00 1.099999999999999936e-02
-1.939799999999999969e+01 -1.127999999999999936e+01 -3.850000000000000089e+00 5.000000000000000278e-02
-1.642899999999999849e+01 -2.330199999999999960e+01 -5.197000000000000064e+00 4.599999999999999922e-02
-1.713100000000000023e+01 -2.204899999999999949e+01 -2.990000000000000213e+00 4.200000000000000261e-02
-2.586799999999999855e+01 -1.322300000000000075e+01 3.873000000000000220e+00 6.300000000000000044e-02
-4.438100000000000023e+01 -9.740999999999999659e+00 1.090199999999999925e+01 7.000000000000000666e-02
-6.346800000000000352e+01 -7.812000000000000277e+00 1.265900000000000070e+01 3.699999999999999817e-02
-6.513200000000000500e+01 7.306000000000000050e+00 8.853999999999999204e+00 -8.999999999999999320e-03
-3.543099999999999739e+01 3.745300000000000296e+01 4.333000000000000185e+00 -3.899999999999999994e-02
2.458999999999999986e+01 7.069299999999999784e+01 2.888999999999999790e+00 -3.599999999999999728e-02
9.603199999999999648e+01 9.817700000000000671e+01 5.328999999999999737e+00 1.299999999999999940e-02
1.479319999999999879e+02 1.182510000000000048e+02 1.371499999999999986e+01 1.029999999999999943e-01
1.549689999999999941e+02 1.302419999999999902e+02 2.848999999999999844e+01 1.950000000000000067e-01
1.183509999999999991e+02 1.347930000000000064e+02 3.914500000000000313e+01 2.240000000000000047e-01
6.694400000000000261e+01 1.345550000000000068e+02 2.924800000000000111e+01 1.310000000000000053e-01
3.032199999999999918e+01 1.275289999999999964e+02 -2.376999999999999780e+00 -6.199999999999999956e-02
1.247300000000000075e+01 1.074159999999999968e+02 -3.305799999999999983e+01 -2.030000000000000138e-01
2.967999999999999972e+00 7.527400000000000091e+01 -3.735300000000000153e+01 -1.160000000000000059e-01
7.602000000000000313e+00 4.169400000000000261e+01 -1.487100000000000044e+01 2.039999999999999869e-01
4.022999999999999687e+01 1.489499999999999957e+01 9.999000000000000554e+00 5.340000000000000302e-01
8.351399999999999579e+01 -4.708000000000000185e+00 1.680999999999999872e+01 6.179999999999999938e-01
9.680700000000000216e+01 -1.716000000000000014e+01 8.162000000000000810e+00 4.329999999999999960e-01
7.099500000000000455e+01 -2.114699999999999847e+01 -5.176000000000000156e+00 1.670000000000000095e-01
3.550600000000000023e+01 -2.406400000000000006e+01 -2.331800000000000139e+01 -4.100000000000000172e-02
9.960000000000000853e+00 -3.844700000000000273e+01 -4.451700000000000301e+01 -2.049999999999999878e-01
-6.445999999999999730e+00 -5.883200000000000074e+01 -4.848199999999999932e+01 -3.360000000000000209e-01
-1.423000000000000043e+00 -6.040800000000000125e+01 -1.737500000000000000e+01 -3.820000000000000062e-01
4.383400000000000318e+01 -3.214099999999999824e+01 3.698799999999999955e+01 -3.619999999999999885e-01
1.082480000000000047e+02 5.096000000000000085e+00 8.353300000000000125e+01 -3.729999999999999982e-01
1.349879999999999995e+02 2.317399999999999949e+01 9.750799999999999557e+01 -4.199999999999999845e-01
9.715900000000000603e+01 1.566600000000000037e+01 7.351200000000000045e+01 -4.060000000000000275e-01
3.207900000000000063e+01 -4.884000000000000341e+00 2.917200000000000060e+01 -3.400000000000000244e-01
-1.445999999999999952e+00 -2.348199999999999932e+01 -6.881000000000000227e+00 -3.250000000000000111e-01
1.377399999999999913e+01 -2.899599999999999866e+01 -1.919300000000000139e+01 -3.380000000000000226e-01
4.438100000000000023e+01 -1.642800000000000082e+01 -1.225799999999999912e+01 -2.580000000000000071e-01
5.541499999999999915e+01 8.548999999999999488e+00 1.981999999999999984e+00 -8.400000000000000522e-02
4.561999999999999744e+01 2.937999999999999901e+01 1.377500000000000036e+01 5.600000000000000117e-02
2.961100000000000065e+01 3.045100000000000051e+01 2.169699999999999918e+01 8.699999999999999400e-02
1.346000000000000085e+01 1.489300000000000068e+01 3.088100000000000023e+01 5.700000000000000205e-02
6.660000000000000364e-01 4.846000000000000085e+00 3.619800000000000040e+01 7.199999999999999456e-02
-3.557999999999999829e+00 1.630799999999999983e+01 2.106899999999999906e+01 1.880000000000000004e-01
-1.143699999999999939e+01 3.479099999999999682e+01 -1.516699999999999982e+01 3.089999999999999969e-01
-4.925200000000000244e+01 2.773699999999999832e+01 -4.559700000000000131e+01 2.439999999999999947e-01
-1.095889999999999986e+02 -1.056400000000000006e+01 -4.414800000000000324e+01 -3.799999999999999906e-02
-1.360740000000000123e+02 -4.565999999999999659e+01 -1.797599999999999909e+01 -2.570000000000000062e-01
-9.074299999999999500e+01 -4.775600000000000023e+01 1.441000000000000059e+00 -1.539999999999999980e-01
-1.030899999999999928e+01 -2.513800000000000168e+01 -5.010000000000000009e-01 1.229999999999999982e-01
4.072299999999999898e+01 -1.217999999999999972e+00 -7.775999999999999801e+00 2.379999999999999893e-01
4.210600000000000165e+01 1.660200000000000031e+01 -5.038999999999999702e+00 1.590000000000000024e-01
5.214999999999999858e+00 3.051999999999999957e+01 7.000000000000000146e-03 1.010000000000000064e-01
-6.954999999999999716e+01 3.229800000000000182e+01 -7.312999999999999723e+00 1.110000000000000014e-01
-1.689559999999999889e+02 1.091600000000000037e+01 -2.603900000000000148e+01 5.000000000000000278e-02
-2.340279999999999916e+02 -2.414000000000000057e+01 -3.913600000000000279e+01 -8.300000000000000433e-02
-2.106829999999999927e+02 -4.672599999999999909e+01 -3.066499999999999915e+01 -1.290000000000000036e-01
-1.195040000000000049e+02 -4.438499999999999801e+01 -3.229999999999999982e+00 -2.299999999999999961e-02
-3.370499999999999829e+01 -3.282999999999999829e+01 2.095700000000000074e+01 1.400000000000000133e-01
-2.210000000000000020e-01 -3.498199999999999932e+01 2.018499999999999872e+01 2.479999999999999982e-01
-9.835000000000000853e+00 -5.276599999999999824e+01 -4.674999999999999822e+00 2.550000000000000044e-01
-2.641799999999999926e+01 -6.585500000000000398e+01 -3.134900000000000020e+01 1.950000000000000067e-01
-1.780600000000000094e+01 -5.358500000000000085e+01 -3.882399999999999807e+01 1.489999999999999936e-01
2.696999999999999886e+01 -1.518699999999999939e+01 -2.575499999999999901e+01 1.559999999999999998e-01
8.791800000000000637e+01 2.565700000000000003e+01 -7.278999999999999915e+00 1.710000000000000131e-01
1.315670000000000073e+02 4.045499999999999829e+01 2.982000000000000206e+00 1.459999999999999909e-01
1.435089999999999861e+02 2.727199999999999847e+01 5.615000000000000213e+00 1.209999999999999964e-01
1.343069999999999879e+02 1.107600000000000051e+01 9.961999999999999744e+00 1.799999999999999933e-01
1.179240000000000066e+02 5.772999999999999687e+00 1.803099999999999881e+01 3.260000000000000120e-01
8.055400000000000205e+01 -7.948999999999999844e+00 1.782199999999999918e+01 4.050000000000000266e-01
-1.968499999999999872e+01 -5.170400000000000063e+01 -1.995000000000000107e+00 2.429999999999999938e-01
-1.760910000000000082e+02 -1.069489999999999981e+02 -3.183099999999999952e+01 -1.260000000000000009e-01
-2.798369999999999891e+02 -1.309449999999999932e+02 -4.693299999999999983e+01 -4.550000000000000155e-01
-2.325610000000000070e+02 -1.150049999999999955e+02 -3.658100000000000307e+01 -5.510000000000000453e-01
-8.946800000000000352e+01 -9.192900000000000205e+01 -1.512500000000000000e+01 -4.510000000000000120e-01
9.131999999999999673e+00 -8.164300000000000068e+01 -3.980000000000000204e-01 -3.019999999999999907e-01
1.584500000000000064e+01 -6.859699999999999420e+01 4.948999999999999844e+00 -1.839999999999999969e-01
-1.002500000000000036e+01 -3.920900000000000318e+01 5.799000000000000377e+00 -8.500000000000000611e-02
-2.392699999999999960e+01 -5.852000000000000313e+00 2.552000000000000046e+00 2.000000000000000042e-02
-3.185800000000000054e+01 1.838500000000000156e+01 -3.555000000000000160e+00 1.270000000000000018e-01
-2.663800000000000168e+01 4.832900000000000063e+01 -1.399000000000000021e+00 2.190000000000000002e-01
2.008299999999999841e+01 1.088769999999999953e+02 1.862099999999999866e+01 2.620000000000000107e-01
9.464199999999999591e+01 1.839360000000000070e+02 4.422800000000000153e+01 2.039999999999999869e-01
1.364679999999999893e+02 2.108040000000000020e+02 5.128799999999999670e+01 2.000000000000000042e-02
1.099849999999999994e+02 1.534530000000000030e+02 3.488199999999999790e+01 -2.010000000000000120e-01
4.137899999999999778e+01 5.661899999999999977e+01 1.033200000000000074e+01 -3.089999999999999969e-01
-1.803300000000000125e+01 -7.753999999999999559e+00 -9.644999999999999574e+00 -2.590000000000000080e-01
-4.050800000000000267e+01 -2.634799999999999898e+01 -2.196000000000000085e+01 -1.529999999999999971e-01
-3.449499999999999744e+01 -3.848199999999999932e+01 -2.848600000000000065e+01 -8.599999999999999312e-02
-1.814699999999999847e+01 -5.947899999999999920e+01 -3.072700000000000031e+01 -3.200000000000000067e-02
8.855000000000000426e+00 -5.992399999999999949e+01 -2.363700000000000045e+01 6.600000000000000311e-02
5.189000000000000057e+01 -2.246099999999999852e+01 -3.055000000000000160e+00 1.769999999999999907e-01
8.921699999999999875e+01 2.756899999999999906e+01 2.027599999999999980e+01 2.250000000000000056e-01
8.400100000000000477e+01 5.196000000000000085e+01 2.852499999999999858e+01 1.950000000000000067e-01
3.785199999999999676e+01 3.257800000000000296e+01 1.882600000000000051e+01 1.110000000000000014e-01
3.979000000000000092e+00 -1.497400000000000020e+01 6.386000000000000121e+00 -8.000000000000000167e-03
1.836100000000000065e+01 -5.138000000000000256e+01 2.357000000000000206e+00 -1.079999999999999988e-01
4.279399999999999693e+01 -5.224900000000000233e+01 -1.441000000000000059e+00 -1.079999999999999988e-01
2.369000000000000128e+01 -2.831500000000000128e+01 -1.385200000000000031e+01 -7.000000000000000146e-03
-1.547300000000000075e+01 2.278000000000000025e+00 -2.046099999999999852e+01 1.010000000000000064e-01
-5.911999999999999922e+00 3.808299999999999841e+01 -9.419999999999999485e-01 1.529999999999999971e-01
5.685199999999999676e+01 7.703199999999999648e+01 3.575999999999999801e+01 1.799999999999999933e-01
1.095060000000000002e+02 9.945199999999999818e+01 5.999900000000000233e+01 1.990000000000000102e-01
1.192920000000000016e+02 8.862800000000000011e+01 5.866100000000000136e+01 1.559999999999999998e-01
1.073100000000000023e+02 5.268500000000000227e+01 3.901899999999999835e+01 2.599999999999999881e-02
7.770099999999999341e+01 1.496599999999999930e+01 1.076600000000000001e+01 -1.499999999999999944e-01
8.362999999999999545e+00 -5.461999999999999744e+00 -1.348300000000000054e+01 -3.009999999999999898e-01
-7.989799999999999613e+01 -7.541999999999999815e+00 -2.142299999999999827e+01 -3.629999999999999893e-01
-1.225169999999999959e+02 -1.034399999999999942e+01 -1.855099999999999838e+01 -3.370000000000000218e-01
-9.551999999999999602e+01 -2.858699999999999974e+01 -2.030600000000000094e+01 -2.730000000000000204e-01
-4.381099999999999994e+01 -4.697500000000000142e+01 -2.616799999999999926e+01 -1.970000000000000084e-01
-1.477999999999999936e+01 -3.889000000000000057e+01 -2.400700000000000145e+01 -8.599999999999999312e-02
-1.046599999999999930e+01 -8.220000000000000639e+00 -1.391799999999999926e+01 6.400000000000000133e-02
-1.332399999999999984e+01 1.297000000000000064e+01 -6.956000000000000405e+00 1.789999999999999925e-01
-1.334800000000000075e+01 1.261700000000000088e+01 -6.862000000000000099e+00 1.980000000000000093e-01
8.179999999999999494e-01 1.256199999999999939e+01 -8.875000000000000000e+00 1.739999999999999880e-01
3.613799999999999812e+01 2.384900000000000020e+01 -1.033300000000000018e+01 2.020000000000000129e-01
7.085099999999999909e+01 2.701699999999999946e+01 -1.149300000000000033e+01 2.770000000000000240e-01
7.011599999999999966e+01 1.003800000000000026e+01 -1.154800000000000004e+01 3.019999999999999907e-01
3.216799999999999926e+01 -1.164300000000000068e+01 -1.089000000000000057e+01 2.250000000000000056e-01
-1.094999999999999929e+01 -2.370499999999999829e+01 -1.285200000000000031e+01 1.079999999999999988e-01
-3.939300000000000068e+01 -3.256900000000000261e+01 -1.895599999999999952e+01 1.899999999999999953e-02
-5.970400000000000063e+01 -4.706099999999999994e+01 -2.453099999999999881e+01 -6.500000000000000222e-02
-7.368999999999999773e+01 -5.790699999999999648e+01 -2.192800000000000082e+01 -1.680000000000000104e-01
-6.947899999999999920e+01 -4.799300000000000210e+01 -9.964999999999999858e+00 -2.099999999999999922e-01
-5.112599999999999767e+01 -2.166199999999999903e+01 1.764999999999999902e+00 -1.160000000000000059e-01
-4.473700000000000188e+01 -1.000900000000000034e+01 2.612000000000000099e+00 -1.499999999999999944e-02
-6.108100000000000307e+01 -3.211299999999999955e+01 -6.131999999999999673e+00 -1.479999999999999927e-01
-7.772499999999999432e+01 -6.244500000000000028e+01 -1.182300000000000040e+01 -5.080000000000000071e-01
-7.066899999999999693e+01 -6.198799999999999955e+01 -4.112000000000000099e+00 -7.570000000000000062e-01
-4.379899999999999949e+01 -3.338499999999999801e+01 1.168399999999999928e+01 -6.260000000000000009e-01
-1.988599999999999923e+01 -1.504400000000000048e+01 1.796799999999999997e+01 -2.520000000000000018e-01
-1.447100000000000009e+01 -2.347500000000000142e+01 7.538999999999999702e+00 2.500000000000000139e-02
-1.826599999999999824e+01 -3.061799999999999855e+01 -3.682999999999999829e+00 7.799999999999999989e-02
-2.839999999999999747e-01 -4.559000000000000163e+00 4.238999999999999879e+00 7.900000000000000078e-02
6.009700000000000131e+01 4.298299999999999699e+01 2.996399999999999864e+01 1.950000000000000067e-01
1.373540000000000134e+02 6.292300000000000182e+01 5.151400000000000290e+01 3.420000000000000262e-01
1.741409999999999911e+02 2.844800000000000040e+01 4.891100000000000136e+01 3.250000000000000111e-01
1.424540000000000077e+02 -2.802299999999999969e+01 2.424800000000000111e+01 1.290000000000000036e-01
7.232299999999999329e+01 -5.814999999999999858e+01 -6.640000000000000346e-01 -6.400000000000000133e-02
1.103299999999999947e+01 -5.486200000000000188e+01 -7.099999999999999645e+00 -1.110000000000000014e-01
-2.363299999999999912e+01 -4.247599999999999909e+01 1.489000000000000101e+00 -2.800000000000000058e-02
-4.038100000000000023e+01 -3.873199999999999932e+01 5.264999999999999680e+00 7.599999999999999811e-02
-4.945700000000000074e+01 -4.696800000000000352e+01 -4.589000000000000412e+00 1.039999999999999952e-01
-5.218299999999999983e+01 -6.210199999999999676e+01 -9.678000000000000824e+00 6.700000000000000400e-02
-4.069500000000000028e+01 -7.077500000000000568e+01 9.657999999999999474e+00 7.099999999999999367e-02
-1.234800000000000075e+01 -5.806199999999999761e+01 3.687100000000000222e+01 1.650000000000000078e-01
1.103500000000000014e+01 -2.106599999999999895e+01 3.581000000000000227e+01 2.409999999999999920e-01
7.548000000000000043e+00 2.935500000000000043e+01 4.782000000000000028e+00 1.799999999999999933e-01
-3.111000000000000210e+00 8.067600000000000193e+01 -2.043100000000000094e+01 2.400000000000000050e-02
1.408000000000000007e+01 1.249060000000000059e+02 -1.861199999999999832e+01 -6.500000000000000222e-02
4.915100000000000335e+01 1.542969999999999970e+02 -4.094000000000000306e+00 -2.400000000000000050e-02
5.547200000000000131e+01 1.628600000000000136e+02 3.583000000000000185e+00 3.300000000000000155e-02
1.010899999999999999e+01 1.546469999999999914e+02 2.943999999999999950e+00 -2.000000000000000042e-03
-6.346699999999999875e+01 1.422309999999999945e+02 7.800000000000000266e-01 -9.900000000000000466e-02
-1.221740000000000066e+02 1.372969999999999970e+02 -3.705999999999999961e+00 -1.930000000000000049e-01
-1.322839999999999918e+02 1.443110000000000070e+02 -1.515199999999999925e+01 -2.520000000000000018e-01
-8.856600000000000250e+01 1.505680000000000121e+02 -2.943199999999999861e+01 -2.119999999999999940e-01
-2.536299999999999955e+01 1.246189999999999998e+02 -3.659400000000000119e+01 -4.900000000000000189e-02
9.900999999999999801e+00 5.166700000000000159e+01 -3.256000000000000227e+01 1.179999999999999938e-01
4.315000000000000391e+00 -3.026300000000000168e+01 -2.043199999999999861e+01 1.749999999999999889e-01
-1.979799999999999827e+01 -6.166599999999999682e+01 -4.443999999999999950e+00 1.640000000000000069e-01
-3.886099999999999710e+01 -3.249399999999999977e+01 1.275600000000000023e+01 1.670000000000000095e-01
-3.989200000000000301e+01 6.011999999999999567e+00 2.636599999999999966e+01 1.350000000000000089e-01
-2.076200000000000045e+01 7.883000000000000007e+00 2.900600000000000023e+01 -2.900000000000000147e-02
4.589999999999999858e+00 -1.651300000000000168e+01 2.055099999999999838e+01 -2.399999999999999911e-01
1.278899999999999970e+01 -3.377499999999999858e+01 9.164999999999999147e+00 -2.730000000000000204e-01
-6.456000000000000405e+00 -4.118500000000000227e+01 -1.058000000000000052e+00 -5.700000000000000205e-02
-3.176500000000000057e+01 -5.556700000000000017e+01 -9.522999999999999687e+00 2.340000000000000135e-01
-2.726599999999999824e+01 -7.302400000000000091e+01 -8.496999999999999886e+00 4.010000000000000231e-01
1.322899999999999920e+01 -7.364600000000000080e+01 1.071799999999999997e+01 4.030000000000000249e-01
5.463199999999999790e+01 -5.603399999999999892e+01 4.081499999999999773e+01 3.270000000000000129e-01
5.983100000000000307e+01 -4.309100000000000108e+01 5.747999999999999687e+01 2.700000000000000178e-01
2.928200000000000003e+01 -5.158299999999999841e+01 4.118299999999999983e+01 2.030000000000000138e-01
-3.240000000000000213e+00 -6.865999999999999659e+01 2.181999999999999940e+00 3.400000000000000244e-02
-9.108000000000000540e+00 -6.873699999999999477e+01 -2.467000000000000171e+01 -1.519999999999999962e-01
9.271000000000000796e+00 -4.878999999999999915e+01 -1.990099999999999980e+01 -1.590000000000000024e-01
3.051399999999999935e+01 -3.130799999999999983e+01 -2.516999999999999904e+00 -8.000000000000000167e-03
3.698799999999999955e+01 -3.441100000000000136e+01 -9.260000000000000453e-01 7.000000000000000666e-02
2.418499999999999872e+01 -5.384799999999999898e+01 -1.585500000000000043e+01 -1.600000000000000033e-02
6.477999999999999758e+00 -6.769199999999999307e+01 -2.529899999999999949e+01 -1.380000000000000115e-01
9.720000000000000639e+00 -5.205799999999999983e+01 -1.475000000000000000e+01 -1.900000000000000022e-01
3.653600000000000136e+01 -1.115000000000000036e+01 6.791000000000000369e+00 -1.729999999999999871e-01
5.247299999999999898e+01 1.191900000000000048e+01 1.765099999999999980e+01 -1.179999999999999938e-01
3.183999999999999986e+01 -1.413299999999999912e+01 8.438000000000000611e+00 -6.199999999999999956e-02
-3.145000000000000018e+00 -5.931700000000000017e+01 -8.679000000000000270e+00 -5.600000000000000117e-02
-1.496100000000000030e+01 -6.924599999999999511e+01 -1.835699999999999932e+01 -1.179999999999999938e-01
-4.359999999999999987e-01 -3.560099999999999909e+01 -1.913700000000000045e+01 -1.809999999999999942e-01
1.516399999999999970e+01 1.465000000000000080e+00 -1.854400000000000048e+01 -1.499999999999999944e-01
1.371199999999999974e+01 8.224000000000000199e+00 -2.307000000000000028e+01 -1.200000000000000025e-02
-4.834999999999999964e+00 -1.058500000000000085e+01 -3.366599999999999682e+01 1.310000000000000053e-01
-2.771799999999999997e+01 -2.731599999999999895e+01 -4.070300000000000296e+01 1.960000000000000075e-01
-2.965899999999999892e+01 -1.843400000000000105e+01 -2.856599999999999895e+01 2.099999999999999922e-01
7.681000000000000050e+00 1.982100000000000151e+01 2.895000000000000018e+00 2.340000000000000135e-01
6.023899999999999721e+01 6.656000000000000227e+01 3.082600000000000051e+01 2.680000000000000160e-01
7.696899999999999409e+01 9.188299999999999557e+01 3.645700000000000074e+01 2.969999999999999862e-01
4.731900000000000261e+01 8.628600000000000136e+01 2.661700000000000088e+01 3.079999999999999960e-01
1.652700000000000102e+01 6.404900000000000659e+01 1.597700000000000031e+01 2.590000000000000080e-01
1.695899999999999963e+01 3.558800000000000097e+01 5.118999999999999773e+00 1.150000000000000050e-01
2.353500000000000014e+01 -2.831999999999999851e+00 -1.091699999999999982e+01 -9.299999999999999933e-02
-5.649999999999999467e-01 -4.673700000000000188e+01 -2.681599999999999895e+01 -2.810000000000000275e-01
-4.532999999999999829e+01 -7.340500000000000114e+01 -3.211200000000000188e+01 -3.750000000000000000e-01
-6.641100000000000136e+01 -6.668999999999999773e+01 -2.513800000000000168e+01 -3.719999999999999973e-01
-4.441199999999999903e+01 -3.917300000000000182e+01 -1.319599999999999973e+01 -3.160000000000000031e-01
-9.486000000000000654e+00 -1.818100000000000094e+01 -1.167999999999999927e+00 -2.600000000000000089e-01
3.269000000000000128e+00 -1.561400000000000077e+01 1.170800000000000018e+01 -2.999999999999999889e-01
-2.440999999999999837e+00 -2.148799999999999955e+01 2.207900000000000063e+01 -4.719999999999999751e-01
-9.962999999999999190e+00 -2.487800000000000011e+01 1.997100000000000009e+01 -6.229999999999999982e-01
-1.879599999999999937e+01 -2.782300000000000040e+01 3.251999999999999780e+00 -5.939999999999999725e-01
-2.169800000000000040e+01 -3.460799999999999699e+01 -1.327699999999999925e+01 -4.420000000000000040e-01
-5.160000000000000142e+00 -4.048299999999999699e+01 -1.371100000000000030e+01 -3.019999999999999907e-01
1.785900000000000176e+01 -3.581400000000000006e+01 -2.334000000000000075e+00 -1.749999999999999889e-01
2.643100000000000094e+01 -1.299200000000000088e+01 3.818999999999999950e+00 -1.200000000000000025e-02
2.914900000000000091e+01 2.692500000000000071e+01 1.769999999999999907e-01 1.539999999999999980e-01
4.367900000000000205e+01 6.938500000000000512e+01 -3.883999999999999897e+00 2.489999999999999991e-01
6.399099999999999966e+01 9.896500000000000341e+01 -3.798000000000000043e+00 2.469999999999999973e-01
7.332399999999999807e+01 1.162019999999999982e+02 -3.480999999999999872e+00 2.109999999999999931e-01
6.851099999999999568e+01 1.287030000000000030e+02 -4.668000000000000149e+00 2.240000000000000047e-01
5.895799999999999841e+01 1.344430000000000121e+02 -3.770999999999999908e+00 2.640000000000000124e-01
5.261299999999999955e+01 1.287050000000000125e+02 3.420999999999999819e+00 2.369999999999999885e-01
4.639699999999999847e+01 1.154240000000000066e+02 1.569999999999999929e+01 1.590000000000000024e-01
3.025700000000000145e+01 9.980599999999999739e+01 2.366400000000000148e+01 1.549999999999999989e-01
4.277000000000000135e+00 7.969799999999999329e+01 1.984600000000000009e+01 2.510000000000000009e-01
-1.877899999999999991e+01 4.932000000000000028e+01 9.557000000000000384e+00 2.959999999999999853e-01
-4.050399999999999778e+01 7.857000000000000206e+00 5.130000000000000115e-01 1.680000000000000104e-01
-8.443300000000000693e+01 -3.432699999999999818e+01 -9.124000000000000554e+00 -4.499999999999999833e-02
-1.487280000000000086e+02 -6.074399999999999977e+01 -2.069000000000000128e+01 -1.280000000000000027e-01
-1.799389999999999930e+02 -6.414100000000000534e+01 -2.800400000000000134e+01 1.000000000000000021e-02
-1.395020000000000095e+02 -5.361500000000000199e+01 -2.809700000000000131e+01 2.230000000000000038e-01
-6.854999999999999716e+01 -4.522399999999999665e+01 -2.312099999999999866e+01 2.969999999999999862e-01
-3.492499999999999716e+01 -4.865200000000000102e+01 -1.235500000000000043e+01 2.010000000000000120e-01
-4.404200000000000159e+01 -6.207800000000000296e+01 2.337000000000000188e+00 8.500000000000000611e-02
-4.834300000000000352e+01 -7.271599999999999397e+01 1.201399999999999935e+01 4.399999999999999745e-02
-1.926800000000000068e+01 -6.288199999999999790e+01 1.470400000000000063e+01 4.599999999999999922e-02
2.354799999999999827e+01 -2.964499999999999957e+01 1.829599999999999937e+01 7.099999999999999367e-02
4.282300000000000040e+01 3.302000000000000046e+00 2.114300000000000068e+01 1.189999999999999947e-01
2.807900000000000063e+01 1.260999999999999943e+01 1.157000000000000028e+01 1.479999999999999927e-01
6.437999999999999723e+00 7.711000000000000298e+00 -7.070999999999999730e+00 1.459999999999999909e-01
5.536999999999999922e+00 1.224200000000000088e+01 -1.357799999999999940e+01 1.940000000000000058e-01
1.498600000000000065e+01 2.324800000000000111e+01 1.427000000000000046e+00 3.200000000000000067e-01
9.246000000000000441e+00 2.144000000000000128e+01 2.254899999999999949e+01 4.109999999999999765e-01
2.125999999999999890e+00 1.246899999999999942e+01 3.323199999999999932e+01 3.719999999999999973e-01
3.037500000000000000e+01 1.808800000000000097e+01 3.294299999999999784e+01 2.560000000000000053e-01
8.382599999999999341e+01 3.389999999999999858e+01 2.784900000000000020e+01 1.680000000000000104e-01
1.109879999999999995e+02 3.254800000000000182e+01 2.213299999999999912e+01 1.199999999999999956e-01
8.702700000000000102e+01 1.185000000000000053e+00 1.378599999999999959e+01 2.000000000000000042e-02
2.276200000000000045e+01 -4.563600000000000279e+01 -6.754999999999999893e+00 -1.950000000000000067e-01
-6.412900000000000489e+01 -8.131900000000000261e+01 -3.657099999999999795e+01 -4.079999999999999738e-01
-1.371430000000000007e+02 -8.762099999999999511e+01 -4.771099999999999852e+01 -4.169999999999999818e-01
-1.417620000000000005e+02 -6.553799999999999670e+01 -2.058699999999999974e+01 -2.540000000000000036e-01
-6.696699999999999875e+01 -3.042200000000000060e+01 2.274099999999999966e+01 -1.779999999999999916e-01
2.483699999999999974e+01 2.260000000000000064e-01 4.165699999999999648e+01 -3.079999999999999960e-01
6.654200000000000159e+01 1.646799999999999997e+01 2.610300000000000153e+01 -4.909999999999999920e-01
5.966199999999999903e+01 2.031700000000000017e+01 5.738999999999999879e+00 -5.719999999999999529e-01
4.726400000000000290e+01 1.965800000000000125e+01 7.814000000000000057e+00 -5.639999999999999458e-01
4.184100000000000108e+01 1.532600000000000051e+01 2.106700000000000017e+01 -5.390000000000000346e-01
2.212099999999999866e+01 8.669999999999999929e-01 1.649099999999999966e+01 -5.110000000000000098e-01
-1.578400000000000070e+01 -2.422299999999999898e+01 -8.348000000000000753e+00 -4.540000000000000147e-01
-4.584199999999999875e+01 -5.263100000000000023e+01 -2.998400000000000176e+01 -3.410000000000000253e-01
-4.562899999999999778e+01 -7.823799999999999955e+01 -3.575000000000000000e+01 -1.849999999999999978e-01
-1.664999999999999858e+01 -9.557899999999999352e+01 -3.269100000000000250e+01 -2.000000000000000042e-02
2.202799999999999869e+01 -9.736899999999999977e+01 -2.632199999999999918e+01 1.370000000000000107e-01
4.723299999999999699e+01 -8.084099999999999397e+01 -1.508699999999999974e+01 2.550000000000000044e-01
4.984100000000000108e+01 -4.983599999999999852e+01 4.410000000000000031e-01 2.969999999999999862e-01
4.284799999999999898e+01 -1.091000000000000014e+01 1.677400000000000091e+01 2.780000000000000249e-01
3.976599999999999824e+01 2.413200000000000145e+01 2.539300000000000068e+01 2.560000000000000053e-01
3.194999999999999929e+01 4.058500000000000085e+01 1.406600000000000072e+01 2.389999999999999902e-01
1.147000000000000020e+00 4.000600000000000023e+01 -1.087299999999999933e+01 1.869999999999999996e-01
-4.828399999999999892e+01 4.551500000000000057e+01 -1.872500000000000142e+01 1.170000000000000068e-01
-7.983700000000000330e+01 7.365000000000000568e+01 5.059000000000000163e+00 1.209999999999999964e-01
-5.888100000000000023e+01 1.135729999999999933e+02 3.398899999999999721e+01 2.190000000000000002e-01
4.243000000000000327e+00 1.422860000000000014e+02 4.007999999999999829e+01 2.790000000000000258e-01
5.736899999999999977e+01 1.466930000000000121e+02 3.199800000000000111e+01 1.890000000000000013e-01
5.579599999999999937e+01 1.295039999999999907e+02 3.109400000000000119e+01 3.400000000000000244e-02
9.782999999999999474e+00 1.065100000000000051e+02 3.601599999999999824e+01 -1.299999999999999940e-02
-2.181299999999999883e+01 9.439700000000000557e+01 2.973000000000000043e+01 4.000000000000000083e-02
1.899999999999999953e-02 9.193699999999999761e+01 5.201999999999999957e+00 5.000000000000000278e-02
4.415999999999999659e+01 7.975900000000000034e+01 -2.445799999999999841e+01 1.899999999999999953e-02
5.296000000000000085e+01 4.495600000000000307e+01 -3.875600000000000023e+01 7.199999999999999456e-02
2.126000000000000156e+01 3.069999999999999951e-01 -3.219599999999999795e+01 1.839999999999999969e-01
-5.315000000000000391e+00 -2.851999999999999957e+01 -1.875600000000000023e+01 1.920000000000000040e-01
-1.943000000000000060e+00 -3.238100000000000023e+01 -1.295800000000000018e+01 7.599999999999999811e-02
1.086700000000000088e+01 -2.567599999999999838e+01 -1.459200000000000053e+01 -8.999999999999999320e-03
1.104599999999999937e+01 -2.672200000000000131e+01 -1.595599999999999952e+01 4.000000000000000083e-02
1.050999999999999934e+00 -3.931499999999999773e+01 -1.583200000000000074e+01 1.439999999999999891e-01
-8.583000000000000185e+00 -4.994899999999999807e+01 -1.744800000000000040e+01 1.640000000000000069e-01
-1.533999999999999986e+01 -4.413799999999999812e+01 -1.915899999999999892e+01 8.400000000000000522e-02
-2.391400000000000148e+01 -2.849800000000000111e+01 -1.557399999999999984e+01 4.000000000000000083e-02
-3.507300000000000040e+01 -2.324800000000000111e+01 -3.644000000000000128e+00 1.130000000000000032e-01
-4.077100000000000080e+01 -3.231300000000000239e+01 1.228700000000000081e+01 1.739999999999999880e-01
-3.929800000000000182e+01 -4.145900000000000318e+01 1.935399999999999920e+01 5.399999999999999939e-02
-4.314200000000000301e+01 -4.504599999999999937e+01 7.560999999999999943e+00 -1.749999999999999889e-01
-5.861999999999999744e+01 -5.474799999999999756e+01 -1.890200000000000102e+01 -2.889999999999999791e-01
-7.154399999999999693e+01 -7.891899999999999693e+01 -4.697200000000000131e+01 -2.169999999999999984e-01
-6.516299999999999670e+01 -1.072489999999999952e+02 -6.560399999999999920e+01 -8.799999999999999489e-02
-4.421900000000000119e+01 -1.212019999999999982e+02 -7.016599999999999682e+01 -2.400000000000000050e-02
-2.824699999999999989e+01 -1.096779999999999973e+02 -5.973299999999999699e+01 -2.599999999999999881e-02
-1.823699999999999832e+01 -7.279300000000000637e+01 -3.215899999999999892e+01 -2.900000000000000147e-02
1.439899999999999913e+01 -2.246199999999999974e+01 1.077100000000000080e+01 3.000000000000000062e-03
8.853400000000000603e+01 1.862099999999999866e+01 5.153499999999999659e+01 1.700000000000000122e-02
1.777779999999999916e+02 3.036799999999999855e+01 6.577899999999999636e+01 -4.800000000000000100e-02
2.376140000000000043e+02 1.490499999999999936e+01 5.309300000000000352e+01 -1.330000000000000071e-01
2.479509999999999934e+02 -5.730000000000000426e+00 3.977199999999999847e+01 -1.179999999999999938e-01
2.045970000000000084e+02 -1.817000000000000171e+01 3.794599999999999795e+01 -4.800000000000000100e-02
9.860899999999999466e+01 -2.973799999999999955e+01 2.838299999999999912e+01 -1.229999999999999982e-01
-5.838000000000000256e+01 -4.376899999999999835e+01 -1.360000000000000098e+00 -3.449999999999999734e-01
-2.021220000000000141e+02 -4.466100000000000136e+01 -2.931899999999999906e+01 -4.209999999999999853e-01
-2.517110000000000127e+02 -2.602400000000000091e+01 -2.817999999999999972e+01 -1.950000000000000067e-01
-1.940929999999999893e+02 -1.132199999999999918e+01 -4.511999999999999567e+00 1.100000000000000006e-01
-1.040420000000000016e+02 -1.665899999999999892e+01 1.303299999999999947e+01 2.469999999999999973e-01
-5.830799999999999983e+01 -1.621300000000000097e+01 1.508500000000000085e+01 2.459999999999999964e-01
-5.980499999999999972e+01 1.831299999999999883e+01 1.431600000000000072e+01 2.210000000000000020e-01
-6.675300000000000011e+01 6.801200000000000045e+01 1.566499999999999915e+01 1.469999999999999918e-01
-5.953199999999999648e+01 9.346299999999999386e+01 1.225399999999999956e+01 -1.200000000000000025e-02
-4.896999999999999886e+01 9.040300000000000580e+01 3.028000000000000025e+00 -1.700000000000000122e-01
-3.567799999999999727e+01 8.869700000000000273e+01 -4.663999999999999702e+00 -2.409999999999999920e-01
4.897000000000000242e+00 1.078430000000000035e+02 -3.778999999999999915e+00 -2.330000000000000127e-01
7.946699999999999875e+01 1.311550000000000011e+02 5.413000000000000256e+00 -1.890000000000000013e-01
1.445519999999999925e+02 1.252909999999999968e+02 1.328299999999999947e+01 -1.559999999999999998e-01
1.537539999999999907e+02 8.444299999999999784e+01 1.094699999999999918e+01 -1.890000000000000013e-01
1.166290000000000049e+02 3.930100000000000193e+01 6.879999999999999449e-01 -2.770000000000000240e-01
7.187099999999999511e+01 1.118200000000000038e+01 -1.035299999999999976e+01 -3.360000000000000209e-01
3.167699999999999960e+01 -1.166300000000000026e+01 -1.789999999999999858e+01 -3.140000000000000013e-01
-7.091000000000000192e+00 -3.784599999999999653e+01 -1.780300000000000082e+01 -2.369999999999999885e-01
-3.309499999999999886e+01 -5.538900000000000290e+01 -1.032499999999999929e+01 -1.390000000000000124e-01
-3.940500000000000114e+01 -6.213700000000000045e+01 -7.544999999999999929e+00 -4.299999999999999656e-02
-4.048400000000000176e+01 -7.066500000000000625e+01 -1.784299999999999997e+01 1.200000000000000025e-02
-4.636699999999999733e+01 -7.937999999999999545e+01 -2.727400000000000091e+01 -7.000000000000000146e-03
-4.621099999999999852e+01 -7.462900000000000489e+01 -1.732600000000000051e+01 -4.700000000000000011e-02
-2.909600000000000009e+01 -5.539800000000000324e+01 7.330000000000000071e+00 -1.299999999999999940e-02
-4.000000000000000083e-02 -3.057499999999999929e+01 2.807300000000000040e+01 1.160000000000000059e-01
2.621000000000000085e+01 -6.131999999999999673e+00 3.697800000000000153e+01 2.800000000000000266e-01
3.225900000000000034e+01 9.776999999999999247e+00 3.772500000000000142e+01 3.990000000000000213e-01
9.686999999999999389e+00 8.332000000000000739e+00 3.434300000000000352e+01 4.179999999999999827e-01
-2.508299999999999841e+01 -6.623999999999999666e+00 2.691100000000000136e+01 3.390000000000000235e-01
-4.474399999999999977e+01 -2.454700000000000060e+01 1.243999999999999950e+01 2.010000000000000120e-01
-4.612400000000000233e+01 -4.549300000000000210e+01 -8.762000000000000455e+00 4.399999999999999745e-02
-4.898700000000000188e+01 -7.715300000000000580e+01 -2.790700000000000003e+01 -7.699999999999999900e-02
-5.890800000000000125e+01 -1.158960000000000008e+02 -3.419599999999999795e+01 -9.400000000000000022e-02
-5.638400000000000034e+01 -1.389660000000000082e+02 -2.400300000000000011e+01 4.000000000000000083e-03
-2.949399999999999977e+01 -1.250259999999999962e+02 -3.996999999999999886e+00 1.479999999999999927e-01
3.270000000000000018e+00 -8.081399999999999295e+01 1.024900000000000055e+01 2.369999999999999885e-01
1.703699999999999903e+01 -3.149500000000000099e+01 5.772999999999999687e+00 2.200000000000000011e-01
1.380700000000000038e+01 9.939999999999999503e+00 -1.323099999999999987e+01 1.459999999999999909e-01
1.436400000000000077e+01 4.333400000000000318e+01 -3.129599999999999937e+01 1.150000000000000050e-01
2.764300000000000068e+01 6.379999999999999716e+01 -3.947099999999999653e+01 1.799999999999999933e-01
4.386800000000000210e+01 6.845300000000000296e+01 -3.722299999999999898e+01 2.879999999999999782e-01
4.772999999999999687e+01 6.837000000000000455e+01 -2.563200000000000145e+01 3.360000000000000209e-01
2.866499999999999915e+01 7.469499999999999318e+01 -9.675000000000000711e+00 2.560000000000000053e-01
-9.224000000000000199e+00 8.945399999999999352e+01 1.042999999999999927e+00 6.900000000000000577e-02
-4.105599999999999739e+01 1.175079999999999956e+02 3.134999999999999787e+00 -1.069999999999999979e-01
-3.928099999999999881e+01 1.593300000000000125e+02 5.192999999999999616e+00 -1.300000000000000044e-01
-5.701999999999999957e+00 1.876160000000000139e+02 1.504599999999999937e+01 7.000000000000000146e-03
2.517500000000000071e+01 1.655840000000000032e+02 2.689499999999999957e+01 1.449999999999999900e-01
2.276399999999999935e+01 9.759900000000000375e+01 2.850199999999999889e+01 1.650000000000000078e-01
-5.108999999999999986e+00 3.182600000000000051e+01 1.499699999999999989e+01 1.100000000000000006e-01
-2.418599999999999994e+01 4.487000000000000099e+00 -7.405000000000000249e+00 5.199999999999999761e-02
-1.552500000000000036e+01 8.603999999999999204e+00 -2.221300000000000097e+01 1.899999999999999953e-02
1.152299999999999969e+01 2.248300000000000054e+01 -1.123799999999999955e+01 4.499999999999999833e-02
3.593299999999999983e+01 3.523199999999999932e+01 2.244200000000000017e+01 1.479999999999999927e-01
3.386899999999999977e+01 3.286800000000000210e+01 4.595000000000000284e+01 2.419999999999999929e-01
-3.459999999999999964e+00 -2.162999999999999812e+00 2.921399999999999864e+01 2.000000000000000111e-01
-4.366100000000000136e+01 -5.560399999999999920e+01 -1.427699999999999925e+01 2.999999999999999889e-02
-3.725999999999999801e+01 -7.901600000000000534e+01 -3.626200000000000045e+01 -1.280000000000000027e-01
2.243100000000000094e+01 -4.550600000000000023e+01 -1.011299999999999955e+01 -1.990000000000000102e-01
8.910699999999999932e+01 1.600900000000000034e+01 3.772299999999999898e+01 -2.149999999999999967e-01
1.166419999999999959e+02 5.607300000000000040e+01 6.337800000000000011e+01 -1.960000000000000075e-01
1.034210000000000065e+02 5.422999999999999687e+01 5.460300000000000153e+01 -1.380000000000000115e-01
7.554500000000000171e+01 2.354200000000000159e+01 3.068799999999999883e+01 -7.599999999999999811e-02
4.741299999999999670e+01 -1.482399999999999984e+01 1.008200000000000074e+01 -5.199999999999999761e-02
2.149299999999999855e+01 -4.534700000000000131e+01 -4.238000000000000433e+00 -4.900000000000000189e-02
6.527000000000000135e+00 -5.790999999999999659e+01 -1.391300000000000026e+01 -4.000000000000000083e-02
7.956999999999999851e+00 -5.424799999999999756e+01 -1.591799999999999926e+01 -4.700000000000000011e-02
1.449300000000000033e+01 -5.356499999999999773e+01 -8.438000000000000611e+00 -9.299999999999999933e-02
1.182399999999999984e+01 -7.178600000000000136e+01 1.080999999999999961e+00 -1.519999999999999962e-01
-1.358000000000000096e+00 -9.488299999999999557e+01 1.945999999999999952e+00 -1.940000000000000058e-01
-1.656800000000000139e+01 -9.643200000000000216e+01 -5.663000000000000256e+00 -2.079999999999999905e-01
-2.408800000000000097e+01 -7.613200000000000500e+01 -1.071100000000000030e+01 -1.690000000000000113e-01
-1.793100000000000094e+01 -5.253600000000000136e+01 -7.371999999999999886e+00 -7.699999999999999900e-02
-1.415000000000000036e+00 -3.098000000000000043e+01 -2.361000000000000210e+00 -8.000000000000000167e-03
1.220800000000000018e+01 -7.729000000000000092e+00 -3.503000000000000114e+00 -3.599999999999999728e-02
1.284699999999999953e+01 1.085500000000000043e+01 -9.657999999999999474e+00 -1.250000000000000000e-01
8.042999999999999261e+00 1.829700000000000060e+01 -1.526500000000000057e+01 -1.600000000000000033e-01
1.522100000000000009e+01 2.432799999999999940e+01 -1.780199999999999960e+01 -6.099999999999999867e-02
3.819200000000000017e+01 4.366299999999999670e+01 -1.707199999999999918e+01 1.330000000000000071e-01
6.298100000000000165e+01 7.327400000000000091e+01 -1.300799999999999912e+01 2.989999999999999880e-01
7.668399999999999750e+01 9.088700000000000045e+01 -8.307999999999999829e+00 3.459999999999999742e-01
7.209399999999999409e+01 7.766299999999999670e+01 -7.370000000000000107e+00 2.700000000000000178e-01
3.492000000000000171e+01 3.667000000000000171e+01 -1.036200000000000010e+01 7.699999999999999900e-02
-4.176599999999999824e+01 -1.232099999999999973e+01 -1.298799999999999955e+01 -2.119999999999999940e-01
-1.219599999999999937e+02 -4.768399999999999750e+01 -1.065000000000000036e+01 -4.839999999999999858e-01
-1.447880000000000109e+02 -5.417399999999999949e+01 -1.457000000000000073e+00 -5.819999999999999618e-01
-9.960999999999999943e+01 -2.917200000000000060e+01 1.229700000000000060e+01 -4.560000000000000164e-01
-4.655299999999999727e+01 8.460000000000000853e+00 2.555199999999999960e+01 -2.139999999999999958e-01
-3.638700000000000045e+01 2.517800000000000082e+01 3.173600000000000065e+01 -1.700000000000000122e-02
-4.676299999999999812e+01 7.647999999999999687e+00 2.440800000000000125e+01 5.000000000000000278e-02
-3.240400000000000347e+01 -1.917099999999999937e+01 4.966000000000000192e+00 2.999999999999999889e-02
-4.690000000000000391e+00 -2.984700000000000131e+01 -1.389899999999999913e+01 8.999999999999999320e-03
-1.020100000000000051e+01 -3.188500000000000156e+01 -1.950900000000000034e+01 1.200000000000000025e-02
-4.826299999999999812e+01 -3.847999999999999687e+01 -1.131600000000000072e+01 1.799999999999999864e-02
-6.909499999999999886e+01 -3.995600000000000307e+01 -2.489999999999999991e-01 1.600000000000000033e-02
-5.082099999999999795e+01 -2.620200000000000173e+01 1.756000000000000005e+00 -1.600000000000000033e-02
-2.454299999999999926e+01 -1.007000000000000028e+01 -6.934000000000000163e+00 -8.000000000000000167e-02
-2.264999999999999858e+01 -1.108300000000000018e+01 -1.953699999999999903e+01 -1.270000000000000018e-01
-4.403300000000000125e+01 -3.355899999999999750e+01 -3.332600000000000051e+01 -1.189999999999999947e-01
-6.727400000000000091e+01 -6.798799999999999955e+01 -4.685300000000000153e+01 -7.499999999999999722e-02
-7.111799999999999500e+01 -1.026919999999999931e+02 -4.715100000000000335e+01 1.099999999999999936e-02
-5.066599999999999682e+01 -1.295790000000000077e+02 -2.157300000000000040e+01 1.690000000000000113e-01
-2.556200000000000117e+01 -1.393280000000000030e+02 1.946199999999999974e+01 3.559999999999999831e-01
-1.542300000000000004e+01 -1.202139999999999986e+02 5.119899999999999807e+01 4.500000000000000111e-01
-1.114000000000000057e+01 -7.610899999999999466e+01 5.860399999999999920e+01 3.729999999999999982e-01
1.029999999999999943e-01 -3.357200000000000273e+01 4.088799999999999812e+01 1.620000000000000051e-01
5.280999999999999694e+00 -1.251699999999999946e+01 8.951999999999999957e+00 -6.900000000000000577e-02
1.772999999999999909e+00 -1.975000000000000089e+00 -1.692899999999999849e+01 -2.270000000000000073e-01
1.766300000000000026e+01 2.331299999999999883e+01 -2.301800000000000068e+01 -2.750000000000000222e-01
5.483200000000000074e+01 6.982899999999999352e+01 -1.507799999999999940e+01 -2.089999999999999913e-01
7.206999999999999318e+01 1.154549999999999983e+02 -7.312000000000000277e+00 -1.010000000000000064e-01
5.509700000000000131e+01 1.347810000000000059e+02 -3.291999999999999815e+00 -7.599999999999999811e-02
3.993099999999999739e+01 1.283830000000000098e+02 5.317000000000000171e+00 -1.489999999999999936e-01
4.734700000000000131e+01 1.159410000000000025e+02 2.030300000000000082e+01 -1.930000000000000049e-01
4.978399999999999892e+01 1.068990000000000009e+02 2.639499999999999957e+01 -1.310000000000000053e-01
2.017000000000000171e+01 9.528100000000000591e+01 1.205100000000000016e+01 -2.699999999999999969e-02
-2.336700000000000088e+01 7.990699999999999648e+01 -8.516000000000000014e+00 4.700000000000000011e-02
-3.797299999999999898e+01 7.130400000000000205e+01 -1.311700000000000088e+01 1.029999999999999943e-01
-5.317999999999999616e+00 7.614300000000000068e+01 -3.880000000000000115e-01 1.769999999999999907e-01
4.994400000000000261e+01 8.636199999999999477e+01 1.570100000000000051e+01 2.530000000000000027e-01
8.377200000000000557e+01 8.594400000000000261e+01 2.441300000000000026e+01 2.730000000000000204e-01
6.934399999999999409e+01 6.378499999999999659e+01 1.996199999999999974e+01 2.020000000000000129e-01
1.703000000000000114e+01 2.329299999999999926e+01 1.681999999999999940e+00 8.100000000000000255e-02
-3.656199999999999761e+01 -1.796000000000000085e+01 -2.139399999999999835e+01 -1.200000000000000025e-02
-6.045300000000000296e+01 -4.273700000000000188e+01 -3.734599999999999653e+01 -3.799999999999999906e-02
-4.937599999999999767e+01 -4.781900000000000261e+01 -4.055499999999999972e+01 -1.099999999999999936e-02
-1.637999999999999901e+01 -4.032500000000000284e+01 -2.905600000000000094e+01 4.399999999999999745e-02
2.052700000000000102e+01 -2.658699999999999974e+01 -4.322000000000000064e+00 1.059999999999999970e-01
4.132200000000000273e+01 -1.111899999999999977e+01 2.114399999999999835e+01 1.509999999999999953e-01
3.211699999999999733e+01 -6.500000000000000222e-02 2.957900000000000063e+01 1.449999999999999900e-01
4.482000000000000206e+00 3.778999999999999915e+00 1.731400000000000006e+01 8.999999999999999667e-02
-8.301000000000000156e+00 3.742999999999999883e+00 -1.102999999999999980e+00 1.200000000000000025e-02
6.565999999999999837e+00 -2.540000000000000036e-01 -1.236100000000000065e+01 -8.999999999999999667e-02
1.913400000000000034e+01 -1.492500000000000071e+01 -1.926999999999999957e+01 -2.240000000000000047e-01
6.600000000000000311e-02 -4.087599999999999767e+01 -2.870899999999999963e+01 -3.390000000000000235e-01
-3.130900000000000105e+01 -6.518699999999999761e+01 -3.235799999999999699e+01 -3.459999999999999742e-01
-3.023699999999999832e+01 -7.120600000000000307e+01 -1.413799999999999990e+01 -1.910000000000000031e-01
1.069699999999999918e+01 -5.278999999999999915e+01 2.213100000000000023e+01 8.000000000000000167e-02
4.974900000000000233e+01 -1.888700000000000045e+01 4.839000000000000057e+01 3.250000000000000111e-01
5.354500000000000171e+01 1.209800000000000075e+01 4.603399999999999892e+01 4.119999999999999774e-01
3.693200000000000216e+01 1.825400000000000134e+01 2.849500000000000099e+01 3.300000000000000155e-01
2.464499999999999957e+01 -1.401600000000000001e+01 1.654299999999999926e+01 1.580000000000000016e-01
1.186599999999999966e+01 -6.540099999999999625e+01 1.360999999999999943e+01 -1.299999999999999940e-02
-4.674000000000000377e+00 -8.663500000000000512e+01 1.894300000000000139e+01 -7.000000000000000666e-02
-7.599999999999999811e-02 -5.155499999999999972e+01 3.306499999999999773e+01 7.799999999999999989e-02
3.924699999999999989e+01 9.356999999999999318e+00 4.058299999999999841e+01 3.340000000000000191e-01
8.565500000000000114e+01 4.574099999999999966e+01 2.330999999999999872e+01 4.530000000000000138e-01
1.030289999999999964e+02 3.912199999999999989e+01 -7.661999999999999922e+00 3.200000000000000067e-01
8.345799999999999841e+01 9.244999999999999218e+00 -2.436199999999999832e+01 5.199999999999999761e-02
4.242499999999999716e+01 -1.525500000000000078e+01 -2.060099999999999909e+01 -1.640000000000000069e-01
-1.433000000000000052e+00 -2.323799999999999955e+01 -1.413799999999999990e+01 -2.179999999999999993e-01
-3.436099999999999710e+01 -2.083299999999999841e+01 -1.771000000000000085e+01 -1.340000000000000080e-01
-4.776200000000000045e+01 -1.357099999999999973e+01 -2.597500000000000142e+01 -3.400000000000000244e-02
-4.229899999999999949e+01 -3.099999999999999978e-01 -2.689300000000000068e+01 -8.999999999999999320e-03
-2.981800000000000139e+01 1.528100000000000058e+01 -1.413100000000000023e+01 -6.000000000000000125e-03
-2.162099999999999866e+01 1.979899999999999949e+01 6.572000000000000064e+00 4.700000000000000011e-02
-1.997299999999999898e+01 4.354000000000000092e+00 1.795799999999999841e+01 8.100000000000000255e-02
-2.562000000000000099e+01 -1.929599999999999937e+01 8.939999999999999503e+00 -2.000000000000000042e-03
-3.863400000000000034e+01 -2.605399999999999849e+01 -9.567999999999999616e+00 -1.250000000000000000e-01
-5.308599999999999852e+01 -6.514000000000000234e+00 -1.991300000000000026e+01 -1.419999999999999873e-01
-6.213799999999999812e+01 2.111499999999999844e+01 -1.976999999999999957e+01 -8.200000000000000344e-02
-6.255700000000000216e+01 3.499600000000000222e+01 -1.772599999999999909e+01 -7.000000000000000666e-02
-5.977100000000000080e+01 2.966700000000000159e+01 -1.979400000000000048e+01 -9.600000000000000200e-02
-6.763500000000000512e+01 9.523999999999999133e+00 -2.631299999999999883e+01 -6.300000000000000044e-02
-8.100300000000000011e+01 -1.305599999999999916e+01 -2.968199999999999861e+01 3.899999999999999994e-02
-6.779000000000000625e+01 -1.669399999999999906e+01 -1.589100000000000001e+01 1.419999999999999873e-01
-2.106200000000000117e+01 2.165999999999999925e+00 1.523900000000000077e+01 1.749999999999999889e-01
1.723300000000000054e+01 1.433500000000000085e+01 3.663300000000000267e+01 7.499999999999999722e-02
1.966199999999999903e+01 5.150000000000000133e-01 2.496000000000000085e+01 -1.469999999999999918e-01
1.371000000000000085e+01 -1.676800000000000068e+01 -4.421999999999999709e+00 -3.350000000000000200e-01
2.881800000000000139e+01 -1.234999999999999964e+01 -1.919999999999999929e+01 -3.360000000000000209e-01
5.324000000000000199e+01 5.746000000000000441e+00 -1.013700000000000045e+01 -1.920000000000000040e-01
6.450199999999999534e+01 2.060600000000000165e+01 9.983000000000000540e+00 -3.500000000000000333e-02
5.946099999999999852e+01 2.765399999999999991e+01 2.612600000000000122e+01 7.199999999999999456e-02
4.441100000000000136e+01 2.128000000000000114e+01 2.819600000000000151e+01 1.170000000000000068e-01
2.540299999999999869e+01 -2.137999999999999901e+00 1.575600000000000023e+01 8.100000000000000255e-02
7.834999999999999964e+00 -2.660399999999999920e+01 -3.639999999999999902e-01 -8.000000000000000167e-03
-1.165399999999999991e+01 -3.336099999999999710e+01 -1.055199999999999960e+01 -8.100000000000000255e-02
-4.325300000000000011e+01 -2.952299999999999969e+01 -1.731500000000000128e+01 -1.170000000000000068e-01
-8.253499999999999659e+01 -3.527000000000000313e+01 -2.663299999999999912e+01 -1.549999999999999989e-01
-1.046039999999999992e+02 -5.126899999999999835e+01 -3.409899999999999665e+01 -2.200000000000000011e-01
-8.983599999999999852e+01 -5.937700000000000244e+01 -2.932799999999999940e+01 -2.680000000000000160e-01
-4.605299999999999727e+01 -4.864300000000000068e+01 -1.191300000000000026e+01 -2.270000000000000073e-01
-1.175999999999999934e+00 -2.403500000000000014e+01 4.998999999999999666e+00 -1.189999999999999947e-01
1.919699999999999918e+01 3.275999999999999801e+00 7.721000000000000085e+00 -7.299999999999999545e-02
1.011400000000000077e+01 2.349099999999999966e+01 -2.830000000000000071e+00 -1.549999999999999989e-01
-8.981999999999999318e+00 3.626400000000000290e+01 -1.118299999999999983e+01 -2.780000000000000249e-01
-1.437700000000000067e+01 5.204999999999999716e+01 -7.179000000000000270e+00 -3.140000000000000013e-01
-3.158999999999999808e+00 7.333499999999999375e+01 -7.129999999999999671e-01 -2.310000000000000109e-01
1.384399999999999942e+01 8.722899999999999920e+01 -5.546999999999999709e+00 -1.110000000000000014e-01
3.670199999999999818e+01 8.913700000000000045e+01 -1.268200000000000038e+01 -4.599999999999999922e-02
6.872799999999999443e+01 8.991599999999999682e+01 1.195000000000000062e+00 -1.400000000000000029e-02
9.243999999999999773e+01 8.982200000000000273e+01 3.483700000000000330e+01 6.800000000000000488e-02
8.868800000000000239e+01 7.612600000000000477e+01 5.605799999999999983e+01 1.749999999999999889e-01
7.109099999999999397e+01 5.181199999999999761e+01 4.559400000000000119e+01 2.369999999999999885e-01
6.432599999999999341e+01 3.468399999999999750e+01 2.219399999999999906e+01 2.849999999999999756e-01
6.454200000000000159e+01 2.781500000000000128e+01 1.103400000000000070e+01 3.800000000000000044e-01
5.334100000000000108e+01 1.810600000000000165e+01 1.142399999999999949e+01 5.000000000000000000e-01
2.932600000000000051e+01 2.949999999999999845e-01 9.355000000000000426e+00 6.079999999999999849e-01
4.027999999999999581e+00 -1.846300000000000097e+01 3.004000000000000004e+00 6.850000000000000533e-01
-1.534200000000000053e+01 -3.436500000000000199e+01 9.040000000000000258e-01 6.730000000000000426e-01
-2.723100000000000165e+01 -5.146399999999999864e+01 4.753999999999999559e+00 5.120000000000000107e-01
-3.137199999999999989e+01 -7.009099999999999397e+01 6.815999999999999837e+00 2.449999999999999956e-01
-3.129200000000000159e+01 -8.248000000000000398e+01 1.633000000000000007e+00 6.000000000000000125e-03
-3.389800000000000324e+01 -8.235999999999999943e+01 -6.469000000000000306e+00 -8.599999999999999312e-02
-3.838400000000000034e+01 -6.990399999999999636e+01 -8.384999999999999787e+00 -5.899999999999999689e-02
-3.388199999999999790e+01 -4.613100000000000023e+01 -1.364999999999999991e+00 -5.500000000000000028e-02
-1.976099999999999923e+01 -1.427100000000000080e+01 8.018000000000000682e+00 -1.380000000000000115e-01
-1.662800000000000011e+01 9.775999999999999801e+00 1.082600000000000051e+01 -2.159999999999999976e-01
-3.600999999999999801e+01 6.854000000000000092e+00 2.564000000000000057e+00 -2.200000000000000011e-01
-5.005499999999999972e+01 -1.377500000000000036e+01 -1.087599999999999945e+01 -1.970000000000000084e-01
-2.412600000000000122e+01 -1.586599999999999966e+01 -1.452100000000000080e+01 -1.799999999999999933e-01
2.600199999999999889e+01 1.254400000000000048e+01 -1.834999999999999964e+00 -1.239999999999999991e-01
4.875699999999999790e+01 3.660799999999999699e+01 1.353100000000000058e+01 -1.899999999999999953e-02
2.747899999999999920e+01 2.380900000000000105e+01 1.320500000000000007e+01 8.000000000000000167e-02
-3.392999999999999794e+00 -1.183200000000000074e+01 -3.548000000000000043e+00 1.559999999999999998e-01
-1.424099999999999966e+01 -3.495000000000000284e+01 -1.996199999999999974e+01 2.280000000000000082e-01
-1.377500000000000036e+01 -3.613900000000000290e+01 -2.279200000000000159e+01 2.819999999999999729e-01
-1.885000000000000142e+01 -3.396900000000000119e+01 -1.663400000000000034e+01 2.869999999999999774e-01
-2.517500000000000071e+01 -4.113600000000000279e+01 -1.387800000000000011e+01 2.449999999999999956e-01
-2.318499999999999872e+01 -4.810399999999999920e+01 -1.729299999999999926e+01 1.739999999999999880e-01
-1.704899999999999949e+01 -4.027900000000000347e+01 -1.913599999999999923e+01 1.029999999999999943e-01
-1.241099999999999959e+01 -1.615099999999999980e+01 -1.358500000000000085e+01 5.399999999999999939e-02
-4.551000000000000156e+00 1.414300000000000068e+01 -4.980000000000000426e+00 -8.999999999999999320e-03
8.345000000000000639e+00 3.774399999999999977e+01 -1.798000000000000043e+00 -1.360000000000000098e-01
1.710200000000000031e+01 4.755100000000000193e+01 -3.182999999999999829e+00 -3.069999999999999951e-01
1.855799999999999983e+01 4.611899999999999977e+01 9.050000000000000266e-01 -4.530000000000000138e-01
2.242200000000000060e+01 3.790599999999999881e+01 1.357600000000000051e+01 -5.450000000000000400e-01
3.009400000000000119e+01 2.362099999999999866e+01 2.481299999999999883e+01 -5.979999999999999760e-01
2.837199999999999989e+01 8.262000000000000455e+00 2.529299999999999926e+01 -6.099999999999999867e-01
1.467699999999999960e+01 3.496999999999999886e+00 1.861400000000000077e+01 -5.779999999999999583e-01
6.745000000000000107e+00 1.245599999999999952e+01 1.492399999999999949e+01 -5.490000000000000435e-01
1.926000000000000156e+01 2.183699999999999974e+01 1.665099999999999980e+01 -5.590000000000000524e-01
4.565899999999999892e+01 2.018799999999999883e+01 1.745899999999999963e+01 -5.779999999999999583e-01
6.467000000000000171e+01 1.330499999999999972e+01 1.405199999999999960e+01 -5.610000000000000542e-01
5.608500000000000085e+01 8.996000000000000441e+00 8.926999999999999602e+00 -5.420000000000000373e-01
1.369800000000000040e+01 8.880000000000000115e-01 1.770000000000000018e+00 -5.789999999999999591e-01
-4.527499999999999858e+01 -1.735999999999999943e+01 -9.239000000000000767e+00 -6.650000000000000355e-01
-8.410500000000000398e+01 -3.611399999999999721e+01 -1.949899999999999878e+01 -7.139999999999999680e-01
-7.645099999999999341e+01 -4.340299999999999869e+01 -2.385800000000000054e+01 -6.179999999999999938e-01
-3.578000000000000114e+01 -4.021300000000000097e+01 -2.491199999999999903e+01 -3.599999999999999867e-01
3.990000000000000213e-01 -2.985900000000000176e+01 -2.532700000000000173e+01 -8.899999999999999578e-02
1.490099999999999980e+01 -9.061999999999999389e+00 -2.037500000000000000e+01 5.000000000000000278e-02
2.132499999999999929e+01 1.983899999999999864e+01 -6.024000000000000021e+00 1.140000000000000041e-01
3.160699999999999932e+01 4.228499999999999659e+01 1.172300000000000075e+01 2.359999999999999876e-01
3.611999999999999744e+01 4.548599999999999710e+01 2.046399999999999864e+01 4.149999999999999800e-01
2.464900000000000091e+01 3.225900000000000034e+01 1.416999999999999993e+01 5.510000000000000453e-01
7.559000000000000163e+00 1.712399999999999878e+01 5.739999999999999547e-01 6.079999999999999849e-01
1.380000000000000115e-01 1.049200000000000088e+01 -8.426000000000000156e+00 6.099999999999999867e-01
9.749999999999999778e-01 8.345000000000000639e+00 -1.100600000000000023e+01 5.849999999999999645e-01
1.828999999999999959e+00 -1.209999999999999964e-01 -1.307199999999999918e+01 5.570000000000000506e-01
3.807999999999999829e+00 -1.549799999999999933e+01 -1.685900000000000176e+01 5.480000000000000426e-01
9.989000000000000767e+00 -2.473799999999999955e+01 -1.823100000000000165e+01 5.570000000000000506e-01
1.510899999999999999e+01 -1.599399999999999977e+01 -1.106900000000000084e+01 5.669999999999999485e-01
1.392200000000000060e+01 7.823000000000000398e+00 6.078999999999999737e+00 5.620000000000000551e-01
1.243099999999999916e+01 3.209799999999999898e+01 2.486899999999999977e+01 5.470000000000000417e-01
1.618900000000000006e+01 4.280799999999999983e+01 3.269899999999999807e+01 5.350000000000000311e-01
5.261999999999999567e+00 3.286699999999999733e+01 2.482600000000000051e+01 5.130000000000000115e-01
-5.246399999999999864e+01 2.918000000000000149e+00 7.871000000000000441e+00 4.319999999999999951e-01
-1.438089999999999975e+02 -3.701500000000000057e+01 -7.466999999999999638e+00 2.989999999999999880e-01
-1.993470000000000084e+02 -7.168000000000000682e+01 -1.540399999999999991e+01 2.119999999999999940e-01
-1.715229999999999961e+02 -9.248000000000000398e+01 -1.769900000000000162e+01 2.419999999999999929e-01
-9.365000000000000568e+01 -1.017750000000000057e+02 -1.779700000000000060e+01 3.489999999999999769e-01
-3.219400000000000261e+01 -1.036710000000000065e+02 -1.581300000000000061e+01 4.329999999999999960e-01
-1.034299999999999997e+01 -9.555299999999999727e+01 -1.250099999999999945e+01 4.259999999999999898e-01
-5.985999999999999766e+00 -7.087600000000000477e+01 -1.299699999999999989e+01 3.200000000000000067e-01
5.819999999999999618e-01 -2.937699999999999889e+01 -2.142399999999999949e+01 1.799999999999999933e-01
8.736000000000000654e+00 1.560100000000000087e+01 -3.485300000000000153e+01 8.500000000000000611e-02
2.098100000000000165e+01 4.603600000000000136e+01 -4.307800000000000296e+01 5.099999999999999672e-02
5.599499999999999744e+01 6.124099999999999966e+01 -3.228000000000000114e+01 2.800000000000000058e-02
1.165829999999999984e+02 8.068600000000000705e+01 1.915000000000000036e+00 1.099999999999999936e-02
1.588729999999999905e+02 1.168840000000000003e+02 4.094200000000000017e+01 5.999999999999999778e-02
1.350420000000000016e+02 1.548979999999999961e+02 5.839000000000000057e+01 1.380000000000000115e-01
6.693399999999999750e+01 1.683410000000000082e+02 5.264200000000000301e+01 9.800000000000000377e-02
2.877100000000000080e+01 1.535639999999999930e+02 4.663700000000000045e+01 -6.099999999999999867e-02
4.680299999999999727e+01 1.292870000000000061e+02 5.050999999999999801e+01 -1.380000000000000115e-01
6.743600000000000705e+01 9.683400000000000318e+01 4.541700000000000159e+01 -3.500000000000000333e-02
4.395400000000000063e+01 3.882000000000000028e+01 1.733200000000000074e+01 9.900000000000000466e-02
8.469999999999999751e-01 -3.252600000000000335e+01 -1.494899999999999984e+01 1.089999999999999997e-01
-1.623100000000000165e+01 -7.746699999999999875e+01 -2.587000000000000099e+01 1.600000000000000033e-02
-6.794999999999999929e+00 -8.793699999999999761e+01 -1.653800000000000026e+01 -8.899999999999999578e-02
3.811999999999999833e+00 -9.393899999999999295e+01 -9.859999999999999876e-01 -1.590000000000000024e-01
2.032100000000000151e+01 -1.093370000000000033e+02 1.717399999999999949e+01 -1.930000000000000049e-01
6.784399999999999409e+01 -1.160289999999999964e+02 3.185399999999999920e+01 -1.960000000000000075e-01
1.268780000000000001e+02 -9.981300000000000239e+01 2.716400000000000148e+01 -1.880000000000000004e-01
1.220979999999999990e+02 -7.084199999999999875e+01 4.485000000000000320e+00 -2.099999999999999922e-01
-3.529999999999999805e+00 -5.255499999999999972e+01 -1.495100000000000051e+01 -3.150000000000000022e-01
-2.138650000000000091e+02 -5.781400000000000006e+01 -2.425400000000000134e+01 -5.020000000000000018e-01
-3.788210000000000264e+02 -6.616899999999999693e+01 -3.361800000000000210e+01 -6.500000000000000222e-01
-3.711499999999999773e+02 -3.825900000000000034e+01 -4.225200000000000244e+01 -6.149999999999999911e-01
-1.975519999999999925e+02 3.428399999999999892e+01 -3.998799999999999955e+01 -4.299999999999999933e-01
3.943999999999999950e+00 1.186940000000000026e+02 -2.684900000000000020e+01 -2.959999999999999853e-01
1.248479999999999990e+02 1.843609999999999900e+02 -7.067000000000000171e+00 -2.929999999999999827e-01
1.706589999999999918e+02 2.157969999999999970e+02 1.682300000000000040e+01 -2.909999999999999809e-01
1.692019999999999982e+02 1.889559999999999889e+02 2.771099999999999852e+01 -2.300000000000000100e-01
1.112840000000000060e+02 9.346699999999999875e+01 3.846999999999999975e+00 -2.359999999999999876e-01
1.474300000000000033e+01 -2.279200000000000159e+01 -4.297099999999999653e+01 -3.679999999999999938e-01
-5.875500000000000256e+01 -9.283199999999999363e+01 -7.484099999999999397e+01 -4.779999999999999805e-01
-8.284300000000000352e+01 -1.168400000000000034e+02 -7.566599999999999682e+01 -4.189999999999999836e-01
-8.863299999999999557e+01 -1.469279999999999973e+02 -5.669200000000000017e+01 -2.399999999999999911e-01
-9.173699999999999477e+01 -1.850920000000000130e+02 -2.330999999999999872e+01 -8.799999999999999489e-02
-5.574600000000000222e+01 -1.714950000000000045e+02 2.602899999999999991e+01 -5.600000000000000117e-02
4.534400000000000119e+01 -8.487699999999999534e+01 7.473499999999999943e+01 -1.280000000000000027e-01
1.593089999999999975e+02 1.451299999999999990e+01 9.345699999999999363e+01 -1.940000000000000058e-01
1.914600000000000080e+02 5.887199999999999989e+01 7.219700000000000273e+01 -1.799999999999999933e-01
1.168559999999999945e+02 4.447899999999999920e+01 3.313600000000000279e+01 -1.469999999999999918e-01
1.578400000000000070e+01 1.643499999999999872e+01 1.030499999999999972e+01 -1.789999999999999925e-01
-2.678699999999999903e+01 1.062700000000000067e+01 2.083299999999999841e+01 -2.200000000000000011e-01
-1.165199999999999925e+01 2.733699999999999974e+01 5.156000000000000227e+01 -1.600000000000000033e-01
7.716000000000000192e+00 4.863799999999999812e+01 6.752400000000000091e+01 -0.000000000000000000e+00
2.669999999999999929e+00 6.210499999999999687e+01 4.480400000000000205e+01 1.290000000000000036e-01
-1.117999999999999972e+01 6.441100000000000136e+01 2.365000000000000213e+00 1.219999999999999973e-01
-8.268000000000000682e+00 5.420199999999999818e+01 -1.896099999999999852e+01 4.100000000000000172e-02
1.237700000000000067e+01 3.213300000000000267e+01 -1.107799999999999940e+01 5.399999999999999939e-02
2.883200000000000074e+01 5.921000000000000263e+00 -2.789000000000000146e+00 1.849999999999999978e-01
2.933999999999999986e+01 -1.090600000000000058e+01 -1.158999999999999986e+01 2.859999999999999765e-01
3.145299999999999940e+01 -8.669000000000000483e+00 -2.353800000000000026e+01 2.770000000000000240e-01
5.780400000000000205e+01 7.631000000000000227e+00 -2.272500000000000142e+01 2.459999999999999964e-01
1.019680000000000035e+02 2.112300000000000111e+01 -1.350300000000000011e+01 2.810000000000000275e-01
1.335829999999999984e+02 2.483699999999999974e+01 -5.919999999999999929e+00 3.529999999999999805e-01
1.328180000000000121e+02 3.289399999999999835e+01 -4.099999999999999756e-01 3.880000000000000115e-01
9.942199999999999704e+01 5.499199999999999733e+01 3.629000000000000004e+00 3.449999999999999734e-01
3.172700000000000031e+01 7.091800000000000637e+01 1.064999999999999947e+00 2.079999999999999905e-01
-6.739400000000000546e+01 5.259199999999999875e+01 -9.612000000000000099e+00 1.299999999999999940e-02
-1.600689999999999884e+02 3.495000000000000107e+00 -2.200499999999999901e+01 -1.360000000000000098e-01
-1.911279999999999859e+02 -4.492799999999999727e+01 -3.014399999999999835e+01 -1.620000000000000051e-01
-1.496610000000000014e+02 -7.075600000000000023e+01 -3.316599999999999682e+01 -8.799999999999999489e-02
-8.495499999999999829e+01 -7.789300000000000068e+01 -3.225999999999999801e+01 1.400000000000000029e-02
-5.101700000000000301e+01 -7.909999999999999432e+01 -2.879299999999999926e+01 8.999999999999999667e-02
-5.443900000000000006e+01 -7.944299999999999784e+01 -2.289799999999999969e+01 1.140000000000000041e-01
-6.606799999999999784e+01 -7.895300000000000296e+01 -1.214899999999999913e+01 8.699999999999999400e-02
-6.601000000000000512e+01 -8.157200000000000273e+01 2.182999999999999829e+00 5.099999999999999672e-02
-6.066299999999999670e+01 -9.237000000000000455e+01 9.021000000000000796e+00 5.500000000000000028e-02
-6.294100000000000250e+01 -1.050480000000000018e+02 -1.046000000000000041e+00 1.049999999999999961e-01
-7.201999999999999602e+01 -1.031820000000000022e+02 -1.879899999999999949e+01 1.499999999999999944e-01
-7.617400000000000659e+01 -7.964100000000000534e+01 -2.464199999999999946e+01 1.370000000000000107e-01
-6.661899999999999977e+01 -4.474799999999999756e+01 -1.433900000000000041e+01 7.199999999999999456e-02
-4.404800000000000182e+01 -1.253200000000000003e+01 -2.713000000000000078e+00 1.700000000000000122e-02
-1.569200000000000017e+01 1.156300000000000061e+01 -9.939999999999999947e-01 1.000000000000000021e-02
1.312299999999999933e+01 3.044600000000000151e+01 -3.980999999999999872e+00 5.199999999999999761e-02
4.182800000000000296e+01 5.106099999999999994e+01 -2.676000000000000156e+00 1.370000000000000107e-01
6.301299999999999812e+01 7.534799999999999898e+01 1.602999999999999980e+00 2.379999999999999893e-01
6.075000000000000000e+01 9.002700000000000102e+01 1.342999999999999972e+00 2.690000000000000169e-01
3.613400000000000034e+01 7.770499999999999829e+01 -4.652000000000000135e+00 1.630000000000000060e-01
1.435699999999999932e+01 4.325900000000000034e+01 -8.377000000000000668e+00 -1.099999999999999936e-02
8.345000000000000639e+00 1.196400000000000041e+01 -3.626999999999999780e+00 -9.900000000000000466e-02
3.600000000000000089e+00 -7.730000000000000204e-01 5.160000000000000142e+00 -6.300000000000000044e-02
-6.176000000000000156e+00 9.469999999999999529e-01 1.267300000000000004e+01 -3.099999999999999978e-02
-5.342999999999999972e+00 9.403999999999999915e+00 2.222899999999999920e+01 -1.019999999999999934e-01
6.919999999999999929e+00 1.743199999999999861e+01 3.136700000000000088e+01 -1.739999999999999880e-01
7.237000000000000099e+00 1.366200000000000081e+01 2.439600000000000080e+01 -9.199999999999999845e-02
-6.932000000000000384e+00 -5.387999999999999901e+00 -5.170000000000000151e-01 8.500000000000000611e-02
-7.163000000000000256e+00 -2.208299999999999841e+01 -1.720899999999999963e+01 1.849999999999999978e-01
1.678500000000000014e+01 -1.288700000000000045e+01 -4.080000000000000071e+00 1.920000000000000040e-01
4.547200000000000131e+01 1.963800000000000168e+01 2.696600000000000108e+01 2.079999999999999905e-01
6.598399999999999466e+01 4.050500000000000256e+01 4.553300000000000125e+01 2.419999999999999929e-01
7.227899999999999636e+01 2.054700000000000060e+01 3.548899999999999721e+01 1.970000000000000084e-01
5.095799999999999841e+01 -2.566900000000000048e+01 8.768000000000000682e+00 4.399999999999999745e-02
6.666000000000000369e+00 -6.092499999999999716e+01 -1.081400000000000006e+01 -1.160000000000000059e-01
-2.849200000000000088e+01 -7.509099999999999397e+01 -1.328200000000000003e+01 -1.869999999999999996e-01
-3.361899999999999977e+01 -8.379300000000000637e+01 -4.022000000000000242e+00 -1.819999999999999951e-01
-1.796999999999999886e+01 -8.832299999999999329e+01 1.356000000000000050e+01 -1.660000000000000087e-01
5.943999999999999950e+00 -7.087500000000000000e+01 4.019700000000000273e+01 -1.690000000000000113e-01
4.025600000000000023e+01 -2.715599999999999881e+01 6.526399999999999579e+01 -1.719999999999999862e-01
8.124599999999999511e+01 1.859700000000000131e+01 6.319599999999999795e+01 -1.189999999999999947e-01
1.024200000000000017e+02 3.843099999999999739e+01 2.036899999999999977e+01 8.000000000000000167e-03
8.306900000000000261e+01 3.383299999999999841e+01 -3.673499999999999943e+01 1.130000000000000032e-01
4.145900000000000318e+01 3.174800000000000111e+01 -6.254200000000000159e+01 8.200000000000000344e-02
1.134900000000000020e+01 4.884300000000000352e+01 -4.546600000000000108e+01 -4.299999999999999656e-02
-1.266999999999999904e+00 7.770699999999999363e+01 -1.745100000000000051e+01 -1.360000000000000098e-01
-1.041200000000000081e+01 1.093199999999999932e+02 -7.384999999999999787e+00 -1.600000000000000033e-01
-1.657199999999999918e+01 1.447620000000000005e+02 -1.016200000000000081e+01 -1.529999999999999971e-01
-1.087800000000000011e+01 1.757580000000000098e+02 -8.978999999999999204e+00 -1.130000000000000032e-01
8.880000000000000115e-01 1.785680000000000121e+02 -3.099000000000000199e+00 -1.600000000000000033e-02
6.613999999999999879e+00 1.464499999999999886e+02 -9.080000000000000293e-01 8.899999999999999578e-02
9.342999999999999972e+00 1.103259999999999934e+02 -3.126999999999999780e+00 1.170000000000000068e-01
1.675400000000000134e+01 1.020229999999999961e+02 -5.108999999999999986e+00 6.300000000000000044e-02
2.052100000000000080e+01 1.081670000000000016e+02 -7.193999999999999950e+00 1.000000000000000021e-03
7.403999999999999915e+00 8.748000000000000398e+01 -1.394200000000000017e+01 -3.200000000000000067e-02
-1.678500000000000014e+01 2.864799999999999969e+01 -2.366199999999999903e+01 -5.999999999999999778e-02
-3.238600000000000279e+01 -3.308800000000000097e+01 -2.474500000000000099e+01 -8.999999999999999667e-02
-3.129799999999999827e+01 -6.019100000000000250e+01 -9.505000000000000782e+00 -9.299999999999999933e-02
-2.166300000000000026e+01 -5.605499999999999972e+01 1.206300000000000061e+01 -5.299999999999999850e-02
-1.260500000000000043e+01 -5.272899999999999920e+01 2.276500000000000057e+01 2.400000000000000050e-02
-8.173000000000000043e+00 -6.711499999999999488e+01 1.946799999999999997e+01 1.150000000000000050e-01
-7.139999999999999680e+00 -8.568000000000000682e+01 1.514100000000000001e+01 1.539999999999999980e-01
-2.629000000000000004e+00 -8.992300000000000182e+01 1.794000000000000128e+01 8.400000000000000522e-02
4.084999999999999964e+00 -8.246099999999999852e+01 1.417200000000000060e+01 -5.299999999999999850e-02
-3.920999999999999819e+00 -7.957299999999999329e+01 -1.343299999999999983e+01 -1.700000000000000122e-01
-3.499900000000000233e+01 -8.391200000000000614e+01 -5.226299999999999812e+01 -2.409999999999999920e-01
-7.065000000000000568e+01 -7.756699999999999307e+01 -6.589799999999999613e+01 -2.750000000000000222e-01
-8.510500000000000398e+01 -4.653600000000000136e+01 -3.589099999999999824e+01 -2.349999999999999867e-01
-6.723000000000000398e+01 -3.331999999999999851e+00 1.369299999999999962e+01 -1.049999999999999961e-01
-1.937800000000000011e+01 2.427499999999999858e+01 3.724600000000000222e+01 2.999999999999999889e-02
4.232000000000000028e+01 2.367299999999999827e+01 1.715099999999999980e+01 8.599999999999999312e-02
8.514400000000000546e+01 1.015900000000000070e+01 -1.435399999999999920e+01 1.049999999999999961e-01
8.342199999999999704e+01 9.923000000000000043e+00 -1.593999999999999950e+01 1.620000000000000051e-01
4.998400000000000176e+01 2.809400000000000119e+01 1.265799999999999947e+01 2.220000000000000029e-01
2.514000000000000057e+01 3.831799999999999784e+01 4.021500000000000341e+01 2.010000000000000120e-01
2.760399999999999920e+01 1.604599999999999937e+01 4.833400000000000318e+01 9.700000000000000289e-02
3.142599999999999838e+01 -3.019000000000000128e+01 4.182699999999999818e+01 -1.200000000000000025e-02
6.144999999999999574e+00 -7.578499999999999659e+01 2.667200000000000060e+01 -6.500000000000000222e-02
-3.550000000000000000e+01 -1.071659999999999968e+02 3.999000000000000110e+00 -6.300000000000000044e-02
-5.611999999999999744e+01 -1.174470000000000027e+02 -1.745599999999999952e+01 -3.599999999999999728e-02
-4.722699999999999676e+01 -9.975300000000000011e+01 -2.395400000000000063e+01 -8.000000000000000167e-03
-3.378099999999999881e+01 -6.109400000000000119e+01 -1.433500000000000085e+01 1.299999999999999940e-02
-3.356900000000000261e+01 -2.539699999999999847e+01 -2.035000000000000142e+00 4.399999999999999745e-02
-3.913300000000000267e+01 -9.913999999999999702e+00 3.148000000000000131e+00 9.400000000000000022e-02
-3.747999999999999687e+01 -1.049600000000000044e+01 4.621000000000000441e+00 1.150000000000000050e-01
-2.857300000000000040e+01 -1.575399999999999956e+01 7.160000000000000142e+00 5.800000000000000294e-02
-2.055099999999999838e+01 -2.024500000000000099e+01 7.105000000000000426e+00 -3.599999999999999728e-02
-1.602700000000000102e+01 -2.032499999999999929e+01 2.429999999999999938e-01 -7.599999999999999811e-02
-1.033699999999999974e+01 -1.378400000000000070e+01 -9.462999999999999190e+00 -5.099999999999999672e-02
-1.872999999999999998e+00 -5.065999999999999837e+00 -1.365600000000000058e+01 -2.900000000000000147e-02
3.081999999999999851e+00 -3.659999999999999920e-01 -7.612000000000000099e+00 -3.099999999999999978e-02
2.999999999999999889e-02 -1.415999999999999925e+00 4.783999999999999808e+00 -2.400000000000000050e-02
-3.871999999999999886e+00 -3.184000000000000163e+00 1.337199999999999989e+01 -2.100000000000000130e-02
1.159999999999999920e+00 7.600999999999999979e+00 1.335999999999999943e+01 -4.299999999999999656e-02
9.087999999999999190e+00 3.470799999999999841e+01 1.002100000000000080e+01 -3.500000000000000333e-02
4.248999999999999666e+00 5.424000000000000199e+01 7.447000000000000064e+00 3.200000000000000067e-02
-9.282000000000000028e+00 4.541499999999999915e+01 3.398000000000000131e+00 7.799999999999999989e-02
-8.201999999999999957e+00 2.556099999999999994e+01 -2.141999999999999904e+00 6.600000000000000311e-02
1.061400000000000077e+01 1.959499999999999886e+01 -5.855000000000000426e+00 8.400000000000000522e-02
2.088899999999999935e+01 2.101699999999999946e+01 -8.743999999999999773e+00 1.650000000000000078e-01
5.900000000000000355e+00 1.093699999999999939e+01 -1.564199999999999946e+01 1.869999999999999996e-01
-2.244099999999999895e+01 -1.185800000000000054e+01 -2.688700000000000045e+01 4.499999999999999833e-02
-4.181900000000000261e+01 -3.160800000000000054e+01 -3.501400000000000290e+01 -1.690000000000000113e-01
-3.334599999999999653e+01 -2.670700000000000074e+01 -3.143100000000000094e+01 -2.630000000000000115e-01
6.581000000000000405e+00 1.227399999999999913e+01 -1.566799999999999926e+01 -1.970000000000000084e-01
5.146099999999999852e+01 6.560800000000000409e+01 3.337000000000000188e+00 -1.179999999999999938e-01
6.755200000000000671e+01 1.032780000000000058e+02 1.491300000000000026e+01 -1.270000000000000018e-01
5.788400000000000034e+01 1.150559999999999974e+02 1.426500000000000057e+01 -1.519999999999999962e-01
5.124799999999999756e+01 1.034260000000000019e+02 4.604000000000000092e+00 -9.199999999999999845e-02
5.438700000000000045e+01 7.165099999999999625e+01 -3.612000000000000099e+00 3.099999999999999978e-02
5.342399999999999949e+01 3.696099999999999852e+01 1.006999999999999895e+00 1.079999999999999988e-01
4.831400000000000006e+01 2.569800000000000040e+01 1.830199999999999960e+01 8.599999999999999312e-02
4.718599999999999994e+01 4.001500000000000057e+01 3.335900000000000176e+01 2.500000000000000139e-02
4.149399999999999977e+01 5.200699999999999790e+01 3.069500000000000028e+01 8.000000000000000167e-03
2.049699999999999989e+01 4.047699999999999676e+01 1.076699999999999946e+01 2.999999999999999889e-02
-3.958000000000000185e+00 1.348799999999999955e+01 -9.961999999999999744e+00 2.299999999999999961e-02
-1.300099999999999945e+01 -1.253700000000000081e+01 -1.767500000000000071e+01 -4.100000000000000172e-02
-4.546000000000000263e+00 -3.220000000000000284e+01 -1.633200000000000074e+01 -1.000000000000000056e-01
1.411999999999999922e+01 -4.413199999999999790e+01 -1.891900000000000048e+01 -6.700000000000000400e-02
3.409400000000000119e+01 -5.122399999999999665e+01 -3.090399999999999991e+01 6.700000000000000400e-02
3.440500000000000114e+01 -6.740600000000000591e+01 -4.898299999999999699e+01 2.089999999999999913e-01
-3.087000000000000188e+00 -9.770499999999999829e+01 -6.358299999999999841e+01 2.550000000000000044e-01
-5.076200000000000045e+01 -1.181850000000000023e+02 -5.472299999999999898e+01 1.849999999999999978e-01
-5.040899999999999892e+01 -9.900499999999999545e+01 -5.612000000000000099e+00 7.599999999999999811e-02
-2.700000000000000178e+00 -4.329599999999999937e+01 6.593099999999999739e+01 4.000000000000000083e-03
1.245400000000000063e+01 8.077999999999999403e+00 1.109489999999999981e+02 -3.300000000000000155e-02
-4.926700000000000301e+01 1.342900000000000027e+01 1.006200000000000045e+02 -7.699999999999999900e-02
-1.210589999999999975e+02 -2.345100000000000051e+01 5.607900000000000063e+01 -1.239999999999999991e-01
-1.194020000000000010e+02 -5.481400000000000006e+01 1.497000000000000064e+01 -1.380000000000000115e-01
-5.797099999999999653e+01 -4.843699999999999761e+01 -9.265000000000000568e+00 -1.170000000000000068e-01
-9.028999999999999915e+00 -2.418299999999999983e+01 -2.155199999999999960e+01 -7.599999999999999811e-02
7.259999999999999787e-01 -2.051899999999999835e+01 -2.420100000000000051e+01 -5.000000000000000104e-03
-4.871999999999999886e+00 -4.832000000000000028e+01 -1.980900000000000105e+01 8.899999999999999578e-02
-1.516200000000000081e+01 -8.404800000000000182e+01 -1.846999999999999886e+01 1.479999999999999927e-01
-4.195499999999999829e+01 -9.851099999999999568e+01 -2.650700000000000145e+01 1.219999999999999973e-01
-7.924200000000000443e+01 -8.990399999999999636e+01 -3.360600000000000165e+01 2.500000000000000139e-02
-9.509499999999999886e+01 -7.681999999999999318e+01 -2.277599999999999980e+01 -5.999999999999999778e-02
-6.556000000000000227e+01 -6.098799999999999955e+01 4.472999999999999865e+00 -4.399999999999999745e-02
-2.427999999999999936e+00 -2.572599999999999909e+01 2.511400000000000077e+01 1.120000000000000023e-01
5.500000000000000000e+01 2.885999999999999943e+01 2.483999999999999986e+01 3.430000000000000271e-01
7.902700000000000102e+01 7.869100000000000250e+01 1.514199999999999946e+01 5.150000000000000133e-01
8.106000000000000227e+01 1.057500000000000000e+02 8.464000000000000412e+00 5.120000000000000107e-01
8.221500000000000341e+01 1.162609999999999957e+02 -2.263999999999999790e+00 3.340000000000000191e-01
7.171800000000000352e+01 1.291349999999999909e+02 -2.227499999999999858e+01 1.079999999999999988e-01
3.313600000000000279e+01 1.551040000000000134e+02 -3.426700000000000301e+01 -2.199999999999999872e-02
-1.216399999999999970e+01 1.826599999999999966e+02 -2.076200000000000045e+01 -3.699999999999999817e-02
-3.225500000000000256e+01 1.836730000000000018e+02 6.019999999999999574e+00 -3.799999999999999906e-02
-2.566799999999999926e+01 1.416320000000000050e+02 1.666000000000000014e+01 -8.699999999999999400e-02
-7.011000000000000121e+00 7.302100000000000080e+01 3.008999999999999897e+00 -1.439999999999999891e-01
1.003400000000000070e+01 1.351800000000000068e+01 -1.302299999999999969e+01 -1.990000000000000102e-01
8.329000000000000625e+00 -1.450799999999999912e+01 -1.316900000000000048e+01 -3.360000000000000209e-01
-1.100000000000000000e+01 -1.417900000000000027e+01 -4.250000000000000000e+00 -5.480000000000000426e-01
-1.513499999999999979e+01 3.890000000000000124e-01 4.227000000000000313e+00 -6.660000000000000364e-01
1.164499999999999957e+01 1.555100000000000016e+01 1.542600000000000016e+01 -6.009999999999999787e-01
3.379699999999999704e+01 1.726200000000000045e+01 2.599899999999999878e+01 -4.660000000000000253e-01
1.454700000000000060e+01 -2.928999999999999826e+00 2.051800000000000068e+01 -3.709999999999999964e-01
-3.065200000000000102e+01 -3.712700000000000244e+01 -3.979999999999999982e+00 -3.089999999999999969e-01
-5.891899999999999693e+01 -6.502800000000000580e+01 -2.709499999999999886e+01 -2.379999999999999893e-01
-5.481600000000000250e+01 -7.084199999999999875e+01 -2.726899999999999835e+01 -1.429999999999999882e-01
-3.682600000000000051e+01 -5.580499999999999972e+01 -6.790000000000000036e+00 -1.600000000000000033e-02
-1.959400000000000119e+01 -3.488400000000000034e+01 1.218999999999999950e+01 1.179999999999999938e-01
2.713000000000000078e+00 -2.095299999999999940e+01 1.421700000000000053e+01 2.010000000000000120e-01
2.663700000000000045e+01 -1.617699999999999960e+01 4.934999999999999609e+00 1.799999999999999933e-01
2.719300000000000139e+01 -2.146300000000000097e+01 -2.646999999999999797e+00 6.099999999999999867e-02
2.690000000000000169e-01 -4.062500000000000000e+01 -5.078000000000000291e+00 -6.900000000000000577e-02
-1.939699999999999847e+01 -6.527599999999999625e+01 -5.448999999999999844e+00 -8.799999999999999489e-02
-9.795999999999999375e+00 -7.280800000000000693e+01 -4.363999999999999879e+00 3.799999999999999906e-02
6.493000000000000327e+00 -5.343999999999999773e+01 -1.479999999999999982e+00 1.990000000000000102e-01
5.413999999999999702e+00 -2.484400000000000119e+01 2.294999999999999929e+00 2.750000000000000222e-01
1.554999999999999938e+00 -7.604000000000000092e+00 8.628999999999999559e+00 2.640000000000000124e-01
2.193799999999999883e+01 -3.579999999999999849e-01 1.923999999999999844e+01 2.039999999999999869e-01
6.010199999999999676e+01 6.716000000000000192e+00 2.785200000000000031e+01 9.700000000000000289e-02
7.766899999999999693e+01 9.282999999999999474e+00 2.458699999999999974e+01 -3.000000000000000062e-03
5.277300000000000324e+01 1.362999999999999989e+00 1.026099999999999923e+01 1.700000000000000122e-02
9.996000000000000441e+00 -3.495999999999999996e+00 -3.108000000000000096e+00 1.590000000000000024e-01
-1.550900000000000034e+01 7.884999999999999787e+00 -8.805999999999999162e+00 2.720000000000000195e-01
-2.513599999999999923e+01 1.869800000000000040e+01 -1.318699999999999939e+01 2.730000000000000204e-01
-3.883800000000000097e+01 3.423000000000000043e+00 -2.299500000000000099e+01 2.710000000000000187e-01
-5.339999999999999858e+01 -3.128600000000000136e+01 -3.370700000000000074e+01 3.790000000000000036e-01
-5.417300000000000182e+01 -5.443099999999999739e+01 -3.431400000000000006e+01 5.160000000000000142e-01
-4.266899999999999693e+01 -4.795400000000000063e+01 -1.845100000000000051e+01 5.090000000000000080e-01
-2.077799999999999869e+01 -1.744500000000000028e+01 6.910000000000000142e+00 2.939999999999999836e-01
2.354400000000000048e+01 1.869500000000000028e+01 2.021900000000000119e+01 -4.000000000000000083e-02
8.790699999999999648e+01 4.000000000000000000e+01 4.775999999999999801e+00 -3.240000000000000102e-01
1.348969999999999914e+02 3.843699999999999761e+01 -2.475100000000000122e+01 -4.249999999999999889e-01
1.243400000000000034e+02 2.593100000000000094e+01 -3.395400000000000063e+01 -3.609999999999999876e-01
6.475300000000000011e+01 2.109799999999999898e+01 -1.246199999999999974e+01 -2.949999999999999845e-01
1.602899999999999991e+01 3.254099999999999682e+01 1.672500000000000142e+01 -3.250000000000000111e-01
2.797299999999999898e+01 5.419400000000000261e+01 3.323599999999999710e+01 -3.579999999999999849e-01
8.615200000000000102e+01 7.032999999999999829e+01 3.987700000000000244e+01 -2.590000000000000080e-01
1.317789999999999964e+02 6.893999999999999773e+01 4.715100000000000335e+01 -5.099999999999999672e-02
1.227810000000000059e+02 5.036599999999999966e+01 5.571099999999999852e+01 1.199999999999999956e-01
6.399900000000000233e+01 1.931700000000000017e+01 5.543599999999999994e+01 1.539999999999999980e-01
-7.730000000000000426e+00 -1.940399999999999991e+01 3.815800000000000125e+01 9.600000000000000200e-02
-5.507999999999999829e+01 -5.241700000000000159e+01 1.086899999999999977e+01 7.699999999999999900e-02
-6.371000000000000085e+01 -6.433599999999999852e+01 -1.088799999999999990e+01 1.519999999999999962e-01
-4.602400000000000091e+01 -5.830499999999999972e+01 -2.142200000000000060e+01 2.300000000000000100e-01
-2.765399999999999991e+01 -5.157099999999999795e+01 -2.559400000000000119e+01 1.950000000000000067e-01
-2.645400000000000063e+01 -4.984199999999999875e+01 -2.505499999999999972e+01 6.199999999999999956e-02
-3.717699999999999960e+01 -4.522599999999999909e+01 -1.719399999999999906e+01 -5.299999999999999850e-02
-4.112599999999999767e+01 -3.797099999999999653e+01 -7.044999999999999929e+00 -7.199999999999999456e-02
-3.592000000000000171e+01 -3.992300000000000182e+01 -6.700000000000000178e+00 -1.600000000000000033e-02
-4.092499999999999716e+01 -5.410300000000000153e+01 -1.715099999999999980e+01 5.299999999999999850e-02
-6.353799999999999670e+01 -6.522199999999999420e+01 -2.285999999999999943e+01 7.699999999999999900e-02
-8.099099999999999966e+01 -5.455899999999999750e+01 -1.270100000000000051e+01 4.499999999999999833e-02
-7.085399999999999920e+01 -1.885699999999999932e+01 5.565999999999999837e+00 1.400000000000000029e-02
-4.270400000000000063e+01 2.495799999999999841e+01 1.679899999999999949e+01 5.399999999999999939e-02
-2.613100000000000023e+01 5.069100000000000250e+01 1.173399999999999999e+01 1.449999999999999900e-01
-3.609700000000000131e+01 4.340200000000000102e+01 -1.019599999999999973e+01 1.839999999999999969e-01
-5.719500000000000028e+01 1.540700000000000003e+01 -3.762500000000000000e+01 1.189999999999999947e-01
-6.083299999999999841e+01 -2.173000000000000043e+00 -5.061999999999999744e+01 1.899999999999999953e-02
-3.633500000000000085e+01 1.137199999999999989e+01 -3.811099999999999710e+01 -2.999999999999999889e-02
-1.529999999999999971e-01 4.977600000000000335e+01 -8.532999999999999474e+00 -2.699999999999999969e-02
2.657700000000000173e+01 9.109999999999999432e+01 1.973499999999999943e+01 0.000000000000000000e+00
3.803199999999999648e+01 1.171730000000000018e+02 3.267499999999999716e+01 4.000000000000000083e-02
3.735099999999999909e+01 1.219039999999999964e+02 2.727700000000000102e+01 6.600000000000000311e-02
2.396000000000000085e+01 1.070270000000000010e+02 1.103100000000000058e+01 6.199999999999999956e-02
-2.376999999999999780e+00 7.696099999999999852e+01 -4.700000000000000178e+00 4.399999999999999745e-02
-2.663200000000000145e+01 4.139200000000000301e+01 -1.245599999999999952e+01 1.600000000000000033e-02
-2.252700000000000102e+01 1.456000000000000050e+01 -1.169899999999999984e+01 -2.999999999999999889e-02
1.267800000000000082e+01 3.564000000000000057e+00 -7.181000000000000050e+00 -6.300000000000000044e-02
4.468699999999999761e+01 2.712000000000000188e+00 -3.888999999999999790e+00 -4.900000000000000189e-02
4.728399999999999892e+01 4.501999999999999780e+00 -1.532000000000000028e+00 1.000000000000000021e-03
3.638199999999999790e+01 7.887999999999999901e+00 3.468999999999999861e+00 5.099999999999999672e-02
3.258200000000000074e+01 1.004800000000000004e+01 9.071999999999999176e+00 6.400000000000000133e-02
1.943299999999999983e+01 6.620000000000000329e-01 6.777000000000000135e+00 -7.000000000000000146e-03
-2.644900000000000162e+01 -2.534700000000000131e+01 -6.250000000000000000e+00 -1.610000000000000042e-01
-8.235200000000000387e+01 -5.475900000000000034e+01 -2.027100000000000080e+01 -3.099999999999999978e-01
-9.600100000000000477e+01 -6.561899999999999977e+01 -2.352299999999999969e+01 -3.619999999999999885e-01
-5.377199999999999847e+01 -5.043999999999999773e+01 -1.531799999999999962e+01 -3.310000000000000164e-01
1.770999999999999908e+00 -2.427700000000000102e+01 -3.781000000000000139e+00 -3.140000000000000013e-01
2.775499999999999901e+01 -7.929999999999999716e+00 5.219999999999999751e+00 -3.459999999999999742e-01
2.594999999999999929e+01 -7.016000000000000014e+00 1.073399999999999999e+01 -3.489999999999999769e-01
2.189000000000000057e+01 -1.138199999999999967e+01 1.225099999999999945e+01 -2.660000000000000142e-01
2.449599999999999866e+01 -1.248099999999999987e+01 1.118299999999999983e+01 -1.489999999999999936e-01
2.901500000000000057e+01 -1.191399999999999970e+01 1.361500000000000021e+01 -5.800000000000000294e-02
3.619299999999999784e+01 -1.187899999999999956e+01 2.174099999999999966e+01 2.199999999999999872e-02
3.477300000000000324e+01 -1.254199999999999982e+01 2.630999999999999872e+01 8.000000000000000167e-02
-3.771999999999999797e+00 -2.117800000000000082e+01 1.784499999999999886e+01 2.900000000000000147e-02
-7.282699999999999818e+01 -4.289300000000000068e+01 1.566999999999999948e+00 -1.280000000000000027e-01
-1.145210000000000008e+02 -6.249600000000000222e+01 -8.622999999999999332e+00 -2.389999999999999902e-01
-9.627700000000000102e+01 -6.025200000000000244e+01 -8.336000000000000298e+00 -1.990000000000000102e-01
-5.627000000000000313e+01 -4.116799999999999926e+01 -5.559999999999999609e+00 -8.500000000000000611e-02
-3.903300000000000125e+01 -2.476800000000000068e+01 -6.488999999999999879e+00 -2.100000000000000130e-02
-3.700999999999999801e+01 -1.519999999999999929e+01 -7.641000000000000014e+00 -1.499999999999999944e-02
-2.649099999999999966e+01 -3.548999999999999932e+00 -3.540000000000000036e+00 3.000000000000000062e-03
-1.209399999999999942e+01 1.185299999999999976e+01 4.275000000000000355e+00 4.700000000000000011e-02
-4.439000000000000057e+00 2.566499999999999915e+01 9.131000000000000227e+00 8.500000000000000611e-02
6.426000000000000156e+00 3.463700000000000045e+01 7.602999999999999758e+00 1.270000000000000018e-01
2.854799999999999827e+01 3.617199999999999704e+01 3.028999999999999915e+00 1.880000000000000004e-01
4.857800000000000296e+01 2.805000000000000071e+01 2.049999999999999878e-01 2.240000000000000047e-01
5.171500000000000341e+01 1.214799999999999969e+01 -5.170000000000000151e-01 1.960000000000000075e-01
4.147599999999999909e+01 -7.660000000000000142e+00 -9.360000000000000542e-01 1.580000000000000016e-01
3.349900000000000233e+01 -2.715700000000000003e+01 -5.399999999999999939e-02 1.960000000000000075e-01
3.993699999999999761e+01 -3.937500000000000000e+01 3.540999999999999925e+00 3.009999999999999898e-01
5.882900000000000063e+01 -3.900999999999999801e+01 7.123000000000000220e+00 3.709999999999999964e-01
7.529099999999999682e+01 -3.056899999999999906e+01 6.780000000000000249e+00 3.529999999999999805e-01
7.604500000000000171e+01 -2.473999999999999844e+01 3.140000000000000124e+00 2.929999999999999827e-01
6.165999999999999659e+01 -2.625499999999999901e+01 2.590000000000000080e-01 2.320000000000000118e-01
4.287500000000000000e+01 -2.909199999999999875e+01 -3.589999999999999858e-01 1.409999999999999865e-01
3.023499999999999943e+01 -2.324099999999999966e+01 -1.211999999999999966e+00 1.000000000000000021e-03
2.872400000000000020e+01 -5.868999999999999773e+00 -3.988999999999999879e+00 -1.310000000000000053e-01
3.526299999999999812e+01 1.429400000000000048e+01 -6.299999999999999822e+00 -1.779999999999999916e-01
3.954399999999999693e+01 2.595499999999999829e+01 -4.730000000000000426e+00 -1.400000000000000133e-01
3.307099999999999795e+01 2.744300000000000139e+01 4.299999999999999656e-02 -8.400000000000000522e-02
1.878800000000000026e+01 2.677299999999999969e+01 3.568999999999999950e+00 -5.999999999999999778e-02
6.365000000000000213e+00 3.151300000000000168e+01 3.642999999999999794e+00 -6.300000000000000044e-02
-4.144999999999999574e+00 4.098100000000000165e+01 3.021999999999999797e+00 -6.500000000000000222e-02
-2.338500000000000156e+01 4.677300000000000324e+01 5.009000000000000341e+00 -6.099999999999999867e-02
-4.994599999999999795e+01 4.124499999999999744e+01 8.714000000000000412e+00 -4.700000000000000011e-02
-6.360799999999999699e+01 2.540899999999999892e+01 9.813000000000000611e+00 -8.999999999999999320e-03
-5.437800000000000011e+01 5.500000000000000000e+00 5.621000000000000441e+00 3.300000000000000155e-02
-3.790299999999999869e+01 -1.352500000000000036e+01 -1.229000000000000092e+00 3.599999999999999728e-02
-2.929599999999999937e+01 -2.545400000000000063e+01 -5.950000000000000178e+00 3.000000000000000062e-03
-2.277899999999999991e+01 -2.318900000000000006e+01 -7.761000000000000121e+00 8.000000000000000167e-03
-7.964000000000000412e+00 -8.981999999999999318e+00 -9.388999999999999346e+00 7.499999999999999722e-02
1.023000000000000043e+01 3.859999999999999876e+00 -1.163199999999999967e+01 1.160000000000000059e-01
1.743700000000000117e+01 4.610999999999999766e+00 -1.292500000000000071e+01 5.899999999999999689e-02
8.422000000000000597e+00 -3.636000000000000121e+00 -1.267900000000000027e+01 -2.800000000000000058e-02
-7.964999999999999858e+00 -9.230999999999999872e+00 -1.105400000000000027e+01 -4.900000000000000189e-02
-2.044099999999999895e+01 -7.105999999999999872e+00 -7.482000000000000206e+00 -2.400000000000000050e-02
-2.272500000000000142e+01 -3.754999999999999893e+00 -2.125999999999999890e+00 -2.199999999999999872e-02
-1.225799999999999912e+01 -4.996999999999999886e+00 3.028999999999999915e+00 -4.000000000000000083e-02
4.810999999999999943e+00 -6.288000000000000256e+00 5.863000000000000433e+00 -2.500000000000000139e-02
1.286200000000000010e+01 -2.093999999999999861e+00 5.522999999999999687e+00 1.799999999999999864e-02
4.266000000000000014e+00 2.037999999999999812e+00 1.758000000000000007e+00 3.300000000000000155e-02
-1.088700000000000045e+01 -2.991000000000000103e+00 -5.812000000000000277e+00 5.000000000000000104e-03
-1.758200000000000074e+01 -1.378899999999999970e+01 -1.606400000000000006e+01 -1.400000000000000029e-02
-7.272999999999999687e+00 -1.604899999999999949e+01 -2.200300000000000011e+01 1.499999999999999944e-02
1.739000000000000057e+01 -3.738999999999999879e+00 -1.192399999999999949e+01 7.000000000000000666e-02
3.922999999999999687e+01 9.169000000000000483e+00 1.368999999999999950e+01 1.049999999999999961e-01
4.112100000000000222e+01 2.395000000000000018e+00 2.974599999999999866e+01 7.199999999999999456e-02
2.184499999999999886e+01 -2.369800000000000040e+01 1.195100000000000051e+01 -4.000000000000000083e-02
-1.632600000000000051e+01 -4.369599999999999795e+01 -2.749500000000000099e+01 -1.429999999999999882e-01
-6.985399999999999920e+01 -3.946300000000000097e+01 -5.401899999999999835e+01 -1.320000000000000062e-01
-1.084279999999999973e+02 -2.478200000000000003e+01 -5.332099999999999795e+01 -5.199999999999999761e-02
-9.015600000000000591e+01 -2.051099999999999923e+01 -3.415200000000000102e+01 -2.299999999999999961e-02
-2.473100000000000165e+01 -2.460500000000000043e+01 -5.083000000000000185e+00 -1.899999999999999953e-02
1.854100000000000037e+01 -2.937099999999999866e+01 2.207199999999999918e+01 6.500000000000000222e-02
-1.760000000000000009e+00 -3.541100000000000136e+01 3.096799999999999997e+01 1.789999999999999925e-01
-3.675600000000000023e+01 -2.598400000000000176e+01 3.033299999999999841e+01 1.580000000000000016e-01
-1.836100000000000065e+01 2.312399999999999878e+01 4.639900000000000091e+01 -5.099999999999999672e-02
4.055400000000000205e+01 9.253100000000000591e+01 6.886599999999999966e+01 -3.439999999999999725e-01
7.706300000000000239e+01 1.346200000000000045e+02 6.031700000000000017e+01 -5.600000000000000533e-01
7.454500000000000171e+01 1.417599999999999909e+02 2.521600000000000108e+01 -5.799999999999999600e-01
6.238700000000000045e+01 1.447410000000000139e+02 5.790000000000000036e+00 -4.129999999999999782e-01
5.248700000000000188e+01 1.547419999999999902e+02 1.312800000000000011e+01 -2.270000000000000073e-01
3.783400000000000318e+01 1.562500000000000000e+02 2.069600000000000151e+01 -1.719999999999999862e-01
2.855600000000000094e+01 1.451289999999999907e+02 1.623199999999999932e+01 -1.799999999999999933e-01
4.232000000000000028e+01 1.377849999999999966e+02 1.286200000000000010e+01 -7.900000000000000078e-02
7.194700000000000273e+01 1.456920000000000073e+02 1.646399999999999864e+01 1.509999999999999953e-01
8.730599999999999739e+01 1.536519999999999868e+02 1.556900000000000084e+01 3.499999999999999778e-01
6.988700000000000045e+01 1.307129999999999939e+02 3.475000000000000089e+00 3.980000000000000204e-01
3.631199999999999761e+01 6.956399999999999295e+01 -1.029700000000000060e+01 3.330000000000000182e-01
1.485699999999999932e+01 6.730000000000000426e-01 -1.550799999999999912e+01 2.630000000000000115e-01
6.871000000000000441e+00 -4.430599999999999739e+01 -1.488299999999999912e+01 2.300000000000000100e-01
-5.623000000000000220e+00 -6.415200000000000102e+01 -1.586400000000000077e+01 2.039999999999999869e-01
-2.497500000000000142e+01 -7.599599999999999511e+01 -1.889499999999999957e+01 1.630000000000000060e-01
-3.740999999999999659e+01 -9.144599999999999795e+01 -2.032000000000000028e+01 1.239999999999999991e-01
-3.907800000000000296e+01 -1.119489999999999981e+02 -1.976399999999999935e+01 9.199999999999999845e-02
-3.984199999999999875e+01 -1.357030000000000030e+02 -1.911599999999999966e+01 5.399999999999999939e-02
-4.517799999999999727e+01 -1.585960000000000036e+02 -1.834400000000000119e+01 2.299999999999999961e-02
-5.126899999999999835e+01 -1.713950000000000102e+02 -1.684199999999999875e+01 2.900000000000000147e-02
-5.575200000000000244e+01 -1.681119999999999948e+02 -1.613500000000000156e+01 6.199999999999999956e-02
-5.937100000000000222e+01 -1.556920000000000073e+02 -1.674399999999999977e+01 7.699999999999999900e-02
-5.866799999999999926e+01 -1.429970000000000141e+02 -1.565900000000000070e+01 6.099999999999999867e-02
-4.844200000000000017e+01 -1.264650000000000034e+02 -1.142399999999999949e+01 3.699999999999999817e-02
-3.058500000000000085e+01 -1.003349999999999937e+02 -7.594999999999999751e+00 2.699999999999999969e-02
-1.466399999999999970e+01 -7.083499999999999375e+01 -7.633000000000000007e+00 2.000000000000000042e-02
-1.020800000000000018e+01 -4.699099999999999966e+01 -9.740000000000000213e+00 -2.000000000000000042e-03
-1.855699999999999861e+01 -2.853600000000000136e+01 -8.547000000000000597e+00 -2.500000000000000139e-02
-3.180799999999999983e+01 -1.271799999999999997e+01 -1.735999999999999988e+00 -2.000000000000000042e-02
-3.967499999999999716e+01 -1.806999999999999940e+00 5.097999999999999865e+00 2.000000000000000042e-03
0.000000000000000000e+00 0.000000000000000000e+00 0.000000000000000000e+00 0.000000000000000000e+00
-2.326800000000000068e+01 -1.229000000000000092e+00 -4.673000000000000043e+00 1.499999999999999944e-02
-1.273600000000000065e+01 -1.237700000000000067e+01 -1.118800000000000061e+01 2.900000000000000147e-02
-1.449300000000000033e+01 -2.763899999999999935e+01 -1.013100000000000023e+01 4.100000000000000172e-02
-2.261799999999999855e+01 -3.496399999999999864e+01 -5.573999999999999844e+00 3.400000000000000244e-02
-2.100000000000000000e+01 -2.670700000000000074e+01 -3.020999999999999908e+00 1.499999999999999944e-02
-4.213000000000000078e+00 -9.375000000000000000e+00 -2.193000000000000060e+00 -2.500000000000000139e-02
1.734100000000000108e+01 6.381000000000000227e+00 -1.167000000000000037e+00 -8.999999999999999667e-02
3.098400000000000176e+01 1.830300000000000082e+01 -2.141999999999999904e+00 -1.229999999999999982e-01
3.141400000000000148e+01 2.917399999999999949e+01 -7.339999999999999858e+00 -8.300000000000000433e-02
2.082799999999999940e+01 3.697200000000000131e+01 -1.258300000000000018e+01 -2.599999999999999881e-02
5.971000000000000085e+00 3.628000000000000114e+01 -1.119500000000000028e+01 -1.200000000000000025e-02
-5.762999999999999901e+00 2.774800000000000111e+01 -1.633999999999999897e+00 -3.099999999999999978e-02
-7.479000000000000092e+00 1.959600000000000009e+01 1.284900000000000020e+01 -5.099999999999999672e-02
6.272000000000000242e+00 1.890700000000000003e+01 2.666499999999999915e+01 -5.899999999999999689e-02
3.217999999999999972e+01 2.387900000000000134e+01 3.116900000000000048e+01 -5.299999999999999850e-02
5.354999999999999716e+01 2.565099999999999980e+01 2.071300000000000097e+01 -4.100000000000000172e-02
5.233700000000000330e+01 1.929200000000000159e+01 2.927999999999999936e+00 -4.000000000000000083e-02
3.001500000000000057e+01 1.132600000000000051e+01 -6.543000000000000149e+00 -4.900000000000000189e-02
7.881000000000000227e+00 1.007000000000000028e+01 -2.303999999999999826e+00 -5.299999999999999850e-02
-4.650000000000000244e-01 1.194599999999999973e+01 6.027999999999999581e+00 -4.700000000000000011e-02
-4.208000000000000185e+00 8.349000000000000199e+00 8.294000000000000483e+00 -1.400000000000000029e-02
-1.435599999999999987e+01 1.372000000000000108e+00 5.261000000000000121e+00 7.799999999999999989e-02
-2.364300000000000068e+01 7.289999999999999813e-01 3.762000000000000011e+00 2.200000000000000011e-01
-1.956200000000000117e+01 8.346999999999999531e+00 6.166999999999999815e+00 3.220000000000000084e-01
-7.200000000000000178e+00 1.501099999999999923e+01 8.371999999999999886e+00 2.999999999999999889e-01
-3.564999999999999947e+00 1.280300000000000082e+01 6.578000000000000291e+00 1.859999999999999987e-01
-1.188899999999999935e+01 5.264999999999999680e+00 2.484999999999999876e+00 9.400000000000000022e-02
-1.872400000000000020e+01 6.280000000000000027e-01 1.029999999999999943e-01 5.700000000000000205e-02
-1.579299999999999926e+01 -6.400000000000000133e-01 5.000000000000000278e-02 -2.000000000000000042e-03
-8.477000000000000313e+00 -3.028000000000000025e+00 8.699999999999999400e-02 -1.260000000000000009e-01
-4.141000000000000014e+00 -4.692000000000000171e+00 -8.419999999999999707e-01 -2.540000000000000036e-01
-3.424999999999999822e+00 5.130000000000000115e-01 -1.695000000000000062e+00 -3.390000000000000235e-01
-2.623000000000000220e+00 1.222499999999999964e+01 -1.124000000000000110e+00 -4.139999999999999791e-01
3.529999999999999805e-01 2.307600000000000051e+01 3.609999999999999876e-01 -4.879999999999999893e-01
3.858000000000000096e+00 2.778300000000000125e+01 7.179999999999999716e-01 -5.070000000000000062e-01
6.366999999999999993e+00 2.875300000000000011e+01 2.139999999999999958e-01 -4.620000000000000218e-01
1.122000000000000064e+01 3.249699999999999989e+01 1.677000000000000046e+00 -3.970000000000000195e-01
2.339699999999999847e+01 4.029299999999999926e+01 5.411999999999999922e+00 -3.240000000000000102e-01
3.930400000000000205e+01 4.530499999999999972e+01 8.391000000000000014e+00 -2.369999999999999885e-01
4.765400000000000347e+01 4.385199999999999676e+01 9.147000000000000242e+00 -1.779999999999999916e-01
4.667600000000000193e+01 4.475399999999999778e+01 9.531000000000000583e+00 -1.779999999999999916e-01
4.834799999999999898e+01 5.653699999999999903e+01 1.093299999999999983e+01 -1.789999999999999925e-01
5.602000000000000313e+01 6.830400000000000205e+01 1.118800000000000061e+01 -8.400000000000000522e-02
5.353900000000000148e+01 5.967999999999999972e+01 7.381000000000000227e+00 1.100000000000000006e-01
2.980900000000000105e+01 3.151000000000000156e+01 1.094000000000000083e+00 2.919999999999999818e-01
-1.086000000000000076e+00 8.044999999999999929e+00 -2.810999999999999943e+00 3.569999999999999840e-01
-1.820700000000000074e+01 4.099999999999999645e+00 -2.939000000000000057e+00 3.220000000000000084e-01
-1.891700000000000159e+01 9.233999999999999986e+00 -2.202999999999999847e+00 2.800000000000000266e-01
-1.403599999999999959e+01 1.002899999999999991e+01 -2.415999999999999925e+00 2.720000000000000195e-01
-1.029199999999999982e+01 8.374000000000000554e+00 -3.045999999999999819e+00 2.550000000000000044e-01
-8.237999999999999545e+00 9.233999999999999986e+00 -4.006999999999999673e+00 2.069999999999999896e-01
-8.586000000000000298e+00 7.613999999999999879e+00 -5.346000000000000085e+00 1.700000000000000122e-01
-1.153999999999999915e+01 -1.256000000000000005e+00 -5.687000000000000277e+00 1.759999999999999898e-01
-1.444699999999999918e+01 -1.124099999999999966e+01 -4.376999999999999780e+00 1.930000000000000049e-01
-1.518999999999999950e+01 -1.463599999999999923e+01 -3.121999999999999886e+00 1.849999999999999978e-01
-1.418299999999999983e+01 -1.301999999999999957e+01 -2.853000000000000203e+00 1.680000000000000104e-01
-1.163299999999999912e+01 -1.224900000000000055e+01 -2.169999999999999929e+00 1.690000000000000113e-01
-7.810999999999999943e+00 -1.426999999999999957e+01 -4.279999999999999916e-01 1.719999999999999862e-01
-5.697000000000000064e+00 -1.809299999999999997e+01 9.070000000000000284e-01 1.590000000000000024e-01
-7.931000000000000050e+00 -2.318700000000000117e+01 3.519999999999999796e-01 1.429999999999999882e-01
-1.200500000000000078e+01 -2.841700000000000159e+01 -1.701999999999999957e+00 1.260000000000000009e-01
-1.337800000000000011e+01 -3.074200000000000088e+01 -2.875999999999999890e+00 9.900000000000000466e-02
-1.181400000000000006e+01 -2.839399999999999835e+01 -1.356000000000000094e+00 7.299999999999999545e-02
-1.032199999999999918e+01 -2.403399999999999892e+01 7.610000000000000098e-01 7.199999999999999456e-02
-9.855000000000000426e+00 -2.112000000000000099e+01 -4.050000000000000266e-01 8.400000000000000522e-02
-8.500000000000000000e+00 -1.775600000000000023e+01 -4.097999999999999865e+00 7.499999999999999722e-02
-4.049000000000000377e+00 -8.698000000000000398e+00 -5.189000000000000057e+00 4.700000000000000011e-02
3.350999999999999979e+00 5.458000000000000185e+00 -2.068000000000000060e+00 3.300000000000000155e-02
9.000000000000000000e+00 1.507799999999999940e+01 6.029999999999999805e-01 4.599999999999999922e-02
7.546000000000000263e+00 1.141499999999999915e+01 -1.008999999999999897e+00 5.500000000000000028e-02
1.260999999999999899e+00 -1.387000000000000011e+00 -4.163000000000000256e+00 3.300000000000000155e-02
-2.423000000000000043e+00 -1.036100000000000065e+01 -4.554999999999999716e+00 0.000000000000000000e+00
-1.534000000000000030e+00 -1.035299999999999976e+01 -3.439000000000000057e+00 -1.000000000000000021e-02
2.520000000000000018e-01 -8.545999999999999375e+00 -4.535000000000000142e+00 -6.000000000000000125e-03
9.709999999999999742e-01 -1.122899999999999920e+01 -7.333999999999999631e+00 -1.700000000000000122e-02
9.809999999999999831e-01 -1.497300000000000075e+01 -8.448000000000000398e+00 -4.599999999999999922e-02
2.999999999999999889e-02 -1.431799999999999962e+01 -6.639999999999999680e+00 -6.400000000000000133e-02
-1.465000000000000080e+00 -1.089199999999999946e+01 -3.702999999999999847e+00 -5.600000000000000117e-02
-1.127000000000000002e+00 -9.342999999999999972e+00 -1.975999999999999979e+00 -4.100000000000000172e-02
1.616000000000000103e+00 -9.554999999999999716e+00 -1.921999999999999931e+00 -3.699999999999999817e-02
3.390000000000000124e+00 -8.791999999999999815e+00 -2.273000000000000131e+00 -3.400000000000000244e-02
2.245999999999999996e+00 -7.304999999999999716e+00 -2.023000000000000131e+00 -2.400000000000000050e-02
8.689999999999999947e-01 -6.825000000000000178e+00 -1.274000000000000021e+00 -2.299999999999999961e-02
1.524000000000000021e+00 -6.725999999999999979e+00 -5.060000000000000053e-01 -4.399999999999999745e-02
3.029999999999999805e+00 -5.658000000000000362e+00 3.609999999999999876e-01 -5.800000000000000294e-02
3.798999999999999932e+00 -4.591000000000000192e+00 1.584999999999999964e+00 -5.000000000000000278e-02
3.615000000000000213e+00 -4.793000000000000149e+00 2.438000000000000167e+00 -5.299999999999999850e-02
2.956999999999999851e+00 -5.447000000000000064e+00 2.391999999999999904e+00 -8.100000000000000255e-02
2.665000000000000036e+00 -6.168999999999999595e+00 2.822000000000000064e+00 -9.600000000000000200e-02
3.525999999999999801e+00 -7.621999999999999886e+00 4.549000000000000377e+00 -8.699999999999999400e-02
5.637999999999999901e+00 -7.708000000000000185e+00 6.054000000000000270e+00 -8.599999999999999312e-02
8.083999999999999631e+00 -2.770999999999999908e+00 7.225999999999999979e+00 -9.099999999999999756e-02
8.737000000000000099e+00 5.564000000000000057e+00 9.909000000000000696e+00 -8.599999999999999312e-02
5.902999999999999581e+00 9.692000000000000171e+00 1.271499999999999986e+01 -7.799999999999999989e-02
1.669000000000000039e+00 5.248999999999999666e+00 1.245500000000000007e+01 -7.900000000000000078e-02
2.469999999999999973e-01 -2.571000000000000174e+00 9.781000000000000583e+00 -8.899999999999999578e-02
1.435000000000000053e+00 -6.184999999999999609e+00 6.235000000000000320e+00 -1.039999999999999952e-01
1.247999999999999998e+00 -5.185999999999999943e+00 1.070000000000000062e+00 -1.239999999999999991e-01
-8.960000000000000187e-01 -3.552999999999999936e+00 -3.604000000000000092e+00 -1.459999999999999909e-01
-2.088999999999999968e+00 -2.282999999999999918e+00 -3.358999999999999986e+00 -1.549999999999999989e-01
-1.806999999999999940e+00 -5.190000000000000169e-01 -1.299999999999999940e-02 -1.320000000000000062e-01
-2.290999999999999925e+00 6.590000000000000302e-01 3.649999999999999911e-01 -8.300000000000000433e-02
-3.799999999999999822e+00 4.289999999999999925e-01 -2.294999999999999929e+00 -4.800000000000000100e-02
-3.991999999999999993e+00 2.089999999999999913e-01 -3.516999999999999904e+00 -4.200000000000000261e-02
-2.519000000000000128e+00 6.580000000000000293e-01 -2.983000000000000096e+00 -4.399999999999999745e-02
-1.947999999999999954e+00 6.320000000000000062e-01 -3.928999999999999826e+00 -3.899999999999999994e-02
-3.270999999999999908e+00 8.699999999999999400e-02 -7.373999999999999666e+00 -3.099999999999999978e-02
-4.482999999999999652e+00 2.200000000000000011e-01 -1.096100000000000030e+01 -1.600000000000000033e-02
-4.126999999999999780e+00 1.070999999999999952e+00 -1.169400000000000084e+01 4.000000000000000083e-03
-3.301000000000000156e+00 1.909000000000000030e+00 -9.198000000000000398e+00 8.999999999999999320e-03
-3.525999999999999801e+00 2.705000000000000071e+00 -5.586999999999999744e+00 2.000000000000000042e-03
-4.253999999999999559e+00 3.661999999999999922e+00 -2.476999999999999869e+00 1.000000000000000021e-03
-3.525999999999999801e+00 4.956999999999999851e+00 -5.849999999999999645e-01 6.000000000000000125e-03
-1.032999999999999918e+00 6.511999999999999567e+00 -4.209999999999999853e-01 2.400000000000000050e-02
2.010000000000000120e-01 6.745000000000000107e+00 -1.153999999999999915e+00 6.900000000000000577e-02
-3.181000000000000050e+00 3.890000000000000124e+00 -1.407000000000000028e+00 1.019999999999999934e-01
-9.669000000000000483e+00 -8.679999999999999938e-01 -1.296000000000000041e+00 6.700000000000000400e-02
-1.331799999999999962e+01 -4.278999999999999915e+00 -1.685000000000000053e+00 -8.000000000000000167e-03
-1.082499999999999929e+01 -4.916000000000000369e+00 -2.258000000000000007e+00 -4.399999999999999745e-02
-5.317000000000000171e+00 -3.944999999999999840e+00 -1.493000000000000105e+00 -1.799999999999999864e-02
-1.844000000000000083e+00 -2.649999999999999911e+00 1.036999999999999922e+00 2.699999999999999969e-02
-1.768999999999999906e+00 -1.673000000000000043e+00 3.427000000000000046e+00 5.000000000000000278e-02
-2.769000000000000128e+00 -2.182999999999999829e+00 4.298000000000000043e+00 4.800000000000000100e-02
-2.755999999999999783e+00 -4.605999999999999872e+00 4.983999999999999986e+00 4.000000000000000083e-02
-2.039000000000000146e+00 -6.721000000000000085e+00 7.163999999999999702e+00 1.000000000000000056e-01
-1.651999999999999913e+00 -6.062999999999999723e+00 1.005700000000000038e+01 4.339999999999999969e-01
-1.328999999999999959e+00 -2.783999999999999808e+00 1.106400000000000006e+01 1.163999999999999924e+00
-1.829999999999999960e-01 1.778000000000000025e+00 8.881999999999999673e+00 1.911000000000000032e+00
1.421000000000000041e+00 6.182000000000000384e+00 5.280000000000000249e+00 2.025999999999999801e+00
2.402000000000000135e+00 8.435999999999999943e+00 2.814000000000000057e+00 1.457000000000000073e+00
2.839999999999999858e+00 8.782000000000000028e+00 2.293000000000000149e+00 8.239999999999999547e-01
3.176000000000000156e+00 1.021299999999999919e+01 3.790000000000000036e+00 4.839999999999999858e-01
2.955000000000000071e+00 1.249799999999999933e+01 6.942000000000000171e+00 1.719999999999999862e-01
2.125000000000000000e+00 1.155400000000000027e+01 8.505000000000000782e+00 -3.840000000000000080e-01
1.616999999999999993e+00 7.264000000000000234e+00 3.338000000000000078e+00 -1.050000000000000044e+00
2.266999999999999904e+00 4.633000000000000007e+00 -9.297000000000000597e+00 -1.578999999999999959e+00
4.197000000000000064e+00 5.378999999999999559e+00 -2.177100000000000080e+01 -1.967999999999999972e+00
6.554000000000000270e+00 5.608999999999999986e+00 -2.382400000000000162e+01 -2.355999999999999872e+00
7.996000000000000441e+00 3.871999999999999886e+00 -1.360100000000000087e+01 -2.718999999999999861e+00
7.902999999999999581e+00 4.052999999999999936e+00 -7.399999999999999634e-02 -2.807999999999999829e+00
6.724999999999999645e+00 7.657000000000000028e+00 7.554999999999999716e+00 -2.448999999999999844e+00
5.600999999999999979e+00 1.057600000000000051e+01 9.823000000000000398e+00 -1.832000000000000073e+00
5.094999999999999751e+00 9.538000000000000256e+00 1.355499999999999972e+01 -1.316000000000000059e+00
4.147000000000000242e+00 6.003999999999999559e+00 2.115299999999999869e+01 -9.739999999999999769e-01
1.538000000000000034e+00 2.770000000000000018e+00 2.771900000000000119e+01 -5.699999999999999512e-01
-2.532000000000000028e+00 1.409999999999999865e-01 2.841000000000000014e+01 -1.200000000000000025e-02
-6.892000000000000348e+00 -3.624000000000000110e+00 2.447800000000000153e+01 4.739999999999999769e-01
-1.016399999999999970e+01 -8.977000000000000313e+00 2.042099999999999937e+01 7.089999999999999636e-01
-1.154700000000000060e+01 -1.350900000000000034e+01 1.780000000000000071e+01 8.279999999999999583e-01
-1.105599999999999916e+01 -1.467900000000000027e+01 1.406099999999999994e+01 1.034999999999999920e+00
-8.919000000000000483e+00 -1.340700000000000003e+01 6.980999999999999872e+00 1.237999999999999989e+00
-6.022000000000000242e+00 -1.261899999999999977e+01 -1.552000000000000046e+00 1.197999999999999954e+00
-4.176000000000000156e+00 -1.226800000000000068e+01 -8.058999999999999275e+00 9.350000000000000533e-01
-4.522999999999999687e+00 -1.017500000000000071e+01 -1.239000000000000057e+01 7.139999999999999680e-01
-6.360000000000000320e+00 -7.652000000000000135e+00 -1.680499999999999972e+01 6.760000000000000453e-01
-7.541999999999999815e+00 -7.455000000000000071e+00 -2.131800000000000139e+01 7.169999999999999707e-01
-5.623000000000000220e+00 -7.057999999999999829e+00 -2.390099999999999980e+01 7.149999999999999689e-01
5.000000000000000278e-02 -2.035000000000000142e+00 -2.430300000000000082e+01 6.580000000000000293e-01
6.503999999999999559e+00 5.102000000000000313e+00 -2.439600000000000080e+01 6.169999999999999929e-01
9.016999999999999460e+00 7.384999999999999787e+00 -2.579899999999999949e+01 6.530000000000000249e-01
6.376999999999999780e+00 3.556000000000000050e+00 -2.805199999999999960e+01 7.209999999999999742e-01
2.483999999999999986e+00 -1.292000000000000037e+00 -2.785500000000000043e+01 7.139999999999999680e-01
1.092000000000000082e+00 -3.935999999999999943e+00 -2.222100000000000009e+01 6.270000000000000018e-01
2.049999999999999822e+00 -5.115999999999999659e+00 -1.348799999999999955e+01 5.620000000000000551e-01
3.853000000000000203e+00 -4.586000000000000298e+00 -7.458999999999999631e+00 5.759999999999999565e-01
5.551999999999999602e+00 -1.008000000000000007e+00 -6.355999999999999872e+00 6.149999999999999911e-01
5.708999999999999631e+00 3.156000000000000139e+00 -7.076999999999999957e+00 5.949999999999999734e-01
3.390000000000000124e+00 2.355999999999999872e+00 -5.871999999999999886e+00 5.040000000000000036e-01
1.140000000000000041e-01 -5.129999999999999893e+00 -2.432999999999999829e+00 3.810000000000000053e-01
-1.921000000000000041e+00 -1.400399999999999956e+01 3.039999999999999925e-01 2.590000000000000080e-01
-3.004000000000000004e+00 -1.741499999999999915e+01 -6.420000000000000151e-01 1.640000000000000069e-01
-4.637999999999999901e+00 -1.415199999999999925e+01 -5.613000000000000433e+00 1.130000000000000032e-01
-6.280000000000000249e+00 -8.551999999999999602e+00 -1.253700000000000081e+01 9.500000000000000111e-02
-6.730000000000000426e+00 -5.144999999999999574e+00 -1.850499999999999901e+01 8.799999999999999489e-02
-6.589999999999999858e+00 -4.613999999999999879e+00 -2.100799999999999912e+01 6.099999999999999867e-02
-6.118999999999999773e+00 -3.392999999999999794e+00 -1.968400000000000105e+01 -1.000000000000000021e-02
-4.330000000000000071e+00 1.171000000000000041e+00 -1.663800000000000168e+01 -1.209999999999999964e-01
-1.846999999999999975e+00 5.948999999999999844e+00 -1.314600000000000080e+01 -2.540000000000000036e-01
2.330000000000000127e-01 7.213000000000000078e+00 -7.567000000000000171e+00 -3.790000000000000036e-01
3.213999999999999968e+00 7.317999999999999616e+00 1.756999999999999895e+00 -3.970000000000000195e-01
7.048000000000000043e+00 9.760999999999999233e+00 1.260200000000000031e+01 -2.310000000000000109e-01
7.810999999999999943e+00 1.237500000000000000e+01 1.916700000000000159e+01 2.100000000000000130e-02
4.240999999999999659e+00 1.200000000000000000e+01 1.790399999999999991e+01 1.890000000000000013e-01
9.549999999999999600e-01 1.085100000000000087e+01 1.219100000000000072e+01 2.500000000000000000e-01
1.443000000000000060e+00 1.223499999999999943e+01 8.342999999999999972e+00 2.889999999999999791e-01
4.014000000000000234e+00 1.471199999999999974e+01 9.371000000000000441e+00 3.200000000000000067e-01
6.190999999999999837e+00 1.503299999999999947e+01 1.465199999999999925e+01 2.979999999999999871e-01
7.477000000000000313e+00 1.288199999999999967e+01 2.184400000000000119e+01 3.439999999999999725e-01
7.637999999999999901e+00 1.009600000000000009e+01 2.784900000000000020e+01 7.109999999999999654e-01
7.070000000000000284e+00 8.467999999999999972e+00 3.042699999999999960e+01 1.330999999999999961e+00
7.634999999999999787e+00 9.112999999999999545e+00 2.955799999999999983e+01 1.655999999999999917e+00
9.247999999999999332e+00 1.112100000000000044e+01 2.698100000000000165e+01 1.342000000000000082e+00
9.082000000000000739e+00 1.175399999999999956e+01 2.470100000000000051e+01 7.389999999999999902e-01
7.041999999999999815e+00 9.772000000000000242e+00 2.353800000000000026e+01 3.009999999999999898e-01
6.477999999999999758e+00 6.309999999999999609e+00 2.242000000000000171e+01 -6.300000000000000044e-02
7.708000000000000185e+00 2.932999999999999829e+00 1.993799999999999883e+01 -6.870000000000000551e-01
7.262999999999999901e+00 1.439999999999999947e+00 1.715599999999999881e+01 -1.568000000000000060e+00
4.333000000000000185e+00 3.213999999999999968e+00 1.693499999999999872e+01 -2.407999999999999918e+00
2.096999999999999975e+00 6.831000000000000405e+00 1.951899999999999835e+01 -3.012000000000000011e+00
2.513999999999999790e+00 9.102999999999999758e+00 2.105999999999999872e+01 -3.406000000000000139e+00
4.296999999999999709e+00 9.534000000000000696e+00 1.832600000000000051e+01 -3.634999999999999787e+00
5.865000000000000213e+00 1.048000000000000043e+01 1.250200000000000067e+01 -3.608000000000000096e+00
6.988999999999999879e+00 1.224099999999999966e+01 6.698999999999999844e+00 -3.204000000000000181e+00
7.144999999999999574e+00 1.207399999999999984e+01 2.797000000000000153e+00 -2.483000000000000096e+00
5.049000000000000377e+00 9.029999999999999361e+00 8.519999999999999796e-01 -1.651000000000000023e+00
1.520999999999999908e+00 6.003000000000000114e+00 -7.690000000000000169e-01 -8.539999999999999813e-01
8.699999999999999400e-02 5.599999999999999645e+00 -2.959999999999999964e+00 -1.670000000000000095e-01
2.108999999999999986e+00 6.777000000000000135e+00 -4.342999999999999972e+00 3.250000000000000111e-01
4.237000000000000099e+00 6.919999999999999929e+00 -4.405000000000000249e+00 6.219999999999999973e-01
3.350000000000000089e+00 5.158999999999999808e+00 -4.750000000000000000e+00 8.709999999999999964e-01
6.290000000000000036e-01 2.919000000000000039e+00 -6.298000000000000043e+00 1.189999999999999947e+00
-1.312999999999999945e+00 2.290000000000000036e+00 -8.814999999999999503e+00 1.508999999999999897e+00
-1.592999999999999972e+00 3.588000000000000078e+00 -1.199300000000000033e+01 1.627999999999999892e+00
-3.940000000000000169e-01 4.669999999999999929e+00 -1.458200000000000074e+01 1.453999999999999959e+00
1.624000000000000110e+00 3.847999999999999865e+00 -1.511500000000000021e+01 1.125000000000000000e+00
3.270000000000000018e+00 2.697000000000000064e+00 -1.424000000000000021e+01 8.519999999999999796e-01
3.648000000000000131e+00 3.612999999999999989e+00 -1.344899999999999984e+01 6.939999999999999503e-01
2.580000000000000071e+00 5.331000000000000405e+00 -1.251900000000000013e+01 5.729999999999999538e-01
5.450000000000000400e-01 4.418999999999999595e+00 -1.074900000000000055e+01 4.610000000000000209e-01
-1.915999999999999925e+00 1.299999999999999940e-02 -8.737999999999999545e+00 4.149999999999999800e-01
-5.663000000000000256e+00 -6.900000000000000355e+00 -7.392000000000000348e+00 4.420000000000000040e-01
-1.206799999999999962e+01 -1.602199999999999847e+01 -6.716000000000000192e+00 4.719999999999999751e-01
-1.967999999999999972e+01 -2.533999999999999986e+01 -6.113999999999999879e+00 4.570000000000000173e-01
-2.482700000000000173e+01 -3.052899999999999991e+01 -5.427999999999999936e+00 4.349999999999999978e-01
-2.596499999999999986e+01 -3.030399999999999849e+01 -5.243000000000000327e+00 4.490000000000000102e-01
-2.459299999999999997e+01 -2.765599999999999881e+01 -5.690000000000000391e+00 4.899999999999999911e-01
-2.277499999999999858e+01 -2.468199999999999861e+01 -5.900999999999999801e+00 5.360000000000000320e-01
-2.144600000000000151e+01 -2.136799999999999855e+01 -5.442000000000000171e+00 5.839999999999999636e-01
-1.989000000000000057e+01 -1.826399999999999935e+01 -5.131000000000000227e+00 6.169999999999999929e-01
-1.692800000000000082e+01 -1.565199999999999925e+01 -6.304000000000000270e+00 6.079999999999999849e-01
-1.260399999999999920e+01 -1.240900000000000070e+01 -9.567999999999999616e+00 5.620000000000000551e-01
-7.597000000000000419e+00 -8.420999999999999375e+00 -1.335500000000000043e+01 5.160000000000000142e-01
-2.100999999999999979e+00 -4.931000000000000050e+00 -1.479800000000000004e+01 4.939999999999999947e-01
4.200000000000000178e+00 -1.483999999999999986e+00 -1.351699999999999946e+01 4.759999999999999787e-01
1.247400000000000020e+01 3.819999999999999840e+00 -1.217900000000000027e+01 4.329999999999999960e-01
2.378600000000000136e+01 1.057600000000000051e+01 -1.164000000000000057e+01 3.870000000000000107e-01
3.569100000000000250e+01 1.514899999999999913e+01 -9.631000000000000227e+00 3.770000000000000018e-01
4.237299999999999756e+01 1.368500000000000050e+01 -5.884999999999999787e+00 3.699999999999999956e-01
4.144500000000000028e+01 5.746000000000000441e+00 -2.990000000000000213e+00 2.949999999999999845e-01
3.669800000000000040e+01 -4.995000000000000107e+00 -1.310999999999999943e+00 1.580000000000000016e-01
3.036799999999999855e+01 -1.434999999999999964e+01 7.520000000000000018e-01 5.399999999999999939e-02
1.938500000000000156e+01 -2.087199999999999989e+01 2.157000000000000028e+00 4.000000000000000083e-02
3.185000000000000053e+00 -2.477199999999999847e+01 7.249999999999999778e-01 6.700000000000000400e-02
-1.230499999999999972e+01 -2.593900000000000006e+01 -2.625000000000000000e+00 4.900000000000000189e-02
-2.110200000000000031e+01 -2.491000000000000014e+01 -5.490000000000000213e+00 -1.899999999999999953e-02
-2.250400000000000134e+01 -2.427100000000000080e+01 -7.451999999999999957e+00 -7.199999999999999456e-02
-2.003699999999999903e+01 -2.598100000000000165e+01 -9.273999999999999133e+00 -1.049999999999999961e-01
-1.754599999999999937e+01 -2.758099999999999952e+01 -1.070700000000000074e+01 -1.710000000000000131e-01
-1.497300000000000075e+01 -2.485699999999999932e+01 -1.064899999999999913e+01 -2.700000000000000178e-01
-8.275000000000000355e+00 -1.732600000000000051e+01 -8.436999999999999389e+00 -3.479999999999999760e-01
3.415999999999999925e+00 -7.003999999999999559e+00 -4.953000000000000291e+00 -3.830000000000000071e-01
1.222300000000000075e+01 4.685999999999999943e+00 -2.947000000000000064e+00 -4.099999999999999756e-01
8.762000000000000455e+00 1.464799999999999969e+01 -4.453999999999999737e+00 -4.640000000000000235e-01
-5.304999999999999716e+00 1.838100000000000023e+01 -7.911999999999999922e+00 -5.260000000000000231e-01
-1.807100000000000151e+01 1.568299999999999983e+01 -9.747999999999999332e+00 -5.360000000000000320e-01
-2.137399999999999878e+01 1.156700000000000017e+01 -7.639999999999999680e+00 -4.709999999999999742e-01
-1.883999999999999986e+01 1.016999999999999993e+01 -2.033999999999999808e+00 -3.709999999999999964e-01
-1.872299999999999898e+01 1.046599999999999930e+01 3.467999999999999972e+00 -2.819999999999999729e-01
-2.260900000000000176e+01 9.167999999999999261e+00 4.754999999999999893e+00 -2.179999999999999993e-01
-2.492000000000000171e+01 5.618000000000000327e+00 2.432999999999999829e+00 -2.000000000000000111e-01
-2.212300000000000111e+01 1.445999999999999952e+00 1.943000000000000060e+00 -2.449999999999999956e-01
-1.723300000000000054e+01 -2.246999999999999886e+00 5.998000000000000220e+00 -3.190000000000000058e-01
-1.455300000000000082e+01 -4.786999999999999922e+00 9.980000000000000426e+00 -3.659999999999999920e-01
-1.409099999999999930e+01 -5.121000000000000441e+00 8.746999999999999886e+00 -3.699999999999999956e-01
-1.285200000000000031e+01 -3.012999999999999901e+00 4.953000000000000291e+00 -3.250000000000000111e-01
-9.811999999999999389e+00 -1.940000000000000058e-01 4.871999999999999886e+00 -2.300000000000000100e-01
-7.012999999999999901e+00 1.372000000000000108e+00 8.662000000000000810e+00 -1.419999999999999873e-01
-5.432999999999999829e+00 2.068000000000000060e+00 1.150999999999999979e+01 -1.179999999999999938e-01
-3.361000000000000210e+00 3.483000000000000096e+00 1.141099999999999959e+01 -1.340000000000000080e-01
-1.640000000000000069e-01 5.884999999999999787e+00 9.830999999999999517e+00 -1.350000000000000089e-01
2.302000000000000046e+00 8.538999999999999702e+00 8.298999999999999488e+00 -1.340000000000000080e-01
2.895000000000000018e+00 1.059600000000000009e+01 8.151999999999999247e+00 -1.620000000000000051e-01
2.424999999999999822e+00 1.110500000000000043e+01 1.024200000000000088e+01 -1.950000000000000067e-01
2.373000000000000220e+00 1.025699999999999967e+01 1.346000000000000085e+01 -2.020000000000000129e-01
4.235999999999999766e+00 1.008300000000000018e+01 1.590799999999999947e+01 -2.000000000000000111e-01
7.525000000000000355e+00 1.111200000000000010e+01 1.702199999999999847e+01 -2.240000000000000047e-01
8.720000000000000639e+00 9.856999999999999318e+00 1.689000000000000057e+01 -2.700000000000000178e-01
6.092999999999999972e+00 3.746999999999999886e+00 1.523399999999999999e+01 -2.969999999999999862e-01
3.266000000000000014e+00 -3.286000000000000032e+00 1.234299999999999997e+01 -2.770000000000000240e-01
4.089999999999999858e+00 -4.751000000000000334e+00 9.303000000000000824e+00 -2.119999999999999940e-01
7.328999999999999737e+00 2.479999999999999982e-01 6.671999999999999709e+00 -1.449999999999999900e-01
9.813000000000000611e+00 6.669999999999999929e+00 3.717000000000000082e+00 -1.250000000000000000e-01
1.153200000000000003e+01 1.101200000000000045e+01 -2.119999999999999940e-01 -1.429999999999999882e-01
1.408200000000000074e+01 1.510699999999999932e+01 -3.278999999999999915e+00 -1.459999999999999909e-01
1.637800000000000011e+01 2.074099999999999966e+01 -2.214999999999999858e+00 -1.209999999999999964e-01
1.531600000000000072e+01 2.498999999999999844e+01 3.297000000000000153e+00 -1.229999999999999982e-01
9.779999999999999361e+00 2.423900000000000077e+01 9.496999999999999886e+00 -1.839999999999999969e-01
2.862000000000000099e+00 1.944300000000000139e+01 1.235500000000000043e+01 -2.389999999999999902e-01
1.441999999999999948e+00 1.562599999999999945e+01 1.167300000000000004e+01 -2.059999999999999887e-01
1.107499999999999929e+01 1.749899999999999878e+01 1.083399999999999963e+01 -1.110000000000000014e-01
2.683500000000000085e+01 2.419800000000000040e+01 1.173399999999999999e+01 -7.000000000000000146e-03
3.282000000000000028e+01 2.915399999999999991e+01 1.229700000000000060e+01 2.349999999999999867e-01
1.707799999999999940e+01 2.838800000000000168e+01 1.079599999999999937e+01 8.669999999999999929e-01
-1.415900000000000070e+01 2.493299999999999983e+01 8.099999999999999645e+00 1.782999999999999918e+00
-4.121099999999999852e+01 2.084700000000000131e+01 4.405999999999999694e+00 2.319999999999999840e+00
-4.968500000000000227e+01 1.252500000000000036e+01 -5.480000000000000426e-01 2.003000000000000114e+00
-4.132500000000000284e+01 -4.909999999999999920e-01 -4.884000000000000341e+00 1.223999999999999977e+00
-2.587800000000000011e+01 -1.093900000000000006e+01 -7.195000000000000284e+00 6.540000000000000258e-01
-7.254999999999999893e+00 -1.228599999999999959e+01 -8.920999999999999375e+00 3.340000000000000191e-01
1.855300000000000082e+01 -3.398000000000000131e+00 -1.116499999999999915e+01 -9.199999999999999845e-02
5.420499999999999829e+01 1.442099999999999937e+01 -1.232600000000000051e+01 -6.390000000000000124e-01
9.162600000000000477e+01 3.495400000000000063e+01 -1.031000000000000050e+01 -1.054999999999999938e+00
1.132360000000000042e+02 4.412700000000000244e+01 -5.772000000000000242e+00 -1.366999999999999993e+00
1.067159999999999940e+02 3.101699999999999946e+01 -2.210999999999999854e+00 -1.832000000000000073e+00
7.714000000000000057e+01 2.214999999999999858e+00 -2.100000000000000089e+00 -2.427999999999999936e+00
4.108400000000000318e+01 -2.436499999999999844e+01 -4.028999999999999915e+00 -2.730999999999999872e+00
1.359999999999999964e+01 -3.959400000000000119e+01 -4.863000000000000433e+00 -2.432999999999999829e+00
2.552000000000000046e+00 -4.658400000000000318e+01 -3.438000000000000167e+00 -1.756999999999999895e+00
7.831999999999999851e+00 -4.792600000000000193e+01 -1.145000000000000018e+00 -1.133999999999999897e+00
1.987500000000000000e+01 -4.360600000000000165e+01 3.420000000000000262e-01 -6.770000000000000462e-01
2.191199999999999903e+01 -3.799699999999999989e+01 1.141000000000000014e+00 -2.320000000000000118e-01
5.474999999999999645e+00 -3.667399999999999949e+01 2.658999999999999808e+00 2.710000000000000187e-01
-1.580199999999999960e+01 -3.925600000000000023e+01 5.003999999999999559e+00 7.900000000000000355e-01
-2.427100000000000080e+01 -4.200300000000000011e+01 5.891000000000000014e+00 1.300000000000000044e+00
-2.485900000000000176e+01 -4.302300000000000324e+01 3.270000000000000018e+00 1.735000000000000098e+00
-3.057799999999999940e+01 -4.057000000000000028e+01 -1.342999999999999972e+00 1.911000000000000032e+00
-3.602600000000000335e+01 -3.189300000000000068e+01 -4.051999999999999602e+00 1.701999999999999957e+00
-3.371300000000000097e+01 -1.966499999999999915e+01 -3.942000000000000171e+00 1.280000000000000027e+00
-3.674499999999999744e+01 -1.326600000000000001e+01 -4.713000000000000078e+00 9.679999999999999716e-01
-5.573199999999999932e+01 -1.519699999999999918e+01 -8.678000000000000824e+00 8.669999999999999929e-01
-7.317799999999999727e+01 -1.383699999999999974e+01 -1.251399999999999935e+01 8.359999999999999654e-01
-6.770199999999999818e+01 -2.520000000000000018e-01 -1.227699999999999925e+01 7.850000000000000311e-01
-4.642699999999999960e+01 1.717399999999999949e+01 -9.143000000000000682e+00 7.730000000000000204e-01
-3.156899999999999906e+01 2.574299999999999855e+01 -6.916999999999999815e+00 8.219999999999999529e-01
-3.009799999999999898e+01 2.469099999999999895e+01 -6.754999999999999893e+00 8.549999999999999822e-01
-3.337899999999999778e+01 1.879200000000000159e+01 -7.407000000000000028e+00 8.209999999999999520e-01
-3.406600000000000250e+01 9.465999999999999304e+00 -8.510999999999999233e+00 7.610000000000000098e-01
-3.073600000000000065e+01 6.620000000000000329e-01 -1.009699999999999953e+01 7.159999999999999698e-01
-2.316400000000000148e+01 -6.899999999999999467e-01 -1.077100000000000080e+01 6.510000000000000231e-01
-1.180599999999999916e+01 5.166000000000000369e+00 -9.592000000000000526e+00 5.300000000000000266e-01
-7.890000000000000346e-01 1.183900000000000041e+01 -7.708999999999999631e+00 3.910000000000000142e-01
4.759000000000000341e+00 1.680300000000000082e+01 -6.865999999999999659e+00 2.889999999999999791e-01
5.807999999999999829e+00 2.217699999999999960e+01 -7.498999999999999666e+00 2.250000000000000056e-01
7.080000000000000071e+00 2.827599999999999980e+01 -7.950000000000000178e+00 1.749999999999999889e-01
6.392999999999999794e+00 3.042899999999999849e+01 -6.408000000000000362e+00 1.310000000000000053e-01
-3.750000000000000000e+00 2.318599999999999994e+01 -4.107000000000000206e+00 8.000000000000000167e-02
-2.075900000000000034e+01 9.435999999999999943e+00 -3.927999999999999936e+00 0.000000000000000000e+00
-2.872700000000000031e+01 1.677999999999999936e+00 -5.551000000000000156e+00 -1.160000000000000059e-01
-1.690399999999999991e+01 7.780000000000000249e+00 -5.426999999999999602e+00 -2.300000000000000100e-01
7.605000000000000426e+00 1.909799999999999898e+01 -2.475999999999999979e+00 -2.959999999999999853e-01
3.020499999999999829e+01 2.021699999999999875e+01 -1.419999999999999873e-01 -2.969999999999999862e-01
3.988300000000000267e+01 6.469000000000000306e+00 -1.276000000000000023e+00 -2.630000000000000115e-01
3.019600000000000151e+01 -1.366600000000000037e+01 -4.639999999999999680e+00 -2.479999999999999982e-01
7.238999999999999879e+00 -2.854899999999999949e+01 -7.673000000000000043e+00 -2.879999999999999782e-01
-5.657000000000000028e+00 -3.379999999999999716e+01 -9.346000000000000085e+00 -3.549999999999999822e-01
1.167699999999999960e+01 -3.495000000000000284e+01 -9.401999999999999247e+00 -3.920000000000000151e-01
5.536899999999999977e+01 -3.565100000000000335e+01 -7.419999999999999929e+00 -3.790000000000000036e-01
1.073739999999999952e+02 -2.672299999999999898e+01 -3.568999999999999950e+00 -3.290000000000000147e-01
1.536310000000000002e+02 1.900000000000000022e-01 1.671999999999999931e+00 -2.399999999999999911e-01
1.774089999999999918e+02 3.102799999999999869e+01 7.488000000000000433e+00 -1.170000000000000068e-01
1.508069999999999879e+02 3.779500000000000171e+01 9.731999999999999318e+00 -5.299999999999999850e-02
6.242000000000000171e+01 1.182099999999999973e+01 2.729999999999999982e+00 -1.710000000000000131e-01
-5.345400000000000063e+01 -2.368599999999999994e+01 -1.112899999999999956e+01 -4.510000000000000120e-01
-1.423350000000000080e+02 -4.202600000000000335e+01 -1.998100000000000165e+01 -6.909999999999999476e-01
-1.759819999999999993e+02 -4.320600000000000307e+01 -1.523799999999999955e+01 -7.229999999999999760e-01
-1.590840000000000032e+02 -4.176400000000000290e+01 -2.500000000000000139e-02 -5.899999999999999689e-01
-1.119230000000000018e+02 -3.761800000000000210e+01 1.631700000000000017e+01 -4.550000000000000155e-01
-5.955100000000000193e+01 -2.156099999999999994e+01 2.637300000000000111e+01 -3.870000000000000107e-01
-1.978399999999999892e+01 2.399000000000000021e+00 2.785099999999999909e+01 -3.529999999999999805e-01
5.144000000000000128e+00 2.200799999999999912e+01 2.370799999999999841e+01 -3.340000000000000191e-01
1.739799999999999969e+01 3.169099999999999895e+01 1.904799999999999827e+01 -3.390000000000000235e-01
1.484800000000000075e+01 3.075100000000000122e+01 1.609400000000000119e+01 -3.489999999999999769e-01
4.488000000000000433e+00 2.260099999999999909e+01 1.368900000000000006e+01 -3.340000000000000191e-01
2.745000000000000107e+00 1.739900000000000091e+01 1.138299999999999912e+01 -2.939999999999999836e-01
9.282999999999999474e+00 2.014499999999999957e+01 1.031600000000000072e+01 -2.449999999999999956e-01
7.222999999999999865e+00 2.303900000000000148e+01 1.049799999999999933e+01 -1.779999999999999916e-01
-3.057999999999999829e+00 2.020299999999999940e+01 1.096700000000000053e+01 -8.699999999999999400e-02
-6.000000000000000000e+00 1.680199999999999960e+01 1.063000000000000078e+01 -1.299999999999999940e-02
-1.256900000000000084e+01 1.626699999999999946e+01 6.878000000000000114e+00 -3.699999999999999817e-02
-5.150600000000000023e+01 1.317800000000000082e+01 -1.088000000000000078e+00 -1.829999999999999960e-01
-1.062830000000000013e+02 4.222000000000000419e+00 -7.660999999999999588e+00 -3.270000000000000129e-01
-1.178280000000000030e+02 -5.158999999999999808e+00 -7.514000000000000234e+00 -3.170000000000000040e-01
-6.752899999999999636e+01 -7.142000000000000348e+00 -4.134000000000000341e+00 -1.769999999999999907e-01
-1.687999999999999945e+00 6.490000000000000213e-01 -3.807999999999999829e+00 -8.400000000000000522e-02
3.756499999999999773e+01 1.164000000000000057e+01 -6.006999999999999673e+00 -1.170000000000000068e-01
5.381300000000000239e+01 1.539400000000000013e+01 -6.419999999999999929e+00 -1.459999999999999909e-01
6.371999999999999886e+01 1.003100000000000058e+01 -4.331999999999999851e+00 -4.499999999999999833e-02
6.592400000000000659e+01 3.766000000000000014e+00 -2.435000000000000053e+00 1.089999999999999997e-01
5.189099999999999824e+01 6.280000000000000027e-01 -2.767999999999999794e+00 1.670000000000000095e-01
2.641900000000000048e+01 -4.418999999999999595e+00 -4.581999999999999851e+00 1.330000000000000071e-01
7.030999999999999694e+00 -1.183799999999999919e+01 -5.594999999999999751e+00 1.239999999999999991e-01
4.775999999999999801e+00 -1.248499999999999943e+01 -5.631999999999999673e+00 1.640000000000000069e-01
1.314199999999999946e+01 -1.451000000000000068e+00 -6.511999999999999567e+00 1.799999999999999933e-01
2.271099999999999852e+01 1.479199999999999982e+01 -7.389000000000000234e+00 1.449999999999999900e-01
3.754399999999999693e+01 2.786299999999999955e+01 -4.407000000000000028e+00 9.500000000000000111e-02
6.334400000000000119e+01 3.446600000000000108e+01 4.530000000000000249e+00 4.200000000000000261e-02
8.979999999999999716e+01 3.488300000000000267e+01 1.784700000000000131e+01 -3.000000000000000062e-03
1.042189999999999941e+02 3.215200000000000102e+01 3.160200000000000031e+01 -2.000000000000000042e-03
1.120879999999999939e+02 3.013700000000000045e+01 4.058200000000000074e+01 3.500000000000000333e-02
1.189609999999999985e+02 2.840700000000000003e+01 4.061699999999999733e+01 1.200000000000000025e-02
1.029129999999999967e+02 2.213299999999999912e+01 3.208400000000000318e+01 -1.429999999999999882e-01
4.183200000000000074e+01 8.852999999999999758e+00 2.021199999999999974e+01 -3.340000000000000191e-01
-3.574699999999999989e+01 -7.706999999999999851e+00 1.049399999999999977e+01 -3.719999999999999973e-01
-7.026900000000000546e+01 -2.226599999999999824e+01 4.516000000000000014e+00 -2.290000000000000091e-01
-4.566100000000000136e+01 -3.148199999999999932e+01 1.502999999999999892e+00 -8.400000000000000522e-02
-3.951999999999999957e+00 -3.145799999999999841e+01 1.427000000000000046e+00 -7.399999999999999634e-02
1.769099999999999895e+01 -2.295499999999999829e+01 3.589999999999999858e+00 -1.260000000000000009e-01
2.271600000000000108e+01 -1.908500000000000085e+01 5.352000000000000313e+00 -1.260000000000000009e-01
2.402400000000000091e+01 -2.974699999999999989e+01 5.221000000000000085e+00 -8.899999999999999578e-02
1.924099999999999966e+01 -4.105400000000000205e+01 4.051999999999999602e+00 -6.400000000000000133e-02
5.682999999999999829e+00 -3.284899999999999665e+01 1.955999999999999961e+00 -8.999999999999999320e-03
-1.055700000000000038e+01 -1.141999999999999993e+01 -2.599000000000000199e+00 1.179999999999999938e-01
-2.553800000000000026e+01 1.880000000000000004e-01 -8.992000000000000881e+00 2.349999999999999867e-01
-3.753699999999999903e+01 -9.260000000000000453e-01 -1.331499999999999950e+01 2.630000000000000115e-01
-3.813600000000000279e+01 4.687999999999999723e+00 -1.391099999999999959e+01 2.530000000000000027e-01
-2.298000000000000043e+01 2.553399999999999892e+01 -1.344999999999999929e+01 2.839999999999999747e-01
-1.057300000000000040e+01 4.404899999999999949e+01 -1.360899999999999999e+01 3.469999999999999751e-01
-2.794099999999999895e+01 3.873700000000000188e+01 -1.389300000000000068e+01 3.920000000000000151e-01
-7.106000000000000227e+01 1.062299999999999933e+01 -1.497300000000000075e+01 4.010000000000000231e-01
-1.023259999999999934e+02 -1.804599999999999937e+01 -1.720799999999999841e+01 3.800000000000000044e-01
-9.926399999999999579e+01 -2.918499999999999872e+01 -1.851800000000000068e+01 3.509999999999999787e-01
-8.149599999999999511e+01 -2.676000000000000156e+01 -1.722500000000000142e+01 3.370000000000000218e-01
-7.433100000000000307e+01 -2.622899999999999920e+01 -1.420500000000000007e+01 3.410000000000000253e-01
-7.296500000000000341e+01 -3.355100000000000193e+01 -1.203700000000000081e+01 3.509999999999999787e-01
-6.156400000000000006e+01 -4.210000000000000142e+01 -1.315099999999999980e+01 3.499999999999999778e-01
-4.136200000000000188e+01 -4.478699999999999903e+01 -1.660399999999999920e+01 3.260000000000000120e-01
-1.996199999999999974e+01 -4.076700000000000301e+01 -1.824800000000000111e+01 2.889999999999999791e-01
7.344999999999999751e+00 -3.215299999999999869e+01 -1.647299999999999898e+01 2.780000000000000249e-01
4.825300000000000011e+01 -2.022800000000000153e+01 -1.386100000000000065e+01 2.969999999999999862e-01
9.566599999999999682e+01 -5.576999999999999957e+00 -1.193299999999999983e+01 2.939999999999999836e-01
1.315200000000000102e+02 9.367000000000000881e+00 -9.041999999999999815e+00 2.540000000000000036e-01
1.382189999999999941e+02 1.737399999999999878e+01 -5.759999999999999787e+00 2.270000000000000073e-01
9.458799999999999386e+01 8.595000000000000639e+00 -8.138999999999999346e+00 1.890000000000000013e-01
-6.641000000000000014e+00 -1.644300000000000139e+01 -1.859299999999999997e+01 4.499999999999999833e-02
-1.125819999999999936e+02 -3.713300000000000267e+01 -2.700700000000000145e+01 -1.509999999999999953e-01
-1.454490000000000123e+02 -3.296000000000000085e+01 -2.339000000000000057e+01 -2.149999999999999967e-01
-1.170979999999999990e+02 -1.487400000000000055e+01 -1.480899999999999928e+01 -1.489999999999999936e-01
-1.173780000000000001e+02 -1.247499999999999964e+01 -1.419699999999999918e+01 -1.350000000000000089e-01
-1.621589999999999918e+02 -2.894900000000000162e+01 -1.934499999999999886e+01 -2.049999999999999878e-01
-1.649590000000000032e+02 -3.728999999999999915e+01 -1.889799999999999969e+01 -1.910000000000000031e-01
-8.504399999999999693e+01 -2.187800000000000011e+01 -1.107900000000000063e+01 -2.900000000000000147e-02
7.019999999999999574e+00 4.054000000000000270e+00 -2.706999999999999851e+00 1.300000000000000044e-01
4.140899999999999892e+01 2.384799999999999898e+01 3.693000000000000060e+00 1.640000000000000069e-01
3.367600000000000193e+01 3.579200000000000159e+01 1.025000000000000000e+01 1.539999999999999980e-01
2.423699999999999832e+01 4.206099999999999994e+01 1.467800000000000082e+01 1.970000000000000084e-01
8.483999999999999986e+00 3.969800000000000040e+01 1.125000000000000000e+01 2.069999999999999896e-01
-2.883999999999999986e+01 3.045599999999999952e+01 1.578999999999999959e+00 6.800000000000000488e-02
-6.095400000000000063e+01 2.480099999999999838e+01 -4.049000000000000377e+00 -1.310000000000000053e-01
-5.059400000000000119e+01 2.770200000000000173e+01 7.449999999999999956e-01 -2.109999999999999931e-01
-4.834999999999999964e+00 3.246200000000000330e+01 1.103500000000000014e+01 -1.729999999999999871e-01
4.331300000000000239e+01 3.455799999999999983e+01 1.886199999999999832e+01 -1.559999999999999998e-01
8.084199999999999875e+01 3.796200000000000330e+01 2.244800000000000040e+01 -2.220000000000000029e-01
1.073840000000000003e+02 4.322599999999999909e+01 2.394200000000000017e+01 -3.160000000000000031e-01
1.140300000000000011e+02 4.307500000000000284e+01 2.408099999999999952e+01 -3.709999999999999964e-01
1.001320000000000050e+02 3.381499999999999773e+01 2.273499999999999943e+01 -3.469999999999999751e-01
8.240399999999999636e+01 2.040800000000000125e+01 2.082199999999999918e+01 -2.540000000000000036e-01
7.028499999999999659e+01 8.680999999999999162e+00 1.908399999999999963e+01 -1.670000000000000095e-01
5.865899999999999892e+01 7.610000000000000098e-01 1.741900000000000048e+01 -1.419999999999999873e-01
4.785699999999999932e+01 -2.908999999999999808e+00 1.608500000000000085e+01 -1.400000000000000133e-01
4.510600000000000165e+01 -3.704000000000000181e+00 1.548799999999999955e+01 -9.500000000000000111e-02
4.828099999999999881e+01 -5.262999999999999901e+00 1.530100000000000016e+01 -2.500000000000000139e-02
4.726800000000000068e+01 -1.016799999999999926e+01 1.539100000000000001e+01 1.200000000000000025e-02
3.858400000000000318e+01 -1.670599999999999952e+01 1.645899999999999963e+01 1.000000000000000021e-02
2.876200000000000045e+01 -1.937600000000000122e+01 1.799599999999999866e+01 0.000000000000000000e+00
2.541300000000000026e+01 -1.350200000000000067e+01 1.725400000000000134e+01 -1.000000000000000021e-03
2.874299999999999855e+01 -1.372000000000000108e+00 1.312299999999999933e+01 8.000000000000000167e-03
3.226700000000000301e+01 7.350999999999999979e+00 8.541000000000000369e+00 3.200000000000000067e-02
3.220600000000000307e+01 5.217999999999999972e+00 5.687000000000000277e+00 5.399999999999999939e-02
3.372800000000000153e+01 -3.482000000000000206e+00 2.822000000000000064e+00 5.500000000000000028e-02
4.397800000000000153e+01 -8.156000000000000583e+00 -5.789999999999999591e-01 4.200000000000000261e-02
6.112599999999999767e+01 -5.693999999999999950e+00 -9.729999999999999760e-01 4.100000000000000172e-02
7.427899999999999636e+01 -1.687999999999999945e+00 2.740000000000000213e+00 5.899999999999999689e-02
6.818699999999999761e+01 -1.485999999999999988e+00 5.376000000000000334e+00 5.899999999999999689e-02
2.685399999999999920e+01 -7.884000000000000341e+00 2.032000000000000028e+00 -3.000000000000000062e-03
-4.679899999999999949e+01 -2.003999999999999915e+01 -5.782000000000000028e+00 -1.170000000000000068e-01
-1.101989999999999981e+02 -2.890200000000000102e+01 -1.228999999999999915e+01 -1.980000000000000093e-01
-1.136809999999999974e+02 -2.623999999999999844e+01 -1.339199999999999946e+01 -1.839999999999999969e-01
-6.271999999999999886e+01 -1.912000000000000099e+01 -1.050799999999999912e+01 -1.250000000000000000e-01
-1.018699999999999939e+01 -1.894900000000000162e+01 -7.918999999999999595e+00 -1.000000000000000056e-01
1.796600000000000108e+01 -2.039399999999999835e+01 -5.658000000000000362e+00 -1.039999999999999952e-01
4.597899999999999920e+01 -8.710000000000000853e+00 1.752999999999999892e+00 -8.200000000000000344e-02
9.256000000000000227e+01 1.866000000000000014e+01 1.704700000000000060e+01 -1.200000000000000025e-02
1.339660000000000082e+02 5.002799999999999869e+01 3.292999999999999972e+01 9.099999999999999756e-02
1.312810000000000059e+02 6.890099999999999625e+01 3.689099999999999824e+01 1.759999999999999898e-01
7.151000000000000512e+01 6.145000000000000284e+01 2.419300000000000139e+01 1.729999999999999871e-01
-1.960900000000000176e+01 3.025400000000000134e+01 3.585999999999999854e+00 6.600000000000000311e-02
-1.004800000000000040e+02 -1.729999999999999871e-01 -1.172499999999999964e+01 -7.299999999999999545e-02
-1.473919999999999959e+02 -7.147000000000000242e+00 -1.626899999999999835e+01 -1.670000000000000095e-01
-1.569730000000000132e+02 5.304999999999999716e+00 -1.336899999999999977e+01 -2.020000000000000129e-01
-1.325709999999999980e+02 1.569299999999999962e+01 -8.510999999999999233e+00 -1.710000000000000131e-01
-9.107800000000000296e+01 1.240399999999999991e+01 -5.815000000000000391e+00 -7.799999999999999989e-02
-6.107000000000000028e+01 2.809000000000000163e+00 -7.836000000000000298e+00 1.799999999999999864e-02
-5.350500000000000256e+01 -3.104999999999999982e+00 -1.442699999999999960e+01 4.599999999999999922e-02
-5.314699999999999847e+01 -7.383000000000000007e+00 -2.214900000000000091e+01 1.099999999999999936e-02
-4.575200000000000244e+01 -1.511500000000000021e+01 -2.678099999999999881e+01 -2.900000000000000147e-02
-3.479099999999999682e+01 -2.196099999999999852e+01 -2.637000000000000099e+01 -4.200000000000000261e-02
-3.004299999999999926e+01 -2.320599999999999952e+01 -2.197100000000000009e+01 -3.300000000000000155e-02
-3.223199999999999932e+01 -2.390299999999999869e+01 -1.649299999999999855e+01 -2.500000000000000139e-02
-3.028200000000000003e+01 -2.553000000000000114e+01 -1.201500000000000057e+01 -4.200000000000000261e-02
-1.260399999999999920e+01 -1.523099999999999987e+01 -7.897000000000000242e+00 -7.099999999999999367e-02
1.875100000000000122e+01 1.369500000000000028e+01 -2.358999999999999986e+00 -7.000000000000000666e-02
4.828799999999999670e+01 4.219400000000000261e+01 4.394999999999999574e+00 -3.899999999999999994e-02
6.112100000000000222e+01 4.529899999999999949e+01 9.310999999999999943e+00 -1.600000000000000033e-02
5.322599999999999909e+01 2.228300000000000125e+01 9.321999999999999176e+00 1.000000000000000021e-03
2.850199999999999889e+01 -7.006000000000000227e+00 5.128999999999999559e+00 4.499999999999999833e-02
-6.357000000000000206e+00 -2.600300000000000011e+01 6.500000000000000222e-01 9.500000000000000111e-02
-4.069299999999999784e+01 -3.185800000000000054e+01 -2.343999999999999861e+00 1.010000000000000064e-01
-6.172500000000000142e+01 -3.015099999999999980e+01 -6.844999999999999751e+00 7.299999999999999545e-02
-6.093599999999999994e+01 -2.554200000000000159e+01 -1.454499999999999993e+01 7.299999999999999545e-02
-3.895000000000000284e+01 -1.800400000000000134e+01 -2.011199999999999832e+01 1.390000000000000124e-01
-1.123399999999999999e+01 -1.083000000000000007e+01 -1.815800000000000125e+01 2.439999999999999947e-01
-2.535000000000000142e+00 -1.542900000000000027e+01 -1.236999999999999922e+01 3.150000000000000022e-01
-1.983699999999999974e+01 -3.584000000000000341e+01 -9.278000000000000469e+00 2.819999999999999729e-01
-3.771099999999999852e+01 -5.499600000000000222e+01 -7.860000000000000320e+00 1.330000000000000071e-01
-2.539600000000000080e+01 -5.087199999999999989e+01 -3.987999999999999989e+00 -6.400000000000000133e-02
1.912300000000000111e+01 -2.007799999999999940e+01 8.319999999999999618e-01 -1.920000000000000040e-01
7.207099999999999795e+01 2.397800000000000153e+01 3.209999999999999964e+00 -1.839999999999999969e-01
1.077489999999999952e+02 6.364900000000000091e+01 4.402000000000000135e+00 -8.100000000000000255e-02
1.080649999999999977e+02 8.142600000000000193e+01 6.519000000000000128e+00 -1.000000000000000021e-03
6.826900000000000546e+01 6.909099999999999397e+01 7.900999999999999801e+00 -1.000000000000000021e-02
1.298900000000000077e+01 3.914900000000000091e+01 6.985999999999999766e+00 -5.999999999999999778e-02
-1.414199999999999946e+01 1.584600000000000009e+01 5.503000000000000114e+00 -7.399999999999999634e-02
1.983000000000000096e+00 1.172199999999999953e+01 5.440999999999999837e+00 -4.900000000000000189e-02
3.017599999999999838e+01 1.841499999999999915e+01 6.894999999999999574e+00 -2.299999999999999961e-02
3.394299999999999784e+01 1.968900000000000006e+01 8.211999999999999744e+00 -2.000000000000000042e-03
9.208999999999999631e+00 7.413000000000000256e+00 6.293999999999999595e+00 2.000000000000000042e-03
-2.173499999999999943e+01 -1.407399999999999984e+01 6.700000000000000400e-02 -1.799999999999999864e-02
-3.567900000000000205e+01 -3.249600000000000222e+01 -6.450000000000000178e+00 -1.400000000000000029e-02
-2.752700000000000102e+01 -3.802100000000000080e+01 -8.298000000000000043e+00 4.800000000000000100e-02
-1.261200000000000010e+01 -3.315299999999999869e+01 -5.389000000000000234e+00 1.049999999999999961e-01
-8.619999999999999218e+00 -2.867299999999999827e+01 -1.725000000000000089e+00 1.039999999999999952e-01
-1.528100000000000058e+01 -2.947800000000000153e+01 -3.589999999999999858e-01 8.500000000000000611e-02
-1.857499999999999929e+01 -3.079299999999999926e+01 -8.309999999999999609e-01 8.599999999999999312e-02
-1.316399999999999970e+01 -2.845299999999999940e+01 -8.619999999999999885e-01 7.499999999999999722e-02
-8.574999999999999289e+00 -2.521600000000000108e+01 6.430000000000000160e-01 2.800000000000000058e-02
-1.236400000000000077e+01 -2.458699999999999974e+01 1.923999999999999932e+00 -2.199999999999999872e-02
-2.011899999999999977e+01 -2.501699999999999946e+01 6.700000000000000400e-02 -3.799999999999999906e-02
-2.463700000000000045e+01 -2.316499999999999915e+01 -4.233999999999999986e+00 -2.199999999999999872e-02
-2.522899999999999920e+01 -1.880900000000000105e+01 -6.163999999999999702e+00 -6.000000000000000125e-03
-2.454799999999999827e+01 -1.474600000000000044e+01 -3.629999999999999893e+00 -8.000000000000000167e-03
-2.062999999999999901e+01 -1.303500000000000014e+01 -2.969999999999999862e-01 -1.299999999999999940e-02
-5.320000000000000284e+00 -1.168299999999999983e+01 1.258000000000000007e+00 1.000000000000000021e-02
2.803800000000000026e+01 -6.663000000000000256e+00 3.781000000000000139e+00 5.899999999999999689e-02
7.373799999999999955e+01 1.881999999999999895e+00 9.255000000000000782e+00 1.049999999999999961e-01
1.141470000000000056e+02 9.345000000000000639e+00 1.461100000000000065e+01 1.429999999999999882e-01
1.342230000000000132e+02 1.221899999999999942e+01 1.589499999999999957e+01 1.680000000000000104e-01
1.197199999999999989e+02 7.296999999999999709e+00 1.113799999999999990e+01 1.199999999999999956e-01
4.260799999999999699e+01 -9.019000000000000128e+00 7.500000000000000000e-01 -4.700000000000000011e-02
-9.599899999999999523e+01 -2.945700000000000074e+01 -9.275999999999999801e+00 -2.340000000000000135e-01
-2.046550000000000011e+02 -3.436599999999999966e+01 -9.782000000000000028e+00 -2.550000000000000044e-01
-1.777189999999999941e+02 -1.603600000000000136e+01 -6.800000000000000488e-02 -8.000000000000000167e-02
-4.421099999999999852e+01 6.945000000000000284e+00 9.118999999999999773e+00 9.600000000000000200e-02
6.037299999999999756e+01 1.423399999999999999e+01 9.712999999999999190e+00 9.299999999999999933e-02
7.143200000000000216e+01 1.053800000000000026e+01 6.330000000000000071e+00 -1.799999999999999864e-02
4.690500000000000114e+01 1.237800000000000011e+01 6.307000000000000384e+00 -5.399999999999999939e-02
4.200699999999999790e+01 1.922599999999999909e+01 6.951999999999999957e+00 -1.000000000000000021e-02
2.316000000000000014e+01 1.544500000000000028e+01 1.920000000000000040e-01 -3.099999999999999978e-02
-6.188199999999999790e+01 -3.721000000000000085e+00 -1.313199999999999967e+01 -1.650000000000000078e-01
-1.872170000000000130e+02 -2.301300000000000168e+01 -2.194399999999999906e+01 -3.029999999999999916e-01
-2.701240000000000236e+02 -2.558399999999999963e+01 -1.979200000000000159e+01 -3.459999999999999742e-01
-2.571669999999999732e+02 -1.027399999999999913e+01 -1.227699999999999925e+01 -2.899999999999999800e-01
-1.572769999999999868e+02 1.311700000000000088e+01 -6.280000000000000249e+00 -1.829999999999999960e-01
-2.483500000000000085e+01 3.518999999999999773e+01 -1.483000000000000096e+00 -6.700000000000000400e-02
7.162399999999999523e+01 4.836800000000000210e+01 3.886000000000000121e+00 2.699999999999999969e-02
9.866599999999999682e+01 4.879800000000000182e+01 8.007999999999999119e+00 7.900000000000000078e-02
8.437900000000000489e+01 4.196200000000000330e+01 9.794999999999999929e+00 9.400000000000000022e-02
7.762999999999999545e+01 3.689800000000000324e+01 1.127399999999999913e+01 9.900000000000000466e-02
9.440000000000000568e+01 3.495600000000000307e+01 1.298900000000000077e+01 1.059999999999999970e-01
1.206640000000000015e+02 3.247999999999999687e+01 1.304499999999999993e+01 1.100000000000000006e-01
1.455380000000000109e+02 3.137600000000000122e+01 1.215000000000000036e+01 1.290000000000000036e-01
1.685829999999999984e+02 3.805899999999999750e+01 1.392900000000000027e+01 1.960000000000000075e-01
1.782150000000000034e+02 4.938700000000000045e+01 1.839000000000000057e+01 2.819999999999999729e-01
1.358029999999999973e+02 4.699399999999999977e+01 1.859400000000000119e+01 2.670000000000000151e-01
1.505700000000000038e+01 1.857700000000000173e+01 8.448999999999999844e+00 7.299999999999999545e-02
-1.251419999999999959e+02 -1.759900000000000020e+01 -5.915000000000000036e+00 -1.690000000000000113e-01
-1.711970000000000027e+02 -2.961799999999999855e+01 -1.082099999999999973e+01 -2.310000000000000109e-01
-9.708499999999999375e+01 -1.380499999999999972e+01 -3.342000000000000082e+00 -8.799999999999999489e-02
1.819999999999999951e-01 3.412999999999999812e+00 5.423000000000000043e+00 6.400000000000000133e-02
3.851800000000000068e+01 5.203000000000000291e+00 6.857000000000000206e+00 9.600000000000000200e-02
3.770100000000000051e+01 1.048000000000000043e+00 4.057000000000000384e+00 6.900000000000000577e-02
4.620400000000000063e+01 2.908999999999999808e+00 3.013999999999999790e+00 7.599999999999999811e-02
6.460399999999999920e+01 7.815000000000000391e+00 3.435000000000000053e+00 1.150000000000000050e-01
6.956900000000000261e+01 9.201000000000000512e+00 2.128000000000000114e+00 1.330000000000000071e-01
6.113300000000000267e+01 9.316000000000000725e+00 -3.609999999999999876e-01 1.110000000000000014e-01
5.953699999999999903e+01 1.332300000000000040e+01 -1.334000000000000075e+00 7.499999999999999722e-02
7.249699999999999989e+01 1.933599999999999852e+01 -6.959999999999999520e-01 6.600000000000000311e-02
8.191700000000000159e+01 2.006299999999999883e+01 -5.520000000000000462e-01 8.799999999999999489e-02
6.783799999999999386e+01 1.202299999999999969e+01 -2.310999999999999943e+00 9.299999999999999933e-02
3.736599999999999966e+01 4.560000000000000164e-01 -5.424000000000000377e+00 5.600000000000000117e-02
1.441000000000000014e+01 -6.155000000000000249e+00 -7.653999999999999915e+00 2.199999999999999872e-02
5.288000000000000256e+00 -6.562000000000000277e+00 -7.155999999999999694e+00 2.100000000000000130e-02
-6.509000000000000341e+00 -8.294999999999999929e+00 -4.810999999999999943e+00 1.499999999999999944e-02
-3.206499999999999773e+01 -1.667899999999999849e+01 -2.849000000000000199e+00 -5.000000000000000104e-03
-5.865999999999999659e+01 -2.668799999999999883e+01 -1.191000000000000059e+00 5.000000000000000104e-03
-6.432800000000000296e+01 -2.873499999999999943e+01 2.040999999999999925e+00 5.800000000000000294e-02
-4.480700000000000216e+01 -2.041100000000000136e+01 6.472000000000000419e+00 1.239999999999999991e-01
-1.823300000000000054e+01 -1.017399999999999949e+01 9.369999999999999218e+00 1.620000000000000051e-01
-2.677999999999999936e+00 -7.796999999999999709e+00 9.587999999999999190e+00 1.340000000000000080e-01
3.810999999999999943e+00 -1.213799999999999990e+01 8.875000000000000000e+00 4.800000000000000100e-02
1.943599999999999994e+01 -1.229400000000000048e+01 9.535999999999999588e+00 -8.000000000000000167e-03
5.751299999999999812e+01 1.069999999999999979e-01 1.202599999999999980e+01 3.300000000000000155e-02
1.091149999999999949e+02 2.237399999999999878e+01 1.397499999999999964e+01 1.170000000000000068e-01
1.510459999999999923e+02 4.171300000000000097e+01 1.225699999999999967e+01 1.429999999999999882e-01
1.621370000000000005e+02 4.472599999999999909e+01 7.019000000000000128e+00 1.049999999999999961e-01
1.134669999999999987e+02 2.793199999999999861e+01 3.760000000000000009e-01 3.500000000000000333e-02
-1.882000000000000028e+01 -1.439000000000000057e+00 -8.153999999999999915e+00 -9.400000000000000022e-02
-1.812290000000000134e+02 -2.930399999999999849e+01 -1.817399999999999949e+01 -2.740000000000000213e-01
-2.497899999999999920e+02 -3.927900000000000347e+01 -2.363200000000000145e+01 -3.750000000000000000e-01
-1.815049999999999955e+02 -2.626599999999999824e+01 -2.020799999999999841e+01 -3.210000000000000075e-01
-7.956100000000000705e+01 -5.554000000000000270e+00 -1.293299999999999983e+01 -1.980000000000000093e-01
-4.610099999999999909e+01 2.697000000000000064e+00 -9.515000000000000568e+00 -1.219999999999999973e-01
-6.281499999999999773e+01 -4.783999999999999808e+00 -1.100600000000000023e+01 -1.140000000000000041e-01
-6.582299999999999329e+01 -1.562100000000000044e+01 -1.326900000000000013e+01 -1.250000000000000000e-01
-4.768500000000000227e+01 -2.009900000000000020e+01 -1.345199999999999996e+01 -1.189999999999999947e-01
-3.718999999999999773e+01 -1.966300000000000026e+01 -1.206499999999999950e+01 -1.039999999999999952e-01
-4.022599999999999909e+01 -1.900100000000000122e+01 -1.083099999999999952e+01 -1.019999999999999934e-01
-4.175999999999999801e+01 -1.904899999999999949e+01 -1.045400000000000063e+01 -1.019999999999999934e-01
-3.654699999999999704e+01 -1.920100000000000051e+01 -1.018900000000000006e+01 -8.100000000000000255e-02
-3.144900000000000162e+01 -1.977499999999999858e+01 -9.025999999999999801e+00 -6.400000000000000133e-02
-2.918599999999999994e+01 -2.068400000000000105e+01 -7.025000000000000355e+00 -8.599999999999999312e-02
-2.611499999999999844e+01 -2.092599999999999838e+01 -5.298000000000000043e+00 -1.160000000000000059e-01
-2.181200000000000117e+01 -2.017099999999999937e+01 -4.778999999999999915e+00 -9.900000000000000466e-02
-1.961599999999999966e+01 -1.930499999999999972e+01 -5.001000000000000334e+00 -4.800000000000000100e-02
-1.969999999999999929e+01 -1.867500000000000071e+01 -4.442000000000000171e+00 -2.599999999999999881e-02
-1.890099999999999980e+01 -1.755099999999999838e+01 -2.762000000000000011e+00 -5.600000000000000117e-02
-1.574699999999999989e+01 -1.607999999999999829e+01 -1.750000000000000000e+00 -8.300000000000000433e-02
-1.175900000000000034e+01 -1.526699999999999946e+01 -2.512999999999999901e+00 -6.300000000000000044e-02
-8.644999999999999574e+00 -1.489000000000000057e+01 -3.177000000000000046e+00 -2.599999999999999881e-02
-6.512999999999999901e+00 -1.396599999999999930e+01 -1.826999999999999957e+00 -1.700000000000000122e-02
-4.870000000000000107e+00 -1.248300000000000054e+01 1.429999999999999882e-01 -2.299999999999999961e-02
-3.350000000000000089e+00 -1.097600000000000087e+01 6.560000000000000275e-01 -1.799999999999999864e-02
-1.320000000000000062e+00 -9.282000000000000028e+00 3.820000000000000062e-01 -1.899999999999999953e-02
1.362000000000000099e+00 -6.998000000000000220e+00 9.789999999999999813e-01 -3.300000000000000155e-02
3.790999999999999925e+00 -4.809000000000000163e+00 2.513999999999999790e+00 -3.599999999999999728e-02
5.402000000000000135e+00 -3.690999999999999837e+00 3.778999999999999915e+00 -2.000000000000000042e-02
6.575999999999999623e+00 -3.093999999999999861e+00 3.630999999999999783e+00 -8.000000000000000167e-03
7.671999999999999709e+00 -1.814999999999999947e+00 2.408999999999999808e+00 -6.000000000000000125e-03
8.882999999999999119e+00 6.500000000000000222e-02 1.798000000000000043e+00 -1.000000000000000021e-03
1.040000000000000036e+01 1.562999999999999945e+00 2.725999999999999979e+00 1.000000000000000021e-02
1.197199999999999953e+01 2.520000000000000018e+00 4.517999999999999794e+00 2.299999999999999961e-02
1.314600000000000080e+01 3.939000000000000057e+00 5.669999999999999929e+00 3.699999999999999817e-02
1.404499999999999993e+01 6.259000000000000341e+00 5.259000000000000341e+00 4.100000000000000172e-02
1.520800000000000018e+01 8.160000000000000142e+00 4.498000000000000220e+00 2.800000000000000058e-02
1.652499999999999858e+01 8.317999999999999616e+00 5.108999999999999986e+00 1.400000000000000029e-02
1.694500000000000028e+01 7.363000000000000433e+00 6.190999999999999837e+00 1.299999999999999940e-02
1.612800000000000011e+01 6.924999999999999822e+00 5.947000000000000064e+00 1.700000000000000122e-02
1.567699999999999960e+01 7.554999999999999716e+00 5.089000000000000412e+00 1.899999999999999953e-02
1.697800000000000153e+01 8.535000000000000142e+00 5.107000000000000206e+00 2.599999999999999881e-02
1.862999999999999901e+01 9.327999999999999403e+00 5.397000000000000242e+00 3.300000000000000155e-02
1.835500000000000043e+01 9.997999999999999332e+00 4.780999999999999694e+00 1.400000000000000029e-02
1.651999999999999957e+01 1.045299999999999940e+01 3.653999999999999915e+00 -2.999999999999999889e-02
1.540399999999999991e+01 1.051699999999999946e+01 3.065999999999999837e+00 -7.799999999999999989e-02
1.606099999999999994e+01 1.034800000000000075e+01 3.236000000000000210e+00 -1.219999999999999973e-01
1.758800000000000097e+01 1.043900000000000006e+01 3.536999999999999922e+00 -1.539999999999999980e-01
1.851200000000000045e+01 1.101900000000000013e+01 3.278000000000000025e+00 -1.670000000000000095e-01
1.829799999999999827e+01 1.105199999999999960e+01 2.685999999999999943e+00 -1.719999999999999862e-01
1.800600000000000023e+01 9.756000000000000227e+00 3.005999999999999783e+00 -1.829999999999999960e-01
1.871799999999999997e+01 8.875000000000000000e+00 4.491999999999999993e+00 -1.950000000000000067e-01
1.962999999999999901e+01 1.034600000000000009e+01 5.339999999999999858e+00 -1.819999999999999951e-01
1.909700000000000131e+01 1.298499999999999943e+01 4.432999999999999829e+00 -1.549999999999999989e-01
1.669099999999999895e+01 1.396299999999999919e+01 3.032000000000000028e+00 -1.549999999999999989e-01
1.343900000000000006e+01 1.254299999999999926e+01 2.286000000000000032e+00 -1.739999999999999880e-01
1.076500000000000057e+01 1.108699999999999974e+01 1.792999999999999927e+00 -1.539999999999999980e-01
9.361000000000000654e+00 1.180899999999999928e+01 1.364999999999999991e+00 -9.099999999999999756e-02
8.981999999999999318e+00 1.335299999999999976e+01 1.768999999999999906e+00 -4.200000000000000261e-02
8.865999999999999659e+00 1.293500000000000050e+01 2.942000000000000171e+00 -3.300000000000000155e-02
7.799000000000000377e+00 1.117399999999999949e+01 3.418000000000000149e+00 -2.699999999999999969e-02
4.865000000000000213e+00 1.109600000000000009e+01 2.416999999999999815e+00 5.000000000000000104e-03
1.399999999999999911e+00 1.267099999999999937e+01 8.950000000000000178e-01 3.899999999999999994e-02
6.500000000000000222e-01 1.272499999999999964e+01 1.049999999999999961e-01 5.800000000000000294e-02
3.299999999999999822e+00 1.041600000000000037e+01 1.120000000000000023e-01 8.500000000000000611e-02
5.525000000000000355e+00 8.477999999999999758e+00 -5.600000000000000117e-02 1.320000000000000062e-01
4.511999999999999567e+00 8.835000000000000853e+00 -5.600000000000000533e-01 1.819999999999999951e-01
2.809000000000000163e+00 1.019899999999999984e+01 -3.559999999999999831e-01 2.270000000000000073e-01
3.488999999999999879e+00 1.001800000000000068e+01 4.789999999999999813e-01 2.580000000000000071e-01
4.943999999999999950e+00 7.730000000000000426e+00 4.069999999999999729e-01 2.630000000000000115e-01
4.544999999999999929e+00 5.548000000000000043e+00 -8.559999999999999831e-01 2.640000000000000124e-01
2.971000000000000085e+00 5.184000000000000163e+00 -1.635000000000000009e+00 2.819999999999999729e-01
1.471999999999999975e+00 5.663999999999999702e+00 -1.044000000000000039e+00 2.969999999999999862e-01
-1.320000000000000062e-01 5.583999999999999631e+00 -4.229999999999999871e-01 2.949999999999999845e-01
-1.276999999999999913e+00 4.847999999999999865e+00 -6.219999999999999973e-01 3.009999999999999898e-01
-1.173999999999999932e+00 3.630999999999999783e+00 -6.199999999999999956e-01 3.290000000000000147e-01
-5.610000000000000542e-01 1.796000000000000041e+00 -3.230000000000000093e-01 3.509999999999999787e-01
-2.630000000000000115e-01 -2.680000000000000160e-01 -9.120000000000000329e-01 3.469999999999999751e-01
-2.190000000000000002e-01 -1.487999999999999989e+00 -2.060999999999999943e+00 3.310000000000000164e-01
-7.329999999999999849e-01 -1.582000000000000073e+00 -2.601999999999999869e+00 3.270000000000000129e-01
-2.814000000000000057e+00 -1.782999999999999918e+00 -2.867999999999999883e+00 3.230000000000000093e-01
-6.176999999999999602e+00 -3.064999999999999947e+00 -3.367999999999999883e+00 3.059999999999999942e-01
-7.988999999999999879e+00 -4.608999999999999986e+00 -3.403999999999999915e+00 2.929999999999999827e-01
-6.360000000000000320e+00 -4.975999999999999979e+00 -3.024999999999999911e+00 2.969999999999999862e-01
-3.952999999999999847e+00 -4.288000000000000256e+00 -3.250000000000000000e+00 2.959999999999999853e-01
-4.488999999999999879e+00 -4.312000000000000277e+00 -3.560000000000000053e+00 2.700000000000000178e-01
-7.421000000000000263e+00 -5.945000000000000284e+00 -2.640000000000000124e+00 2.280000000000000082e-01
-9.320999999999999730e+00 -7.740000000000000213e+00 -1.235999999999999988e+00 1.890000000000000013e-01
-8.996999999999999886e+00 -8.114000000000000767e+00 -1.133000000000000007e+00 1.700000000000000122e-01
-8.647000000000000242e+00 -7.799000000000000377e+00 -2.302999999999999936e+00 1.600000000000000033e-01
-9.990000000000000213e+00 -8.438000000000000611e+00 -3.136000000000000121e+00 1.340000000000000080e-01
-1.165399999999999991e+01 -9.724000000000000199e+00 -2.857000000000000206e+00 1.000000000000000056e-01
-1.156900000000000084e+01 -9.910999999999999588e+00 -2.196000000000000174e+00 8.000000000000000167e-02
-9.707000000000000739e+00 -8.742000000000000881e+00 -1.651000000000000023e+00 6.400000000000000133e-02
-7.674999999999999822e+00 -7.732999999999999652e+00 -8.269999999999999574e-01 4.100000000000000172e-02
-6.871000000000000441e+00 -7.466000000000000192e+00 1.759999999999999898e-01 1.899999999999999953e-02
-6.788999999999999702e+00 -6.841999999999999638e+00 3.280000000000000138e-01 -4.000000000000000083e-03
-5.690999999999999837e+00 -5.612000000000000099e+00 -7.109999999999999654e-01 -3.300000000000000155e-02
-3.250999999999999890e+00 -5.030000000000000249e+00 -1.616000000000000103e+00 -5.199999999999999761e-02
-9.519999999999999574e-01 -5.225999999999999979e+00 -1.151999999999999913e+00 -5.299999999999999850e-02
-4.119999999999999774e-01 -5.379999999999999893e+00 -4.000000000000000083e-02 -5.500000000000000028e-02
-2.146999999999999797e+00 -6.134999999999999787e+00 1.100000000000000006e-01 -7.299999999999999545e-02
-4.610999999999999766e+00 -7.766000000000000014e+00 -9.449999999999999512e-01 -9.800000000000000377e-02
-5.325000000000000178e+00 -8.694000000000000838e+00 -1.578000000000000069e+00 -1.160000000000000059e-01
-4.184000000000000163e+00 -8.711999999999999744e+00 -3.659999999999999920e-01 -1.229999999999999982e-01
-3.398000000000000131e+00 -9.259000000000000341e+00 1.510000000000000009e+00 -1.340000000000000080e-01
-3.504999999999999893e+00 -1.036700000000000088e+01 1.699999999999999956e+00 -1.570000000000000007e-01
-2.612999999999999989e+00 -1.112800000000000011e+01 2.879999999999999782e-01 -1.819999999999999951e-01
-4.400000000000000022e-01 -1.115799999999999947e+01 -6.899999999999999467e-01 -1.970000000000000084e-01
5.070000000000000062e-01 -1.015700000000000003e+01 -6.640000000000000346e-01 -2.139999999999999958e-01
-8.960000000000000187e-01 -8.525000000000000355e+00 -7.880000000000000338e-01 -2.270000000000000073e-01
-2.524999999999999911e+00 -7.647999999999999687e+00 -1.280000000000000027e+00 -2.190000000000000002e-01
-2.480999999999999872e+00 -7.907000000000000028e+00 -8.429999999999999716e-01 -2.119999999999999940e-01
-1.284000000000000030e+00 -8.189999999999999503e+00 7.680000000000000160e-01 -2.429999999999999938e-01
5.500000000000000444e-01 -7.410999999999999588e+00 1.637999999999999901e+00 -2.839999999999999747e-01
3.888999999999999790e+00 -5.049999999999999822e+00 4.899999999999999911e-01 -2.760000000000000231e-01
7.722000000000000419e+00 -1.852000000000000091e+00 -9.459999999999999520e-01 -2.260000000000000064e-01
7.913000000000000256e+00 -3.950000000000000178e-01 -1.640000000000000069e-01 -1.990000000000000102e-01
2.789000000000000146e+00 -2.467000000000000082e+00 2.370999999999999996e+00 -2.290000000000000091e-01
-2.980999999999999872e+00 -6.067999999999999616e+00 3.964999999999999858e+00 -2.750000000000000222e-01
-4.378999999999999559e+00 -7.604000000000000092e+00 3.579000000000000181e+00 -2.780000000000000249e-01
-2.774000000000000021e+00 -6.418000000000000149e+00 2.442000000000000171e+00 -2.520000000000000018e-01
-2.249000000000000110e+00 -4.730999999999999872e+00 1.497999999999999998e+00 -2.469999999999999973e-01
-3.315999999999999837e+00 -3.971999999999999975e+00 5.010000000000000009e-01 -2.680000000000000160e-01
-4.038999999999999702e+00 -3.580000000000000071e+00 -4.299999999999999933e-01 -2.760000000000000231e-01
-3.359999999999999876e+00 -3.016000000000000014e+00 -4.390000000000000013e-01 -2.550000000000000044e-01
-1.502000000000000002e+00 -2.625000000000000000e+00 2.240000000000000047e-01 -2.260000000000000064e-01
6.560000000000000275e-01 -2.653000000000000025e+00 4.869999999999999885e-01 -2.069999999999999896e-01
2.273000000000000131e+00 -2.794999999999999929e+00 5.170000000000000151e-01 -2.010000000000000120e-01
3.000999999999999890e+00 -2.604999999999999982e+00 5.679999999999999494e-01 -2.000000000000000111e-01
3.008000000000000007e+00 -2.162999999999999812e+00 -1.449999999999999900e-01 -1.990000000000000102e-01
2.983000000000000096e+00 -1.610999999999999988e+00 -1.068000000000000060e+00 -1.910000000000000031e-01
3.329000000000000181e+00 -2.479999999999999982e-01 -5.550000000000000488e-01 -1.670000000000000095e-01
3.509999999999999787e+00 2.001999999999999780e+00 7.710000000000000187e-01 -1.280000000000000027e-01
3.186999999999999833e+00 3.563000000000000167e+00 8.419999999999999707e-01 -1.049999999999999961e-01
2.746999999999999886e+00 3.448999999999999844e+00 -3.760000000000000009e-01 -1.059999999999999970e-01
2.373000000000000220e+00 2.794999999999999929e+00 -1.231000000000000094e+00 -9.900000000000000466e-02
2.233999999999999986e+00 3.486000000000000210e+00 -1.054000000000000048e+00 -6.500000000000000222e-02
2.488999999999999879e+00 5.780000000000000249e+00 -5.859999999999999654e-01 -3.099999999999999978e-02
2.438000000000000167e+00 7.631999999999999673e+00 -5.210000000000000187e-01 -2.299999999999999961e-02
1.774000000000000021e+00 7.503000000000000114e+00 -7.429999999999999938e-01 -2.199999999999999872e-02
1.473000000000000087e+00 6.849000000000000199e+00 -6.079999999999999849e-01 -8.999999999999999320e-03
1.838999999999999968e+00 7.674000000000000377e+00 3.190000000000000058e-01 -2.000000000000000042e-03
2.073999999999999844e+00 9.557999999999999829e+00 1.570999999999999952e+00 -1.499999999999999944e-02
1.729999999999999982e+00 1.107099999999999973e+01 2.128000000000000114e+00 -1.600000000000000033e-02
9.479999999999999538e-01 1.169599999999999973e+01 1.538000000000000034e+00 1.799999999999999864e-02
2.859999999999999765e-01 1.172899999999999920e+01 2.790000000000000258e-01 6.800000000000000488e-02
-1.600000000000000033e-02 1.220199999999999996e+01 -7.710000000000000187e-01 1.059999999999999970e-01
-5.290000000000000258e-01 1.359699999999999953e+01 -7.239999999999999769e-01 1.179999999999999938e-01
-1.056999999999999940e+00 1.430199999999999960e+01 7.369999999999999885e-01 1.049999999999999961e-01
-5.889999999999999680e-01 1.309200000000000053e+01 2.076000000000000068e+00 8.100000000000000255e-02
3.699999999999999956e-01 1.179199999999999982e+01 9.829999999999999849e-01 6.300000000000000044e-02
1.819999999999999951e-01 1.230499999999999972e+01 -1.766999999999999904e+00 7.099999999999999367e-02
-9.759999999999999787e-01 1.345599999999999952e+01 -2.806999999999999940e+00 1.079999999999999988e-01
-1.145999999999999908e+00 1.368999999999999950e+01 -1.352000000000000091e+00 1.519999999999999962e-01
1.209999999999999964e-01 1.364300000000000068e+01 2.979999999999999871e-01 1.789999999999999925e-01
1.338999999999999968e+00 1.390900000000000070e+01 8.199999999999999512e-01 1.759999999999999898e-01
1.836000000000000076e+00 1.387400000000000055e+01 7.449999999999999956e-01 1.539999999999999980e-01
1.838000000000000078e+00 1.324000000000000021e+01 7.329999999999999849e-01 1.400000000000000133e-01
1.302000000000000046e+00 1.217099999999999937e+01 9.370000000000000551e-01 1.489999999999999936e-01
1.054999999999999938e+00 1.107300000000000040e+01 1.002999999999999892e+00 1.739999999999999880e-01
2.190999999999999837e+00 1.061700000000000088e+01 5.629999999999999449e-01 1.930000000000000049e-01
3.580999999999999961e+00 1.062299999999999933e+01 1.859999999999999987e-01 2.039999999999999869e-01
3.455999999999999961e+00 1.017399999999999949e+01 6.470000000000000195e-01 2.109999999999999931e-01
2.330000000000000071e+00 9.013999999999999346e+00 1.100000000000000089e+00 2.099999999999999922e-01
1.028999999999999915e+00 7.631999999999999673e+00 4.000000000000000083e-03 2.020000000000000129e-01
-8.559999999999999831e-01 6.778999999999999915e+00 -2.040999999999999925e+00 1.920000000000000040e-01
-2.349000000000000199e+00 6.825999999999999623e+00 -2.923999999999999932e+00 1.700000000000000122e-01
-1.818999999999999950e+00 6.761000000000000121e+00 -2.355999999999999872e+00 1.409999999999999865e-01
-7.079999999999999627e-01 5.248000000000000220e+00 -1.600999999999999979e+00 1.310000000000000053e-01
-1.556999999999999940e+00 2.966000000000000192e+00 -6.969999999999999529e-01 1.380000000000000115e-01
-3.569999999999999840e+00 1.786000000000000032e+00 8.120000000000000551e-01 1.429999999999999882e-01
-4.123000000000000220e+00 1.840000000000000080e+00 1.870000000000000107e+00 1.469999999999999918e-01
-2.817000000000000171e+00 1.449000000000000066e+00 1.504000000000000004e+00 1.429999999999999882e-01
-1.413999999999999924e+00 -3.170000000000000040e-01 5.470000000000000417e-01 1.219999999999999973e-01
-1.312999999999999945e+00 -2.446000000000000174e+00 -2.699999999999999969e-02 1.110000000000000014e-01
-2.241999999999999993e+00 -3.337000000000000188e+00 -2.939999999999999836e-01 1.350000000000000089e-01
-2.814999999999999947e+00 -2.943999999999999950e+00 -3.679999999999999938e-01 1.459999999999999909e-01
-2.339999999999999858e+00 -3.068000000000000060e+00 -2.119999999999999940e-01 1.010000000000000064e-01
-1.818999999999999950e+00 -4.679000000000000270e+00 -9.299999999999999933e-02 4.399999999999999745e-02
-2.254999999999999893e+00 -6.147000000000000242e+00 -2.149999999999999967e-01 4.000000000000000083e-02
-2.896999999999999797e+00 -6.022999999999999687e+00 -5.110000000000000098e-01 6.700000000000000400e-02
-2.486000000000000210e+00 -5.673000000000000043e+00 -7.439999999999999947e-01 5.399999999999999939e-02
-1.161000000000000032e+00 -7.184999999999999609e+00 -5.600000000000000533e-01 2.000000000000000042e-03
-2.889999999999999791e-01 -1.053200000000000003e+01 2.650000000000000133e-01 -2.699999999999999969e-02
-3.850000000000000089e-01 -1.407399999999999984e+01 1.203999999999999959e+00 -5.000000000000000104e-03
-9.900000000000000466e-02 -1.682199999999999918e+01 1.082999999999999963e+00 2.800000000000000058e-02
8.599999999999999867e-01 -1.887800000000000011e+01 -1.250000000000000000e-01 2.400000000000000050e-02
4.189999999999999836e-01 -1.971900000000000119e+01 -8.539999999999999813e-01 -1.600000000000000033e-02
-1.485000000000000098e+00 -1.850900000000000034e+01 -5.140000000000000124e-01 -4.900000000000000189e-02
-1.868999999999999995e+00 -1.646099999999999852e+01 -3.489999999999999769e-01 -5.299999999999999850e-02
9.500000000000000111e-02 -1.585100000000000087e+01 -6.730000000000000426e-01 -4.800000000000000100e-02
1.883000000000000007e+00 -1.664999999999999858e+01 -1.859999999999999987e-01 -5.700000000000000205e-02
2.036999999999999922e+00 -1.680699999999999861e+01 9.469999999999999529e-01 -7.699999999999999900e-02
1.752000000000000002e+00 -1.558300000000000018e+01 9.220000000000000417e-01 -8.500000000000000611e-02
2.156000000000000139e+00 -1.438599999999999923e+01 -1.350000000000000089e-01 -8.500000000000000611e-02
2.660000000000000142e+00 -1.443599999999999994e+01 -4.689999999999999725e-01 -9.900000000000000466e-02
2.355999999999999872e+00 -1.495899999999999963e+01 -7.900000000000000078e-02 -1.120000000000000023e-01
1.479999999999999982e+00 -1.421599999999999930e+01 -1.620000000000000051e-01 -9.800000000000000377e-02
7.600000000000000089e-01 -1.232300000000000040e+01 -5.530000000000000471e-01 -8.000000000000000167e-02
5.290000000000000258e-01 -1.099200000000000088e+01 -2.169999999999999984e-01 -8.500000000000000611e-02
7.259999999999999787e-01 -1.027699999999999925e+01 8.090000000000000524e-01 -1.000000000000000056e-01
7.259999999999999787e-01 -9.144999999999999574e+00 1.296999999999999931e+00 -9.900000000000000466e-02
-8.999999999999999320e-03 -8.089999999999999858e+00 6.139999999999999902e-01 -8.500000000000000611e-02
-6.740000000000000435e-01 -8.019000000000000128e+00 -2.129999999999999949e-01 -8.100000000000000255e-02
-4.919999999999999929e-01 -8.576000000000000512e+00 -1.380000000000000115e-01 -1.039999999999999952e-01
-4.809999999999999831e-01 -8.609999999999999432e+00 3.330000000000000182e-01 -1.280000000000000027e-01
-1.189000000000000057e+00 -7.016000000000000014e+00 6.189999999999999947e-01 -1.199999999999999956e-01
-1.167000000000000037e+00 -4.126000000000000334e+00 1.197999999999999954e+00 -9.199999999999999845e-02
-9.700000000000000289e-02 -2.048999999999999932e+00 1.762000000000000011e+00 -7.000000000000000666e-02
5.170000000000000151e-01 -1.852000000000000091e+00 9.379999999999999449e-01 -5.999999999999999778e-02
8.269999999999999574e-01 -1.923000000000000043e+00 -9.589999999999999636e-01 -7.099999999999999367e-02
2.012999999999999901e+00 -6.390000000000000124e-01 -1.959000000000000075e+00 -1.069999999999999979e-01
2.971000000000000085e+00 1.120000000000000107e+00 -1.469000000000000083e+00 -1.330000000000000071e-01
2.158999999999999808e+00 1.356999999999999984e+00 -6.400000000000000133e-01 -1.160000000000000059e-01
7.580000000000000071e-01 1.580000000000000016e-01 -4.749999999999999778e-01 -8.000000000000000167e-02
8.499999999999999778e-01 1.650000000000000078e-01 -1.014000000000000012e+00 -7.199999999999999456e-02
2.396999999999999797e+00 2.814000000000000057e+00 -1.370000000000000107e+00 -7.900000000000000078e-02
3.821000000000000174e+00 5.753999999999999559e+00 -6.169999999999999929e-01 -5.500000000000000028e-02
4.030999999999999694e+00 6.267000000000000348e+00 3.780000000000000027e-01 -6.000000000000000125e-03
2.762000000000000011e+00 5.341000000000000192e+00 -3.310000000000000164e-01 1.499999999999999944e-02
6.860000000000000542e-01 5.520999999999999908e+00 -1.993999999999999995e+00 -1.799999999999999864e-02
-4.199999999999999845e-01 6.746000000000000441e+00 -1.540000000000000036e+00 -6.400000000000000133e-02
1.229999999999999982e-01 7.464999999999999858e+00 8.259999999999999565e-01 -7.499999999999999722e-02
4.829999999999999849e-01 7.586999999999999744e+00 1.437000000000000055e+00 -4.900000000000000189e-02
-7.760000000000000231e-01 7.552999999999999936e+00 -5.669999999999999485e-01 -2.500000000000000139e-02
-2.241000000000000103e+00 7.216000000000000192e+00 -2.069999999999999840e+00 -3.099999999999999978e-02
-2.124000000000000110e+00 7.115999999999999659e+00 -1.129999999999999893e+00 -4.599999999999999922e-02
-1.314999999999999947e+00 7.695999999999999730e+00 6.270000000000000018e-01 -3.200000000000000067e-02
-1.399000000000000021e+00 7.950000000000000178e+00 9.429999999999999494e-01 -1.000000000000000021e-03
-1.675999999999999934e+00 7.687999999999999723e+00 6.600000000000000311e-02 7.000000000000000146e-03
-1.241999999999999993e+00 8.125999999999999446e+00 -1.940000000000000058e-01 -8.999999999999999320e-03
-1.250000000000000000e+00 9.041000000000000369e+00 5.500000000000000444e-01 -8.999999999999999320e-03
-2.275999999999999801e+00 9.253999999999999559e+00 9.929999999999999938e-01 1.899999999999999953e-02
-2.826999999999999957e+00 8.826999999999999957e+00 5.659999999999999476e-01 3.899999999999999994e-02
-1.985999999999999988e+00 8.243999999999999773e+00 1.280000000000000027e-01 2.599999999999999881e-02
-4.879999999999999893e-01 7.623999999999999666e+00 -9.400000000000000022e-02 2.000000000000000042e-03
7.790000000000000258e-01 7.224999999999999645e+00 -5.819999999999999618e-01 0.000000000000000000e+00
1.211000000000000076e+00 6.916000000000000369e+00 -7.680000000000000160e-01 2.100000000000000130e-02
5.689999999999999503e-01 5.963000000000000078e+00 -1.700000000000000122e-01 4.299999999999999656e-02
-4.450000000000000067e-01 4.730999999999999872e+00 2.429999999999999938e-01 5.099999999999999672e-02
-8.719999999999999973e-01 4.854000000000000092e+00 -1.570000000000000007e-01 4.399999999999999745e-02
-3.230000000000000093e-01 6.134000000000000341e+00 -5.090000000000000080e-01 4.200000000000000261e-02
1.298000000000000043e+00 6.049000000000000377e+00 3.500000000000000333e-02 4.800000000000000100e-02
3.169000000000000039e+00 3.918000000000000149e+00 1.076000000000000068e+00 4.399999999999999745e-02
3.123000000000000220e+00 2.361000000000000210e+00 1.701999999999999957e+00 3.400000000000000244e-02
3.880000000000000115e-01 3.194999999999999840e+00 1.556000000000000050e+00 4.200000000000000261e-02
-2.170999999999999819e+00 4.850999999999999979e+00 9.389999999999999458e-01 6.199999999999999956e-02
-1.639999999999999902e+00 5.118999999999999773e+00 4.369999999999999996e-01 6.700000000000000400e-02
5.090000000000000080e-01 3.915000000000000036e+00 3.180000000000000049e-01 5.600000000000000117e-02
1.141999999999999904e+00 2.478000000000000203e+00 4.239999999999999880e-01 5.000000000000000278e-02
4.540000000000000147e-01 1.784000000000000030e+00 5.889999999999999680e-01 5.000000000000000278e-02
4.229999999999999871e-01 2.140000000000000124e+00 4.749999999999999778e-01 4.399999999999999745e-02
7.189999999999999725e-01 2.926000000000000156e+00 -1.610000000000000042e-01 2.199999999999999872e-02
-1.209999999999999964e-01 2.741000000000000103e+00 -4.500000000000000111e-01 -1.299999999999999940e-02
-1.280999999999999917e+00 1.245999999999999996e+00 5.560000000000000497e-01 -5.700000000000000205e-02
-1.034000000000000030e+00 -3.200000000000000067e-02 1.711999999999999966e+00 -9.800000000000000377e-02
-1.310000000000000053e-01 -5.299999999999999850e-02 1.171000000000000041e+00 -1.160000000000000059e-01
-2.240000000000000047e-01 3.860000000000000098e-01 -4.670000000000000262e-01 -1.120000000000000023e-01
-8.459999999999999742e-01 2.010000000000000120e-01 -1.358000000000000096e+00 -1.130000000000000032e-01
-9.969999999999999973e-01 -6.049999999999999822e-01 -1.477999999999999980e+00 -1.270000000000000018e-01
-8.619999999999999885e-01 -8.449999999999999734e-01 -1.760999999999999899e+00 -1.330000000000000071e-01
-6.009999999999999787e-01 3.559999999999999831e-01 -1.772000000000000020e+00 -1.189999999999999947e-01
-2.449999999999999956e-01 1.711999999999999966e+00 -5.080000000000000071e-01 -9.600000000000000200e-02
-2.300000000000000100e-01 1.340999999999999970e+00 1.302999999999999936e+00 -7.699999999999999900e-02
-4.249999999999999889e-01 -3.370000000000000218e-01 1.935999999999999943e+00 -7.199999999999999456e-02
-1.980000000000000093e-01 -1.578000000000000069e+00 1.475999999999999979e+00 -8.500000000000000611e-02
2.570000000000000062e-01 -1.850999999999999979e+00 1.223999999999999977e+00 -9.900000000000000466e-02
4.979999999999999982e-01 -1.586000000000000076e+00 1.294000000000000039e+00 -8.799999999999999489e-02
8.780000000000000027e-01 -9.120000000000000329e-01 1.296000000000000041e+00 -4.200000000000000261e-02
1.260000000000000009e+00 3.899999999999999994e-02 1.415000000000000036e+00 1.099999999999999936e-02
6.189999999999999947e-01 5.010000000000000009e-01 1.340999999999999970e+00 3.099999999999999978e-02
-7.389999999999999902e-01 3.200000000000000067e-02 4.289999999999999925e-01 2.100000000000000130e-02
-9.569999999999999618e-01 -6.790000000000000480e-01 -6.700000000000000400e-01 2.800000000000000058e-02
6.590000000000000302e-01 -1.171999999999999931e+00 -7.419999999999999929e-01 6.600000000000000311e-02
2.665000000000000036e+00 -1.633999999999999897e+00 6.600000000000000311e-02 9.600000000000000200e-02
3.358000000000000096e+00 -1.629999999999999893e+00 5.659999999999999476e-01 9.800000000000000377e-02
2.455999999999999961e+00 -9.609999999999999654e-01 8.500000000000000611e-02 1.069999999999999979e-01
9.799999999999999822e-01 -5.440000000000000391e-01 -3.880000000000000115e-01 1.499999999999999944e-01
9.900000000000000466e-02 -4.580000000000000182e-01 9.000000000000000222e-01 1.940000000000000058e-01
5.700000000000000205e-02 8.200000000000000344e-02 3.168000000000000149e+00 1.970000000000000084e-01
2.650000000000000133e-01 3.340000000000000191e-01 3.447000000000000064e+00 1.819999999999999951e-01
3.109999999999999987e-01 -9.419999999999999485e-01 1.409000000000000030e+00 1.930000000000000049e-01
-1.600000000000000033e-02 -2.712000000000000188e+00 -5.050000000000000044e-01 2.129999999999999949e-01
-1.120000000000000107e+00 -3.047000000000000153e+00 -1.245999999999999996e+00 2.069999999999999896e-01
-2.248000000000000220e+00 -2.237000000000000099e+00 -1.294000000000000039e+00 1.970000000000000084e-01
-1.661999999999999922e+00 -1.993000000000000105e+00 -9.829999999999999849e-01 2.059999999999999887e-01
9.500000000000000111e-02 -2.613999999999999879e+00 -9.569999999999999618e-01 2.059999999999999887e-01
7.429999999999999938e-01 -3.149000000000000021e+00 -1.477000000000000091e+00 1.869999999999999996e-01
2.959999999999999853e-01 -3.354999999999999982e+00 -1.280000000000000027e+00 1.900000000000000022e-01
2.349999999999999867e-01 -3.528999999999999915e+00 2.959999999999999853e-01 2.129999999999999949e-01
5.739999999999999547e-01 -3.366000000000000103e+00 1.481000000000000094e+00 2.079999999999999905e-01
6.029999999999999805e-01 -2.451000000000000068e+00 7.780000000000000249e-01 1.819999999999999951e-01
-1.880000000000000004e-01 -1.272999999999999909e+00 -3.709999999999999964e-01 1.640000000000000069e-01
-1.862000000000000099e+00 -8.770000000000000018e-01 -1.559999999999999998e-01 1.370000000000000107e-01
-3.101999999999999869e+00 -1.548999999999999932e+00 3.459999999999999742e-01 9.900000000000000466e-02
-2.384999999999999787e+00 -2.307999999999999829e+00 -6.490000000000000213e-01 9.500000000000000111e-02
-3.390000000000000235e-01 -2.341000000000000192e+00 -2.318000000000000060e+00 1.209999999999999964e-01
9.489999999999999547e-01 -2.277000000000000135e+00 -2.751999999999999780e+00 1.229999999999999982e-01
7.029999999999999583e-01 -2.794999999999999929e+00 -1.790999999999999925e+00 9.500000000000000111e-02
1.990000000000000102e-01 -3.322999999999999954e+00 -6.949999999999999512e-01 8.200000000000000344e-02
6.179999999999999938e-01 -3.213000000000000078e+00 -3.340000000000000191e-01 9.700000000000000289e-02
1.310000000000000053e+00 -2.763999999999999790e+00 -5.669999999999999485e-01 1.069999999999999979e-01
9.899999999999999911e-01 -2.657999999999999918e+00 -1.010999999999999899e+00 8.799999999999999489e-02
-3.410000000000000253e-01 -2.959999999999999964e+00 -1.387999999999999901e+00 4.599999999999999922e-02
-1.655000000000000027e+00 -2.939000000000000057e+00 -1.129999999999999893e+00 8.000000000000000167e-03
-2.233999999999999986e+00 -2.220000000000000195e+00 -5.299999999999999850e-02 -1.000000000000000021e-02
-1.891000000000000014e+00 -1.631999999999999895e+00 8.669999999999999929e-01 -1.299999999999999940e-02
-9.609999999999999654e-01 -1.987999999999999989e+00 4.329999999999999960e-01 -1.299999999999999940e-02
-6.199999999999999956e-01 -2.604999999999999982e+00 -1.187000000000000055e+00 -2.800000000000000058e-02
-1.393999999999999906e+00 -2.358000000000000096e+00 -2.411999999999999922e+00 -6.199999999999999956e-02
-1.717999999999999972e+00 -1.588000000000000078e+00 -2.255999999999999783e+00 -9.199999999999999845e-02
-5.430000000000000382e-01 -1.437000000000000055e+00 -1.383000000000000007e+00 -9.600000000000000200e-02
4.929999999999999938e-01 -1.750000000000000000e+00 -7.259999999999999787e-01 -8.799999999999999489e-02
-1.299999999999999940e-02 -1.336999999999999966e+00 -6.830000000000000515e-01 -9.199999999999999845e-02
-9.040000000000000258e-01 -5.739999999999999547e-01 -1.135999999999999899e+00 -1.179999999999999938e-01
-7.700000000000000178e-01 -1.131999999999999895e+00 -1.060999999999999943e+00 -1.519999999999999962e-01
-1.749999999999999889e-01 -2.657000000000000028e+00 5.000000000000000104e-03 -1.559999999999999998e-01
-1.310000000000000053e-01 -3.168000000000000149e+00 4.899999999999999911e-01 -1.270000000000000018e-01
-1.010000000000000064e-01 -2.048999999999999932e+00 -4.849999999999999867e-01 -1.130000000000000032e-01
4.749999999999999778e-01 -1.290000000000000036e-01 -9.130000000000000338e-01 -1.330000000000000071e-01
9.230000000000000426e-01 1.070000000000000062e+00 3.970000000000000195e-01 -1.509999999999999953e-01
1.096000000000000085e+00 2.159999999999999976e-01 1.008000000000000007e+00 -1.419999999999999873e-01
1.372999999999999998e+00 -1.407000000000000028e+00 -6.360000000000000098e-01 -1.300000000000000044e-01
1.284000000000000030e+00 -9.340000000000000524e-01 -1.963000000000000078e+00 -1.390000000000000124e-01
8.489999999999999769e-01 1.348999999999999977e+00 -1.052999999999999936e+00 -1.499999999999999944e-01
1.008000000000000007e+00 2.286000000000000032e+00 5.130000000000000115e-01 -1.409999999999999865e-01
1.217000000000000082e+00 1.141000000000000014e+00 1.550000000000000044e+00 -1.280000000000000027e-01
1.829999999999999960e-01 4.979999999999999982e-01 2.487999999999999989e+00 -1.280000000000000027e-01
-8.599999999999999867e-01 1.820000000000000062e+00 2.849000000000000199e+00 -1.229999999999999982e-01
-1.549999999999999989e-01 3.334000000000000075e+00 2.024999999999999911e+00 -1.160000000000000059e-01
7.650000000000000133e-01 2.939999999999999947e+00 1.133999999999999897e+00 -1.370000000000000107e-01
-3.599999999999999728e-02 1.157000000000000028e+00 1.050000000000000044e+00 -1.729999999999999871e-01
-1.153999999999999915e+00 1.100000000000000006e-01 7.279999999999999805e-01 -1.729999999999999871e-01
-7.459999999999999964e-01 5.719999999999999529e-01 -4.400000000000000022e-01 -1.280000000000000027e-01
3.130000000000000004e-01 1.489999999999999991e+00 -1.151999999999999913e+00 -8.899999999999999578e-02
3.800000000000000044e-01 2.125999999999999890e+00 -6.450000000000000178e-01 -8.699999999999999400e-02
-3.669999999999999929e-01 2.427000000000000046e+00 -2.250000000000000056e-01 -9.600000000000000200e-02
-3.780000000000000027e-01 1.971000000000000085e+00 -1.048000000000000043e+00 -8.999999999999999667e-02
7.620000000000000107e-01 6.019999999999999796e-01 -2.068999999999999950e+00 -8.699999999999999400e-02
1.413999999999999924e+00 -9.120000000000000329e-01 -1.506999999999999895e+00 -1.049999999999999961e-01
5.330000000000000293e-01 -1.308000000000000052e+00 3.220000000000000084e-01 -1.209999999999999964e-01
-7.139999999999999680e-01 1.340000000000000080e-01 1.213999999999999968e+00 -1.140000000000000041e-01
-8.980000000000000204e-01 1.874000000000000110e+00 4.450000000000000067e-01 -1.039999999999999952e-01
2.550000000000000044e-01 1.475000000000000089e+00 -1.479999999999999927e-01 -1.039999999999999952e-01
1.578999999999999959e+00 -1.809999999999999942e-01 4.600000000000000200e-01 -8.699999999999999400e-02
9.839999999999999858e-01 -3.699999999999999817e-02 8.349999999999999645e-01 -4.700000000000000011e-02
-1.419000000000000039e+00 1.713000000000000078e+00 8.899999999999999578e-02 -2.500000000000000139e-02
-2.737000000000000099e+00 2.298999999999999932e+00 -5.240000000000000213e-01 -3.599999999999999728e-02
-1.784000000000000030e+00 1.445999999999999952e+00 1.859999999999999987e-01 -5.000000000000000278e-02
-4.259999999999999898e-01 1.032999999999999918e+00 1.866000000000000103e+00 -5.199999999999999761e-02
3.200000000000000067e-02 1.362000000000000099e+00 3.293000000000000149e+00 -4.299999999999999656e-02
1.439999999999999891e-01 1.479000000000000092e+00 3.318999999999999950e+00 -2.299999999999999961e-02
1.199999999999999956e-01 1.385999999999999899e+00 1.824999999999999956e+00 -1.000000000000000021e-03
-7.059999999999999609e-01 1.417000000000000037e+00 -2.599999999999999881e-02 -1.000000000000000021e-03
-1.850000000000000089e+00 1.135999999999999899e+00 -1.018999999999999906e+00 -1.799999999999999864e-02
-1.719999999999999973e+00 5.959999999999999742e-01 -9.020000000000000240e-01 -1.799999999999999864e-02
-2.999999999999999889e-02 9.110000000000000320e-01 -2.429999999999999938e-01 5.000000000000000104e-03
1.868999999999999995e+00 2.255999999999999783e+00 1.390000000000000124e-01 2.599999999999999881e-02
2.581999999999999851e+00 3.052999999999999936e+00 4.200000000000000261e-02 3.200000000000000067e-02
1.784000000000000030e+00 2.224000000000000199e+00 2.000000000000000042e-02 2.999999999999999889e-02
3.300000000000000155e-01 8.519999999999999796e-01 2.610000000000000098e-01 2.299999999999999961e-02
-9.020000000000000240e-01 5.020000000000000018e-01 5.679999999999999494e-01 1.299999999999999940e-02
-1.568000000000000060e+00 9.719999999999999751e-01 1.145999999999999908e+00 8.000000000000000167e-03
-1.068999999999999950e+00 1.157999999999999918e+00 1.552999999999999936e+00 2.299999999999999961e-02
6.700000000000000400e-01 1.268000000000000016e+00 6.840000000000000524e-01 5.399999999999999939e-02
2.185000000000000053e+00 2.170999999999999819e+00 -6.510000000000000231e-01 7.900000000000000078e-02
2.350000000000000089e+00 3.257000000000000117e+00 -4.630000000000000226e-01 7.799999999999999989e-02
1.818000000000000060e+00 2.971000000000000085e+00 5.420000000000000373e-01 5.800000000000000294e-02
1.455999999999999961e+00 1.254999999999999893e+00 1.229999999999999982e-01 5.199999999999999761e-02
1.260999999999999899e+00 -1.729999999999999871e-01 -1.243999999999999995e+00 7.299999999999999545e-02
9.449999999999999512e-01 -4.809999999999999831e-01 -1.534000000000000030e+00 9.700000000000000289e-02
4.420000000000000040e-01 -7.930000000000000382e-01 -8.409999999999999698e-01 8.899999999999999578e-02
-7.900000000000000078e-02 -1.284000000000000030e+00 -4.570000000000000173e-01 5.999999999999999778e-02
-3.330000000000000182e-01 -4.289999999999999925e-01 -1.739999999999999880e-01 4.800000000000000100e-02
2.250000000000000056e-01 1.183000000000000052e+00 8.719999999999999973e-01 5.700000000000000205e-02
1.461999999999999966e+00 9.479999999999999538e-01 1.850999999999999979e+00 6.199999999999999956e-02
1.368999999999999995e+00 -9.759999999999999787e-01 1.213000000000000078e+00 4.599999999999999922e-02
-1.030999999999999917e+00 -1.550000000000000044e+00 -4.590000000000000191e-01 2.299999999999999961e-02
-2.875000000000000000e+00 1.859999999999999987e-01 -1.268999999999999906e+00 1.799999999999999864e-02
-2.020000000000000018e+00 1.495999999999999996e+00 -1.169000000000000039e+00 4.000000000000000083e-02
-1.026999999999999913e+00 5.450000000000000400e-01 -1.171999999999999931e+00 5.899999999999999689e-02
-1.897000000000000020e+00 -6.770000000000000462e-01 -8.249999999999999556e-01 5.899999999999999689e-02
-2.024999999999999911e+00 -4.229999999999999871e-01 9.600000000000000200e-02 6.800000000000000488e-02
2.389999999999999902e-01 1.799999999999999864e-02 1.590000000000000024e-01 9.800000000000000377e-02
1.927999999999999936e+00 -4.709999999999999742e-01 -6.510000000000000231e-01 1.000000000000000056e-01
8.479999999999999760e-01 -1.181000000000000050e+00 -4.689999999999999725e-01 6.199999999999999956e-02
-1.084000000000000075e+00 -1.312999999999999945e+00 7.429999999999999938e-01 4.399999999999999745e-02
-1.800000000000000044e+00 -5.779999999999999583e-01 1.143999999999999906e+00 7.499999999999999722e-02
-1.592999999999999972e+00 7.449999999999999956e-01 2.550000000000000044e-01 1.100000000000000006e-01
-9.959999999999999964e-01 1.437999999999999945e+00 -4.749999999999999778e-01 1.140000000000000041e-01
2.900000000000000147e-02 6.009999999999999787e-01 6.500000000000000222e-02 1.019999999999999934e-01
7.890000000000000346e-01 -9.180000000000000382e-01 1.048999999999999932e+00 8.899999999999999578e-02
4.450000000000000067e-01 -1.572000000000000064e+00 1.108000000000000096e+00 7.099999999999999367e-02
-4.680000000000000271e-01 -1.127999999999999892e+00 3.330000000000000182e-01 5.099999999999999672e-02
-7.189999999999999725e-01 -7.720000000000000195e-01 -3.270000000000000129e-01 3.099999999999999978e-02
-2.299999999999999961e-02 -1.270000000000000018e+00 -2.230000000000000038e-01 8.000000000000000167e-03
7.580000000000000071e-01 -1.661999999999999922e+00 7.700000000000000178e-01 -2.000000000000000042e-03
9.160000000000000364e-01 -1.068000000000000060e+00 1.471999999999999975e+00 1.000000000000000021e-02
7.259999999999999787e-01 -7.359999999999999876e-01 2.280000000000000082e-01 8.999999999999999320e-03
3.639999999999999902e-01 -1.961999999999999966e+00 -1.977999999999999980e+00 -2.100000000000000130e-02
-4.089999999999999747e-01 -3.591000000000000192e+00 -2.282000000000000028e+00 -3.300000000000000155e-02
-9.020000000000000240e-01 -3.615000000000000213e+00 -4.759999999999999787e-01 4.000000000000000083e-03
-2.210000000000000020e-01 -1.792999999999999927e+00 8.830000000000000071e-01 4.000000000000000083e-02
9.639999999999999680e-01 -1.400000000000000029e-02 6.139999999999999902e-01 2.500000000000000139e-02
1.247000000000000108e+00 -2.909999999999999809e-01 -5.000000000000000278e-02 -1.700000000000000122e-02
4.339999999999999969e-01 -2.088999999999999968e+00 2.000000000000000042e-02 -2.800000000000000058e-02
-1.280000000000000027e-01 -3.027000000000000135e+00 6.109999999999999876e-01 -1.000000000000000021e-03
5.739999999999999547e-01 -2.350000000000000089e+00 9.210000000000000409e-01 1.799999999999999864e-02
1.364000000000000101e+00 -1.054000000000000048e+00 3.459999999999999742e-01 4.000000000000000083e-03
8.149999999999999467e-01 5.160000000000000142e-01 -8.770000000000000018e-01 -1.000000000000000021e-02
4.500000000000000111e-01 2.068999999999999950e+00 -1.534000000000000030e+00 7.000000000000000146e-03
2.331999999999999851e+00 2.303999999999999826e+00 -7.690000000000000169e-01 3.500000000000000333e-02
4.684999999999999609e+00 8.970000000000000195e-01 5.250000000000000222e-01 3.099999999999999978e-02
4.264000000000000234e+00 -4.919999999999999929e-01 6.410000000000000142e-01 3.000000000000000062e-03
1.310000000000000053e+00 -4.759999999999999787e-01 -3.810000000000000053e-01 -1.200000000000000025e-02
-1.155999999999999917e+00 4.450000000000000067e-01 -7.019999999999999574e-01 -1.000000000000000021e-02
-1.379000000000000004e+00 9.399999999999999467e-01 1.130000000000000032e-01 -1.299999999999999940e-02
-3.380000000000000226e-01 3.689999999999999947e-01 3.589999999999999858e-01 -2.400000000000000050e-02
2.660000000000000142e-01 -7.890000000000000346e-01 -2.660000000000000142e-01 -2.900000000000000147e-02
8.699999999999999400e-02 -1.282000000000000028e+00 -1.340000000000000080e-01 -1.700000000000000122e-02
-4.879999999999999893e-01 -2.349999999999999867e-01 6.490000000000000213e-01 6.000000000000000125e-03
-1.151000000000000023e+00 1.437999999999999945e+00 4.849999999999999867e-01 1.299999999999999940e-02
-1.016000000000000014e+00 1.951999999999999957e+00 -3.800000000000000044e-01 -1.000000000000000021e-02
1.439999999999999891e-01 1.161000000000000032e+00 -5.500000000000000444e-01 -3.699999999999999817e-02
5.629999999999999449e-01 5.580000000000000515e-01 -2.999999999999999889e-02 -3.699999999999999817e-02
-4.249999999999999889e-01 1.256000000000000005e+00 3.529999999999999805e-01 -2.100000000000000130e-02
