2.334000000000000075e+00 -1.903999999999999915e+00 -9.839999999999999858e-01 4.399999999999999745e-02
1.322999999999999954e+00 -1.471000000000000085e+00 -2.399999999999999911e+00 2.699999999999999969e-02
-1.074000000000000066e+00 -1.679999999999999938e+00 -4.119999999999999774e-01 1.200000000000000025e-02
-2.795999999999999819e+00 -2.028000000000000025e+00 2.068000000000000060e+00 1.400000000000000029e-02
-2.410000000000000142e+00 -1.409000000000000030e+00 1.526999999999999913e+00 4.000000000000000083e-03
-1.306999999999999940e+00 -3.270000000000000129e-01 1.260000000000000009e-01 -1.499999999999999944e-02
-1.137999999999999901e+00 1.980000000000000093e-01 7.920000000000000373e-01 -7.000000000000000146e-03
-1.437000000000000055e+00 2.949999999999999845e-01 1.256999999999999895e+00 2.400000000000000050e-02
-1.300000000000000044e+00 -1.179999999999999938e-01 -8.100000000000000533e-01 3.799999999999999906e-02
-8.619999999999999885e-01 -1.500999999999999890e+00 -2.689000000000000057e+00 1.700000000000000122e-02
-7.990000000000000435e-01 -2.943999999999999950e+00 -1.915000000000000036e+00 -1.299999999999999940e-02
-9.829999999999999849e-01 -3.079000000000000181e+00 -6.650000000000000355e-01 -2.299999999999999961e-02
-2.959999999999999853e-01 -2.013999999999999790e+00 -5.659999999999999476e-01 -8.999999999999999320e-03
1.058000000000000052e+00 -7.359999999999999876e-01 3.439999999999999725e-01 1.099999999999999936e-02
1.258999999999999897e+00 1.199999999999999956e-01 2.480999999999999872e+00 1.600000000000000033e-02
3.780000000000000027e-01 5.270000000000000240e-01 3.221999999999999975e+00 -4.000000000000000083e-03
5.430000000000000382e-01 9.719999999999999751e-01 1.752000000000000002e+00 -3.599999999999999728e-02
1.824000000000000066e+00 1.707000000000000073e+00 2.069999999999999896e-01 -4.599999999999999922e-02
2.104999999999999982e+00 2.060999999999999943e+00 1.640000000000000069e-01 -1.499999999999999944e-02
9.539999999999999591e-01 1.489000000000000101e+00 1.046000000000000041e+00 3.300000000000000155e-02
-2.879999999999999782e-01 6.460000000000000187e-01 1.707000000000000073e+00 4.499999999999999833e-02
-1.167999999999999927e+00 4.430000000000000049e-01 1.955000000000000071e+00 1.899999999999999953e-02
-1.616999999999999993e+00 1.058000000000000052e+00 1.971999999999999975e+00 -0.000000000000000000e+00
-1.155999999999999917e+00 1.816999999999999948e+00 1.389000000000000012e+00 8.000000000000000167e-03
-5.160000000000000142e-01 1.445000000000000062e+00 2.280000000000000082e-01 1.099999999999999936e-02
-7.500000000000000000e-01 -1.029999999999999943e-01 -4.369999999999999996e-01 -5.000000000000000104e-03
-8.689999999999999947e-01 -1.080999999999999961e+00 -2.590000000000000080e-01 -1.299999999999999940e-02
3.049999999999999933e-01 -8.689999999999999947e-01 -1.019999999999999934e-01 1.000000000000000021e-03
1.504000000000000004e+00 -4.199999999999999845e-01 8.799999999999999489e-02 2.699999999999999969e-02
9.989999999999999991e-01 5.150000000000000133e-01 7.790000000000000258e-01 4.800000000000000100e-02
-4.299999999999999933e-01 2.503000000000000114e+00 8.090000000000000524e-01 4.200000000000000261e-02
-7.419999999999999929e-01 3.621999999999999886e+00 -5.929999999999999716e-01 -0.000000000000000000e+00
1.179999999999999938e-01 1.627999999999999892e+00 -1.868000000000000105e+00 -4.100000000000000172e-02
2.760000000000000231e-01 -1.790000000000000036e+00 -1.530999999999999917e+00 -4.399999999999999745e-02
-7.550000000000000044e-01 -2.628000000000000114e+00 2.500000000000000139e-02 -1.899999999999999953e-02
-1.042999999999999927e+00 -3.069999999999999951e-01 1.469000000000000083e+00 -1.000000000000000021e-03
4.099999999999999756e-01 1.830000000000000071e+00 1.455999999999999961e+00 2.000000000000000042e-03
1.516000000000000014e+00 1.784999999999999920e+00 -1.059999999999999970e-01 -1.099999999999999936e-02
2.819999999999999729e-01 9.200000000000000400e-01 -1.052999999999999936e+00 -2.800000000000000058e-02
-1.868000000000000105e+00 4.879999999999999893e-01 3.439999999999999725e-01 -2.199999999999999872e-02
-2.299999999999999822e+00 -1.680000000000000104e-01 2.153999999999999915e+00 5.000000000000000104e-03
-8.299999999999999600e-01 -1.342999999999999972e+00 1.483000000000000096e+00 1.200000000000000025e-02
6.610000000000000320e-01 -2.040000000000000036e+00 -7.870000000000000329e-01 -6.000000000000000125e-03
7.439999999999999947e-01 -1.657000000000000028e+00 -1.421000000000000041e+00 -7.000000000000000146e-03
-1.650000000000000078e-01 -5.400000000000000355e-01 1.099999999999999936e-02 1.499999999999999944e-02
-5.590000000000000524e-01 6.199999999999999956e-01 7.770000000000000240e-01 2.100000000000000130e-02
2.500000000000000139e-02 1.129000000000000004e+00 -3.649999999999999911e-01 4.000000000000000083e-03
8.040000000000000480e-01 8.209999999999999520e-01 -1.522000000000000020e+00 -1.499999999999999944e-02
1.356000000000000094e+00 1.749999999999999889e-01 -1.286999999999999922e+00 -2.900000000000000147e-02
1.413999999999999924e+00 -2.790000000000000258e-01 -5.739999999999999547e-01 -3.599999999999999728e-02
5.010000000000000009e-01 -4.109999999999999765e-01 -2.439999999999999947e-01 -1.700000000000000122e-02
-6.989999999999999547e-01 -6.820000000000000506e-01 -1.580000000000000016e-01 1.400000000000000029e-02
-9.250000000000000444e-01 -1.469999999999999973e+00 -3.910000000000000142e-01 1.400000000000000029e-02
-3.300000000000000155e-01 -2.037999999999999812e+00 -6.979999999999999538e-01 -1.899999999999999953e-02
2.169999999999999984e-01 -1.415000000000000036e+00 -2.399999999999999911e-01 -4.299999999999999656e-02
4.620000000000000218e-01 2.599999999999999881e-02 5.520000000000000462e-01 -3.899999999999999994e-02
3.890000000000000124e-01 1.135999999999999899e+00 1.970000000000000084e-01 -2.400000000000000050e-02
1.049999999999999961e-01 1.219999999999999973e+00 -1.250999999999999890e+00 -4.000000000000000083e-03
-5.700000000000000205e-02 3.579999999999999849e-01 -2.217000000000000082e+00 2.400000000000000050e-02
3.799999999999999906e-02 -3.489999999999999769e-01 -1.842000000000000082e+00 4.599999999999999922e-02
1.509999999999999953e-01 2.469999999999999973e-01 -8.379999999999999671e-01 4.100000000000000172e-02
-2.999999999999999889e-02 1.534999999999999920e+00 -4.899999999999999911e-01 2.100000000000000130e-02
-1.620000000000000051e-01 1.991999999999999993e+00 -8.169999999999999485e-01 2.000000000000000042e-03
2.109999999999999931e-01 1.322999999999999954e+00 -6.270000000000000018e-01 -2.100000000000000130e-02
2.889999999999999791e-01 2.909999999999999809e-01 -2.999999999999999889e-02 -4.399999999999999745e-02
-5.510000000000000453e-01 -2.500000000000000000e-01 -2.039999999999999869e-01 -3.400000000000000244e-02
-1.030000000000000027e+00 1.229999999999999982e-01 -6.440000000000000169e-01 2.000000000000000042e-03
1.280000000000000027e-01 7.179999999999999716e-01 2.400000000000000050e-02 2.000000000000000042e-02
2.224000000000000199e+00 6.730000000000000426e-01 1.125000000000000000e+00 7.000000000000000146e-03
3.472999999999999865e+00 4.859999999999999876e-01 4.239999999999999880e-01 -1.000000000000000021e-02
2.875000000000000000e+00 8.459999999999999742e-01 -2.186999999999999833e+00 -1.000000000000000021e-02
1.221999999999999975e+00 1.108999999999999986e+00 -3.642999999999999794e+00 6.000000000000000125e-03
6.700000000000000400e-02 5.620000000000000551e-01 -2.129999999999999893e+00 2.000000000000000042e-02
-1.910000000000000031e-01 -1.680000000000000104e-01 3.340000000000000191e-01 1.000000000000000021e-02
3.699999999999999817e-02 -2.400000000000000050e-02 1.582000000000000073e+00 -1.000000000000000021e-02
9.399999999999999467e-01 1.185999999999999943e+00 1.953999999999999959e+00 -0.000000000000000000e+00
2.345000000000000195e+00 2.930000000000000160e+00 2.245000000000000107e+00 4.100000000000000172e-02
2.283999999999999808e+00 3.826000000000000068e+00 1.955000000000000071e+00 6.400000000000000133e-02
-7.910000000000000364e-01 1.564999999999999947e+00 5.749999999999999556e-01 2.599999999999999881e-02
-4.360000000000000320e+00 -3.585999999999999854e+00 -8.399999999999999689e-01 -4.900000000000000189e-02
-4.158000000000000362e+00 -6.674000000000000377e+00 -1.153999999999999915e+00 -8.500000000000000611e-02
-8.860000000000000098e-01 -4.581000000000000405e+00 -1.177999999999999936e+00 -4.399999999999999745e-02
8.060000000000000497e-01 -1.159000000000000030e+00 -1.550000000000000044e+00 1.899999999999999953e-02
-3.500000000000000333e-02 -7.239999999999999769e-01 -9.389999999999999458e-01 3.699999999999999817e-02
-6.640000000000000346e-01 -1.814999999999999947e+00 9.659999999999999698e-01 2.000000000000000042e-02
-5.849999999999999645e-01 -1.842999999999999972e+00 2.407000000000000028e+00 3.000000000000000062e-03
-1.401000000000000023e+00 -1.745999999999999996e+00 2.646999999999999797e+00 -1.700000000000000122e-02
-2.854000000000000092e+00 -2.463999999999999968e+00 2.426000000000000156e+00 -4.399999999999999745e-02
-3.036999999999999922e+00 -2.387999999999999901e+00 2.101999999999999869e+00 -4.800000000000000100e-02
-1.631000000000000005e+00 -1.000999999999999890e+00 1.651999999999999913e+00 -1.299999999999999940e-02
-4.590000000000000191e-01 -4.169999999999999818e-01 1.167000000000000037e+00 1.899999999999999953e-02
-3.980000000000000204e-01 -1.245999999999999996e+00 8.080000000000000515e-01 1.400000000000000029e-02
-4.010000000000000231e-01 -1.207000000000000073e+00 7.259999999999999787e-01 -8.999999999999999320e-03
-1.000000000000000021e-02 5.070000000000000062e-01 6.290000000000000036e-01 -1.600000000000000033e-02
4.849999999999999867e-01 1.715999999999999970e+00 1.250000000000000000e-01 -1.099999999999999936e-02
1.477000000000000091e+00 1.205000000000000071e+00 -5.340000000000000302e-01 -0.000000000000000000e+00
2.907000000000000028e+00 2.389999999999999902e-01 -1.062000000000000055e+00 1.499999999999999944e-02
3.371999999999999886e+00 -3.900000000000000133e-01 -1.316999999999999948e+00 2.199999999999999872e-02
2.011000000000000121e+00 -1.080000000000000071e+00 -7.500000000000000000e-01 1.499999999999999944e-02
1.019999999999999934e-01 -1.086000000000000076e+00 6.350000000000000089e-01 8.999999999999999320e-03
-5.510000000000000453e-01 3.719999999999999973e-01 1.250000000000000000e+00 -3.000000000000000062e-03
-1.069999999999999979e-01 1.633000000000000007e+00 -5.080000000000000071e-01 -3.699999999999999817e-02
2.849999999999999756e-01 1.588000000000000078e+00 -3.407999999999999918e+00 -5.700000000000000205e-02
6.989999999999999547e-01 2.205999999999999961e+00 -4.201999999999999957e+00 -1.899999999999999953e-02
1.552999999999999936e+00 4.581999999999999851e+00 -2.676000000000000156e+00 3.400000000000000244e-02
2.189000000000000057e+00 6.700999999999999623e+00 -2.269000000000000128e+00 3.799999999999999906e-02
2.314000000000000057e+00 7.482999999999999652e+00 -3.802000000000000046e+00 3.300000000000000155e-02
3.087000000000000188e+00 8.711999999999999744e+00 -3.717000000000000082e+00 1.150000000000000050e-01
4.278999999999999915e+00 1.033799999999999919e+01 -8.750000000000000000e-01 2.550000000000000044e-01
2.455999999999999961e+00 7.557999999999999829e+00 4.440000000000000058e-01 2.949999999999999845e-01
-3.677000000000000046e+00 -2.144000000000000128e+00 -2.045999999999999819e+00 1.610000000000000042e-01
-8.631000000000000227e+00 -1.165000000000000036e+01 -3.834999999999999964e+00 -8.000000000000000167e-03
-6.943999999999999950e+00 -1.203800000000000026e+01 -8.880000000000000115e-01 -3.599999999999999728e-02
-1.872999999999999998e+00 -5.828999999999999737e+00 4.330000000000000071e+00 2.900000000000000147e-02
-5.679999999999999494e-01 -2.998000000000000220e+00 8.092999999999999972e+00 -1.400000000000000029e-02
-3.539000000000000146e+00 -6.073000000000000398e+00 1.039400000000000013e+01 -1.950000000000000067e-01
-5.378999999999999559e+00 -8.714000000000000412e+00 1.196499999999999986e+01 -3.210000000000000075e-01
-3.525999999999999801e+00 -6.934999999999999609e+00 1.171700000000000053e+01 -2.590000000000000080e-01
-7.129999999999999671e-01 -3.536000000000000032e+00 8.971000000000000085e+00 -9.600000000000000200e-02
1.360000000000000098e-01 -2.051000000000000156e+00 5.043999999999999595e+00 1.099999999999999936e-02
-5.420000000000000373e-01 -2.007000000000000117e+00 2.008000000000000007e+00 1.700000000000000122e-02
-7.379999999999999893e-01 -1.201999999999999957e+00 8.129999999999999449e-01 -1.700000000000000122e-02
5.000000000000000278e-02 6.420000000000000151e-01 3.250000000000000111e-01 -3.099999999999999978e-02
7.510000000000000009e-01 2.254999999999999893e+00 -1.022999999999999909e+00 -1.799999999999999864e-02
9.100000000000000311e-01 2.976999999999999869e+00 -2.516000000000000014e+00 5.000000000000000104e-03
1.425999999999999934e+00 2.986000000000000210e+00 -2.407000000000000028e+00 2.800000000000000058e-02
2.556000000000000050e+00 2.521999999999999797e+00 -1.491999999999999993e+00 5.399999999999999939e-02
2.838000000000000078e+00 1.911999999999999922e+00 -2.028999999999999915e+00 6.800000000000000488e-02
1.364000000000000101e+00 1.423000000000000043e+00 -3.569999999999999840e+00 4.700000000000000011e-02
-4.020000000000000240e-01 1.175000000000000044e+00 -3.636000000000000121e+00 -1.200000000000000025e-02
-3.950000000000000178e-01 1.727000000000000091e+00 -2.012000000000000011e+00 -7.199999999999999456e-02
1.237000000000000099e+00 3.021999999999999797e+00 -7.560000000000000053e-01 -9.099999999999999756e-02
2.424999999999999822e+00 3.298999999999999932e+00 -7.550000000000000044e-01 -6.199999999999999956e-02
2.012999999999999901e+00 1.629000000000000004e+00 -1.477999999999999980e+00 -2.500000000000000139e-02
7.790000000000000258e-01 -2.359999999999999876e-01 -2.736000000000000210e+00 -1.099999999999999936e-02
1.330000000000000071e-01 -4.689999999999999725e-01 -4.246999999999999886e+00 -1.499999999999999944e-02
6.099999999999999867e-01 4.400000000000000022e-01 -5.153999999999999915e+00 -1.400000000000000029e-02
1.104999999999999982e+00 8.499999999999999778e-01 -5.035999999999999588e+00 1.299999999999999940e-02
3.890000000000000124e-01 1.910000000000000031e-01 -3.988999999999999879e+00 5.000000000000000278e-02
-6.570000000000000284e-01 -5.500000000000000444e-01 -2.551000000000000156e+00 5.999999999999999778e-02
-6.460000000000000187e-01 -4.060000000000000275e-01 -2.092999999999999972e+00 4.000000000000000083e-02
-2.620000000000000107e-01 1.960000000000000075e-01 -3.222999999999999865e+00 2.000000000000000042e-02
-2.489999999999999991e-01 4.670000000000000262e-01 -4.530000000000000249e+00 1.700000000000000122e-02
2.489999999999999991e-01 8.030000000000000471e-01 -4.900000000000000355e+00 1.700000000000000122e-02
1.221000000000000085e+00 2.121999999999999886e+00 -5.027000000000000135e+00 1.000000000000000021e-03
1.570999999999999952e+00 4.028999999999999915e+00 -5.557999999999999829e+00 -2.100000000000000130e-02
1.560999999999999943e+00 4.772999999999999687e+00 -6.054999999999999716e+00 -2.299999999999999961e-02
2.282000000000000028e+00 3.657000000000000028e+00 -5.533000000000000362e+00 8.999999999999999320e-03
3.899000000000000021e+00 2.573999999999999844e+00 -2.894000000000000128e+00 6.400000000000000133e-02
5.511000000000000121e+00 3.387000000000000011e+00 1.473999999999999977e+00 1.459999999999999909e-01
5.338000000000000078e+00 4.128999999999999559e+00 4.599999999999999645e+00 2.270000000000000073e-01
2.350000000000000089e+00 1.052999999999999936e+00 4.121999999999999886e+00 2.179999999999999993e-01
-1.463000000000000078e+00 -4.780999999999999694e+00 2.395999999999999908e+00 7.900000000000000078e-02
-2.892999999999999794e+00 -7.745000000000000107e+00 4.001999999999999780e+00 -8.100000000000000255e-02
-1.639000000000000012e+00 -5.987000000000000099e+00 8.938000000000000611e+00 -1.330000000000000071e-01
-2.700000000000000178e-01 -3.668000000000000149e+00 1.242300000000000004e+01 -9.600000000000000200e-02
-5.450000000000000400e-01 -3.447999999999999954e+00 1.145100000000000051e+01 -5.899999999999999689e-02
-2.141000000000000014e+00 -3.616999999999999993e+00 7.097000000000000419e+00 -5.500000000000000028e-02
-4.293000000000000149e+00 -3.435000000000000053e+00 1.750999999999999890e+00 -7.199999999999999456e-02
-5.998000000000000220e+00 -3.813000000000000167e+00 -1.961000000000000076e+00 -8.699999999999999400e-02
-5.892999999999999794e+00 -3.475000000000000089e+00 -2.233999999999999986e+00 -6.099999999999999867e-02
-3.838999999999999968e+00 -1.125999999999999890e+00 -2.320000000000000118e-01 1.000000000000000021e-03
-1.052999999999999936e+00 1.203999999999999959e+00 1.344000000000000083e+00 2.999999999999999889e-02
1.185000000000000053e+00 1.721999999999999975e+00 1.405000000000000027e+00 -1.299999999999999940e-02
2.059000000000000163e+00 1.935000000000000053e+00 4.149999999999999800e-01 -7.000000000000000666e-02
1.637999999999999901e+00 2.903999999999999915e+00 -8.409999999999999698e-01 -7.499999999999999722e-02
5.729999999999999538e-01 2.623000000000000220e+00 -1.417999999999999927e+00 -4.000000000000000083e-02
-9.809999999999999831e-01 1.100000000000000006e-01 -1.084999999999999964e+00 -2.000000000000000042e-02
-2.601999999999999869e+00 -1.915000000000000036e+00 -5.729999999999999538e-01 -3.200000000000000067e-02
-2.395000000000000018e+00 -1.046000000000000041e+00 1.570000000000000007e-01 -4.399999999999999745e-02
7.580000000000000071e-01 1.719999999999999973e+00 1.774000000000000021e+00 -2.299999999999999961e-02
4.065999999999999837e+00 3.628000000000000114e+00 3.076000000000000068e+00 2.999999999999999889e-02
3.261000000000000121e+00 2.236000000000000210e+00 1.453000000000000069e+00 6.700000000000000400e-02
-1.209000000000000075e+00 -2.188000000000000167e+00 -2.771999999999999797e+00 4.000000000000000083e-02
-4.000000000000000000e+00 -5.280000000000000249e+00 -5.323999999999999844e+00 -1.600000000000000033e-02
-2.370000000000000107e+00 -3.351999999999999869e+00 -3.607000000000000206e+00 -2.800000000000000058e-02
3.649999999999999911e-01 1.042999999999999927e+00 -4.109999999999999765e-01 1.000000000000000021e-02
7.960000000000000409e-01 2.870000000000000107e+00 3.390000000000000235e-01 4.200000000000000261e-02
8.599999999999999312e-02 2.041999999999999815e+00 -1.328999999999999959e+00 4.299999999999999656e-02
5.470000000000000417e-01 1.836999999999999966e+00 -2.419000000000000039e+00 2.599999999999999881e-02
1.699999999999999956e+00 2.479000000000000092e+00 -1.457000000000000073e+00 1.799999999999999864e-02
1.750000000000000000e+00 1.985000000000000098e+00 -2.469999999999999973e-01 2.500000000000000139e-02
5.949999999999999734e-01 7.309999999999999831e-01 -6.929999999999999494e-01 2.900000000000000147e-02
1.499999999999999944e-02 5.170000000000000151e-01 -1.691999999999999948e+00 2.000000000000000042e-02
1.181999999999999940e+00 1.352000000000000091e+00 -1.278999999999999915e+00 1.099999999999999936e-02
2.383000000000000007e+00 1.945000000000000062e+00 -1.110000000000000014e-01 1.400000000000000029e-02
1.006000000000000005e+00 1.741000000000000103e+00 -2.439999999999999947e-01 1.400000000000000029e-02
-1.808999999999999941e+00 1.145000000000000018e+00 -1.578999999999999959e+00 6.000000000000000125e-03
-2.119000000000000217e+00 7.670000000000000151e-01 -1.792000000000000037e+00 1.000000000000000021e-02
3.360000000000000209e-01 7.329999999999999849e-01 3.699999999999999817e-02 2.500000000000000139e-02
1.564000000000000057e+00 4.490000000000000102e-01 1.616999999999999993e+00 3.200000000000000067e-02
3.059999999999999942e-01 -3.300000000000000155e-01 7.810000000000000275e-01 2.999999999999999889e-02
-4.209999999999999853e-01 -7.970000000000000417e-01 -1.354000000000000092e+00 3.799999999999999906e-02
4.050000000000000266e-01 -5.430000000000000382e-01 -2.366999999999999993e+00 4.599999999999999922e-02
6.229999999999999982e-01 -4.490000000000000102e-01 -1.691000000000000059e+00 3.500000000000000333e-02
-1.789999999999999925e-01 -1.030000000000000027e+00 -5.100000000000000089e-01 4.000000000000000083e-03
-2.049999999999999878e-01 -1.413999999999999924e+00 3.210000000000000075e-01 -2.400000000000000050e-02
1.072999999999999954e+00 -9.389999999999999458e-01 1.050999999999999934e+00 -2.100000000000000130e-02
2.104999999999999982e+00 -1.429999999999999882e-01 1.879000000000000004e+00 6.000000000000000125e-03
1.304999999999999938e+00 5.859999999999999654e-01 2.096999999999999975e+00 1.400000000000000029e-02
-7.620000000000000107e-01 1.338000000000000078e+00 9.789999999999999813e-01 -7.000000000000000146e-03
-1.677999999999999936e+00 1.310999999999999943e+00 -6.710000000000000409e-01 -2.400000000000000050e-02
-4.450000000000000067e-01 -1.880000000000000004e-01 -8.860000000000000098e-01 -1.600000000000000033e-02
9.040000000000000258e-01 -1.389000000000000012e+00 8.219999999999999529e-01 -4.000000000000000083e-03
7.209999999999999742e-01 -3.340000000000000191e-01 2.458000000000000185e+00 1.000000000000000021e-03
2.570000000000000062e-01 1.191999999999999948e+00 2.205000000000000071e+00 8.000000000000000167e-03
5.300000000000000266e-01 5.330000000000000293e-01 9.060000000000000275e-01 4.000000000000000083e-03
4.339999999999999969e-01 -1.038999999999999924e+00 4.929999999999999938e-01 -2.100000000000000130e-02
-4.440000000000000058e-01 -1.201999999999999957e+00 8.860000000000000098e-01 -4.000000000000000083e-02
-9.469999999999999529e-01 -7.560000000000000053e-01 6.290000000000000036e-01 -2.000000000000000042e-02
-7.479999999999999982e-01 -9.609999999999999654e-01 -1.590000000000000024e-01 1.700000000000000122e-02
-6.270000000000000018e-01 -8.830000000000000071e-01 1.239999999999999991e-01 2.199999999999999872e-02
-4.510000000000000120e-01 -1.660000000000000087e-01 1.647000000000000020e+00 -8.999999999999999320e-03
2.359999999999999876e-01 -3.260000000000000120e-01 2.271999999999999797e+00 -3.400000000000000244e-02
3.250000000000000111e-01 -1.340999999999999970e+00 6.979999999999999538e-01 -3.799999999999999906e-02
-8.870000000000000107e-01 -1.175000000000000044e+00 -1.266999999999999904e+00 -3.500000000000000333e-02
-1.858999999999999986e+00 -3.300000000000000155e-02 -1.389000000000000012e+00 -2.599999999999999881e-02
-1.520000000000000018e+00 -2.049999999999999878e-01 4.000000000000000083e-03 -1.099999999999999936e-02
-7.159999999999999698e-01 -1.298000000000000043e+00 1.193000000000000060e+00 1.000000000000000021e-03
-1.620000000000000051e-01 -1.020000000000000018e+00 1.477000000000000091e+00 0.000000000000000000e+00
9.199999999999999845e-02 1.610000000000000042e-01 1.411000000000000032e+00 -6.000000000000000125e-03
-2.630000000000000115e-01 2.139999999999999958e-01 1.596999999999999975e+00 -8.000000000000000167e-03
-1.094000000000000083e+00 -6.510000000000000231e-01 1.756000000000000005e+00 -6.000000000000000125e-03
-1.157000000000000028e+00 -1.161000000000000032e+00 1.187999999999999945e+00 -2.000000000000000042e-03
8.000000000000000167e-02 -1.358999999999999986e+00 2.939999999999999836e-01 5.000000000000000104e-03
1.379000000000000004e+00 -1.526999999999999913e+00 5.600000000000000117e-02 2.000000000000000042e-02
1.691000000000000059e+00 -1.137999999999999901e+00 -8.300000000000000433e-02 2.900000000000000147e-02
1.354999999999999982e+00 -5.000000000000000278e-02 -9.949999999999999956e-01 1.000000000000000021e-02
1.044000000000000039e+00 9.180000000000000382e-01 -1.500000000000000000e+00 -3.300000000000000155e-02
7.560000000000000053e-01 1.133999999999999897e+00 -1.799999999999999933e-01 -6.500000000000000222e-02
2.109999999999999931e-01 9.489999999999999547e-01 1.901000000000000023e+00 -5.099999999999999672e-02
-1.539999999999999980e-01 9.350000000000000533e-01 2.386000000000000121e+00 -8.000000000000000167e-03
1.039999999999999952e-01 7.580000000000000071e-01 7.720000000000000195e-01 1.499999999999999944e-02
2.349999999999999867e-01 -1.049999999999999961e-01 -1.145000000000000018e+00 1.000000000000000021e-02
-4.139999999999999791e-01 -1.050000000000000044e+00 -1.641999999999999904e+00 4.000000000000000083e-03
-1.050999999999999934e+00 -1.356999999999999984e+00 -7.650000000000000133e-01 6.000000000000000125e-03
-9.929999999999999938e-01 -1.381000000000000005e+00 8.000000000000000167e-02 1.000000000000000021e-03
-9.040000000000000258e-01 -1.332000000000000073e+00 -1.010000000000000064e-01 -1.000000000000000021e-03
-1.104999999999999982e+00 -4.530000000000000138e-01 -9.100000000000000311e-01 1.400000000000000029e-02
-7.670000000000000151e-01 1.181999999999999940e+00 -1.633999999999999897e+00 3.300000000000000155e-02
5.000000000000000278e-02 1.792999999999999927e+00 -2.015000000000000124e+00 3.300000000000000155e-02
-1.150000000000000050e-01 4.500000000000000111e-01 -1.969000000000000083e+00 1.000000000000000021e-02
-1.530999999999999917e+00 -1.145999999999999908e+00 -1.737999999999999989e+00 -7.000000000000000146e-03
-2.115000000000000213e+00 -1.125999999999999890e+00 -1.459999999999999964e+00 -4.000000000000000083e-03
-3.509999999999999787e-01 -3.190000000000000058e-01 -6.250000000000000000e-01 -4.000000000000000083e-03
1.687999999999999945e+00 -4.640000000000000235e-01 6.710000000000000409e-01 -2.299999999999999961e-02
1.096999999999999975e+00 -9.439999999999999503e-01 1.179000000000000048e+00 -4.100000000000000172e-02
-7.820000000000000284e-01 -4.299999999999999933e-01 3.049999999999999933e-01 -2.900000000000000147e-02
-8.060000000000000497e-01 3.990000000000000213e-01 -9.479999999999999538e-01 4.000000000000000083e-03
1.789999999999999925e-01 7.149999999999999689e-01 -1.334999999999999964e+00 2.599999999999999881e-02
-2.190000000000000002e-01 1.034000000000000030e+00 -6.889999999999999458e-01 1.799999999999999864e-02
-1.022999999999999909e+00 1.653999999999999915e+00 -8.000000000000000167e-03 1.000000000000000021e-03
-3.599999999999999867e-01 2.228000000000000203e+00 -4.349999999999999978e-01 5.000000000000000104e-03
9.489999999999999547e-01 2.407000000000000028e+00 -1.312000000000000055e+00 2.299999999999999961e-02
1.344000000000000083e+00 1.856000000000000094e+00 -5.350000000000000311e-01 2.500000000000000139e-02
8.579999999999999849e-01 5.430000000000000382e-01 1.423999999999999932e+00 5.000000000000000104e-03
-6.500000000000000222e-02 -9.409999999999999476e-01 1.379000000000000004e+00 -1.600000000000000033e-02
-1.016000000000000014e+00 -1.534000000000000030e+00 -8.169999999999999485e-01 -1.799999999999999864e-02
-6.800000000000000488e-01 -6.530000000000000249e-01 -1.860000000000000098e+00 -4.000000000000000083e-03
1.137999999999999901e+00 5.959999999999999742e-01 -9.769999999999999796e-01 8.000000000000000167e-03
2.061999999999999833e+00 6.820000000000000506e-01 -2.849999999999999756e-01 1.000000000000000021e-02
7.910000000000000364e-01 1.330000000000000071e-01 -2.859999999999999765e-01 4.000000000000000083e-03
-7.349999999999999867e-01 3.439999999999999725e-01 6.199999999999999956e-02 -1.299999999999999940e-02
-7.169999999999999707e-01 6.340000000000000080e-01 8.589999999999999858e-01 -3.799999999999999906e-02
1.680000000000000104e-01 -3.780000000000000027e-01 1.441000000000000059e+00 -5.099999999999999672e-02
3.850000000000000089e-01 -1.538999999999999924e+00 1.314999999999999947e+00 -3.400000000000000244e-02
-7.319999999999999840e-01 -1.054000000000000048e+00 6.989999999999999547e-01 7.000000000000000146e-03
-2.294000000000000039e+00 -4.900000000000000189e-02 4.630000000000000226e-01 3.799999999999999906e-02
-2.251999999999999780e+00 -2.760000000000000231e-01 8.279999999999999583e-01 3.899999999999999994e-02
-1.600000000000000033e-02 -8.509999999999999787e-01 1.022999999999999909e+00 2.400000000000000050e-02
2.172000000000000153e+00 -6.119999999999999885e-01 6.959999999999999520e-01 1.000000000000000021e-02
2.290999999999999925e+00 -3.970000000000000195e-01 4.839999999999999858e-01 -3.000000000000000062e-03
9.829999999999999849e-01 -6.280000000000000027e-01 9.210000000000000409e-01 -1.299999999999999940e-02
3.200000000000000067e-02 -4.399999999999999745e-02 1.465000000000000080e+00 -8.999999999999999320e-03
5.560000000000000497e-01 1.375000000000000000e+00 1.165000000000000036e+00 8.999999999999999320e-03
2.039000000000000146e+00 1.733999999999999986e+00 9.500000000000000111e-02 2.199999999999999872e-02
2.358000000000000096e+00 7.469999999999999973e-01 -7.970000000000000417e-01 1.499999999999999944e-02
6.570000000000000284e-01 2.149999999999999967e-01 -1.157000000000000028e+00 -3.000000000000000062e-03
-9.579999999999999627e-01 6.009999999999999787e-01 -1.364000000000000101e+00 -1.299999999999999940e-02
-4.909999999999999920e-01 5.010000000000000009e-01 -1.447999999999999954e+00 -6.000000000000000125e-03
1.473999999999999977e+00 -5.300000000000000266e-01 -1.102999999999999980e+00 1.700000000000000122e-02
3.181999999999999940e+00 -1.020999999999999908e+00 -7.720000000000000195e-01 3.200000000000000067e-02
3.230999999999999872e+00 7.900000000000000078e-02 -1.231999999999999984e+00 2.299999999999999961e-02
1.316999999999999948e+00 1.510999999999999899e+00 -1.677999999999999936e+00 4.000000000000000083e-03
-1.028999999999999915e+00 1.477999999999999980e+00 -5.070000000000000062e-01 -8.999999999999999320e-03
-1.772000000000000020e+00 2.270000000000000073e-01 1.552999999999999936e+00 -1.799999999999999864e-02
-7.099999999999999645e-01 -6.330000000000000071e-01 2.120000000000000107e+00 -2.299999999999999961e-02
4.149999999999999800e-01 -1.350000000000000089e-01 7.570000000000000062e-01 -1.700000000000000122e-02
-1.260000000000000009e-01 1.239999999999999991e+00 -1.068000000000000060e+00 -5.000000000000000104e-03
-1.747000000000000108e+00 1.590000000000000080e+00 -2.237000000000000099e+00 -2.000000000000000042e-03
-1.852000000000000091e+00 -4.349999999999999978e-01 -2.181999999999999940e+00 -2.000000000000000042e-03
1.110000000000000014e-01 -2.924999999999999822e+00 -1.000000000000000000e+00 1.000000000000000021e-02
1.284000000000000030e+00 -2.861000000000000210e+00 2.300000000000000100e-01 1.700000000000000122e-02
1.400000000000000133e-01 -1.112999999999999989e+00 7.129999999999999671e-01 -4.000000000000000083e-03
-1.086000000000000076e+00 -8.860000000000000098e-01 4.319999999999999951e-01 -2.999999999999999889e-02
-5.500000000000000444e-01 -1.750999999999999890e+00 -4.869999999999999885e-01 -3.099999999999999978e-02
3.260000000000000120e-01 -8.389999999999999680e-01 -1.538999999999999924e+00 -1.799999999999999864e-02
-2.349999999999999867e-01 1.151999999999999913e+00 -1.891000000000000014e+00 -1.700000000000000122e-02
-1.187999999999999945e+00 1.332000000000000073e+00 -1.120000000000000107e+00 -1.000000000000000021e-02
-3.439999999999999725e-01 2.169999999999999984e-01 5.590000000000000524e-01 2.199999999999999872e-02
1.673000000000000043e+00 1.370000000000000107e-01 2.008999999999999897e+00 5.000000000000000278e-02
1.977000000000000091e+00 7.940000000000000391e-01 1.584000000000000075e+00 3.599999999999999728e-02
1.610000000000000042e-01 9.659999999999999698e-01 -3.150000000000000022e-01 -1.700000000000000122e-02
-1.346000000000000085e+00 1.042000000000000037e+00 -6.959999999999999520e-01 -5.000000000000000278e-02
-1.447999999999999954e+00 1.233999999999999986e+00 1.679000000000000048e+00 -2.100000000000000130e-02
-9.200000000000000400e-01 7.459999999999999964e-01 3.944999999999999840e+00 3.300000000000000155e-02
-2.730000000000000204e-01 -3.220000000000000084e-01 3.455000000000000071e+00 5.299999999999999850e-02
2.359999999999999876e-01 -7.429999999999999938e-01 1.471000000000000085e+00 3.699999999999999817e-02
3.659999999999999920e-01 4.399999999999999745e-02 6.310000000000000053e-01 1.700000000000000122e-02
1.880000000000000004e-01 1.177000000000000046e+00 1.419000000000000039e+00 7.000000000000000146e-03
-4.179999999999999827e-01 1.733000000000000096e+00 2.281000000000000139e+00 -3.000000000000000062e-03
-1.254999999999999893e+00 1.937999999999999945e+00 1.614000000000000101e+00 -1.000000000000000021e-02
-1.328000000000000069e+00 2.084000000000000075e+00 -3.890000000000000124e-01 2.000000000000000042e-03
-6.219999999999999973e-01 1.635999999999999899e+00 -1.627999999999999892e+00 2.500000000000000139e-02
-2.479999999999999982e-01 4.739999999999999769e-01 -1.008000000000000007e+00 2.999999999999999889e-02
-2.399999999999999911e-01 -5.160000000000000142e-01 -7.699999999999999900e-02 1.400000000000000029e-02
-1.290000000000000036e-01 -6.560000000000000275e-01 -2.129999999999999949e-01 -0.000000000000000000e+00
-4.089999999999999747e-01 -2.079999999999999905e-01 -8.980000000000000204e-01 -4.000000000000000083e-03
-9.429999999999999494e-01 2.909999999999999809e-01 -1.379000000000000004e+00 -1.000000000000000021e-03
-7.269999999999999796e-01 6.059999999999999831e-01 -1.423999999999999932e+00 -2.000000000000000042e-03
-9.800000000000000377e-02 6.620000000000000329e-01 -9.809999999999999831e-01 -1.099999999999999936e-02
6.000000000000000125e-03 5.190000000000000169e-01 -5.530000000000000471e-01 -1.700000000000000122e-02
-9.800000000000000377e-02 1.179999999999999938e-01 -6.410000000000000142e-01 -6.000000000000000125e-03
1.049999999999999961e-01 -9.629999999999999671e-01 -3.449999999999999734e-01 8.000000000000000167e-03
1.660000000000000087e-01 -2.204000000000000181e+00 1.131000000000000005e+00 4.000000000000000083e-03
-5.160000000000000142e-01 -1.967999999999999972e+00 2.185999999999999943e+00 2.000000000000000042e-03
-1.562999999999999945e+00 -7.029999999999999583e-01 1.520999999999999908e+00 1.700000000000000122e-02
-2.005999999999999783e+00 -7.349999999999999867e-01 7.590000000000000080e-01 2.299999999999999961e-02
-1.758000000000000007e+00 -1.784999999999999920e+00 1.213000000000000078e+00 -2.000000000000000042e-03
-1.377999999999999892e+00 -1.925000000000000044e+00 1.473000000000000087e+00 -3.599999999999999728e-02
-5.170000000000000151e-01 -1.584000000000000075e+00 -5.600000000000000117e-02 -4.700000000000000011e-02
1.125000000000000000e+00 -1.818000000000000060e+00 -2.410000000000000142e+00 -2.900000000000000147e-02
1.925999999999999934e+00 -1.741999999999999993e+00 -2.923999999999999932e+00 -5.000000000000000104e-03
5.500000000000000444e-01 -5.010000000000000009e-01 -1.024999999999999911e+00 5.000000000000000104e-03
-1.141999999999999904e+00 9.649999999999999689e-01 4.680000000000000271e-01 3.000000000000000062e-03
-9.000000000000000222e-01 1.540000000000000036e+00 -4.269999999999999907e-01 -2.000000000000000042e-03
3.220000000000000084e-01 1.455999999999999961e+00 -1.921000000000000041e+00 -1.400000000000000029e-02
5.959999999999999742e-01 9.729999999999999760e-01 -1.667999999999999927e+00 -2.400000000000000050e-02
-1.000000000000000021e-02 -1.400000000000000133e-01 -1.640000000000000069e-01 -1.700000000000000122e-02
-2.520000000000000018e-01 -7.379999999999999893e-01 3.400000000000000244e-01 -8.000000000000000167e-03
4.949999999999999956e-01 6.800000000000000488e-01 -1.060000000000000053e+00 -1.400000000000000029e-02
1.312000000000000055e+00 2.608000000000000096e+00 -2.608000000000000096e+00 -2.400000000000000050e-02
7.920000000000000373e-01 2.092999999999999972e+00 -2.104999999999999982e+00 -2.000000000000000042e-02
-4.729999999999999760e-01 -5.919999999999999707e-01 -1.600000000000000033e-02 -3.000000000000000062e-03
-5.779999999999999583e-01 -2.403999999999999915e+00 1.312000000000000055e+00 1.200000000000000025e-02
4.719999999999999751e-01 -1.709000000000000075e+00 1.125999999999999890e+00 6.000000000000000125e-03
1.290999999999999925e+00 3.820000000000000062e-01 5.450000000000000400e-01 -1.899999999999999953e-02
1.965000000000000080e+00 1.681000000000000050e+00 6.000000000000000125e-03 -2.800000000000000058e-02
3.076999999999999957e+00 1.042999999999999927e+00 -6.790000000000000480e-01 -1.299999999999999940e-02
3.561999999999999833e+00 -7.299999999999999822e-01 -9.419999999999999485e-01 -4.000000000000000083e-03
2.411999999999999922e+00 -2.041999999999999815e+00 -5.759999999999999565e-01 -8.999999999999999320e-03
5.110000000000000098e-01 -1.820000000000000062e+00 -1.759999999999999898e-01 4.000000000000000083e-03
-6.169999999999999929e-01 -6.900000000000000577e-02 3.150000000000000022e-01 3.300000000000000155e-02
-3.729999999999999982e-01 1.578999999999999959e+00 1.110999999999999988e+00 4.000000000000000083e-02
6.680000000000000382e-01 1.344000000000000083e+00 1.489999999999999991e+00 3.099999999999999978e-02
1.290000000000000036e+00 7.499999999999999722e-02 1.084999999999999964e+00 3.899999999999999994e-02
7.710000000000000187e-01 -1.640000000000000069e-01 6.229999999999999982e-01 5.199999999999999761e-02
-4.749999999999999778e-01 3.250000000000000111e-01 3.150000000000000022e-01 3.300000000000000155e-02
-1.437000000000000055e+00 1.529999999999999971e-01 -4.199999999999999845e-01 -7.000000000000000146e-03
-1.304000000000000048e+00 -2.220000000000000029e-01 -1.143999999999999906e+00 -2.299999999999999961e-02
-1.920000000000000040e-01 1.640000000000000069e-01 -7.940000000000000391e-01 -7.000000000000000146e-03
8.329999999999999627e-01 9.120000000000000329e-01 -1.200000000000000025e-02 2.000000000000000042e-03
1.189000000000000057e+00 1.125000000000000000e+00 -2.129999999999999949e-01 -3.000000000000000062e-03
1.044000000000000039e+00 3.499999999999999778e-01 -8.910000000000000142e-01 7.000000000000000146e-03
1.100000000000000006e-01 -1.084999999999999964e+00 -7.780000000000000249e-01 2.900000000000000147e-02
-1.500000000000000000e+00 -2.011000000000000121e+00 -1.340000000000000080e-01 2.599999999999999881e-02
-2.181999999999999940e+00 -1.572000000000000064e+00 3.029999999999999916e-01 -2.000000000000000042e-03
-1.243000000000000105e+00 -3.109999999999999987e-01 4.000000000000000222e-01 -1.600000000000000033e-02
-5.500000000000000444e-01 6.019999999999999796e-01 3.599999999999999728e-02 3.000000000000000062e-03
-1.219000000000000083e+00 8.419999999999999707e-01 -3.539999999999999813e-01 2.299999999999999961e-02
-1.522000000000000020e+00 9.769999999999999796e-01 2.610000000000000098e-01 1.400000000000000029e-02
-5.580000000000000515e-01 1.173999999999999932e+00 1.495000000000000107e+00 -1.099999999999999936e-02
1.069999999999999979e-01 7.069999999999999618e-01 1.933000000000000052e+00 -2.299999999999999961e-02
-1.839999999999999969e-01 -5.809999999999999609e-01 1.610000000000000098e+00 -1.799999999999999864e-02
-4.729999999999999760e-01 -1.316999999999999948e+00 1.334000000000000075e+00 -2.000000000000000042e-03
-4.010000000000000231e-01 -7.299999999999999822e-01 9.449999999999999512e-01 2.199999999999999872e-02
-1.370000000000000107e-01 -3.150000000000000022e-01 4.789999999999999813e-01 2.599999999999999881e-02
2.959999999999999853e-01 -1.165000000000000036e+00 7.379999999999999893e-01 -5.000000000000000104e-03
5.809999999999999609e-01 -1.737999999999999989e+00 1.552000000000000046e+00 -2.999999999999999889e-02
5.420000000000000373e-01 -4.079999999999999738e-01 1.806000000000000050e+00 -1.700000000000000122e-02
6.500000000000000222e-01 1.788000000000000034e+00 1.235999999999999988e+00 1.000000000000000021e-03
1.016000000000000014e+00 2.508000000000000007e+00 4.289999999999999925e-01 -3.000000000000000062e-03
8.890000000000000124e-01 1.266000000000000014e+00 -2.449999999999999956e-01 -3.000000000000000062e-03
-1.350000000000000089e-01 -6.199999999999999956e-02 -6.460000000000000187e-01 1.499999999999999944e-02
-1.241999999999999993e+00 -1.320000000000000062e-01 -4.309999999999999942e-01 2.100000000000000130e-02
-1.276000000000000023e+00 -2.199999999999999872e-02 5.739999999999999547e-01 5.000000000000000104e-03
-2.540000000000000036e-01 -1.002000000000000002e+00 1.489000000000000101e+00 -8.999999999999999320e-03
4.219999999999999862e-01 -1.889000000000000012e+00 1.018999999999999906e+00 -1.899999999999999953e-02
-2.899999999999999800e-01 -1.086000000000000076e+00 -5.160000000000000142e-01 -3.300000000000000155e-02
-1.290000000000000036e+00 1.859999999999999987e-01 -1.453000000000000069e+00 -3.099999999999999978e-02
-7.409999999999999920e-01 1.630000000000000060e-01 -1.326999999999999957e+00 -5.000000000000000104e-03
9.559999999999999609e-01 -3.380000000000000226e-01 -1.104999999999999982e+00 1.400000000000000029e-02
1.707999999999999963e+00 -2.999999999999999889e-01 -1.286999999999999922e+00 1.000000000000000021e-02
5.490000000000000435e-01 -3.250000000000000111e-01 -1.745000000000000107e+00 -1.000000000000000021e-03
-1.431999999999999940e+00 -6.480000000000000204e-01 -2.302999999999999936e+00 5.000000000000000104e-03
-2.266000000000000014e+00 -7.770000000000000240e-01 -2.455999999999999961e+00 2.999999999999999889e-02
-1.225000000000000089e+00 -5.340000000000000302e-01 -2.055000000000000160e+00 4.000000000000000083e-02
5.590000000000000524e-01 3.899999999999999994e-02 -1.762000000000000011e+00 1.099999999999999936e-02
1.810999999999999943e+00 7.129999999999999671e-01 -1.643999999999999906e+00 -2.500000000000000139e-02
2.334999999999999964e+00 1.493999999999999995e+00 -6.209999999999999964e-01 -2.500000000000000139e-02
2.971000000000000085e+00 2.984999999999999876e+00 1.977999999999999980e+00 7.000000000000000146e-03
4.254999999999999893e+00 4.847000000000000419e+00 4.435999999999999943e+00 3.500000000000000333e-02
4.173000000000000043e+00 4.705000000000000071e+00 3.414000000000000146e+00 3.899999999999999994e-02
2.580000000000000071e-01 9.140000000000000346e-01 -9.619999999999999662e-01 4.000000000000000083e-03
-4.597000000000000419e+00 -3.633999999999999897e+00 -3.592999999999999972e+00 -6.900000000000000577e-02
-4.501000000000000334e+00 -4.182999999999999829e+00 -1.588999999999999968e+00 -1.219999999999999973e-01
-4.299999999999999656e-02 -1.074999999999999956e+00 1.461999999999999966e+00 -9.299999999999999933e-02
2.378000000000000114e+00 1.131999999999999895e+00 1.598000000000000087e+00 -2.199999999999999872e-02
9.010000000000000231e-01 6.560000000000000275e-01 1.160000000000000059e-01 1.000000000000000021e-02
-2.459999999999999964e-01 -7.540000000000000036e-01 2.039999999999999869e-01 -1.000000000000000021e-03
1.161999999999999922e+00 -1.546000000000000041e+00 1.471999999999999975e+00 8.000000000000000167e-03
2.871999999999999886e+00 -1.377000000000000002e+00 1.294000000000000039e+00 4.700000000000000011e-02
2.842000000000000082e+00 -7.069999999999999618e-01 -2.379999999999999893e-01 6.199999999999999956e-02
1.389000000000000012e+00 8.999999999999999320e-03 -5.400000000000000355e-01 3.699999999999999817e-02
-2.590000000000000080e-01 7.720000000000000195e-01 8.569999999999999840e-01 2.400000000000000050e-02
-1.147999999999999909e+00 1.141999999999999904e+00 1.635999999999999899e+00 4.499999999999999833e-02
-1.175000000000000044e+00 9.090000000000000302e-01 5.550000000000000488e-01 5.199999999999999761e-02
-1.193999999999999950e+00 9.360000000000000542e-01 -1.050000000000000044e+00 3.000000000000000062e-03
-1.919000000000000039e+00 1.120999999999999996e+00 -1.709000000000000075e+00 -6.300000000000000044e-02
-2.689000000000000057e+00 1.079999999999999988e-01 -1.548999999999999932e+00 -7.900000000000000078e-02
-2.755999999999999783e+00 -1.816000000000000059e+00 -1.135999999999999899e+00 -4.299999999999999656e-02
-2.995999999999999996e+00 -2.943999999999999950e+00 -5.210000000000000187e-01 -1.000000000000000021e-02
-3.611000000000000210e+00 -3.254000000000000004e+00 -3.300000000000000155e-02 2.000000000000000042e-03
-2.814000000000000057e+00 -3.740000000000000213e+00 -2.270000000000000073e-01 3.400000000000000244e-02
-6.340000000000000080e-01 -3.726999999999999869e+00 -7.530000000000000027e-01 8.500000000000000611e-02
2.469999999999999973e-01 -2.452999999999999847e+00 -6.979999999999999538e-01 8.500000000000000611e-02
-9.579999999999999627e-01 -1.169999999999999929e+00 1.980000000000000093e-01 1.499999999999999944e-02
-1.991000000000000103e+00 -4.550000000000000155e-01 1.526000000000000023e+00 -3.799999999999999906e-02
-1.215999999999999970e+00 1.060000000000000053e+00 2.637000000000000011e+00 -2.500000000000000139e-02
4.570000000000000173e-01 3.112999999999999989e+00 2.979999999999999982e+00 -1.200000000000000025e-02
1.483000000000000096e+00 3.553999999999999826e+00 2.785000000000000142e+00 -5.099999999999999672e-02
1.576999999999999957e+00 2.322000000000000064e+00 2.491999999999999993e+00 -8.300000000000000433e-02
1.056000000000000050e+00 1.314000000000000057e+00 1.762000000000000011e+00 -4.599999999999999922e-02
3.770000000000000018e-01 1.334999999999999964e+00 6.099999999999999867e-01 3.599999999999999728e-02
3.649999999999999911e-01 1.981999999999999984e+00 -2.000000000000000042e-02 8.200000000000000344e-02
9.260000000000000453e-01 2.733999999999999986e+00 1.849999999999999978e-01 5.399999999999999939e-02
1.064000000000000057e+00 2.903000000000000025e+00 4.369999999999999996e-01 -5.000000000000000104e-03
7.560000000000000053e-01 2.104999999999999982e+00 -6.600000000000000311e-02 -4.000000000000000083e-02
4.570000000000000173e-01 1.195000000000000062e+00 -1.292999999999999927e+00 -4.599999999999999922e-02
2.270000000000000073e-01 1.374000000000000110e+00 -2.221999999999999975e+00 -4.000000000000000083e-02
4.839999999999999858e-01 2.318999999999999950e+00 -1.951000000000000068e+00 -2.500000000000000139e-02
1.006000000000000005e+00 2.592999999999999972e+00 -9.240000000000000435e-01 -1.799999999999999864e-02
2.550000000000000044e-01 1.439999999999999947e+00 1.299999999999999940e-02 -2.500000000000000139e-02
-1.804000000000000048e+00 -7.389999999999999902e-01 7.960000000000000409e-01 -3.099999999999999978e-02
-2.809000000000000163e+00 -2.746999999999999886e+00 1.167000000000000037e+00 -3.200000000000000067e-02
-1.566999999999999948e+00 -3.358999999999999986e+00 3.479999999999999760e-01 -3.200000000000000067e-02
1.519999999999999962e-01 -2.500999999999999890e+00 -1.383000000000000007e+00 -2.900000000000000147e-02
3.170000000000000040e-01 -1.217000000000000082e+00 -2.517999999999999794e+00 -1.799999999999999864e-02
-6.380000000000000115e-01 -4.040000000000000258e-01 -2.133999999999999897e+00 5.000000000000000104e-03
-1.074999999999999956e+00 -2.139999999999999958e-01 -1.014999999999999902e+00 3.400000000000000244e-02
-8.449999999999999734e-01 -5.490000000000000435e-01 -6.250000000000000000e-01 2.999999999999999889e-02
-5.380000000000000338e-01 -1.340999999999999970e+00 -9.889999999999999902e-01 -2.000000000000000042e-02
5.800000000000000294e-02 -2.158999999999999808e+00 -9.539999999999999591e-01 -6.300000000000000044e-02
5.889999999999999680e-01 -2.297000000000000153e+00 -5.120000000000000107e-01 -5.199999999999999761e-02
2.600000000000000089e-01 -1.576000000000000068e+00 -7.299999999999999822e-01 -8.000000000000000167e-03
-8.500000000000000611e-02 -4.279999999999999916e-01 -1.935999999999999943e+00 1.799999999999999864e-02
5.160000000000000142e-01 5.420000000000000373e-01 -3.111000000000000210e+00 1.700000000000000122e-02
1.078000000000000069e+00 6.360000000000000098e-01 -2.714999999999999858e+00 1.000000000000000021e-02
8.000000000000000444e-01 -2.710000000000000187e-01 -9.060000000000000275e-01 8.000000000000000167e-03
3.800000000000000044e-01 -1.004000000000000004e+00 2.859999999999999765e-01 6.000000000000000125e-03
2.530000000000000027e-01 -3.509999999999999787e-01 2.389999999999999902e-01 5.000000000000000104e-03
3.380000000000000226e-01 9.330000000000000515e-01 2.949999999999999845e-01 3.000000000000000062e-03
8.399999999999999689e-01 6.390000000000000124e-01 7.329999999999999849e-01 1.000000000000000021e-03
1.310000000000000053e+00 -1.747999999999999998e+00 5.310000000000000275e-01 5.000000000000000104e-03
4.739999999999999769e-01 -3.709999999999999964e+00 -4.359999999999999987e-01 1.000000000000000021e-02
-1.159000000000000030e+00 -2.987999999999999989e+00 -1.245000000000000107e+00 -2.000000000000000042e-03
-9.220000000000000417e-01 -8.269999999999999574e-01 -1.028999999999999915e+00 -1.400000000000000029e-02
1.322000000000000064e+00 1.140000000000000041e-01 3.370000000000000218e-01 -5.000000000000000104e-03
1.991999999999999993e+00 -2.230000000000000038e-01 1.574000000000000066e+00 2.000000000000000042e-02
-1.320000000000000062e-01 -5.800000000000000294e-02 1.163000000000000034e+00 4.900000000000000189e-02
-1.772000000000000020e+00 6.929999999999999494e-01 -2.010000000000000120e-01 7.900000000000000078e-02
-9.270000000000000462e-01 1.072999999999999954e+00 -5.759999999999999565e-01 8.200000000000000344e-02
7.650000000000000133e-01 1.356999999999999984e+00 1.439999999999999891e-01 5.000000000000000278e-02
1.961999999999999966e+00 1.465999999999999970e+00 4.959999999999999964e-01 2.500000000000000139e-02
2.573999999999999844e+00 3.489999999999999769e-01 -3.300000000000000155e-02 3.699999999999999817e-02
2.037999999999999812e+00 -1.332000000000000073e+00 -7.740000000000000213e-01 5.600000000000000117e-02
6.889999999999999458e-01 -1.685999999999999943e+00 -1.570000000000000062e+00 4.700000000000000011e-02
7.299999999999999545e-02 -6.979999999999999538e-01 -2.634999999999999787e+00 1.700000000000000122e-02
3.140000000000000013e-01 2.039999999999999869e-01 -2.944999999999999840e+00 -1.200000000000000025e-02
4.779999999999999805e-01 7.520000000000000018e-01 -1.399999999999999911e+00 -2.599999999999999881e-02
7.770000000000000240e-01 1.536999999999999922e+00 7.259999999999999787e-01 -2.400000000000000050e-02
1.719000000000000083e+00 1.685999999999999943e+00 1.506000000000000005e+00 -1.000000000000000021e-02
2.656000000000000139e+00 1.650000000000000078e-01 1.145999999999999908e+00 5.000000000000000104e-03
2.466000000000000192e+00 -1.189999999999999947e+00 8.239999999999999547e-01 1.099999999999999936e-02
9.749999999999999778e-01 -4.560000000000000164e-01 1.165999999999999925e+00 5.000000000000000104e-03
-3.990000000000000213e-01 8.800000000000000044e-01 2.172000000000000153e+00 -1.000000000000000021e-02
-1.869999999999999996e-01 1.431999999999999940e+00 2.955999999999999961e+00 -2.100000000000000130e-02
8.309999999999999609e-01 2.380999999999999783e+00 2.839999999999999858e+00 -1.899999999999999953e-02
7.109999999999999654e-01 3.813000000000000167e+00 2.439000000000000057e+00 -1.700000000000000122e-02
-5.360000000000000320e-01 3.560000000000000053e+00 2.388999999999999790e+00 -2.299999999999999961e-02
-1.191000000000000059e+00 1.252000000000000002e+00 2.403000000000000025e+00 -2.100000000000000130e-02
-7.009999999999999565e-01 -1.170000000000000068e-01 2.359999999999999876e+00 5.000000000000000104e-03
-1.219999999999999973e-01 1.445999999999999952e+00 2.822000000000000064e+00 3.400000000000000244e-02
-2.049999999999999878e-01 3.563000000000000167e+00 3.529999999999999805e+00 3.300000000000000155e-02
-8.369999999999999662e-01 3.232000000000000206e+00 3.125999999999999890e+00 1.799999999999999864e-02
-1.836999999999999966e+00 1.205999999999999961e+00 1.806999999999999940e+00 2.800000000000000058e-02
-2.721000000000000085e+00 -7.099999999999999367e-02 1.903000000000000025e+00 4.900000000000000189e-02
-2.416999999999999815e+00 1.630000000000000060e-01 3.652000000000000135e+00 4.900000000000000189e-02
-6.590000000000000302e-01 1.247000000000000108e+00 3.724000000000000199e+00 3.599999999999999728e-02
1.318000000000000060e+00 2.052999999999999936e+00 1.034000000000000030e+00 3.899999999999999994e-02
2.205999999999999961e+00 1.713000000000000078e+00 -6.949999999999999512e-01 5.199999999999999761e-02
1.711000000000000076e+00 9.419999999999999485e-01 4.650000000000000244e-01 4.900000000000000189e-02
4.779999999999999805e-01 1.195000000000000062e+00 1.532999999999999918e+00 3.200000000000000067e-02
-2.849999999999999756e-01 1.887000000000000011e+00 5.280000000000000249e-01 3.200000000000000067e-02
4.000000000000000083e-03 1.274000000000000021e+00 -9.160000000000000364e-01 5.800000000000000294e-02
4.219999999999999862e-01 -1.390000000000000124e-01 -1.370000000000000107e+00 7.299999999999999545e-02
-2.069999999999999896e-01 -6.989999999999999547e-01 -9.799999999999999822e-01 5.299999999999999850e-02
-1.477000000000000091e+00 -6.959999999999999520e-01 -7.900000000000000078e-02 3.200000000000000067e-02
-1.891000000000000014e+00 -8.920000000000000151e-01 7.079999999999999627e-01 3.899999999999999994e-02
-1.207000000000000073e+00 -6.340000000000000080e-01 3.820000000000000062e-01 4.399999999999999745e-02
-7.530000000000000027e-01 -1.089999999999999997e-01 -1.237999999999999989e+00 1.099999999999999936e-02
-1.050000000000000044e+00 -9.989999999999999991e-01 -2.871999999999999886e+00 -2.999999999999999889e-02
-1.219999999999999973e+00 -3.084999999999999964e+00 -2.987000000000000099e+00 -2.699999999999999969e-02
-9.829999999999999849e-01 -3.674999999999999822e+00 -1.768999999999999906e+00 -1.000000000000000021e-03
-8.299999999999999600e-01 -1.657999999999999918e+00 -8.429999999999999716e-01 -1.000000000000000021e-03
-7.039999999999999591e-01 6.250000000000000000e-01 -1.024999999999999911e+00 -2.100000000000000130e-02
-4.719999999999999751e-01 5.729999999999999538e-01 -1.842999999999999972e+00 -2.500000000000000139e-02
-3.629999999999999893e-01 -1.348000000000000087e+00 -2.734999999999999876e+00 -2.699999999999999969e-02
-3.350000000000000200e-01 -2.716000000000000192e+00 -3.299999999999999822e+00 -5.099999999999999672e-02
-4.500000000000000111e-01 -2.623000000000000220e+00 -3.145000000000000018e+00 -6.500000000000000222e-02
-8.070000000000000506e-01 -2.064000000000000057e+00 -2.379999999999999893e+00 -4.200000000000000261e-02
-7.660000000000000142e-01 -1.485999999999999988e+00 -1.794000000000000039e+00 -2.199999999999999872e-02
-5.000000000000000104e-03 -4.949999999999999956e-01 -1.707000000000000073e+00 -3.599999999999999728e-02
6.510000000000000231e-01 5.450000000000000400e-01 -1.060999999999999943e+00 -4.299999999999999656e-02
5.689999999999999503e-01 7.520000000000000018e-01 7.069999999999999618e-01 -2.299999999999999961e-02
-4.000000000000000083e-02 -8.999999999999999667e-02 1.842999999999999972e+00 -1.700000000000000122e-02
-6.690000000000000391e-01 -1.020000000000000018e+00 9.559999999999999609e-01 -4.100000000000000172e-02
-7.489999999999999991e-01 -4.229999999999999871e-01 -3.190000000000000058e-01 -5.600000000000000117e-02
-2.379999999999999893e-01 1.298000000000000043e+00 3.500000000000000333e-02 -4.599999999999999922e-02
-2.000000000000000042e-03 9.719999999999999751e-01 1.356000000000000094e+00 -4.599999999999999922e-02
-4.939999999999999947e-01 -2.250999999999999890e+00 1.953999999999999959e+00 -7.099999999999999367e-02
-1.038000000000000034e+00 -4.358999999999999986e+00 1.663999999999999924e+00 -8.000000000000000167e-02
-1.092000000000000082e+00 -2.916999999999999815e+00 1.104000000000000092e+00 -5.199999999999999761e-02
-6.270000000000000018e-01 -1.058000000000000052e+00 2.919999999999999818e-01 -3.099999999999999978e-02
1.390000000000000124e-01 -1.481000000000000094e+00 -8.199999999999999512e-01 -4.700000000000000011e-02
3.039999999999999925e-01 -2.463999999999999968e+00 -1.743000000000000105e+00 -6.600000000000000311e-02
-7.339999999999999858e-01 -2.133999999999999897e+00 -2.005999999999999783e+00 -5.800000000000000294e-02
-2.116000000000000103e+00 -1.169000000000000039e+00 -1.917000000000000037e+00 -4.599999999999999922e-02
-2.529999999999999805e+00 -5.230000000000000204e-01 -1.687999999999999945e+00 -4.800000000000000100e-02
-1.504000000000000004e+00 -8.200000000000000344e-02 -5.150000000000000133e-01 -4.700000000000000011e-02
9.299999999999999933e-02 5.320000000000000284e-01 1.110999999999999988e+00 -3.300000000000000155e-02
7.219999999999999751e-01 1.084000000000000075e+00 5.360000000000000320e-01 -2.699999999999999969e-02
2.700000000000000178e-01 8.060000000000000497e-01 -2.500000000000000000e+00 -3.699999999999999817e-02
5.110000000000000098e-01 -1.630000000000000060e-01 -4.059000000000000163e+00 -3.400000000000000244e-02
2.286000000000000032e+00 -7.449999999999999956e-01 -1.971999999999999975e+00 -8.000000000000000167e-03
3.629999999999999893e+00 -6.850000000000000533e-01 2.780000000000000249e-01 1.099999999999999936e-02
2.660000000000000142e+00 -4.060000000000000275e-01 -8.920000000000000151e-01 -1.000000000000000021e-03
8.830000000000000071e-01 8.400000000000000522e-02 -3.721000000000000085e+00 -2.000000000000000042e-02
7.670000000000000151e-01 5.380000000000000338e-01 -4.658999999999999808e+00 -2.400000000000000050e-02
1.919000000000000039e+00 1.960000000000000075e-01 -3.579000000000000181e+00 -2.000000000000000042e-02
2.527000000000000135e+00 -6.510000000000000231e-01 -2.624000000000000110e+00 -1.499999999999999944e-02
2.064999999999999947e+00 -5.809999999999999609e-01 -2.617999999999999883e+00 -3.000000000000000062e-03
9.519999999999999574e-01 3.049999999999999933e-01 -2.688000000000000167e+00 -7.000000000000000146e-03
-1.360000000000000098e-01 2.379999999999999893e-01 -2.012999999999999901e+00 -4.299999999999999656e-02
-2.469999999999999973e-01 -1.010999999999999899e+00 -4.799999999999999822e-01 -8.200000000000000344e-02
1.094000000000000083e+00 -1.858000000000000096e+00 1.659000000000000030e+00 -9.299999999999999933e-02
2.528999999999999915e+00 -1.653999999999999915e+00 3.435000000000000053e+00 -8.599999999999999312e-02
1.776999999999999913e+00 -1.437000000000000055e+00 3.313000000000000167e+00 -8.799999999999999489e-02
-7.540000000000000036e-01 -2.378000000000000114e+00 1.310999999999999943e+00 -9.600000000000000200e-02
-2.096999999999999975e+00 -4.065999999999999837e+00 -4.249999999999999889e-01 -8.799999999999999489e-02
-1.280999999999999917e+00 -4.607000000000000206e+00 -6.530000000000000249e-01 -6.500000000000000222e-02
-1.320000000000000062e-01 -3.374000000000000110e+00 -1.700000000000000122e-01 -6.099999999999999867e-02
1.970000000000000084e-01 -2.149999999999999911e+00 6.650000000000000355e-01 -8.100000000000000255e-02
3.719999999999999973e-01 -1.814999999999999947e+00 2.009999999999999787e+00 -7.599999999999999811e-02
7.379999999999999893e-01 -1.139999999999999902e+00 2.642999999999999794e+00 -2.699999999999999969e-02
4.510000000000000120e-01 -2.369999999999999885e-01 1.336000000000000076e+00 2.800000000000000058e-02
-7.870000000000000329e-01 -2.079999999999999905e-01 -9.449999999999999512e-01 4.499999999999999833e-02
-1.985000000000000098e+00 2.650000000000000133e-01 -2.285000000000000142e+00 3.300000000000000155e-02
-2.249000000000000110e+00 2.396999999999999797e+00 -2.358000000000000096e+00 4.599999999999999922e-02
-1.812000000000000055e+00 3.999000000000000110e+00 -2.400999999999999801e+00 9.900000000000000466e-02
-1.653999999999999915e+00 3.052999999999999936e+00 -2.733000000000000096e+00 1.400000000000000133e-01
-2.173999999999999932e+00 1.270000000000000018e+00 -2.221999999999999975e+00 1.400000000000000133e-01
-2.488999999999999879e+00 1.534999999999999920e+00 -5.340000000000000302e-01 1.400000000000000133e-01
-1.794999999999999929e+00 3.834999999999999964e+00 1.364999999999999991e+00 1.620000000000000051e-01
-8.589999999999999858e-01 5.516000000000000014e+00 2.721999999999999975e+00 1.749999999999999889e-01
-8.169999999999999485e-01 5.246999999999999886e+00 3.580999999999999961e+00 1.570000000000000007e-01
-1.098999999999999977e+00 4.376000000000000334e+00 4.307000000000000384e+00 1.340000000000000080e-01
-5.160000000000000142e-01 4.016000000000000014e+00 4.775999999999999801e+00 1.360000000000000098e-01
3.830000000000000071e-01 3.742999999999999883e+00 4.698000000000000398e+00 1.479999999999999927e-01
4.480000000000000093e-01 3.217000000000000082e+00 4.682999999999999829e+00 1.320000000000000062e-01
2.349999999999999867e-01 2.826000000000000068e+00 5.123999999999999666e+00 1.029999999999999943e-01
7.690000000000000169e-01 3.015000000000000124e+00 5.120000000000000107e+00 1.039999999999999952e-01
1.385999999999999899e+00 3.545999999999999819e+00 4.376000000000000334e+00 1.260000000000000009e-01
8.339999999999999636e-01 3.685000000000000053e+00 3.963999999999999968e+00 1.229999999999999982e-01
-4.839999999999999858e-01 3.455999999999999961e+00 4.184999999999999609e+00 9.600000000000000200e-02
-9.040000000000000258e-01 3.475999999999999979e+00 3.931999999999999940e+00 8.500000000000000611e-02
7.499999999999999722e-02 3.511000000000000121e+00 2.642999999999999794e+00 9.299999999999999933e-02
1.233999999999999986e+00 2.736000000000000210e+00 1.534000000000000030e+00 9.700000000000000289e-02
1.625999999999999890e+00 1.467000000000000082e+00 1.897000000000000020e+00 9.600000000000000200e-02
1.564000000000000057e+00 1.129999999999999893e+00 2.849000000000000199e+00 9.199999999999999845e-02
1.675999999999999934e+00 1.856000000000000094e+00 2.705000000000000071e+00 6.900000000000000577e-02
2.008999999999999897e+00 1.977999999999999980e+00 1.366000000000000103e+00 2.400000000000000050e-02
1.971999999999999975e+00 7.800000000000000266e-01 -2.879999999999999782e-01 -7.000000000000000146e-03
1.108000000000000096e+00 -5.819999999999999618e-01 -1.391000000000000014e+00 2.000000000000000042e-03
-1.010000000000000064e-01 -1.022999999999999909e+00 -1.415000000000000036e+00 2.199999999999999872e-02
-7.790000000000000258e-01 -4.859999999999999876e-01 -9.090000000000000302e-01 2.500000000000000139e-02
-8.559999999999999831e-01 3.380000000000000226e-01 -8.509999999999999787e-01 1.700000000000000122e-02
-9.250000000000000444e-01 5.859999999999999654e-01 -1.185000000000000053e+00 1.000000000000000021e-03
-1.094000000000000083e+00 2.510000000000000009e-01 -1.044000000000000039e+00 -2.500000000000000139e-02
-8.139999999999999458e-01 -6.900000000000000577e-02 -8.500000000000000611e-02 -4.299999999999999656e-02
1.739999999999999880e-01 -5.160000000000000142e-01 1.159000000000000030e+00 -4.100000000000000172e-02
1.237999999999999989e+00 -1.368999999999999995e+00 2.220000000000000195e+00 -3.899999999999999994e-02
1.673999999999999932e+00 -1.657000000000000028e+00 3.017999999999999794e+00 -5.700000000000000205e-02
1.764000000000000012e+00 -5.739999999999999547e-01 2.665999999999999925e+00 -7.299999999999999545e-02
1.812000000000000055e+00 6.219999999999999973e-01 -2.839999999999999747e-01 -6.900000000000000577e-02
1.112000000000000099e+00 3.519999999999999796e-01 -4.559999999999999609e+00 -7.199999999999999456e-02
-5.889999999999999680e-01 -8.349999999999999645e-01 -5.918000000000000149e+00 -9.600000000000000200e-02
-2.064999999999999947e+00 -1.491000000000000103e+00 -3.123000000000000220e+00 -1.079999999999999988e-01
-1.820000000000000062e+00 -1.889000000000000012e+00 -2.530000000000000027e-01 -8.500000000000000611e-02
3.410000000000000253e-01 -3.294000000000000039e+00 -4.689999999999999725e-01 -6.700000000000000400e-02
2.495000000000000107e+00 -4.971000000000000085e+00 -2.273000000000000131e+00 -7.799999999999999989e-02
2.076000000000000068e+00 -5.000000000000000000e+00 -3.293000000000000149e+00 -7.699999999999999900e-02
-6.260000000000000009e-01 -3.830999999999999961e+00 -3.313000000000000167e+00 -4.700000000000000011e-02
-2.113999999999999879e+00 -3.451000000000000068e+00 -3.045999999999999819e+00 -3.599999999999999728e-02
-2.969999999999999862e-01 -3.970000000000000195e+00 -2.815999999999999837e+00 -6.199999999999999956e-02
2.527000000000000135e+00 -3.766000000000000014e+00 -2.592999999999999972e+00 -8.100000000000000255e-02
3.067000000000000171e+00 -2.024999999999999911e+00 -2.282999999999999918e+00 -7.000000000000000666e-02
1.399000000000000021e+00 1.940000000000000058e-01 -1.973000000000000087e+00 -5.500000000000000028e-02
-1.570000000000000007e-01 1.491000000000000103e+00 -1.707999999999999963e+00 -4.499999999999999833e-02
-5.560000000000000497e-01 1.546999999999999931e+00 -1.229999999999999982e+00 -3.300000000000000155e-02
-2.010000000000000120e-01 5.050000000000000044e-01 -7.309999999999999831e-01 -2.699999999999999969e-02
6.490000000000000213e-01 -1.163000000000000034e+00 -9.769999999999999796e-01 -4.299999999999999656e-02
1.560000000000000053e+00 -2.507000000000000117e+00 -1.762000000000000011e+00 -7.199999999999999456e-02
1.415000000000000036e+00 -3.181999999999999940e+00 -1.612999999999999989e+00 -8.899999999999999578e-02
-4.900000000000000189e-02 -3.153000000000000025e+00 4.399999999999999745e-02 -8.200000000000000344e-02
-1.272999999999999909e+00 -2.061999999999999833e+00 1.782999999999999918e+00 -6.199999999999999956e-02
-9.489999999999999547e-01 -5.380000000000000338e-01 1.971999999999999975e+00 -5.099999999999999672e-02
9.900000000000000466e-02 2.900000000000000147e-02 9.469999999999999529e-01 -6.700000000000000400e-02
5.580000000000000515e-01 -5.679999999999999494e-01 3.240000000000000102e-01 -9.099999999999999756e-02
5.859999999999999654e-01 -1.237999999999999989e+00 1.789999999999999925e-01 -8.799999999999999489e-02
5.849999999999999645e-01 -5.020000000000000018e-01 -6.690000000000000391e-01 -5.800000000000000294e-02
-2.159999999999999976e-01 1.828000000000000069e+00 -1.536000000000000032e+00 -3.300000000000000155e-02
-1.844999999999999973e+00 2.991000000000000103e+00 -9.379999999999999449e-01 -4.399999999999999745e-02
-2.314000000000000057e+00 5.180000000000000160e-01 1.209999999999999964e-01 -8.100000000000000255e-02
-1.106000000000000094e+00 -3.076000000000000068e+00 -2.000000000000000042e-03 -9.700000000000000289e-02
-8.539999999999999813e-01 -3.315999999999999837e+00 -5.869999999999999662e-01 -5.199999999999999761e-02
-2.444999999999999840e+00 -2.760000000000000231e-01 -4.809999999999999831e-01 2.500000000000000139e-02
-3.181000000000000050e+00 2.041999999999999815e+00 -2.670000000000000151e-01 6.500000000000000222e-02
-2.057999999999999829e+00 1.588000000000000078e+00 -8.100000000000000533e-01 5.600000000000000117e-02
-1.213999999999999968e+00 3.300000000000000155e-01 -1.899000000000000021e+00 4.700000000000000011e-02
-1.518000000000000016e+00 7.379999999999999893e-01 -2.452999999999999847e+00 6.400000000000000133e-02
-1.887999999999999901e+00 2.479999999999999982e+00 -1.459999999999999964e+00 8.400000000000000522e-02
-1.955000000000000071e+00 3.254999999999999893e+00 2.419999999999999929e-01 8.599999999999999312e-02
-1.802000000000000046e+00 2.084999999999999964e+00 7.069999999999999618e-01 8.799999999999999489e-02
-8.010000000000000453e-01 8.910000000000000142e-01 2.030000000000000138e-01 1.079999999999999988e-01
1.171999999999999931e+00 1.969999999999999973e+00 8.169999999999999485e-01 1.280000000000000027e-01
2.886000000000000121e+00 4.498999999999999666e+00 2.737000000000000099e+00 1.229999999999999982e-01
3.076000000000000068e+00 5.241999999999999993e+00 3.774000000000000021e+00 9.500000000000000111e-02
1.556999999999999940e+00 2.535000000000000142e+00 2.547000000000000153e+00 4.700000000000000011e-02
-7.910000000000000364e-01 -1.762000000000000011e+00 3.069999999999999951e-01 -2.199999999999999872e-02
-2.338000000000000078e+00 -4.275000000000000355e+00 -9.769999999999999796e-01 -7.499999999999999722e-02
-1.713999999999999968e+00 -3.387999999999999901e+00 -8.890000000000000124e-01 -6.099999999999999867e-02
8.970000000000000195e-01 -4.779999999999999805e-01 -2.550000000000000044e-01 1.600000000000000033e-02
3.451999999999999957e+00 1.624000000000000110e+00 5.000000000000000104e-03 9.400000000000000022e-02
3.826999999999999957e+00 1.518000000000000016e+00 -3.799999999999999906e-02 1.100000000000000006e-01
2.443999999999999950e+00 4.839999999999999858e-01 1.100999999999999979e+00 4.700000000000000011e-02
1.574000000000000066e+00 2.829999999999999738e-01 3.834999999999999964e+00 -4.900000000000000189e-02
2.194999999999999840e+00 6.939999999999999503e-01 5.762999999999999901e+00 -7.599999999999999811e-02
3.209000000000000075e+00 8.899999999999999578e-02 4.469999999999999751e+00 1.899999999999999953e-02
2.298000000000000043e+00 -2.519000000000000128e+00 -7.599999999999999811e-02 1.330000000000000071e-01
-1.955000000000000071e+00 -6.080000000000000071e+00 -5.599000000000000199e+00 1.160000000000000059e-01
-6.527000000000000135e+00 -8.096000000000000085e+00 -8.243000000000000327e+00 -2.199999999999999872e-02
-6.368000000000000327e+00 -7.293999999999999595e+00 -6.387999999999999901e+00 -1.219999999999999973e-01
-2.194999999999999840e+00 -4.897999999999999687e+00 -3.367999999999999883e+00 -1.079999999999999988e-01
2.449999999999999956e-01 -3.020999999999999908e+00 -2.273000000000000131e+00 -6.300000000000000044e-02
-9.589999999999999636e-01 -2.693999999999999950e+00 -1.604999999999999982e+00 -8.200000000000000344e-02
-2.023000000000000131e+00 -3.298999999999999932e+00 -2.089999999999999913e-01 -1.610000000000000042e-01
-2.599999999999999881e-02 -3.857000000000000206e+00 -6.009999999999999787e-01 -2.349999999999999867e-01
3.047000000000000153e+00 -4.312000000000000277e+00 -3.495999999999999996e+00 -2.660000000000000142e-01
3.516000000000000014e+00 -4.639000000000000234e+00 -5.437999999999999723e+00 -2.520000000000000018e-01
1.411000000000000032e+00 -4.195999999999999730e+00 -4.740000000000000213e+00 -1.980000000000000093e-01
-1.089999999999999997e-01 -3.400999999999999801e+00 -3.599000000000000199e+00 -1.130000000000000032e-01
8.400000000000000522e-02 -3.742999999999999883e+00 -3.099000000000000199e+00 -3.799999999999999906e-02
3.930000000000000160e-01 -4.942999999999999616e+00 -2.045999999999999819e+00 -8.000000000000000167e-03
-1.499999999999999944e-01 -5.248999999999999666e+00 -1.700000000000000122e-01 -8.999999999999999320e-03
-9.070000000000000284e-01 -4.439000000000000057e+00 1.889000000000000012e+00 -1.000000000000000021e-02
-9.290000000000000480e-01 -2.817000000000000171e+00 3.508000000000000007e+00 4.000000000000000083e-03
4.700000000000000011e-02 6.630000000000000338e-01 3.499000000000000110e+00 3.699999999999999817e-02
1.681999999999999940e+00 5.493999999999999773e+00 1.348000000000000087e+00 8.100000000000000255e-02
3.326999999999999957e+00 8.176999999999999602e+00 -1.453000000000000069e+00 1.160000000000000059e-01
3.371999999999999886e+00 6.860000000000000320e+00 -3.021999999999999797e+00 1.310000000000000053e-01
3.629999999999999893e-01 4.149000000000000021e+00 -3.319999999999999840e+00 1.459999999999999909e-01
-3.976999999999999869e+00 3.125000000000000000e+00 -3.979999999999999982e+00 1.839999999999999969e-01
-6.062999999999999723e+00 3.120000000000000107e+00 -5.285999999999999588e+00 2.190000000000000002e-01
-5.323999999999999844e+00 1.635999999999999899e+00 -4.458999999999999631e+00 1.960000000000000075e-01
-4.091000000000000192e+00 -6.929999999999999494e-01 5.120000000000000107e-01 1.300000000000000044e-01
-3.100999999999999979e+00 1.200000000000000025e-02 6.775000000000000355e+00 1.000000000000000056e-01
-1.239999999999999991e+00 5.246999999999999886e+00 9.448000000000000398e+00 1.209999999999999964e-01
1.459999999999999964e+00 1.136400000000000077e+01 7.677999999999999936e+00 1.350000000000000089e-01
3.642999999999999794e+00 1.376800000000000068e+01 5.764999999999999680e+00 1.260000000000000009e-01
2.967999999999999972e+00 1.083999999999999986e+01 7.030999999999999694e+00 1.179999999999999938e-01
-2.624000000000000110e+00 3.952999999999999847e+00 8.259000000000000341e+00 8.899999999999999578e-02
-9.784000000000000696e+00 -2.559000000000000163e+00 5.344999999999999751e+00 1.799999999999999864e-02
-1.072600000000000087e+01 -3.290000000000000036e+00 1.989999999999999991e+00 -3.400000000000000244e-02
-3.545999999999999819e+00 2.366999999999999993e+00 4.003999999999999559e+00 -2.000000000000000042e-03
4.698000000000000398e+00 8.778999999999999915e+00 8.926000000000000156e+00 7.599999999999999811e-02
7.371000000000000441e+00 1.088799999999999990e+01 1.105000000000000071e+01 1.189999999999999947e-01
4.759000000000000341e+00 8.960000000000000853e+00 1.104199999999999982e+01 1.189999999999999947e-01
8.940000000000000169e-01 5.871000000000000441e+00 1.226299999999999990e+01 1.229999999999999982e-01
-1.159999999999999920e+00 3.821000000000000174e+00 1.381199999999999939e+01 1.499999999999999944e-01
-8.299999999999999600e-01 3.720000000000000195e+00 1.313899999999999935e+01 1.759999999999999898e-01
5.969999999999999751e-01 5.078000000000000291e+00 1.100099999999999945e+01 1.640000000000000069e-01
1.911999999999999922e+00 6.586000000000000298e+00 1.017300000000000004e+01 1.049999999999999961e-01
2.766999999999999904e+00 7.309000000000000163e+00 1.135399999999999920e+01 2.599999999999999881e-02
2.754000000000000004e+00 6.868999999999999773e+00 1.223799999999999955e+01 -3.500000000000000333e-02
1.826999999999999957e+00 5.200000000000000178e+00 1.024900000000000055e+01 -4.700000000000000011e-02
1.052999999999999936e+00 2.923999999999999932e+00 5.544999999999999929e+00 -1.899999999999999953e-02
1.205999999999999961e+00 1.225000000000000089e+00 7.199999999999999734e-01 4.000000000000000083e-03
1.784000000000000030e+00 6.139999999999999902e-01 -2.729999999999999982e+00 -8.000000000000000167e-03
2.073999999999999844e+00 2.730000000000000204e-01 -6.097999999999999865e+00 -3.500000000000000333e-02
1.679999999999999938e+00 -8.359999999999999654e-01 -1.048499999999999943e+01 -5.099999999999999672e-02
4.989999999999999991e-01 -2.495000000000000107e+00 -1.407000000000000028e+01 -4.800000000000000100e-02
-4.040000000000000258e-01 -3.386000000000000121e+00 -1.444400000000000084e+01 -3.699999999999999817e-02
3.260000000000000120e-01 -2.640000000000000124e+00 -1.260599999999999987e+01 -3.300000000000000155e-02
1.858999999999999986e+00 -1.044999999999999929e+00 -1.212700000000000067e+01 -4.299999999999999656e-02
2.269000000000000128e+00 -3.160000000000000031e-01 -1.405499999999999972e+01 -6.099999999999999867e-02
1.872000000000000108e+00 -1.028999999999999915e+00 -1.537899999999999956e+01 -6.800000000000000488e-02
2.321000000000000174e+00 -2.262000000000000011e+00 -1.394899999999999984e+01 -6.400000000000000133e-02
3.138999999999999790e+00 -3.165000000000000036e+00 -1.192600000000000016e+01 -8.100000000000000255e-02
2.645999999999999908e+00 -3.702999999999999847e+00 -1.198000000000000043e+01 -1.270000000000000018e-01
1.582000000000000073e+00 -4.123999999999999666e+00 -1.295800000000000018e+01 -1.670000000000000095e-01
1.983000000000000096e+00 -4.105999999999999872e+00 -1.274000000000000021e+01 -1.779999999999999916e-01
3.426000000000000156e+00 -3.150999999999999801e+00 -1.261400000000000077e+01 -1.799999999999999933e-01
3.968999999999999861e+00 -2.184000000000000163e+00 -1.427500000000000036e+01 -1.900000000000000022e-01
3.185999999999999943e+00 -2.531000000000000139e+00 -1.521100000000000030e+01 -1.960000000000000075e-01
1.780999999999999917e+00 -3.640000000000000124e+00 -1.268900000000000006e+01 -1.900000000000000022e-01
3.830000000000000071e-01 -4.166999999999999815e+00 -9.086000000000000298e+00 -1.839999999999999969e-01
-3.250000000000000111e-01 -4.027000000000000135e+00 -7.456999999999999851e+00 -1.650000000000000078e-01
-1.250000000000000000e-01 -4.474000000000000199e+00 -6.416999999999999815e+00 -1.150000000000000050e-01
-1.260000000000000009e-01 -6.979000000000000092e+00 -4.123999999999999666e+00 -7.900000000000000078e-02
-1.727000000000000091e+00 -1.127399999999999913e+01 -1.699999999999999956e+00 -1.029999999999999943e-01
-3.990000000000000213e+00 -1.450200000000000067e+01 -3.659999999999999920e-01 -1.300000000000000044e-01
-4.256000000000000227e+00 -1.398399999999999999e+01 -8.999999999999999320e-03 -8.200000000000000344e-02
-2.519000000000000128e+00 -1.072199999999999953e+01 -3.420000000000000262e-01 -2.000000000000000042e-03
-1.500999999999999890e+00 -7.908000000000000362e+00 -7.049999999999999600e-01 1.600000000000000033e-02
-1.915999999999999925e+00 -6.282000000000000028e+00 -2.599999999999999881e-02 -7.000000000000000146e-03
-2.150999999999999801e+00 -4.517999999999999794e+00 2.027000000000000135e+00 -3.000000000000000062e-03
-1.933000000000000052e+00 -3.561999999999999833e+00 4.902999999999999581e+00 7.000000000000000146e-03
-2.378000000000000114e+00 -5.437999999999999723e+00 8.199999999999999289e+00 -2.400000000000000050e-02
-3.443000000000000060e+00 -8.109999999999999432e+00 1.196299999999999919e+01 -6.900000000000000577e-02
-3.766000000000000014e+00 -7.110000000000000320e+00 1.548399999999999999e+01 -7.399999999999999634e-02
-2.580000000000000071e+00 -2.283999999999999808e+00 1.681800000000000139e+01 -4.399999999999999745e-02
-7.379999999999999893e-01 2.400999999999999801e+00 1.497600000000000087e+01 1.000000000000000021e-02
5.120000000000000107e-01 4.940000000000000391e+00 1.155700000000000038e+01 9.700000000000000289e-02
8.010000000000000453e-01 5.964000000000000412e+00 8.619999999999999218e+00 1.809999999999999942e-01
2.069999999999999896e-01 5.724999999999999645e+00 6.626000000000000334e+00 1.940000000000000058e-01
-9.320000000000000506e-01 4.535999999999999588e+00 5.684999999999999609e+00 1.449999999999999900e-01
-1.556999999999999940e+00 3.334999999999999964e+00 6.450000000000000178e+00 1.110000000000000014e-01
-8.649999999999999911e-01 2.391000000000000014e+00 8.253999999999999559e+00 1.310000000000000053e-01
3.750000000000000000e-01 1.673999999999999932e+00 8.487999999999999545e+00 1.670000000000000095e-01
6.520000000000000240e-01 1.590000000000000080e+00 5.668000000000000149e+00 1.700000000000000122e-01
-5.530000000000000471e-01 1.790000000000000036e+00 1.657000000000000028e+00 1.509999999999999953e-01
-2.472999999999999865e+00 8.739999999999999991e-01 -5.580000000000000515e-01 1.459999999999999909e-01
-3.806000000000000050e+00 -1.179999999999999938e+00 -3.099999999999999978e-01 1.409999999999999865e-01
-3.536999999999999922e+00 -1.939000000000000057e+00 9.719999999999999751e-01 1.019999999999999934e-01
-1.868999999999999995e+00 -8.000000000000000167e-02 2.337000000000000188e+00 5.299999999999999850e-02
-1.660000000000000087e-01 2.146999999999999797e+00 3.375000000000000000e+00 5.000000000000000278e-02
5.829999999999999627e-01 2.619000000000000217e+00 3.545999999999999819e+00 8.400000000000000522e-02
5.999999999999999778e-01 2.334000000000000075e+00 3.475000000000000089e+00 9.800000000000000377e-02
5.180000000000000160e-01 2.597999999999999865e+00 4.136999999999999567e+00 7.599999999999999811e-02
6.650000000000000355e-01 2.838000000000000078e+00 5.259999999999999787e+00 4.900000000000000189e-02
1.112000000000000099e+00 2.633999999999999897e+00 6.903999999999999915e+00 3.899999999999999994e-02
1.677000000000000046e+00 2.963999999999999968e+00 9.093999999999999417e+00 4.100000000000000172e-02
2.085999999999999854e+00 4.318999999999999950e+00 1.007799999999999940e+01 3.400000000000000244e-02
2.459999999999999964e+00 5.506000000000000227e+00 9.070000000000000284e+00 1.400000000000000029e-02
2.730999999999999872e+00 5.320999999999999730e+00 7.368999999999999773e+00 5.000000000000000104e-03
1.901999999999999913e+00 3.974000000000000199e+00 4.945000000000000284e+00 8.999999999999999320e-03
-1.739999999999999880e-01 2.451000000000000068e+00 1.010999999999999899e+00 -7.000000000000000146e-03
-1.451000000000000068e+00 1.733000000000000096e+00 -2.648000000000000131e+00 -4.900000000000000189e-02
-4.000000000000000222e-01 2.033999999999999808e+00 -3.963000000000000078e+00 -7.099999999999999367e-02
1.574000000000000066e+00 2.116000000000000103e+00 -4.639999999999999680e+00 -5.899999999999999689e-02
2.250000000000000000e+00 6.710000000000000409e-01 -7.198999999999999844e+00 -4.900000000000000189e-02
1.401000000000000023e+00 -1.266000000000000014e+00 -1.044999999999999929e+01 -5.899999999999999689e-02
3.190000000000000058e-01 -1.372999999999999998e+00 -1.259900000000000020e+01 -7.799999999999999989e-02
6.400000000000000133e-02 -1.920000000000000040e-01 -1.492800000000000082e+01 -1.019999999999999934e-01
5.939999999999999725e-01 -3.310000000000000164e-01 -1.812900000000000134e+01 -1.100000000000000006e-01
9.459999999999999520e-01 -9.050000000000000266e-01 -1.948000000000000043e+01 -7.799999999999999989e-02
4.430000000000000049e-01 9.330000000000000515e-01 -1.701899999999999835e+01 -3.300000000000000155e-02
-4.239999999999999880e-01 3.459999999999999964e+00 -1.306400000000000006e+01 -3.599999999999999728e-02
-6.560000000000000275e-01 2.759999999999999787e+00 -1.095400000000000063e+01 -7.799999999999999989e-02
-2.139999999999999958e-01 -6.400000000000000133e-02 -1.070500000000000007e+01 -1.039999999999999952e-01
-7.299999999999999545e-02 -8.609999999999999876e-01 -9.951999999999999957e+00 -9.800000000000000377e-02
-3.739999999999999991e-01 6.580000000000000293e-01 -7.237000000000000099e+00 -8.200000000000000344e-02
-1.409999999999999865e-01 1.719999999999999973e+00 -2.996999999999999886e+00 -6.700000000000000400e-02
7.329999999999999849e-01 1.752999999999999892e+00 1.370000000000000107e+00 -4.900000000000000189e-02
1.278999999999999915e+00 2.084000000000000075e+00 4.703000000000000291e+00 -3.300000000000000155e-02
1.241999999999999993e+00 2.605999999999999872e+00 6.498000000000000220e+00 -3.500000000000000333e-02
1.346000000000000085e+00 2.150999999999999801e+00 6.921999999999999709e+00 -5.099999999999999672e-02
1.925000000000000044e+00 9.649999999999999689e-01 6.948999999999999844e+00 -5.299999999999999850e-02
2.238999999999999879e+00 5.580000000000000515e-01 7.528999999999999915e+00 -3.599999999999999728e-02
1.612999999999999989e+00 1.233999999999999986e+00 8.423999999999999488e+00 -2.199999999999999872e-02
7.389999999999999902e-01 2.009999999999999787e+00 8.455000000000000071e+00 -1.299999999999999940e-02
5.689999999999999503e-01 2.523000000000000131e+00 6.841000000000000192e+00 2.000000000000000042e-03
7.840000000000000302e-01 2.681999999999999940e+00 4.254999999999999893e+00 1.600000000000000033e-02
5.779999999999999583e-01 2.055000000000000160e+00 2.060000000000000053e+00 2.299999999999999961e-02
-1.990000000000000102e-01 9.509999999999999565e-01 4.610000000000000209e-01 4.000000000000000083e-02
-9.849999999999999867e-01 8.000000000000000167e-03 -1.231999999999999984e+00 7.299999999999999545e-02
-1.336000000000000076e+00 -9.939999999999999947e-01 -2.427000000000000046e+00 9.299999999999999933e-02
-1.701999999999999957e+00 -2.091000000000000192e+00 -1.241000000000000103e+00 8.000000000000000167e-02
-2.266999999999999904e+00 -2.287999999999999812e+00 2.619000000000000217e+00 6.099999999999999867e-02
-2.112000000000000099e+00 -1.070000000000000062e+00 6.668000000000000149e+00 6.800000000000000488e-02
-9.320000000000000506e-01 8.010000000000000453e-01 8.342999999999999972e+00 9.199999999999999845e-02
-2.000000000000000042e-03 2.013999999999999790e+00 7.769000000000000128e+00 1.089999999999999997e-01
-7.109999999999999654e-01 1.419999999999999929e+00 7.000000000000000000e+00 1.069999999999999979e-01
-2.766999999999999904e+00 -5.020000000000000018e-01 7.067999999999999616e+00 8.100000000000000255e-02
-4.145999999999999908e+00 -1.544999999999999929e+00 6.825999999999999623e+00 3.200000000000000067e-02
-3.463999999999999968e+00 -8.810000000000000053e-01 5.184999999999999609e+00 -1.899999999999999953e-02
-1.887000000000000011e+00 -3.629999999999999893e-01 2.779999999999999805e+00 -3.099999999999999978e-02
-1.383999999999999897e+00 -1.304999999999999938e+00 4.670000000000000262e-01 -4.000000000000000083e-03
-1.850000000000000089e+00 -2.343999999999999861e+00 -1.542999999999999927e+00 2.299999999999999961e-02
-1.574000000000000066e+00 -1.981000000000000094e+00 -2.645000000000000018e+00 2.900000000000000147e-02
-8.100000000000000255e-02 -9.529999999999999583e-01 -1.989000000000000101e+00 1.899999999999999953e-02
1.020000000000000018e+00 -6.310000000000000053e-01 1.710000000000000131e-01 -1.499999999999999944e-02
2.829999999999999738e-01 -8.589999999999999858e-01 2.059000000000000163e+00 -6.600000000000000311e-02
-1.328999999999999959e+00 -7.359999999999999876e-01 1.860999999999999988e+00 -9.299999999999999933e-02
-1.350000000000000089e+00 -2.819999999999999729e-01 -2.720000000000000195e-01 -6.700000000000000400e-02
7.840000000000000302e-01 3.890000000000000124e-01 -2.745999999999999996e+00 -1.600000000000000033e-02
2.580000000000000071e+00 1.997999999999999998e+00 -4.716000000000000192e+00 2.299999999999999961e-02
2.060999999999999943e+00 3.906000000000000139e+00 -6.229000000000000092e+00 4.299999999999999656e-02
5.140000000000000124e-01 3.782999999999999918e+00 -7.168000000000000149e+00 5.500000000000000028e-02
-1.610000000000000042e-01 1.735999999999999988e+00 -7.692000000000000171e+00 5.800000000000000294e-02
-1.700000000000000122e-01 4.570000000000000173e-01 -8.423999999999999488e+00 4.100000000000000172e-02
-7.699999999999999900e-02 1.690000000000000113e-01 -9.134999999999999787e+00 8.000000000000000167e-03
4.590000000000000191e-01 -8.399999999999999689e-01 -8.935000000000000497e+00 -3.200000000000000067e-02
1.018999999999999906e+00 -1.637999999999999901e+00 -7.871999999999999886e+00 -6.600000000000000311e-02
7.439999999999999947e-01 -8.820000000000000062e-01 -6.365999999999999659e+00 -8.799999999999999489e-02
1.459999999999999909e-01 -6.770000000000000462e-01 -4.346000000000000085e+00 -1.029999999999999943e-01
-3.400000000000000244e-02 -3.112000000000000099e+00 -2.283999999999999808e+00 -1.160000000000000059e-01
-1.769999999999999907e-01 -6.383000000000000007e+00 -7.870000000000000329e-01 -1.209999999999999964e-01
-4.650000000000000244e-01 -7.493000000000000327e+00 4.929999999999999938e-01 -1.110000000000000014e-01
-3.220000000000000084e-01 -6.006000000000000227e+00 1.645999999999999908e+00 -8.799999999999999489e-02
3.669999999999999929e-01 -3.388999999999999790e+00 2.027000000000000135e+00 -7.599999999999999811e-02
9.200000000000000400e-01 -1.227999999999999980e+00 1.548000000000000043e+00 -9.500000000000000111e-02
1.084000000000000075e+00 -8.669999999999999929e-01 7.389999999999999902e-01 -1.300000000000000044e-01
1.798000000000000043e+00 -2.357000000000000206e+00 -5.000000000000000278e-02 -1.690000000000000113e-01
3.539000000000000146e+00 -4.107000000000000206e+00 -8.429999999999999716e-01 -2.290000000000000091e-01
4.817999999999999616e+00 -5.092999999999999972e+00 -1.848999999999999977e+00 -3.049999999999999933e-01
4.081000000000000405e+00 -5.756000000000000227e+00 -3.067000000000000171e+00 -3.300000000000000155e-01
2.068999999999999950e+00 -6.035999999999999588e+00 -4.110000000000000320e+00 -2.670000000000000151e-01
7.500000000000000000e-01 -5.040000000000000036e+00 -4.690000000000000391e+00 -1.660000000000000087e-01
5.030000000000000027e-01 -3.119000000000000217e+00 -5.048000000000000043e+00 -7.900000000000000078e-02
-8.000000000000000167e-02 -2.146999999999999797e+00 -5.203999999999999737e+00 4.000000000000000083e-03
-1.731999999999999984e+00 -3.209000000000000075e+00 -4.230000000000000426e+00 9.800000000000000377e-02
-3.507000000000000117e+00 -4.809999999999999609e+00 -1.981999999999999984e+00 1.859999999999999987e-01
-4.152999999999999581e+00 -4.647999999999999687e+00 -3.519999999999999796e-01 2.550000000000000044e-01
-3.391000000000000014e+00 -3.084000000000000075e+00 -3.500000000000000333e-02 2.989999999999999880e-01
-2.032999999999999918e+00 -2.230999999999999872e+00 1.375000000000000000e+00 3.069999999999999951e-01
-1.167000000000000037e+00 -2.342000000000000082e+00 5.128000000000000114e+00 2.770000000000000240e-01
-1.094000000000000083e+00 -2.350999999999999979e+00 8.792999999999999261e+00 2.369999999999999885e-01
-1.147999999999999909e+00 -2.069999999999999840e+00 9.823000000000000398e+00 2.179999999999999993e-01
-6.650000000000000355e-01 -1.534999999999999920e+00 8.185000000000000497e+00 2.119999999999999940e-01
2.159999999999999976e-01 -4.889999999999999902e-01 5.447000000000000064e+00 1.880000000000000004e-01
7.359999999999999876e-01 7.890000000000000346e-01 3.463000000000000078e+00 1.489999999999999936e-01
8.799999999999999489e-02 1.872000000000000108e+00 2.975999999999999979e+00 1.280000000000000027e-01
-1.681000000000000050e+00 2.825000000000000178e+00 3.464999999999999858e+00 1.429999999999999882e-01
-3.104000000000000092e+00 3.600000000000000089e+00 4.466000000000000192e+00 1.650000000000000078e-01
-2.895999999999999908e+00 3.790000000000000036e+00 5.237000000000000099e+00 1.529999999999999971e-01
-1.967000000000000082e+00 3.690999999999999837e+00 5.052999999999999936e+00 1.229999999999999982e-01
-2.025999999999999801e+00 4.432999999999999829e+00 5.051000000000000156e+00 1.330000000000000071e-01
-2.790000000000000036e+00 6.092999999999999972e+00 6.054999999999999716e+00 1.880000000000000004e-01
-2.736000000000000210e+00 7.165000000000000036e+00 6.155999999999999694e+00 2.179999999999999993e-01
-1.524999999999999911e+00 6.641000000000000014e+00 4.395999999999999908e+00 1.789999999999999925e-01
-2.059999999999999887e-01 5.075000000000000178e+00 2.806999999999999940e+00 1.179999999999999938e-01
-1.600000000000000033e-02 3.753000000000000114e+00 2.536000000000000032e+00 8.500000000000000611e-02
-7.399999999999999911e-01 3.871999999999999886e+00 2.988999999999999879e+00 6.400000000000000133e-02
-4.769999999999999796e-01 5.423000000000000043e+00 4.274000000000000021e+00 2.000000000000000042e-02
1.512000000000000011e+00 6.931000000000000050e+00 6.266000000000000014e+00 -3.200000000000000067e-02
3.365000000000000213e+00 7.334999999999999964e+00 7.583000000000000185e+00 -7.900000000000000078e-02
3.275999999999999801e+00 6.940999999999999837e+00 7.307999999999999829e+00 -1.310000000000000053e-01
1.883999999999999897e+00 6.331999999999999851e+00 5.902000000000000135e+00 -1.749999999999999889e-01
1.372000000000000108e+00 6.084999999999999964e+00 4.921000000000000263e+00 -1.739999999999999880e-01
2.608999999999999986e+00 6.724000000000000199e+00 5.677999999999999936e+00 -1.380000000000000115e-01
4.014000000000000234e+00 7.682999999999999829e+00 7.270999999999999908e+00 -1.189999999999999947e-01
4.259000000000000341e+00 8.003999999999999559e+00 8.398999999999999133e+00 -1.340000000000000080e-01
4.461999999999999744e+00 7.711999999999999744e+00 1.052599999999999980e+01 -1.529999999999999971e-01
5.759000000000000341e+00 6.743000000000000327e+00 1.443399999999999928e+01 -1.539999999999999980e-01
6.953999999999999737e+00 5.112000000000000099e+00 1.621399999999999864e+01 -1.459999999999999909e-01
6.549999999999999822e+00 4.567999999999999616e+00 1.251399999999999935e+01 -1.270000000000000018e-01
5.041999999999999815e+00 6.038000000000000256e+00 5.860999999999999766e+00 -8.599999999999999312e-02
3.994000000000000217e+00 7.200999999999999623e+00 1.479999999999999927e-01 -4.399999999999999745e-02
4.046000000000000263e+00 6.134000000000000341e+00 -4.267000000000000348e+00 -4.000000000000000083e-02
4.413000000000000256e+00 4.288000000000000256e+00 -7.929999999999999716e+00 -5.899999999999999689e-02
3.980999999999999872e+00 3.519000000000000128e+00 -1.029599999999999937e+01 -4.599999999999999922e-02
2.573999999999999844e+00 3.001999999999999780e+00 -1.181700000000000017e+01 -3.000000000000000062e-03
1.028000000000000025e+00 1.229999999999999982e+00 -1.327100000000000080e+01 6.000000000000000125e-03
5.500000000000000028e-02 -1.254999999999999893e+00 -1.423099999999999987e+01 -2.999999999999999889e-02
-3.519999999999999796e-01 -3.379999999999999893e+00 -1.497199999999999953e+01 -5.000000000000000278e-02
-5.230000000000000204e-01 -5.121000000000000441e+00 -1.674099999999999966e+01 -3.300000000000000155e-02
-1.151000000000000023e+00 -6.594999999999999751e+00 -1.960500000000000043e+01 -2.699999999999999969e-02
-2.431999999999999940e+00 -8.269000000000000128e+00 -2.216000000000000014e+01 -6.199999999999999956e-02
-2.767999999999999794e+00 -1.086999999999999922e+01 -2.303099999999999881e+01 -9.600000000000000200e-02
-1.379000000000000004e+00 -1.325300000000000011e+01 -2.262600000000000122e+01 -8.200000000000000344e-02
-4.510000000000000120e-01 -1.284999999999999964e+01 -2.219900000000000162e+01 -4.900000000000000189e-02
-1.183999999999999941e+00 -9.820999999999999730e+00 -2.099699999999999989e+01 -4.100000000000000172e-02
-1.856000000000000094e+00 -7.875000000000000000e+00 -1.777700000000000102e+01 -4.399999999999999745e-02
-1.905999999999999917e+00 -8.634999999999999787e+00 -1.390799999999999947e+01 -3.300000000000000155e-02
-2.786999999999999922e+00 -8.858000000000000540e+00 -1.086700000000000088e+01 -3.200000000000000067e-02
-4.434000000000000163e+00 -6.642000000000000348e+00 -7.017000000000000348e+00 -6.300000000000000044e-02
-5.386999999999999567e+00 -5.328999999999999737e+00 -6.149999999999999911e-01 -1.019999999999999934e-01
-5.546000000000000263e+00 -7.184999999999999609e+00 5.961000000000000298e+00 -1.229999999999999982e-01
-5.373000000000000220e+00 -9.016000000000000014e+00 8.647999999999999687e+00 -1.340000000000000080e-01
-4.216999999999999638e+00 -7.974000000000000199e+00 7.165000000000000036e+00 -1.320000000000000062e-01
-2.065999999999999837e+00 -6.165000000000000036e+00 4.347999999999999865e+00 -1.079999999999999988e-01
-7.049999999999999600e-01 -6.134999999999999787e+00 1.794999999999999929e+00 -8.400000000000000522e-02
-1.072000000000000064e+00 -6.357999999999999652e+00 1.320000000000000062e-01 -8.500000000000000611e-02
-1.790000000000000036e+00 -4.445999999999999730e+00 2.790000000000000258e-01 -8.300000000000000433e-02
-1.673000000000000043e+00 -1.713999999999999968e+00 9.839999999999999858e-01 -2.800000000000000058e-02
-1.036000000000000032e+00 -1.018999999999999906e+00 -2.049999999999999878e-01 6.400000000000000133e-02
-2.359999999999999876e-01 -1.786999999999999922e+00 -2.069999999999999840e+00 1.270000000000000018e-01
3.290000000000000147e-01 -1.163999999999999924e+00 -1.245000000000000107e+00 1.439999999999999891e-01
-1.680000000000000104e-01 9.439999999999999503e-01 1.237999999999999989e+00 1.580000000000000016e-01
-1.625999999999999890e+00 1.872000000000000108e+00 1.990000000000000102e-01 1.849999999999999978e-01
-3.160000000000000142e+00 1.899999999999999953e-02 -5.307000000000000384e+00 1.719999999999999862e-01
-4.623999999999999666e+00 -3.817000000000000171e+00 -8.933999999999999275e+00 8.599999999999999312e-02
-5.769999999999999574e+00 -6.979000000000000092e+00 -6.333999999999999631e+00 -2.900000000000000147e-02
-5.166000000000000369e+00 -6.605000000000000426e+00 -1.286999999999999922e+00 -1.140000000000000041e-01
-2.891999999999999904e+00 -3.366999999999999993e+00 1.858000000000000096e+00 -1.710000000000000131e-01
-2.455999999999999961e+00 -1.893000000000000016e+00 4.137999999999999901e+00 -2.139999999999999958e-01
-5.883000000000000007e+00 -4.850999999999999979e+00 7.299999999999999822e+00 -2.079999999999999905e-01
-9.400000000000000355e+00 -9.067999999999999616e+00 1.087400000000000055e+01 -1.239999999999999991e-01
-8.601000000000000867e+00 -9.755000000000000782e+00 1.483000000000000007e+01 -1.700000000000000122e-02
-4.610000000000000320e+00 -6.368000000000000327e+00 1.914099999999999824e+01 3.699999999999999817e-02
-1.254999999999999893e+00 -2.408999999999999808e+00 2.210699999999999932e+01 4.900000000000000189e-02
5.150000000000000133e-01 -7.520000000000000018e-01 2.262900000000000134e+01 7.799999999999999989e-02
2.165000000000000036e+00 -1.016000000000000014e+00 2.175700000000000145e+01 1.390000000000000124e-01
3.794999999999999929e+00 -1.360999999999999988e+00 2.086799999999999855e+01 2.109999999999999931e-01
4.083000000000000185e+00 -9.709999999999999742e-01 1.986499999999999844e+01 2.600000000000000089e-01
3.463999999999999968e+00 2.489999999999999991e-01 1.783999999999999986e+01 2.540000000000000036e-01
4.019000000000000128e+00 2.612000000000000099e+00 1.495899999999999963e+01 2.119999999999999940e-01
5.850999999999999979e+00 5.644000000000000128e+00 1.195599999999999952e+01 1.900000000000000022e-01
7.166999999999999815e+00 7.548000000000000043e+00 8.730999999999999872e+00 1.970000000000000084e-01
7.714000000000000412e+00 7.322000000000000064e+00 5.482000000000000206e+00 1.789999999999999925e-01
8.221999999999999531e+00 6.597000000000000419e+00 3.060999999999999943e+00 1.100000000000000006e-01
7.751999999999999780e+00 7.419999999999999929e+00 1.102999999999999980e+00 4.499999999999999833e-02
5.317999999999999616e+00 8.679999999999999716e+00 -1.667999999999999927e+00 5.299999999999999850e-02
2.612000000000000099e+00 8.147000000000000242e+00 -5.237000000000000099e+00 1.150000000000000050e-01
2.128000000000000114e+00 6.961999999999999744e+00 -8.205999999999999517e+00 1.519999999999999962e-01
3.108999999999999986e+00 7.466999999999999638e+00 -9.314000000000000057e+00 1.409999999999999865e-01
2.103000000000000203e+00 8.726000000000000867e+00 -8.724999999999999645e+00 1.320000000000000062e-01
-1.451999999999999957e+00 8.364000000000000767e+00 -8.240000000000000213e+00 1.459999999999999909e-01
-3.682999999999999829e+00 6.684999999999999609e+00 -8.736000000000000654e+00 1.380000000000000115e-01
-2.228000000000000203e+00 6.030000000000000249e+00 -8.070000000000000284e+00 8.000000000000000167e-02
5.350000000000000311e-01 7.152999999999999581e+00 -4.732000000000000206e+00 2.500000000000000139e-02
1.828000000000000069e+00 8.573999999999999844e+00 -1.457999999999999963e+00 3.799999999999999906e-02
1.780999999999999917e+00 9.407000000000000028e+00 -1.167999999999999927e+00 8.799999999999999489e-02
1.572999999999999954e+00 1.035899999999999999e+01 -2.150999999999999801e+00 7.900000000000000078e-02
1.780999999999999917e+00 1.147799999999999976e+01 -1.157999999999999918e+00 -2.800000000000000058e-02
2.612999999999999989e+00 1.171100000000000030e+01 1.395000000000000018e+00 -1.469999999999999918e-01
3.660000000000000142e+00 1.107600000000000051e+01 2.803999999999999826e+00 -1.769999999999999907e-01
4.116999999999999993e+00 1.068099999999999916e+01 2.537999999999999812e+00 -1.380000000000000115e-01
4.153999999999999915e+00 1.075300000000000011e+01 2.056999999999999940e+00 -1.199999999999999956e-01
4.493999999999999773e+00 1.047499999999999964e+01 1.733000000000000096e+00 -1.330000000000000071e-01
4.368999999999999773e+00 9.445999999999999730e+00 9.899999999999999911e-01 -9.099999999999999756e-02
2.516999999999999904e+00 8.173000000000000043e+00 1.610000000000000042e-01 1.700000000000000122e-02
9.400000000000000022e-02 6.796000000000000263e+00 -2.479999999999999982e-01 9.400000000000000022e-02
-6.270000000000000018e-01 4.868999999999999773e+00 -7.259999999999999787e-01 9.700000000000000289e-02
2.270000000000000073e-01 3.455000000000000071e+00 -1.752000000000000002e+00 1.039999999999999952e-01
8.120000000000000551e-01 4.669999999999999929e+00 -3.165000000000000036e+00 1.529999999999999971e-01
5.779999999999999583e-01 7.554000000000000270e+00 -4.480999999999999872e+00 1.680000000000000104e-01
2.469999999999999973e-01 8.217000000000000526e+00 -4.716999999999999638e+00 1.019999999999999934e-01
-3.930000000000000160e-01 5.793999999999999595e+00 -3.662999999999999812e+00 1.000000000000000021e-03
-2.145999999999999908e+00 3.722999999999999865e+00 -3.104000000000000092e+00 -1.250000000000000000e-01
-3.793000000000000149e+00 3.942000000000000171e+00 -4.107000000000000206e+00 -3.750000000000000000e-01
-3.037999999999999812e+00 4.379999999999999893e+00 -4.886000000000000121e+00 -7.590000000000000080e-01
-6.019999999999999796e-01 2.990000000000000213e+00 -3.863999999999999879e+00 -1.024000000000000021e+00
2.889999999999999791e-01 6.870000000000000551e-01 -2.341000000000000192e+00 -9.419999999999999485e-01
-1.268000000000000016e+00 -8.229999999999999538e-01 -1.953999999999999959e+00 -6.560000000000000275e-01
-3.069999999999999840e+00 -1.532999999999999918e+00 -1.852999999999999980e+00 -4.470000000000000084e-01
-3.657000000000000028e+00 -2.200000000000000178e+00 -9.240000000000000435e-01 -3.370000000000000218e-01
-3.564999999999999947e+00 -2.930000000000000160e+00 -6.380000000000000115e-01 -1.710000000000000131e-01
-2.971999999999999975e+00 -3.383999999999999897e+00 -2.476999999999999869e+00 6.900000000000000577e-02
-1.766000000000000014e+00 -3.468999999999999861e+00 -4.950000000000000178e+00 2.510000000000000009e-01
-1.310999999999999943e+00 -3.862000000000000099e+00 -6.035000000000000142e+00 3.069999999999999951e-01
-2.263999999999999790e+00 -5.600999999999999979e+00 -5.721000000000000085e+00 3.330000000000000182e-01
-3.016999999999999904e+00 -8.846999999999999531e+00 -4.783999999999999808e+00 4.410000000000000031e-01
-3.100999999999999979e+00 -1.197899999999999920e+01 -4.217999999999999972e+00 5.709999999999999520e-01
-3.935000000000000053e+00 -1.273600000000000065e+01 -5.139000000000000234e+00 5.709999999999999520e-01
-5.576999999999999957e+00 -1.163199999999999967e+01 -7.040000000000000036e+00 4.259999999999999898e-01
-6.895999999999999908e+00 -1.208000000000000007e+01 -8.291999999999999815e+00 2.889999999999999791e-01
-7.866999999999999993e+00 -1.536500000000000021e+01 -8.317000000000000171e+00 2.819999999999999729e-01
-9.333000000000000185e+00 -1.894600000000000151e+01 -7.410999999999999588e+00 3.709999999999999964e-01
-1.129400000000000048e+01 -2.065800000000000125e+01 -6.275000000000000355e+00 4.689999999999999725e-01
-1.206000000000000050e+01 -2.097200000000000131e+01 -5.854000000000000092e+00 5.629999999999999449e-01
-9.887000000000000455e+00 -2.121600000000000108e+01 -6.160000000000000142e+00 6.620000000000000329e-01
-5.778999999999999915e+00 -2.211199999999999832e+01 -6.706000000000000405e+00 7.009999999999999565e-01
-2.556999999999999940e+00 -2.332700000000000173e+01 -7.628999999999999559e+00 6.039999999999999813e-01
-9.749999999999999778e-01 -2.365899999999999892e+01 -8.532000000000000028e+00 3.719999999999999973e-01
5.390000000000000346e-01 -2.239699999999999847e+01 -7.915000000000000036e+00 5.000000000000000278e-02
2.903999999999999915e+00 -2.014000000000000057e+01 -5.153999999999999915e+00 -2.790000000000000258e-01
5.429000000000000270e+00 -1.825199999999999889e+01 -1.711000000000000076e+00 -4.849999999999999867e-01
6.788999999999999702e+00 -1.755699999999999861e+01 3.900000000000000133e-01 -5.260000000000000231e-01
6.333999999999999631e+00 -1.691799999999999926e+01 8.060000000000000497e-01 -5.170000000000000151e-01
5.450999999999999623e+00 -1.455700000000000038e+01 1.000999999999999890e+00 -5.639999999999999458e-01
6.362000000000000099e+00 -1.123000000000000043e+01 2.012999999999999901e+00 -6.490000000000000213e-01
8.875000000000000000e+00 -8.708999999999999631e+00 3.392999999999999794e+00 -7.139999999999999680e-01
1.043500000000000050e+01 -6.168999999999999595e+00 4.833999999999999631e+00 -7.570000000000000062e-01
9.569000000000000838e+00 -2.216000000000000192e+00 6.825000000000000178e+00 -7.790000000000000258e-01
7.713000000000000078e+00 2.455000000000000071e+00 9.055999999999999162e+00 -7.319999999999999840e-01
7.730999999999999872e+00 7.121999999999999886e+00 1.028500000000000014e+01 -5.769999999999999574e-01
1.022100000000000009e+01 1.201699999999999946e+01 1.031700000000000017e+01 -3.669999999999999929e-01
1.156099999999999994e+01 1.717099999999999937e+01 1.044500000000000028e+01 -1.970000000000000084e-01
8.612999999999999545e+00 2.203200000000000003e+01 1.149099999999999966e+01 -1.029999999999999943e-01
4.854000000000000092e+00 2.442399999999999949e+01 1.294400000000000084e+01 -5.099999999999999672e-02
6.325000000000000178e+00 2.202899999999999991e+01 1.384399999999999942e+01 -8.000000000000000167e-03
1.110100000000000087e+01 1.682100000000000151e+01 1.331799999999999962e+01 4.299999999999999656e-02
1.044999999999999929e+01 1.303400000000000070e+01 1.131300000000000061e+01 1.140000000000000041e-01
1.879000000000000004e+00 1.102200000000000024e+01 8.775999999999999801e+00 1.779999999999999916e-01
-7.950000000000000178e+00 9.080000000000000071e+00 6.334999999999999964e+00 1.970000000000000084e-01
-1.369400000000000084e+01 8.249000000000000554e+00 4.588000000000000078e+00 1.990000000000000102e-01
-1.614099999999999824e+01 9.630000000000000782e+00 4.804000000000000270e+00 2.389999999999999902e-01
-1.818199999999999861e+01 1.094800000000000040e+01 6.868999999999999773e+00 3.049999999999999933e-01
-2.183200000000000074e+01 9.885999999999999233e+00 8.744999999999999218e+00 3.449999999999999734e-01
-2.643499999999999872e+01 6.785000000000000142e+00 9.285000000000000142e+00 3.499999999999999778e-01
-2.827899999999999991e+01 2.177000000000000046e+00 9.308999999999999275e+00 3.689999999999999947e-01
-2.471799999999999997e+01 -3.496999999999999886e+00 9.827999999999999403e+00 4.269999999999999907e-01
-1.727299999999999969e+01 -7.496000000000000441e+00 1.057699999999999996e+01 4.699999999999999734e-01
-9.464000000000000412e+00 -6.985000000000000320e+00 1.002899999999999991e+01 4.460000000000000075e-01
-3.673999999999999932e+00 -2.923000000000000043e+00 6.790000000000000036e+00 4.079999999999999738e-01
1.130000000000000032e-01 1.167000000000000037e+00 1.675999999999999934e+00 4.139999999999999791e-01
3.963000000000000078e+00 3.177000000000000046e+00 -2.561999999999999833e+00 3.970000000000000195e-01
9.371999999999999886e+00 4.004999999999999893e+00 -4.618000000000000327e+00 2.620000000000000107e-01
1.447499999999999964e+01 5.301000000000000156e+00 -6.317999999999999616e+00 4.000000000000000083e-02
1.604799999999999827e+01 6.535000000000000142e+00 -9.855999999999999872e+00 -1.640000000000000069e-01
1.386200000000000010e+01 6.937000000000000277e+00 -1.445700000000000074e+01 -2.979999999999999871e-01
1.074699999999999989e+01 8.541999999999999815e+00 -1.730999999999999872e+01 -3.810000000000000053e-01
9.914999999999999147e+00 1.239499999999999957e+01 -1.733500000000000085e+01 -4.390000000000000013e-01
1.376200000000000045e+01 1.505599999999999916e+01 -1.597400000000000020e+01 -4.689999999999999725e-01
2.211400000000000077e+01 1.381499999999999950e+01 -1.469400000000000084e+01 -4.329999999999999960e-01
2.863800000000000168e+01 1.056499999999999950e+01 -1.384200000000000053e+01 -3.180000000000000049e-01
2.421600000000000108e+01 7.682000000000000384e+00 -1.368099999999999916e+01 -2.069999999999999896e-01
9.749000000000000554e+00 5.807000000000000384e+00 -1.462500000000000000e+01 -2.089999999999999913e-01
-1.679999999999999938e+00 5.833000000000000185e+00 -1.569699999999999918e+01 -2.999999999999999889e-01
-1.207000000000000073e+00 7.692000000000000171e+00 -1.449499999999999922e+01 -3.689999999999999947e-01
6.395999999999999908e+00 8.855000000000000426e+00 -9.816000000000000725e+00 -3.699999999999999956e-01
1.231600000000000072e+01 7.543999999999999595e+00 -3.141999999999999904e+00 -3.290000000000000147e-01
1.230100000000000016e+01 5.198999999999999844e+00 2.616000000000000103e+00 -2.479999999999999982e-01
6.150999999999999801e+00 4.152000000000000135e+00 5.894999999999999574e+00 -1.039999999999999952e-01
-1.044000000000000039e+00 4.905999999999999694e+00 8.041999999999999815e+00 1.010000000000000064e-01
1.802999999999999936e+00 6.802999999999999936e+00 1.044699999999999918e+01 3.220000000000000084e-01
2.136199999999999832e+01 9.474000000000000199e+00 1.170899999999999963e+01 5.060000000000000053e-01
4.551299999999999812e+01 1.219500000000000028e+01 1.047799999999999976e+01 6.189999999999999947e-01
4.971399999999999864e+01 1.360299999999999976e+01 8.268000000000000682e+00 6.490000000000000213e-01
2.789399999999999835e+01 1.335800000000000054e+01 7.141000000000000014e+00 6.089999999999999858e-01
3.314999999999999947e+00 1.263199999999999967e+01 7.355000000000000426e+00 5.140000000000000124e-01
-5.046999999999999709e+00 1.207000000000000028e+01 8.538999999999999702e+00 3.519999999999999796e-01
-6.030000000000000249e+00 9.996999999999999886e+00 1.048199999999999932e+01 1.130000000000000032e-01
-1.248900000000000077e+01 4.200999999999999623e+00 1.188100000000000023e+01 -1.059999999999999970e-01
-1.943799999999999883e+01 -3.879999999999999893e+00 1.115600000000000058e+01 -1.290000000000000036e-01
-1.875300000000000011e+01 -9.397000000000000242e+00 8.855999999999999872e+00 5.299999999999999850e-02
-1.449399999999999977e+01 -1.037800000000000011e+01 6.645999999999999908e+00 2.139999999999999958e-01
-1.416699999999999982e+01 -1.037500000000000000e+01 4.834999999999999964e+00 1.829999999999999960e-01
-1.783599999999999852e+01 -1.247799999999999976e+01 2.907000000000000028e+00 3.500000000000000333e-02
-2.090200000000000102e+01 -1.494200000000000017e+01 1.153999999999999915e+00 -1.059999999999999970e-01
-2.077400000000000091e+01 -1.555000000000000071e+01 5.000000000000000278e-02 -2.280000000000000082e-01
-1.822899999999999920e+01 -1.544400000000000084e+01 -1.249000000000000110e+00 -3.430000000000000271e-01
-1.509900000000000020e+01 -1.581799999999999962e+01 -3.495000000000000107e+00 -4.420000000000000040e-01
-1.350699999999999967e+01 -1.603900000000000148e+01 -5.291999999999999815e+00 -5.500000000000000444e-01
-1.689000000000000057e+01 -1.719099999999999895e+01 -5.381999999999999673e+00 -6.710000000000000409e-01
-2.703300000000000125e+01 -2.190599999999999881e+01 -4.796000000000000263e+00 -7.399999999999999911e-01
-3.862800000000000011e+01 -2.882700000000000173e+01 -4.511999999999999567e+00 -7.439999999999999947e-01
-4.189999999999999858e+01 -3.223400000000000176e+01 -4.400000000000000355e+00 -7.630000000000000115e-01
-3.337899999999999778e+01 -2.874299999999999855e+01 -5.038999999999999702e+00 -7.830000000000000293e-01
-1.993599999999999994e+01 -2.098499999999999943e+01 -6.814000000000000057e+00 -7.229999999999999760e-01
-1.001099999999999923e+01 -1.357699999999999996e+01 -7.956999999999999851e+00 -6.550000000000000266e-01
-5.527000000000000135e+00 -8.298000000000000043e+00 -6.644999999999999574e+00 -6.209999999999999964e-01
-3.927999999999999936e+00 -4.536999999999999922e+00 -4.035000000000000142e+00 -3.910000000000000142e-01
-2.668000000000000149e+00 -1.641999999999999904e+00 -2.563000000000000167e+00 1.749999999999999889e-01
-6.870000000000000551e-01 1.014000000000000012e+00 -2.267999999999999794e+00 7.990000000000000435e-01
3.579999999999999849e-01 3.791999999999999815e+00 -1.695999999999999952e+00 1.163000000000000034e+00
-1.993000000000000105e+00 5.786999999999999922e+00 -1.070999999999999952e+00 1.276999999999999913e+00
-5.440000000000000391e+00 5.631999999999999673e+00 -1.491000000000000103e+00 1.250999999999999890e+00
-4.641000000000000014e+00 2.861000000000000210e+00 -2.416999999999999815e+00 1.030000000000000027e+00
1.130000000000000032e-01 -1.304999999999999938e+00 -2.116000000000000103e+00 5.470000000000000417e-01
2.950000000000000178e+00 -4.078999999999999737e+00 1.150000000000000050e-01 -1.799999999999999864e-02
1.719000000000000083e+00 -3.704000000000000181e+00 2.903999999999999915e+00 -3.210000000000000075e-01
4.219999999999999862e-01 -1.276999999999999913e+00 4.847000000000000419e+00 -1.920000000000000040e-01
2.301000000000000156e+00 1.665000000000000036e+00 6.701999999999999957e+00 2.429999999999999938e-01
7.155999999999999694e+00 5.290000000000000036e+00 9.159000000000000696e+00 6.979999999999999538e-01
1.549200000000000088e+01 1.025300000000000011e+01 1.091699999999999982e+01 9.889999999999999902e-01
2.830499999999999972e+01 1.592800000000000082e+01 1.160999999999999943e+01 1.245000000000000107e+00
4.179299999999999926e+01 1.947899999999999920e+01 1.249099999999999966e+01 1.689999999999999947e+00
4.772899999999999920e+01 1.739099999999999824e+01 1.228599999999999959e+01 2.208000000000000185e+00
4.123299999999999699e+01 1.012599999999999945e+01 7.905000000000000249e+00 2.423999999999999932e+00
2.668900000000000006e+01 3.111000000000000210e+00 8.549999999999999822e-01 2.210999999999999854e+00
1.386899999999999977e+01 7.580000000000000071e-01 -3.043000000000000149e+00 1.830999999999999961e+00
6.714999999999999858e+00 1.864000000000000101e+00 -1.866000000000000103e+00 1.508000000000000007e+00
-1.170000000000000068e-01 2.410000000000000142e+00 -4.000000000000000083e-03 1.141000000000000014e+00
-1.004299999999999926e+01 8.810000000000000053e-01 -8.100000000000000533e-01 5.580000000000000515e-01
-1.753900000000000148e+01 -1.183999999999999941e+00 -2.331999999999999851e+00 -2.119999999999999940e-01
-1.776899999999999835e+01 -2.549999999999999822e+00 -2.108000000000000096e+00 -1.068999999999999950e+00
-1.336500000000000021e+01 -3.246999999999999886e+00 -1.207999999999999963e+00 -1.939999999999999947e+00
-6.935999999999999943e+00 -3.341000000000000192e+00 -2.080999999999999961e+00 -2.682999999999999829e+00
1.042999999999999927e+00 -3.173999999999999932e+00 -5.161999999999999922e+00 -3.124000000000000110e+00
4.990000000000000213e+00 -3.508999999999999897e+00 -8.073000000000000398e+00 -3.233999999999999986e+00
-3.639999999999999902e-01 -4.128000000000000114e+00 -8.305999999999999162e+00 -3.096000000000000085e+00
-8.778000000000000469e+00 -3.680000000000000160e+00 -6.591999999999999638e+00 -2.728000000000000203e+00
-1.209200000000000053e+01 -2.254000000000000004e+00 -5.866999999999999993e+00 -2.075000000000000178e+00
-1.434999999999999964e+01 -2.093999999999999861e+00 -7.764000000000000234e+00 -1.068999999999999950e+00
-2.057999999999999829e+01 -3.307999999999999829e+00 -1.139100000000000001e+01 3.079999999999999960e-01
-2.258299999999999841e+01 -2.138999999999999790e+00 -1.372300000000000075e+01 1.737000000000000099e+00
-1.172899999999999920e+01 3.024999999999999911e+00 -1.208200000000000074e+01 2.557999999999999829e+00
6.269999999999999574e+00 8.375999999999999446e+00 -7.995000000000000107e+00 2.487999999999999989e+00
2.083800000000000097e+01 1.056199999999999939e+01 -4.985000000000000320e+00 2.012999999999999901e+00
2.805399999999999849e+01 1.077699999999999925e+01 -2.882000000000000117e+00 1.669999999999999929e+00
2.715599999999999881e+01 1.093800000000000061e+01 6.800000000000000488e-02 1.364000000000000101e+00
1.793799999999999883e+01 1.035399999999999920e+01 2.556000000000000050e+00 6.590000000000000302e-01
3.656000000000000139e+00 7.291999999999999815e+00 2.894000000000000128e+00 -6.089999999999999858e-01
-1.184600000000000009e+01 1.671000000000000041e+00 1.999000000000000110e+00 -2.181000000000000050e+00
-2.853699999999999903e+01 -4.064000000000000057e+00 1.235000000000000098e+00 -3.600999999999999979e+00
-4.704899999999999949e+01 -7.461000000000000298e+00 1.052000000000000046e+00 -4.451999999999999957e+00
-6.256799999999999784e+01 -9.839000000000000412e+00 1.542999999999999927e+00 -4.508000000000000007e+00
-6.418200000000000216e+01 -1.390799999999999947e+01 2.032999999999999918e+00 -3.871999999999999886e+00
-4.548299999999999699e+01 -1.732499999999999929e+01 1.252000000000000002e+00 -3.027000000000000135e+00
-1.736499999999999844e+01 -1.554599999999999937e+01 -1.582999999999999963e+00 -2.450000000000000178e+00
8.579999999999999849e-01 -1.096400000000000041e+01 -6.532000000000000028e+00 -2.028000000000000025e+00
5.285999999999999588e+00 -9.949999999999999289e+00 -1.280499999999999972e+01 -1.131000000000000005e+00
9.217000000000000526e+00 -1.167200000000000060e+01 -1.863200000000000145e+01 7.019999999999999574e-01
2.172100000000000009e+01 -1.024399999999999977e+01 -2.253300000000000125e+01 3.193999999999999950e+00
3.677600000000000335e+01 -6.258000000000000007e+00 -2.508399999999999963e+01 5.355999999999999872e+00
4.314900000000000091e+01 -5.682000000000000384e+00 -2.817899999999999849e+01 6.264000000000000234e+00
3.712700000000000244e+01 -9.147000000000000242e+00 -3.155099999999999838e+01 5.876000000000000334e+00
2.457499999999999929e+01 -1.075999999999999979e+01 -3.213199999999999790e+01 4.783999999999999808e+00
1.510899999999999999e+01 -6.296000000000000263e+00 -2.806099999999999994e+01 3.410000000000000142e+00
1.760200000000000031e+01 2.670999999999999819e+00 -2.004299999999999926e+01 1.862000000000000099e+00
3.512199999999999989e+01 1.172499999999999964e+01 -9.006000000000000227e+00 2.770000000000000240e-01
5.577199999999999847e+01 1.734400000000000119e+01 3.113999999999999879e+00 -1.290999999999999925e+00
5.940500000000000114e+01 1.857900000000000063e+01 1.239000000000000057e+01 -3.044999999999999929e+00
4.533599999999999852e+01 1.762199999999999989e+01 1.728900000000000148e+01 -4.916999999999999815e+00
3.614099999999999824e+01 1.876699999999999946e+01 2.147800000000000153e+01 -6.065999999999999837e+00
4.294400000000000261e+01 2.431299999999999883e+01 2.850000000000000000e+01 -5.666999999999999815e+00
4.977100000000000080e+01 3.030000000000000071e+01 3.613000000000000256e+01 -4.158000000000000362e+00
4.139399999999999835e+01 2.978099999999999881e+01 3.991599999999999682e+01 -2.938000000000000167e+00
2.366900000000000048e+01 2.164499999999999957e+01 3.970199999999999818e+01 -2.823999999999999844e+00
9.102999999999999758e+00 1.153899999999999970e+01 3.808599999999999852e+01 -3.408999999999999808e+00
1.161000000000000032e+00 4.133000000000000007e+00 3.554800000000000182e+01 -3.616000000000000103e+00
-2.870000000000000107e+00 -7.259999999999999787e-01 3.141100000000000136e+01 -2.592000000000000082e+00
-7.318999999999999950e+00 -5.690000000000000391e+00 2.660300000000000153e+01 -4.470000000000000084e-01
-1.717200000000000060e+01 -1.255599999999999916e+01 2.254299999999999926e+01 1.790000000000000036e+00
-3.182000000000000028e+01 -1.935000000000000142e+01 1.904100000000000037e+01 3.064999999999999947e+00
-4.181900000000000261e+01 -2.122200000000000131e+01 1.493399999999999928e+01 3.088000000000000078e+00
-3.967499999999999716e+01 -1.675499999999999901e+01 1.044599999999999973e+01 2.455999999999999961e+00
-3.060200000000000031e+01 -1.068599999999999994e+01 7.264999999999999680e+00 2.153000000000000025e+00
-2.451599999999999824e+01 -7.362000000000000099e+00 5.626999999999999780e+00 2.584999999999999964e+00
-2.091300000000000026e+01 -5.229000000000000092e+00 3.870000000000000107e+00 3.233000000000000096e+00
-1.235200000000000031e+01 -1.050000000000000044e+00 1.268999999999999906e+00 3.468999999999999861e+00
-8.100000000000000533e-01 4.125000000000000000e+00 -1.874000000000000110e+00 3.321000000000000174e+00
2.123000000000000220e+00 6.371999999999999886e+00 -5.900000000000000355e+00 3.174999999999999822e+00
-8.298999999999999488e+00 4.373000000000000220e+00 -1.036800000000000033e+01 3.263999999999999790e+00
-2.351899999999999835e+01 1.582999999999999963e+00 -1.301500000000000057e+01 3.657000000000000028e+00
-3.281000000000000227e+01 2.291999999999999815e+00 -1.204700000000000060e+01 4.230000000000000426e+00
-3.489900000000000091e+01 5.852000000000000313e+00 -8.218999999999999417e+00 4.485000000000000320e+00
-3.510799999999999699e+01 7.801000000000000156e+00 -4.942000000000000171e+00 3.919999999999999929e+00
-3.375399999999999778e+01 6.868999999999999773e+00 -5.384000000000000341e+00 2.669000000000000039e+00
-2.618299999999999983e+01 6.277000000000000135e+00 -8.214999999999999858e+00 1.326000000000000068e+00
-1.374600000000000044e+01 8.256999999999999673e+00 -9.253000000000000114e+00 2.379999999999999893e-01
-3.237999999999999989e+00 1.176999999999999957e+01 -7.076999999999999957e+00 -6.340000000000000080e-01
3.205000000000000071e+00 1.444800000000000040e+01 -3.548999999999999932e+00 -1.320999999999999952e+00
7.290000000000000036e+00 1.403599999999999959e+01 -1.036999999999999922e+00 -1.764000000000000012e+00
7.761999999999999567e+00 1.034099999999999930e+01 -4.000000000000000222e-01 -2.027000000000000135e+00
4.073999999999999844e+00 6.586999999999999744e+00 9.959999999999999964e-01 -2.193000000000000060e+00
2.948999999999999844e+00 6.391000000000000014e+00 7.112000000000000099e+00 -2.091000000000000192e+00
1.168699999999999939e+01 9.903999999999999915e+00 1.668100000000000094e+01 -1.493000000000000105e+00
2.592399999999999949e+01 1.345299999999999940e+01 2.219600000000000151e+01 -6.159999999999999920e-01
3.173900000000000077e+01 1.180499999999999972e+01 1.779100000000000037e+01 -1.439999999999999891e-01
2.092899999999999849e+01 2.886000000000000121e+00 6.535999999999999588e+00 -4.470000000000000084e-01
2.640000000000000124e-01 -8.228999999999999204e+00 -2.100000000000000089e+00 -9.699999999999999734e-01
-1.537299999999999933e+01 -1.326399999999999935e+01 -1.806000000000000050e+00 -9.120000000000000329e-01
-1.687000000000000099e+01 -8.679999999999999716e+00 5.129999999999999893e+00 -3.089999999999999969e-01
-6.668999999999999595e+00 2.157999999999999918e+00 1.132300000000000040e+01 2.989999999999999880e-01
5.073999999999999844e+00 1.134999999999999964e+01 1.045500000000000007e+01 1.004999999999999893e+00
7.541000000000000369e+00 1.122000000000000064e+01 7.820000000000000284e-01 2.230999999999999872e+00
-1.370999999999999996e+00 1.939999999999999947e+00 -1.281199999999999939e+01 3.475999999999999979e+00
-1.197400000000000020e+01 -7.469999999999999751e+00 -2.134600000000000009e+01 3.612000000000000099e+00
-1.516000000000000014e+01 -9.686999999999999389e+00 -2.067899999999999849e+01 2.569999999999999840e+00
-1.312199999999999989e+01 -7.315999999999999837e+00 -1.558699999999999974e+01 1.627999999999999892e+00
-1.280599999999999916e+01 -7.498999999999999666e+00 -1.314400000000000013e+01 1.745999999999999996e+00
-1.651899999999999835e+01 -1.221700000000000053e+01 -1.555899999999999928e+01 2.361000000000000210e+00
-2.182400000000000162e+01 -1.801999999999999957e+01 -1.988500000000000156e+01 2.120000000000000107e+00
-2.532700000000000173e+01 -2.275000000000000000e+01 -2.305499999999999972e+01 4.819999999999999840e-01
-2.636599999999999966e+01 -2.752899999999999991e+01 -2.597200000000000131e+01 -1.842999999999999972e+00
-2.735800000000000054e+01 -3.249300000000000210e+01 -3.074200000000000088e+01 -4.052999999999999936e+00
-2.869600000000000151e+01 -3.509899999999999665e+01 -3.561699999999999733e+01 -5.927999999999999936e+00
-2.641199999999999903e+01 -3.319500000000000028e+01 -3.608899999999999864e+01 -7.152000000000000135e+00
-1.801000000000000156e+01 -2.695899999999999963e+01 -3.079500000000000171e+01 -7.259999999999999787e+00
-7.240000000000000213e+00 -1.859299999999999997e+01 -2.387999999999999901e+01 -6.477999999999999758e+00
4.249999999999999889e-01 -1.144299999999999962e+01 -1.951500000000000057e+01 -5.339999999999999858e+00
4.243999999999999773e+00 -7.349000000000000199e+00 -1.639900000000000091e+01 -3.733999999999999986e+00
6.567999999999999616e+00 -4.625000000000000000e+00 -1.086800000000000033e+01 -1.441000000000000059e+00
8.105000000000000426e+00 -7.239999999999999769e-01 -1.949000000000000066e+00 8.549999999999999822e-01
8.840999999999999304e+00 3.652000000000000135e+00 8.566000000000000725e+00 1.903999999999999915e+00
9.750000000000000000e+00 4.488000000000000433e+00 1.641799999999999926e+01 1.326999999999999957e+00
1.104499999999999993e+01 -4.909999999999999920e-01 1.706099999999999994e+01 2.159999999999999976e-01
1.380400000000000027e+01 -6.573999999999999844e+00 1.221899999999999942e+01 -3.059999999999999942e-01
2.269300000000000139e+01 -5.549999999999999822e+00 8.839000000000000412e+00 -4.929999999999999938e-01
4.011399999999999721e+01 4.267999999999999794e+00 9.272000000000000242e+00 -1.167999999999999927e+00
5.959700000000000131e+01 1.680799999999999983e+01 1.007900000000000063e+01 -2.350000000000000089e+00
7.026000000000000512e+01 2.719399999999999906e+01 1.006300000000000061e+01 -3.342999999999999972e+00
6.486499999999999488e+01 3.434199999999999875e+01 1.162800000000000011e+01 -3.581999999999999851e+00
4.350699999999999790e+01 3.525399999999999778e+01 1.550500000000000078e+01 -3.178999999999999826e+00
1.605799999999999983e+01 2.733399999999999963e+01 2.012099999999999866e+01 -2.697999999999999954e+00
-1.445999999999999952e+00 1.666799999999999926e+01 2.453200000000000003e+01 -2.337000000000000188e+00
-1.788000000000000034e+00 1.225399999999999956e+01 2.753300000000000125e+01 -1.614999999999999991e+00
3.986000000000000210e+00 1.155000000000000071e+01 2.540599999999999881e+01 3.360000000000000209e-01
-9.759999999999999787e-01 3.892999999999999794e+00 1.487899999999999956e+01 4.078999999999999737e+00
-1.990899999999999892e+01 -1.177899999999999991e+01 -9.409999999999999476e-01 8.515000000000000568e+00
-4.028600000000000136e+01 -2.416000000000000014e+01 -1.260800000000000054e+01 1.107199999999999918e+01
-4.864200000000000301e+01 -2.437300000000000111e+01 -1.323300000000000054e+01 1.050200000000000067e+01
-4.317300000000000182e+01 -1.456099999999999994e+01 -6.225999999999999979e+00 8.083000000000000185e+00
-3.250600000000000023e+01 -3.108999999999999986e+00 -1.096000000000000085e+00 5.309000000000000163e+00
-2.636499999999999844e+01 1.604999999999999982e+00 -2.636000000000000121e+00 2.322000000000000064e+00
-2.737199999999999989e+01 -3.608000000000000096e+00 -7.286999999999999922e+00 -8.309999999999999609e-01
-2.882999999999999829e+01 -1.162199999999999989e+01 -9.028000000000000469e+00 -3.105999999999999872e+00
-2.253399999999999892e+01 -1.069999999999999929e+01 -6.251000000000000334e+00 -3.366000000000000103e+00
-8.500000000000000000e+00 8.529999999999999805e-01 -1.733999999999999986e+00 -1.848000000000000087e+00
9.359999999999999432e+00 1.389700000000000024e+01 3.548999999999999932e+00 -2.459999999999999964e-01
3.175199999999999889e+01 2.330399999999999849e+01 1.199699999999999989e+01 2.000000000000000042e-02
5.758100000000000307e+01 3.233400000000000318e+01 2.292000000000000171e+01 -9.429999999999999494e-01
7.791400000000000148e+01 4.032999999999999829e+01 3.074899999999999878e+01 -2.666999999999999815e+00
8.597599999999999909e+01 3.840999999999999659e+01 3.186599999999999966e+01 -5.318999999999999950e+00
8.255299999999999727e+01 2.356800000000000139e+01 2.807100000000000151e+01 -8.288000000000000256e+00
6.906100000000000705e+01 7.895999999999999908e+00 2.363200000000000145e+01 -9.740999999999999659e+00
5.000300000000000011e+01 5.469999999999999751e+00 2.247200000000000131e+01 -8.922000000000000597e+00
3.831700000000000017e+01 1.475900000000000034e+01 2.536400000000000077e+01 -7.137999999999999901e+00
3.940200000000000102e+01 2.066400000000000148e+01 2.742599999999999838e+01 -5.905999999999999694e+00
3.817799999999999727e+01 1.218900000000000006e+01 2.274200000000000088e+01 -5.567999999999999616e+00
2.097800000000000153e+01 -6.682999999999999829e+00 1.300300000000000011e+01 -5.692999999999999616e+00
-2.829000000000000181e+00 -2.360399999999999920e+01 5.352999999999999758e+00 -5.626000000000000334e+00
-1.724800000000000111e+01 -3.041100000000000136e+01 2.197999999999999954e+00 -4.434000000000000163e+00
-2.316700000000000159e+01 -2.763899999999999935e+01 6.560000000000000275e-01 -1.368000000000000105e+00
-3.293900000000000006e+01 -2.156400000000000006e+01 -1.729000000000000092e+00 2.858999999999999986e+00
-5.175500000000000256e+01 -1.893400000000000105e+01 -6.719999999999999751e+00 6.118000000000000327e+00
-7.273600000000000421e+01 -2.183200000000000074e+01 -1.435800000000000054e+01 7.155999999999999694e+00
-8.566299999999999670e+01 -2.717399999999999949e+01 -2.021099999999999852e+01 6.892999999999999794e+00
-8.601699999999999591e+01 -3.115200000000000102e+01 -2.081800000000000139e+01 6.775000000000000355e+00
-7.664499999999999602e+01 -3.141100000000000136e+01 -2.001399999999999935e+01 7.092999999999999972e+00
-6.298499999999999943e+01 -2.614399999999999835e+01 -2.239399999999999835e+01 7.628000000000000114e+00
-4.956400000000000006e+01 -1.554100000000000037e+01 -2.506099999999999994e+01 8.580000000000000071e+00
-4.165200000000000102e+01 -3.596000000000000085e+00 -2.411499999999999844e+01 9.840999999999999304e+00
-4.356600000000000250e+01 4.488999999999999879e+00 -2.290599999999999881e+01 1.039000000000000057e+01
-5.119500000000000028e+01 6.809000000000000163e+00 -2.560099999999999909e+01 9.544000000000000483e+00
-5.229999999999999716e+01 6.770999999999999908e+00 -2.942000000000000171e+01 8.025000000000000355e+00
-3.801899999999999835e+01 1.095599999999999952e+01 -2.960000000000000142e+01 6.841000000000000192e+00
-1.251299999999999990e+01 2.187699999999999889e+01 -2.626999999999999957e+01 5.807000000000000384e+00
8.246999999999999886e+00 3.144800000000000040e+01 -2.337399999999999878e+01 4.073000000000000398e+00
1.027200000000000024e+01 2.717099999999999937e+01 -2.445599999999999952e+01 1.699000000000000066e+00
-3.274999999999999911e+00 7.408999999999999808e+00 -2.936899999999999977e+01 -2.479999999999999982e-01
-1.674200000000000088e+01 -1.456700000000000017e+01 -3.375699999999999790e+01 -9.270000000000000462e-01
-2.032300000000000040e+01 -2.428300000000000125e+01 -3.369599999999999795e+01 -5.110000000000000098e-01
-1.481499999999999950e+01 -2.094999999999999929e+01 -2.978800000000000026e+01 -5.600000000000000117e-02
-4.198000000000000398e+00 -1.616100000000000136e+01 -2.447500000000000142e+01 -7.249999999999999778e-01
7.724000000000000199e+00 -1.793299999999999983e+01 -1.798999999999999844e+01 -2.507000000000000117e+00
2.142200000000000060e+01 -1.904799999999999827e+01 -8.118999999999999773e+00 -3.879999999999999893e+00
4.575999999999999801e+01 -5.248999999999999666e+00 7.934000000000000163e+00 -3.408999999999999808e+00
8.371599999999999397e+01 2.363500000000000156e+01 2.844600000000000151e+01 -1.524000000000000021e+00
1.143449999999999989e+02 4.664800000000000324e+01 4.334000000000000341e+01 -6.800000000000000488e-02
1.120589999999999975e+02 4.448499999999999943e+01 4.271000000000000085e+01 -1.130000000000000032e-01
8.284699999999999420e+01 2.407000000000000028e+01 2.995100000000000051e+01 -1.127999999999999892e+00
5.562700000000000244e+01 8.291000000000000369e+00 2.013800000000000168e+01 -2.520999999999999908e+00
4.358500000000000085e+01 7.334999999999999964e+00 2.423000000000000043e+01 -4.568999999999999950e+00
3.850600000000000023e+01 1.202800000000000047e+01 3.719100000000000250e+01 -6.815999999999999837e+00
3.365100000000000335e+01 1.042099999999999937e+01 4.441599999999999682e+01 -7.331000000000000405e+00
3.016900000000000048e+01 1.883000000000000007e+00 3.986099999999999710e+01 -5.389999999999999680e+00
2.493499999999999872e+01 -4.557999999999999829e+00 3.103600000000000136e+01 -3.169999999999999929e+00
8.131000000000000227e+00 -3.193000000000000060e+00 2.514199999999999946e+01 -2.777000000000000135e+00
-2.121199999999999974e+01 1.700000000000000122e-01 2.031800000000000139e+01 -3.399000000000000021e+00
-4.574699999999999989e+01 -1.574999999999999956e+00 1.303899999999999970e+01 -3.040000000000000036e+00
-4.825300000000000011e+01 -3.874000000000000110e+00 5.381000000000000227e+00 -1.258999999999999897e+00
-3.419899999999999807e+01 8.080000000000000515e-01 1.919000000000000039e+00 8.970000000000000195e-01
-2.033699999999999974e+01 8.673999999999999488e+00 3.438000000000000167e+00 2.398000000000000131e+00
-9.651999999999999247e+00 1.124399999999999977e+01 4.964000000000000412e+00 3.238999999999999879e+00
2.164000000000000146e+00 8.210000000000000853e+00 3.230000000000000093e-01 4.134000000000000341e+00
8.253000000000000114e+00 4.892999999999999794e+00 -9.891999999999999460e+00 5.070999999999999730e+00
1.661999999999999922e+00 2.994000000000000217e+00 -1.801899999999999835e+01 5.176000000000000156e+00
-8.400000000000000355e+00 -3.280000000000000138e-01 -2.000799999999999912e+01 4.594000000000000306e+00
-9.993999999999999773e+00 -5.679000000000000270e+00 -2.013100000000000023e+01 4.814000000000000057e+00
-5.115999999999999659e+00 -9.480999999999999872e+00 -2.145299999999999940e+01 6.472000000000000419e+00
-1.415000000000000036e+00 -1.108000000000000007e+01 -2.079500000000000171e+01 8.417999999999999261e+00
2.599999999999999881e-02 -1.340300000000000047e+01 -1.704200000000000159e+01 8.916999999999999815e+00
1.250000000000000000e+00 -1.353299999999999947e+01 -1.448399999999999999e+01 6.841999999999999638e+00
1.862999999999999989e+00 -5.203000000000000291e+00 -1.412700000000000067e+01 2.464999999999999858e+00
1.040999999999999925e+00 7.043000000000000149e+00 -1.131199999999999939e+01 -2.551000000000000156e+00
-2.342000000000000082e+00 1.052999999999999936e+01 -5.224999999999999645e+00 -6.641000000000000014e+00
-1.023799999999999955e+01 3.213999999999999968e+00 -5.889999999999999680e-01 -9.884000000000000341e+00
-1.819000000000000128e+01 -2.310999999999999943e+00 2.113999999999999879e+00 -1.358600000000000030e+01
-1.680699999999999861e+01 2.419999999999999929e+00 6.453999999999999737e+00 -1.815700000000000003e+01
-8.750000000000000000e+00 8.650000000000000355e+00 1.070500000000000007e+01 -2.193499999999999872e+01
-6.139000000000000234e+00 6.275999999999999801e+00 1.151600000000000001e+01 -2.246999999999999886e+01
-8.227999999999999758e+00 2.011000000000000121e+00 1.173399999999999999e+01 -1.862800000000000011e+01
-7.676999999999999602e+00 4.213000000000000078e+00 1.210399999999999920e+01 -1.193900000000000006e+01
-1.309299999999999997e+01 3.504000000000000004e+00 6.112000000000000099e+00 -6.097999999999999865e+00
-3.553499999999999659e+01 -1.073900000000000077e+01 -6.065999999999999837e+00 -3.588999999999999968e+00
-6.275200000000000244e+01 -2.958399999999999963e+01 -1.277800000000000047e+01 -2.932999999999999829e+00
-7.292100000000000648e+01 -3.813499999999999801e+01 -8.105000000000000426e+00 -1.264000000000000012e+00
-6.167300000000000182e+01 -3.497500000000000142e+01 1.700000000000000122e-02 1.258000000000000007e+00
-3.559000000000000341e+01 -2.472200000000000131e+01 3.725999999999999979e+00 2.158999999999999808e+00
4.190999999999999837e+00 -7.272000000000000242e+00 5.551999999999999602e+00 1.120999999999999996e+00
5.096800000000000352e+01 1.351800000000000068e+01 1.075300000000000011e+01 6.800000000000000488e-01
8.039799999999999613e+01 2.503000000000000114e+01 1.724500000000000099e+01 1.925000000000000044e+00
7.549200000000000443e+01 2.118799999999999883e+01 1.804799999999999827e+01 2.882000000000000117e+00
5.637100000000000222e+01 1.295599999999999952e+01 1.108200000000000074e+01 2.500000000000000000e+00
5.435699999999999932e+01 1.331900000000000084e+01 2.069999999999999840e+00 2.660000000000000142e+00
6.117999999999999972e+01 1.760699999999999932e+01 -3.178999999999999826e+00 4.737000000000000099e+00
4.269100000000000250e+01 1.046499999999999986e+01 -4.633000000000000007e+00 7.399000000000000021e+00
1.250000000000000000e-01 -9.384000000000000341e+00 -3.677000000000000046e+00 9.058999999999999275e+00
-2.298300000000000054e+01 -2.280000000000000071e+01 1.235000000000000098e+00 1.016900000000000048e+01
-6.300000000000000044e-02 -1.355499999999999972e+01 9.952999999999999403e+00 1.172700000000000031e+01
4.038400000000000034e+01 7.544999999999999929e+00 1.558999999999999986e+01 1.280100000000000016e+01
5.020400000000000063e+01 1.389000000000000057e+01 1.027999999999999936e+01 1.152500000000000036e+01
2.197599999999999909e+01 -9.100000000000000311e-01 -3.619000000000000217e+00 8.372999999999999332e+00
-1.006199999999999939e+01 -1.545299999999999940e+01 -1.474399999999999977e+01 6.205000000000000071e+00
-2.503200000000000003e+01 -1.234699999999999953e+01 -1.767099999999999937e+01 6.652999999999999581e+00
-3.610499999999999687e+01 1.348999999999999977e+00 -1.884799999999999898e+01 8.228999999999999204e+00
-5.170499999999999829e+01 1.021599999999999930e+01 -2.511199999999999832e+01 8.673999999999999488e+00
-5.559100000000000108e+01 1.050399999999999956e+01 -3.463300000000000267e+01 7.892999999999999794e+00
-3.939900000000000091e+01 6.990000000000000213e+00 -4.092300000000000182e+01 7.158999999999999808e+00
-2.271799999999999997e+01 7.550000000000000044e-01 -3.937800000000000011e+01 6.333000000000000185e+00
-2.588500000000000156e+01 -1.091399999999999970e+01 -3.012000000000000099e+01 4.328999999999999737e+00
-4.521000000000000085e+01 -2.649599999999999866e+01 -1.837199999999999989e+01 1.756999999999999895e+00
-6.425400000000000489e+01 -3.910399999999999920e+01 -1.093900000000000006e+01 2.260000000000000064e-01
-7.228600000000000136e+01 -4.294100000000000250e+01 -9.696999999999999176e+00 -4.580000000000000182e-01
-6.631100000000000705e+01 -3.755499999999999972e+01 -9.055999999999999162e+00 -1.790999999999999925e+00
-4.975099999999999767e+01 -2.723300000000000054e+01 -3.258999999999999897e+00 -4.250000000000000000e+00
-3.222399999999999665e+01 -1.732400000000000162e+01 4.427999999999999936e+00 -7.302999999999999936e+00
-1.809900000000000020e+01 -7.746000000000000441e+00 7.253999999999999559e+00 -9.938000000000000611e+00
2.233999999999999986e+00 7.705000000000000071e+00 8.105000000000000426e+00 -1.031900000000000084e+01
3.542099999999999937e+01 2.882199999999999918e+01 1.494599999999999973e+01 -7.230999999999999872e+00
6.582999999999999829e+01 4.234700000000000131e+01 2.589499999999999957e+01 -2.024000000000000021e+00
7.069899999999999807e+01 3.913600000000000279e+01 3.231000000000000227e+01 2.729999999999999982e+00
4.915699999999999648e+01 2.794600000000000151e+01 3.223199999999999932e+01 5.738999999999999879e+00
2.057900000000000063e+01 1.991799999999999926e+01 2.960699999999999932e+01 6.716000000000000192e+00
8.920000000000000151e-01 1.366799999999999926e+01 2.575100000000000122e+01 5.267999999999999794e+00
-5.772000000000000242e+00 6.333999999999999631e+00 1.978300000000000125e+01 1.455999999999999961e+00
-1.012000000000000011e+00 2.549999999999999822e+00 1.404400000000000048e+01 -3.588999999999999968e+00
6.674000000000000377e+00 3.418000000000000149e+00 1.281600000000000072e+01 -7.900000000000000355e+00
2.733000000000000096e+00 1.695999999999999952e+00 1.513000000000000078e+01 -9.648999999999999133e+00
-1.692699999999999960e+01 -6.325999999999999623e+00 1.399300000000000033e+01 -9.122999999999999332e+00
-3.864699999999999847e+01 -1.729799999999999827e+01 5.222000000000000419e+00 -9.112999999999999545e+00
-4.969599999999999795e+01 -2.976800000000000068e+01 -7.565999999999999837e+00 -1.185599999999999987e+01
-5.148899999999999721e+01 -4.231000000000000227e+01 -1.781200000000000117e+01 -1.603000000000000114e+01
-4.806300000000000239e+01 -4.597899999999999920e+01 -2.141600000000000037e+01 -1.739799999999999969e+01
-3.755199999999999960e+01 -3.464500000000000313e+01 -1.908999999999999986e+01 -1.293299999999999983e+01
-2.138700000000000045e+01 -1.820299999999999940e+01 -1.685099999999999909e+01 -4.770999999999999908e+00
-5.969999999999999751e+00 -9.765000000000000568e+00 -1.961199999999999832e+01 1.766000000000000014e+00
1.069500000000000028e+01 -5.594000000000000306e+00 -2.265700000000000003e+01 4.554999999999999716e+00
3.999699999999999989e+01 6.166000000000000369e+00 -1.757600000000000051e+01 5.940999999999999837e+00
8.699500000000000455e+01 2.517099999999999937e+01 -6.376999999999999780e+00 7.865000000000000213e+00
1.419180000000000064e+02 4.423499999999999943e+01 2.125000000000000000e+00 9.516999999999999460e+00
1.825300000000000011e+02 6.171000000000000085e+01 7.330000000000000071e+00 9.569000000000000838e+00
1.845130000000000052e+02 7.315000000000000568e+01 1.459200000000000053e+01 7.825000000000000178e+00
1.460389999999999873e+02 6.976000000000000512e+01 2.363200000000000145e+01 4.902999999999999581e+00
9.602400000000000091e+01 5.505400000000000205e+01 3.112900000000000134e+01 1.981000000000000094e+00
5.821300000000000097e+01 4.195100000000000051e+01 3.616499999999999915e+01 3.800000000000000044e-01
2.612600000000000122e+01 3.343299999999999983e+01 3.557399999999999807e+01 2.989999999999999880e-01
-9.888999999999999346e+00 2.492899999999999849e+01 2.461700000000000088e+01 3.870000000000000107e-01
-4.402700000000000102e+01 1.574300000000000033e+01 7.059000000000000163e+00 -8.189999999999999503e-01
-7.484199999999999875e+01 4.932999999999999829e+00 -5.043000000000000149e+00 -3.115000000000000213e+00
-1.068160000000000025e+02 -7.427999999999999936e+00 -4.334999999999999964e+00 -4.394000000000000128e+00
-1.278250000000000028e+02 -9.826999999999999957e+00 5.958999999999999631e+00 -2.209999999999999964e+00
-1.184260000000000019e+02 6.650999999999999801e+00 1.743100000000000094e+01 3.648000000000000131e+00
-8.569299999999999784e+01 2.347599999999999909e+01 2.122700000000000031e+01 9.781000000000000583e+00
-6.131000000000000227e+01 1.256199999999999939e+01 1.413199999999999967e+01 1.181900000000000084e+01
-6.047899999999999920e+01 -2.088800000000000168e+01 4.935999999999999943e+00 9.227000000000000313e+00
-6.327499999999999858e+01 -4.308299999999999841e+01 3.951000000000000068e+00 5.719999999999999751e+00
-4.732300000000000040e+01 -3.931400000000000006e+01 5.881999999999999673e+00 4.233999999999999986e+00
-2.079599999999999937e+01 -2.896600000000000108e+01 -2.880999999999999783e+00 3.447999999999999954e+00
-7.030000000000000249e+00 -3.151099999999999923e+01 -2.275400000000000134e+01 3.529999999999999805e-01
-9.875999999999999446e+00 -4.239399999999999835e+01 -4.088700000000000045e+01 -4.907000000000000028e+00
-1.091900000000000048e+01 -4.711599999999999966e+01 -4.855799999999999983e+01 -7.915000000000000036e+00
3.720000000000000195e+00 -4.088900000000000290e+01 -4.627000000000000313e+01 -4.701999999999999957e+00
2.298900000000000077e+01 -3.051800000000000068e+01 -3.657099999999999795e+01 2.209999999999999964e+00
2.348499999999999943e+01 -2.592399999999999949e+01 -2.271300000000000097e+01 5.354000000000000092e+00
7.147000000000000242e+00 -2.764600000000000080e+01 -1.016499999999999915e+01 1.514999999999999902e+00
8.858000000000000540e+00 -2.193400000000000105e+01 -1.026999999999999913e+00 -4.639000000000000234e+00
4.627700000000000102e+01 1.582999999999999963e+00 9.260999999999999233e+00 -8.092999999999999972e+00
8.466500000000000625e+01 3.013899999999999935e+01 2.211400000000000077e+01 -9.483999999999999986e+00
8.158100000000000307e+01 4.211899999999999977e+01 2.904500000000000171e+01 -1.112899999999999956e+01
4.595799999999999841e+01 3.668599999999999994e+01 2.450499999999999901e+01 -1.246499999999999986e+01
2.043799999999999883e+01 3.047899999999999920e+01 1.620799999999999841e+01 -1.240099999999999980e+01
2.372400000000000020e+01 3.329099999999999682e+01 1.266499999999999915e+01 -1.169699999999999918e+01
4.086500000000000199e+01 4.276400000000000290e+01 1.093999999999999950e+01 -1.055199999999999960e+01
5.407699999999999818e+01 5.046200000000000330e+01 4.243000000000000327e+00 -7.474000000000000199e+00
5.686999999999999744e+01 4.474499999999999744e+01 -6.451999999999999957e+00 -2.097999999999999865e+00
4.672999999999999687e+01 2.047100000000000009e+01 -1.353100000000000058e+01 3.628000000000000114e+00
2.295200000000000173e+01 -1.206000000000000050e+01 -1.145500000000000007e+01 7.496999999999999886e+00
-9.067000000000000171e+00 -3.578999999999999915e+01 -1.314000000000000057e+00 8.627000000000000668e+00
-3.844100000000000250e+01 -4.240899999999999892e+01 1.081099999999999994e+01 7.530000000000000249e+00
-5.155899999999999750e+01 -3.589800000000000324e+01 1.786100000000000065e+01 5.655000000000000249e+00
-4.215299999999999869e+01 -2.777400000000000091e+01 1.518900000000000006e+01 4.559000000000000163e+00
-2.771600000000000108e+01 -3.083599999999999852e+01 2.358999999999999986e+00 4.892999999999999794e+00
-3.389800000000000324e+01 -4.568399999999999750e+01 -1.504800000000000004e+01 5.820000000000000284e+00
-5.473899999999999721e+01 -5.455199999999999960e+01 -2.570700000000000074e+01 5.730999999999999872e+00
-6.244299999999999784e+01 -4.426899999999999835e+01 -2.122500000000000142e+01 4.174000000000000377e+00
-5.492000000000000171e+01 -2.862800000000000011e+01 -8.066000000000000725e+00 2.845000000000000195e+00
-5.319100000000000250e+01 -2.938200000000000145e+01 -4.152999999999999581e+00 3.726999999999999869e+00
-5.819299999999999784e+01 -4.262800000000000011e+01 -1.764499999999999957e+01 6.519999999999999574e+00
-4.974600000000000222e+01 -4.379299999999999926e+01 -3.576400000000000290e+01 9.417999999999999261e+00
-2.642800000000000082e+01 -2.413400000000000034e+01 -4.243299999999999983e+01 1.195500000000000007e+01
-9.378000000000000114e+00 -2.149999999999999911e+00 -3.837800000000000011e+01 1.457600000000000051e+01
-4.017999999999999794e+00 5.852000000000000313e+00 -3.211299999999999955e+01 1.581900000000000084e+01
4.158999999999999808e+00 5.908000000000000362e+00 -2.258099999999999952e+01 1.315099999999999980e+01
1.630799999999999983e+01 1.026600000000000001e+01 -5.421000000000000263e+00 6.703999999999999737e+00
2.290599999999999881e+01 2.056800000000000139e+01 1.645400000000000063e+01 -7.239999999999999769e-01
3.040299999999999869e+01 3.282900000000000063e+01 3.841700000000000159e+01 -7.051999999999999602e+00
4.393299999999999983e+01 4.375999999999999801e+01 5.482600000000000051e+01 -1.142900000000000027e+01
4.346200000000000330e+01 4.974499999999999744e+01 5.325000000000000000e+01 -1.260699999999999932e+01
1.815099999999999980e+01 4.978999999999999915e+01 2.755999999999999872e+01 -1.041000000000000014e+01
-4.004999999999999893e+00 4.623899999999999721e+01 -5.019999999999999574e+00 -7.985000000000000320e+00
4.679999999999999716e+00 3.831600000000000250e+01 -1.778399999999999892e+01 -8.320999999999999730e+00
3.337100000000000222e+01 2.618900000000000006e+01 -5.107000000000000206e+00 -8.615999999999999659e+00
5.446600000000000108e+01 1.999099999999999966e+01 1.333099999999999952e+01 -3.916999999999999815e+00
5.701599999999999824e+01 2.792099999999999937e+01 2.057100000000000151e+01 2.934000000000000163e+00
4.936200000000000188e+01 4.172800000000000153e+01 2.168799999999999883e+01 3.407000000000000028e+00
4.516299999999999670e+01 4.915999999999999659e+01 2.614099999999999824e+01 -2.928999999999999826e+00
4.915299999999999869e+01 4.804200000000000159e+01 2.732499999999999929e+01 -6.919999999999999929e+00
5.234799999999999898e+01 3.826200000000000045e+01 1.617699999999999960e+01 -4.540000000000000036e+00
4.400999999999999801e+01 1.769600000000000151e+01 -1.687000000000000055e+00 -2.230999999999999872e+00
2.459900000000000020e+01 -8.179000000000000270e+00 -1.666300000000000026e+01 -4.767999999999999794e+00
1.856000000000000094e+00 -2.864999999999999858e+01 -2.626099999999999923e+01 -8.163000000000000256e+00
-1.947200000000000131e+01 -4.041299999999999670e+01 -2.898000000000000043e+01 -7.565999999999999837e+00
-3.966799999999999926e+01 -4.703900000000000148e+01 -2.354200000000000159e+01 -3.821000000000000174e+00
-5.970499999999999829e+01 -4.908700000000000330e+01 -1.615500000000000114e+01 -2.500000000000000139e-02
-7.521500000000000341e+01 -4.203499999999999659e+01 -1.333799999999999919e+01 2.061999999999999833e+00
-7.546899999999999409e+01 -2.321300000000000097e+01 -8.381000000000000227e+00 1.530999999999999917e+00
-5.470900000000000318e+01 8.870000000000000107e-01 8.465999999999999304e+00 -1.161999999999999922e+00
-2.520100000000000051e+01 1.581499999999999950e+01 2.874899999999999878e+01 -3.732000000000000206e+00
-7.895999999999999908e+00 1.277999999999999936e+01 3.434799999999999898e+01 -4.652000000000000135e+00
-5.650999999999999801e+00 9.900000000000000466e-02 2.484600000000000009e+01 -4.778999999999999915e+00
-4.113000000000000433e+00 -8.657000000000000028e+00 1.589300000000000068e+01 -5.397000000000000242e+00
-2.769000000000000128e+00 -1.307099999999999973e+01 1.348499999999999943e+01 -5.831000000000000405e+00
-1.317999999999999972e+01 -1.790399999999999991e+01 1.062199999999999989e+01 -3.882000000000000117e+00
-2.598699999999999832e+01 -1.856299999999999883e+01 5.411999999999999922e+00 8.169999999999999485e-01
-1.931200000000000117e+01 -1.133000000000000007e+01 1.624000000000000110e+00 5.251000000000000334e+00
2.362999999999999989e+00 -4.246999999999999886e+00 -4.597999999999999865e+00 6.746000000000000441e+00
1.158399999999999963e+01 -6.038000000000000256e+00 -1.947100000000000009e+01 6.230000000000000426e+00
-3.228000000000000203e+00 -1.529700000000000060e+01 -3.724900000000000233e+01 5.733999999999999986e+00
-2.486400000000000077e+01 -2.458099999999999952e+01 -4.553699999999999903e+01 5.394000000000000128e+00
-3.286500000000000199e+01 -2.804899999999999949e+01 -4.076100000000000279e+01 4.786999999999999922e+00
-2.739000000000000057e+01 -2.492000000000000171e+01 -3.004100000000000037e+01 4.557999999999999829e+00
-2.071300000000000097e+01 -1.826500000000000057e+01 -2.132900000000000063e+01 5.086000000000000298e+00
-1.562500000000000000e+01 -1.128299999999999947e+01 -1.721199999999999974e+01 5.440000000000000391e+00
-8.721000000000000085e+00 -7.365999999999999659e+00 -1.772200000000000131e+01 4.942000000000000171e+00
-8.262000000000000455e+00 -1.143800000000000061e+01 -2.378500000000000014e+01 4.493000000000000327e+00
-2.520700000000000074e+01 -2.295100000000000051e+01 -3.445900000000000318e+01 5.474000000000000199e+00
-4.874399999999999977e+01 -3.029799999999999827e+01 -4.490899999999999892e+01 8.250999999999999446e+00
-5.635699999999999932e+01 -2.459799999999999898e+01 -5.169800000000000040e+01 1.158000000000000007e+01
-4.670600000000000307e+01 -1.483099999999999952e+01 -5.650300000000000011e+01 1.262400000000000055e+01
-3.596000000000000085e+01 -1.411200000000000010e+01 -5.786899999999999977e+01 9.146000000000000796e+00
-2.664900000000000091e+01 -1.853500000000000014e+01 -4.441299999999999670e+01 2.596000000000000085e+00
-8.769000000000000128e+00 -1.666300000000000026e+01 -1.014100000000000001e+01 -2.806000000000000050e+00
1.261800000000000033e+01 -1.048399999999999999e+01 2.719600000000000151e+01 -4.054999999999999716e+00
1.900600000000000023e+01 -8.896000000000000796e+00 4.165299999999999869e+01 -1.592999999999999972e+00
1.177399999999999913e+01 -6.865999999999999659e+00 3.321099999999999852e+01 8.349999999999999645e-01
1.972500000000000142e+01 1.172400000000000020e+01 2.924599999999999866e+01 -7.550000000000000044e-01
6.373400000000000176e+01 5.311399999999999721e+01 5.040200000000000102e+01 -5.642000000000000348e+00
1.327150000000000034e+02 1.059599999999999937e+02 8.731399999999999295e+01 -9.019000000000000128e+00
1.944360000000000070e+02 1.457119999999999891e+02 1.113569999999999993e+02 -8.397999999999999687e+00
2.121370000000000005e+02 1.442110000000000127e+02 1.030420000000000016e+02 -5.578999999999999737e+00
1.657899999999999920e+02 9.647799999999999443e+01 7.038500000000000512e+01 -2.862999999999999989e+00
7.924599999999999511e+01 3.895900000000000318e+01 3.832800000000000296e+01 -9.220000000000000417e-01
7.727999999999999758e+00 1.556600000000000072e+01 2.218599999999999994e+01 5.160000000000000142e-01
-2.116900000000000048e+01 2.659700000000000131e+01 1.766700000000000159e+01 1.705999999999999961e+00
-3.302100000000000080e+01 3.532600000000000051e+01 1.449000000000000021e+01 2.250999999999999890e+00
-5.961800000000000210e+01 1.941799999999999926e+01 1.032699999999999996e+01 1.576999999999999957e+00
-9.395300000000000296e+01 -8.430999999999999162e+00 7.056000000000000050e+00 2.119999999999999940e-01
-1.074590000000000032e+02 -2.518900000000000006e+01 4.590000000000000191e-01 -5.649999999999999467e-01
-9.011700000000000443e+01 -2.307999999999999829e+01 -1.486999999999999922e+01 -5.590000000000000524e-01
-5.734499999999999886e+01 -1.246400000000000041e+01 -3.148000000000000043e+01 -1.125999999999999890e+00
-2.612000000000000099e+01 -7.266000000000000014e+00 -3.321300000000000097e+01 -3.552999999999999936e+00
3.619999999999999885e-01 -9.603999999999999204e+00 -1.545299999999999940e+01 -6.849000000000000199e+00
2.115800000000000125e+01 -1.251999999999999957e+01 1.008600000000000030e+01 -7.653999999999999915e+00
2.723600000000000065e+01 -1.326999999999999957e+01 2.952100000000000080e+01 -4.192999999999999616e+00
1.447600000000000087e+01 -1.584999999999999964e+01 3.382900000000000063e+01 7.369999999999999885e-01
-7.865000000000000213e+00 -2.579500000000000171e+01 1.622599999999999909e+01 3.443000000000000060e+00
-2.912600000000000122e+01 -4.413300000000000267e+01 -2.176800000000000068e+01 3.857000000000000206e+00
-4.355799999999999983e+01 -6.000300000000000011e+01 -6.255899999999999750e+01 3.919000000000000039e+00
-4.605499999999999972e+01 -5.612199999999999989e+01 -8.512600000000000477e+01 4.057000000000000384e+00
-3.023300000000000054e+01 -2.662000000000000099e+01 -8.505500000000000682e+01 3.000000000000000000e+00
1.090499999999999936e+01 1.832799999999999940e+01 -7.017400000000000659e+01 -2.149999999999999967e-01
7.383199999999999363e+01 6.003300000000000125e+01 -4.341899999999999693e+01 -4.687999999999999723e+00
1.288420000000000130e+02 7.548499999999999943e+01 -6.644000000000000128e+00 -8.285999999999999588e+00
1.314720000000000084e+02 4.929899999999999949e+01 2.803699999999999903e+01 -9.980000000000000426e+00
6.318299999999999983e+01 -7.490000000000000213e+00 4.938499999999999801e+01 -1.093900000000000006e+01
-3.997299999999999898e+01 -6.163300000000000267e+01 6.146200000000000330e+01 -1.256499999999999950e+01
-1.091610000000000014e+02 -8.674399999999999977e+01 7.372499999999999432e+01 -1.361200000000000010e+01
-1.054620000000000033e+02 -8.340999999999999659e+01 8.493500000000000227e+01 -1.130799999999999983e+01
-5.724699999999999989e+01 -6.964400000000000546e+01 8.618800000000000239e+01 -6.067000000000000171e+00
-2.000100000000000122e+01 -5.641700000000000159e+01 7.412600000000000477e+01 -1.947000000000000064e+00
-8.974000000000000199e+00 -4.179699999999999704e+01 5.384100000000000108e+01 -1.211000000000000076e+00
9.250000000000000444e-01 -2.742200000000000060e+01 3.178600000000000136e+01 -1.737999999999999989e+00
1.944800000000000040e+01 -2.159100000000000108e+01 1.169699999999999918e+01 -1.262999999999999901e+00
2.639099999999999824e+01 -2.292999999999999972e+01 -4.286999999999999922e+00 -6.280000000000000027e-01
1.541799999999999926e+01 -1.874699999999999989e+01 -1.424499999999999922e+01 -6.430000000000000160e-01
1.218399999999999928e+01 -2.755999999999999783e+00 -1.661499999999999844e+01 5.709999999999999520e-01
3.204099999999999682e+01 1.626699999999999946e+01 -1.302100000000000080e+01 4.455000000000000071e+00
5.254699999999999704e+01 2.627799999999999869e+01 -1.038199999999999967e+01 9.205000000000000071e+00
4.888499999999999801e+01 2.519500000000000028e+01 -1.589100000000000001e+01 1.191600000000000037e+01
2.624899999999999878e+01 1.717999999999999972e+01 -2.904100000000000037e+01 1.156400000000000006e+01
-1.905000000000000027e+00 4.469999999999999751e+00 -4.151299999999999812e+01 9.455000000000000071e+00
-3.630799999999999983e+01 -8.705000000000000071e+00 -4.678699999999999903e+01 7.575000000000000178e+00
-7.362800000000000011e+01 -1.339899999999999913e+01 -4.778199999999999648e+01 6.520999999999999908e+00
-9.062999999999999545e+01 -4.483999999999999986e+00 -5.006799999999999784e+01 5.580000000000000071e+00
-6.549800000000000466e+01 1.462599999999999945e+01 -5.065400000000000347e+01 4.565000000000000391e+00
-6.272000000000000242e+00 3.675000000000000000e+01 -4.335499999999999687e+01 3.951999999999999957e+00
5.356199999999999761e+01 5.414200000000000301e+01 -3.212599999999999767e+01 3.745999999999999996e+00
8.469100000000000250e+01 5.772699999999999676e+01 -2.710200000000000031e+01 3.565999999999999837e+00
7.648399999999999466e+01 4.065100000000000335e+01 -3.061100000000000065e+01 3.301000000000000156e+00
3.211299999999999955e+01 7.998000000000000220e+00 -3.730799999999999983e+01 3.321000000000000174e+00
-2.846300000000000097e+01 -2.136899999999999977e+01 -4.267499999999999716e+01 3.998000000000000220e+00
-6.995099999999999341e+01 -2.975499999999999901e+01 -4.278000000000000114e+01 4.633000000000000007e+00
-6.979399999999999693e+01 -1.554700000000000060e+01 -3.274300000000000210e+01 4.160999999999999588e+00
-4.081099999999999994e+01 7.844999999999999751e+00 -1.302699999999999925e+01 3.161999999999999922e+00
-1.505300000000000082e+01 2.241499999999999915e+01 8.673000000000000043e+00 2.600000000000000089e+00
-1.308799999999999919e+01 1.729500000000000171e+01 2.505000000000000071e+01 1.379999999999999893e+00
-3.396900000000000119e+01 -1.782999999999999918e+00 3.164699999999999847e+01 -1.278999999999999915e+00
-6.173199999999999932e+01 -1.660099999999999909e+01 2.500600000000000023e+01 -2.907000000000000028e+00
-7.306300000000000239e+01 -1.469299999999999962e+01 9.832000000000000739e+00 -1.397000000000000020e+00
-5.187899999999999778e+01 -5.799999999999999600e-01 -8.999999999999999667e-02 8.229999999999999538e-01
-1.063400000000000034e+01 1.074799999999999933e+01 -6.350000000000000089e-01 7.000000000000000666e-02
1.318500000000000050e+01 7.935999999999999943e+00 -4.283000000000000362e+00 -3.259999999999999787e+00
-1.812000000000000055e+00 -7.400000000000000355e+00 -1.819900000000000162e+01 -5.259000000000000341e+00
-3.296300000000000097e+01 -2.363899999999999935e+01 -3.130799999999999983e+01 -2.956999999999999851e+00
-3.931799999999999784e+01 -2.951200000000000045e+01 -3.131899999999999906e+01 2.986000000000000210e+00
-2.133999999999999897e+00 -2.004599999999999937e+01 -1.926599999999999824e+01 8.640000000000000568e+00
6.656999999999999318e+01 1.030000000000000027e+00 -1.697000000000000064e+00 8.974000000000000199e+00
1.368770000000000095e+02 2.215800000000000125e+01 1.751099999999999923e+01 1.842999999999999972e+00
1.769279999999999973e+02 3.632699999999999818e+01 3.270700000000000074e+01 -8.374000000000000554e+00
1.721239999999999952e+02 4.870900000000000318e+01 3.512299999999999756e+01 -1.399300000000000033e+01
1.321560000000000059e+02 5.890899999999999892e+01 2.415500000000000114e+01 -1.330400000000000027e+01
7.468699999999999761e+01 4.978699999999999903e+01 1.513199999999999967e+01 -1.241900000000000048e+01
1.203200000000000003e+01 1.445299999999999940e+01 2.274599999999999866e+01 -1.421400000000000041e+01
-4.148299999999999699e+01 -2.226599999999999824e+01 3.653999999999999915e+01 -1.261999999999999922e+01
-6.761899999999999977e+01 -3.141700000000000159e+01 3.110999999999999943e+01 -4.304999999999999716e+00
-6.191100000000000136e+01 -1.498300000000000054e+01 2.724000000000000199e+00 3.107000000000000206e+00
-4.228900000000000148e+01 3.854999999999999982e+00 -2.456700000000000017e+01 2.184000000000000163e+00
-3.343099999999999739e+01 1.079700000000000060e+01 -3.209400000000000119e+01 -3.568000000000000060e+00
-4.753499999999999659e+01 4.873999999999999666e+00 -2.707700000000000173e+01 -6.280999999999999694e+00
-7.671099999999999852e+01 -1.172100000000000009e+01 -2.453200000000000003e+01 -4.427999999999999936e+00
-9.593399999999999750e+01 -2.854700000000000060e+01 -2.328099999999999881e+01 -2.061999999999999833e+00
-7.945300000000000296e+01 -2.459199999999999875e+01 -1.196899999999999942e+01 -7.860000000000000320e-01
-2.897599999999999909e+01 4.118999999999999773e+00 7.330000000000000071e+00 2.661000000000000032e+00
1.682199999999999918e+01 2.627599999999999980e+01 1.733899999999999864e+01 9.930999999999999162e+00
1.870200000000000173e+01 1.348399999999999999e+01 8.326000000000000512e+00 1.662199999999999989e+01
-1.701399999999999935e+01 -1.765899999999999892e+01 -1.081600000000000072e+01 1.724800000000000111e+01
-4.720600000000000307e+01 -3.145100000000000051e+01 -2.496300000000000097e+01 1.149499999999999922e+01
-4.677199999999999847e+01 -2.333599999999999852e+01 -2.656500000000000128e+01 3.560000000000000053e+00
-3.309400000000000119e+01 -1.686100000000000065e+01 -1.833099999999999952e+01 -2.033999999999999808e+00
-3.293900000000000006e+01 -2.551300000000000168e+01 -8.477999999999999758e+00 -3.427999999999999936e+00
-4.425500000000000256e+01 -3.772800000000000153e+01 -2.911000000000000032e+00 -2.664000000000000146e+00
-4.140899999999999892e+01 -3.397200000000000131e+01 5.010000000000000009e-01 -3.484999999999999876e+00
-1.236599999999999966e+01 -1.016999999999999993e+01 8.933999999999999275e+00 -6.352999999999999758e+00
2.834400000000000119e+01 1.960800000000000054e+01 2.659799999999999898e+01 -7.535000000000000142e+00
6.947799999999999443e+01 4.395600000000000307e+01 5.371800000000000352e+01 -4.706999999999999851e+00
1.151919999999999931e+02 6.379399999999999693e+01 8.765999999999999659e+01 -5.919999999999999707e-01
1.524130000000000109e+02 7.390300000000000580e+01 1.172890000000000015e+02 1.286000000000000032e+00
1.460519999999999925e+02 5.853099999999999881e+01 1.260999999999999943e+02 1.614000000000000101e+00
9.318099999999999739e+01 2.295499999999999829e+01 1.086970000000000027e+02 3.500000000000000000e+00
4.109700000000000131e+01 -1.786000000000000032e+00 7.489199999999999591e+01 7.847000000000000419e+00
2.023699999999999832e+01 -8.009000000000000341e+00 3.688900000000000290e+01 1.223099999999999987e+01
4.344000000000000306e+00 -2.371099999999999852e+01 3.573999999999999844e+00 1.382600000000000051e+01
-3.112099999999999866e+01 -5.512599999999999767e+01 -1.703099999999999881e+01 1.268599999999999994e+01
-6.031400000000000006e+01 -6.682899999999999352e+01 -2.341900000000000048e+01 1.064799999999999969e+01
-4.908500000000000085e+01 -3.853199999999999648e+01 -2.383399999999999963e+01 7.817999999999999616e+00
-6.418000000000000149e+00 3.619000000000000217e+00 -2.342500000000000071e+01 3.079000000000000181e+00
3.462899999999999778e+01 2.921300000000000097e+01 -1.625799999999999912e+01 -3.326999999999999957e+00
6.026400000000000290e+01 4.036699999999999733e+01 1.556999999999999940e+00 -9.978999999999999204e+00
7.565099999999999625e+01 5.189099999999999824e+01 2.046499999999999986e+01 -1.522499999999999964e+01
8.189199999999999591e+01 6.461499999999999488e+01 2.782100000000000151e+01 -1.722100000000000009e+01
7.250199999999999534e+01 6.984399999999999409e+01 2.142000000000000171e+01 -1.502899999999999991e+01
4.077300000000000324e+01 5.899799999999999756e+01 5.504999999999999893e+00 -1.027599999999999980e+01
-1.151500000000000057e+01 2.712500000000000000e+01 -1.654299999999999926e+01 -6.176000000000000156e+00
-6.646099999999999852e+01 -1.779500000000000171e+01 -3.772800000000000153e+01 -3.966000000000000192e+00
-1.021149999999999949e+02 -5.439900000000000091e+01 -4.697200000000000131e+01 -1.735000000000000098e+00
-1.148160000000000025e+02 -6.867400000000000659e+01 -4.150900000000000034e+01 1.546999999999999931e+00
-1.183349999999999937e+02 -6.845099999999999341e+01 -3.138700000000000045e+01 3.144000000000000128e+00
-1.202129999999999939e+02 -6.572599999999999909e+01 -2.507900000000000063e+01 8.309999999999999609e-01
-1.073229999999999933e+02 -5.279899999999999949e+01 -1.716600000000000037e+01 -2.693000000000000060e+00
-6.100699999999999790e+01 -1.593200000000000038e+01 -1.499999999999999944e-02 -3.511000000000000121e+00
1.568999999999999950e+01 3.259000000000000341e+01 1.605699999999999861e+01 -1.671000000000000041e+00
9.109000000000000341e+01 6.140500000000000114e+01 1.048700000000000010e+01 3.840000000000000080e-01
1.233790000000000049e+02 5.628099999999999881e+01 -1.754899999999999949e+01 1.693000000000000060e+00
9.193699999999999761e+01 2.888899999999999935e+01 -4.421999999999999886e+01 3.000000000000000000e+00
2.081700000000000017e+01 -3.822999999999999954e+00 -5.155199999999999960e+01 5.067000000000000171e+00
-4.028900000000000148e+01 -3.084499999999999886e+01 -4.706199999999999761e+01 7.975999999999999979e+00
-6.422299999999999898e+01 -4.304099999999999682e+01 -4.533299999999999841e+01 1.146899999999999942e+01
-6.088799999999999812e+01 -3.677700000000000102e+01 -4.444200000000000017e+01 1.478899999999999970e+01
-5.116199999999999903e+01 -2.358399999999999963e+01 -3.354999999999999716e+01 1.592900000000000027e+01
-4.302799999999999869e+01 -1.842899999999999849e+01 -1.513400000000000034e+01 1.266499999999999915e+01
-3.060800000000000054e+01 -1.747400000000000020e+01 -4.551000000000000156e+00 5.466999999999999638e+00
-1.422700000000000031e+01 -9.128999999999999559e+00 -8.906000000000000583e+00 -1.578000000000000069e+00
-1.264300000000000068e+01 -2.044000000000000039e+00 -1.994500000000000028e+01 -4.692000000000000171e+00
-3.666899999999999693e+01 -1.313899999999999935e+01 -2.917800000000000082e+01 -5.586000000000000298e+00
-5.962199999999999989e+01 -3.373400000000000176e+01 -3.527400000000000091e+01 -9.260999999999999233e+00
-4.309000000000000341e+01 -3.724499999999999744e+01 -3.517399999999999949e+01 -1.516600000000000037e+01
8.135999999999999233e+00 -1.829899999999999949e+01 -2.471900000000000119e+01 -1.628900000000000148e+01
4.594100000000000250e+01 3.910000000000000142e-01 -9.848000000000000753e+00 -9.996999999999999886e+00
4.270900000000000318e+01 2.403999999999999915e+00 -2.984999999999999876e+00 -3.120000000000000107e+00
2.377400000000000091e+01 -3.271999999999999797e+00 -7.480000000000000426e+00 -2.504999999999999893e+00
1.712099999999999866e+01 -5.839999999999999858e+00 -1.518999999999999950e+01 -6.926000000000000156e+00
1.066799999999999926e+01 -1.160200000000000031e+01 -1.947899999999999920e+01 -1.125099999999999945e+01
-1.021400000000000041e+01 -2.469500000000000028e+01 -2.208500000000000085e+01 -1.198499999999999943e+01
-2.535999999999999943e+01 -3.292499999999999716e+01 -2.346399999999999864e+01 -7.657000000000000028e+00
-1.164499999999999957e+01 -2.548699999999999832e+01 -1.675100000000000122e+01 -6.300000000000000044e-02
2.949299999999999855e+01 -7.880000000000000338e-01 2.148000000000000131e+00 5.703999999999999737e+00
9.465200000000000102e+01 4.310199999999999676e+01 3.200300000000000011e+01 6.743999999999999773e+00
1.719910000000000139e+02 9.386799999999999500e+01 7.142900000000000205e+01 5.847999999999999865e+00
2.077930000000000064e+02 1.139980000000000047e+02 1.050619999999999976e+02 7.488999999999999879e+00
1.590780000000000030e+02 8.618999999999999773e+01 1.040829999999999984e+02 1.168800000000000061e+01
7.147400000000000375e+01 4.750600000000000023e+01 6.981399999999999295e+01 1.303299999999999947e+01
1.676399999999999935e+01 3.316799999999999926e+01 4.333899999999999864e+01 7.326999999999999957e+00
-1.648999999999999844e+01 1.944000000000000128e+01 4.424900000000000233e+01 -1.590999999999999970e+00
-8.277400000000000091e+01 -2.962399999999999878e+01 4.110499999999999687e+01 -6.091999999999999638e+00
-1.705709999999999980e+02 -9.323300000000000409e+01 5.091999999999999638e+00 -4.865000000000000213e+00
-2.084430000000000121e+02 -1.173520000000000039e+02 -4.445799999999999841e+01 -2.588000000000000078e+00
-1.578350000000000080e+02 -8.404699999999999704e+01 -6.582999999999999829e+01 -1.167999999999999927e+00
-5.736299999999999955e+01 -2.448900000000000077e+01 -4.193999999999999773e+01 9.719999999999999751e-01
2.130600000000000094e+01 2.467500000000000071e+01 8.939000000000000057e+00 2.495000000000000107e+00
4.405700000000000216e+01 5.185199999999999676e+01 5.362599999999999767e+01 2.190000000000000002e-01
3.203300000000000125e+01 6.060300000000000153e+01 6.847100000000000364e+01 -4.581999999999999851e+00
1.838299999999999912e+01 5.590699999999999648e+01 5.396399999999999864e+01 -7.189000000000000057e+00
1.028100000000000058e+01 4.549099999999999966e+01 3.042699999999999960e+01 -5.307000000000000384e+00
-1.385999999999999899e+00 3.485199999999999676e+01 1.707700000000000173e+01 -1.400000000000000133e-01
-1.407600000000000051e+01 1.989399999999999835e+01 1.651099999999999923e+01 6.048000000000000043e+00
-1.021499999999999986e+01 -7.289999999999999813e-01 1.978699999999999903e+01 1.045599999999999952e+01
2.545899999999999963e+01 -9.701000000000000512e+00 2.177499999999999858e+01 1.032600000000000051e+01
8.993099999999999739e+01 1.327999999999999936e+01 2.466900000000000048e+01 6.044999999999999929e+00
1.520029999999999859e+02 5.534300000000000352e+01 2.589399999999999835e+01 1.788000000000000034e+00
1.664590000000000032e+02 7.391500000000000625e+01 1.535999999999999943e+01 8.279999999999999583e-01
1.168460000000000036e+02 4.835900000000000176e+01 -8.672000000000000597e+00 1.770000000000000018e+00
3.385000000000000142e+01 2.504999999999999893e+00 -3.291499999999999915e+01 9.330000000000000515e-01
-3.837299999999999756e+01 -3.300399999999999778e+01 -4.455599999999999739e+01 -2.357000000000000206e+00
-7.970099999999999341e+01 -5.267000000000000171e+01 -4.571600000000000108e+01 -4.173000000000000043e+00
-9.489499999999999602e+01 -6.422299999999999898e+01 -4.817499999999999716e+01 -5.490000000000000435e-01
-9.218300000000000693e+01 -6.806199999999999761e+01 -5.678399999999999892e+01 6.990999999999999659e+00
-7.427700000000000102e+01 -5.742199999999999704e+01 -6.358400000000000318e+01 1.229800000000000004e+01
-5.305400000000000205e+01 -3.369800000000000040e+01 -6.035300000000000153e+01 1.101299999999999990e+01
-5.283899999999999864e+01 -1.560599999999999987e+01 -5.035699999999999932e+01 4.381000000000000227e+00
-7.875300000000000011e+01 -2.075799999999999912e+01 -4.162700000000000244e+01 -3.138999999999999790e+00
-1.029020000000000010e+02 -3.951400000000000290e+01 -3.553199999999999648e+01 -7.403999999999999915e+00
-1.037639999999999958e+02 -4.709599999999999653e+01 -3.126800000000000068e+01 -6.003000000000000114e+00
-8.946599999999999397e+01 -3.684899999999999665e+01 -3.172500000000000142e+01 -2.800000000000000266e-01
-6.457999999999999829e+01 -1.806500000000000128e+01 -3.199200000000000088e+01 4.527000000000000135e+00
-1.695799999999999841e+01 7.277999999999999581e+00 -1.766499999999999915e+01 5.591000000000000192e+00
4.265699999999999648e+01 3.766599999999999682e+01 9.352000000000000313e+00 6.065000000000000391e+00
7.143000000000000682e+01 5.486500000000000199e+01 2.418400000000000105e+01 8.153999999999999915e+00
4.713799999999999812e+01 4.249499999999999744e+01 1.540600000000000058e+01 8.026999999999999247e+00
3.153000000000000025e+00 1.485500000000000043e+01 4.878999999999999559e+00 1.870000000000000107e+00
-3.379000000000000004e+00 5.879999999999999893e+00 1.463499999999999979e+01 -7.950000000000000178e+00
4.894400000000000261e+01 2.978399999999999892e+01 3.800300000000000011e+01 -1.617299999999999827e+01
1.212680000000000007e+02 6.187800000000000011e+01 5.804500000000000171e+01 -2.033399999999999963e+01
1.570689999999999884e+02 6.465099999999999625e+01 6.841800000000000637e+01 -1.990099999999999980e+01
1.452750000000000057e+02 3.325000000000000000e+01 6.386699999999999733e+01 -1.475799999999999912e+01
1.182210000000000036e+02 -1.187999999999999945e+00 3.993299999999999983e+01 -9.099000000000000199e+00
9.596899999999999409e+01 -1.753300000000000125e+01 1.115300000000000047e+01 -9.038000000000000256e+00
6.725700000000000500e+01 -2.563299999999999912e+01 2.369999999999999885e-01 -1.206099999999999994e+01
2.201800000000000068e+01 -3.639500000000000313e+01 7.855000000000000426e+00 -9.413999999999999702e+00
-2.755699999999999861e+01 -4.353099999999999881e+01 1.702899999999999991e+01 -8.100000000000000533e-01
-6.058700000000000330e+01 -4.037299999999999756e+01 1.904599999999999937e+01 4.982000000000000206e+00
-6.653900000000000148e+01 -2.940099999999999980e+01 1.632600000000000051e+01 4.137999999999999901e+00
-5.174099999999999966e+01 -1.343099999999999916e+01 1.033099999999999952e+01 1.840999999999999970e+00
-3.320499999999999829e+01 3.795999999999999819e+00 -9.230000000000000426e-01 2.713999999999999968e+00
-2.653800000000000026e+01 1.073499999999999943e+01 -1.879899999999999949e+01 5.421000000000000263e+00
-3.968200000000000216e+01 -5.220000000000000195e-01 -3.984100000000000108e+01 7.339999999999999858e+00
-6.772400000000000375e+01 -1.888400000000000034e+01 -5.351400000000000290e+01 8.121000000000000441e+00
-8.885099999999999909e+01 -2.545599999999999952e+01 -4.877100000000000080e+01 7.352000000000000313e+00
-8.364199999999999591e+01 -1.673799999999999955e+01 -2.576200000000000045e+01 4.424999999999999822e+00
-6.049799999999999756e+01 -5.081999999999999851e+00 2.008000000000000007e+00 1.679000000000000048e+00
-4.221900000000000119e+01 5.709999999999999520e-01 1.899200000000000088e+01 2.035000000000000142e+00
-3.506600000000000250e+01 2.762000000000000011e+00 1.954599999999999937e+01 3.705999999999999961e+00
-3.123400000000000176e+01 3.588999999999999968e+00 8.070999999999999730e+00 2.450000000000000178e+00
-2.770299999999999940e+01 -9.969999999999999973e-01 -7.517999999999999794e+00 -2.005999999999999783e+00
-2.487099999999999866e+01 -8.397999999999999687e+00 -1.900199999999999889e+01 -5.599000000000000199e+00
-2.147100000000000009e+01 -7.347999999999999865e+00 -2.004599999999999937e+01 -4.910999999999999588e+00
-1.894399999999999906e+01 4.450000000000000178e+00 -1.038799999999999990e+01 -3.449999999999999734e-01
-1.499300000000000033e+01 1.836499999999999844e+01 2.330000000000000071e+00 5.235000000000000320e+00
2.576999999999999957e+00 3.042899999999999849e+01 7.991999999999999993e+00 9.112999999999999545e+00
3.490800000000000125e+01 3.934400000000000119e+01 3.649999999999999911e+00 9.362999999999999545e+00
5.461999999999999744e+01 3.612400000000000233e+01 -5.158000000000000362e+00 5.665000000000000036e+00
3.589200000000000301e+01 1.653200000000000003e+01 -1.281000000000000050e+01 9.240000000000000435e-01
-3.681000000000000050e+00 -5.136000000000000121e+00 -1.657300000000000040e+01 -1.036000000000000032e+00
-2.155600000000000094e+01 -1.305300000000000082e+01 -1.307699999999999996e+01 -1.700000000000000122e-01
-8.183999999999999275e+00 -1.136400000000000077e+01 -1.969000000000000083e+00 7.489999999999999991e-01
6.418000000000000149e+00 -1.363299999999999912e+01 8.666999999999999815e+00 8.519999999999999796e-01
1.645000000000000018e+00 -2.149800000000000111e+01 8.977000000000000313e+00 1.383999999999999897e+00
-1.342200000000000060e+01 -2.825100000000000122e+01 -3.091000000000000192e+00 2.787999999999999812e+00
-2.530900000000000105e+01 -3.269200000000000017e+01 -2.062699999999999889e+01 4.062999999999999723e+00
-2.645700000000000074e+01 -3.379800000000000182e+01 -3.019900000000000162e+01 3.990000000000000213e+00
-7.724999999999999645e+00 -2.284299999999999997e+01 -2.020200000000000173e+01 2.305000000000000160e+00
2.434499999999999886e+01 -4.249999999999999889e-01 4.490000000000000213e+00 4.800000000000000100e-02
3.591400000000000148e+01 1.064000000000000057e+01 2.387900000000000134e+01 -1.358999999999999986e+00
7.496999999999999886e+00 -5.142999999999999794e+00 2.522500000000000142e+01 -1.495000000000000107e+00
-2.812999999999999901e+01 -2.641000000000000014e+01 1.434800000000000075e+01 -1.219000000000000083e+00
-2.203900000000000148e+01 -2.257700000000000173e+01 3.512000000000000011e+00 -1.179999999999999938e+00
2.944399999999999906e+01 3.355999999999999872e+00 -3.130000000000000004e-01 -2.230000000000000038e-01
7.948999999999999488e+01 2.337600000000000122e+01 2.838999999999999968e+00 3.224000000000000199e+00
8.183299999999999841e+01 2.277499999999999858e+01 7.615999999999999659e+00 7.737000000000000099e+00
4.152100000000000080e+01 1.272100000000000009e+01 9.340999999999999304e+00 9.628999999999999559e+00
6.163000000000000256e+00 9.537000000000000810e+00 7.426999999999999602e+00 8.086999999999999744e+00
3.947999999999999954e+00 1.293500000000000050e+01 1.058000000000000052e+00 5.761000000000000121e+00
1.584500000000000064e+01 1.203999999999999915e+01 -9.537000000000000810e+00 3.802999999999999936e+00
1.553899999999999970e+01 6.056000000000000050e+00 -1.746199999999999974e+01 7.039999999999999591e-01
2.258999999999999897e+00 3.306999999999999940e+00 -1.698199999999999932e+01 -4.583999999999999631e+00
-1.583900000000000041e+01 3.270000000000000018e+00 -1.422899999999999920e+01 -1.124900000000000055e+01
-4.057399999999999807e+01 -3.287999999999999812e+00 -1.762699999999999889e+01 -1.680399999999999849e+01
-7.088800000000000523e+01 -1.707900000000000063e+01 -2.354500000000000171e+01 -1.847500000000000142e+01
-8.650000000000000000e+01 -2.625799999999999912e+01 -2.344999999999999929e+01 -1.602700000000000102e+01
-6.278699999999999903e+01 -1.987099999999999866e+01 -1.654500000000000171e+01 -1.152800000000000047e+01
-1.685000000000000053e+00 2.350000000000000089e+00 -5.878999999999999559e+00 -6.081000000000000405e+00
6.579099999999999682e+01 3.264300000000000068e+01 6.812999999999999723e+00 4.159999999999999809e-01
1.065499999999999972e+02 5.975099999999999767e+01 1.624500000000000099e+01 7.057000000000000384e+00
1.044789999999999992e+02 7.016899999999999693e+01 1.786599999999999966e+01 1.135399999999999920e+01
6.904800000000000182e+01 5.859400000000000119e+01 2.254500000000000171e+01 1.028999999999999915e+01
4.146699999999999875e+01 4.337500000000000000e+01 4.923199999999999932e+01 2.995999999999999996e+00
6.054500000000000171e+01 4.910199999999999676e+01 9.326200000000000045e+01 -6.809000000000000163e+00
1.009009999999999962e+02 6.415000000000000568e+01 1.200400000000000063e+02 -1.317800000000000082e+01
9.183799999999999386e+01 4.932800000000000296e+01 1.039360000000000070e+02 -1.323799999999999955e+01
1.888299999999999912e+01 -1.445999999999999952e+00 5.849799999999999756e+01 -9.778000000000000469e+00
-4.995700000000000074e+01 -4.760999999999999943e+01 1.552299999999999969e+01 -8.583000000000000185e+00
-5.477700000000000102e+01 -5.406900000000000261e+01 -1.007399999999999984e+01 -1.093699999999999939e+01
-8.281000000000000583e+00 -2.545499999999999829e+01 -2.062999999999999901e+01 -1.041600000000000037e+01
3.710199999999999676e+01 8.035000000000000142e+00 -1.800000000000000000e+01 -2.395999999999999908e+00
4.796099999999999852e+01 1.913899999999999935e+01 -4.828000000000000291e+00 6.921000000000000263e+00
2.935399999999999920e+01 4.458999999999999631e+00 7.905000000000000249e+00 8.355000000000000426e+00
6.828000000000000291e+00 -1.570100000000000051e+01 1.141300000000000026e+01 2.871999999999999886e+00
2.294999999999999929e+00 -2.105399999999999849e+01 8.128999999999999559e+00 -9.300000000000000488e-01
2.155999999999999872e+01 -1.039600000000000080e+01 1.413999999999999924e+00 7.680000000000000160e-01
4.989300000000000068e+01 3.706999999999999851e+00 -9.394999999999999574e+00 5.184999999999999609e+00
5.941499999999999915e+01 8.987999999999999545e+00 -1.860200000000000031e+01 9.923000000000000043e+00
3.472299999999999898e+01 1.082000000000000073e+00 -1.676699999999999946e+01 1.337899999999999956e+01
-5.272999999999999687e+00 -1.151699999999999946e+01 -6.397000000000000242e+00 1.227100000000000080e+01
-2.438700000000000045e+01 -1.134900000000000020e+01 5.809999999999999609e-01 6.147000000000000242e+00
-1.372799999999999976e+01 6.317000000000000171e+00 -2.572999999999999954e+00 4.570000000000000173e-01
-1.254000000000000004e+00 2.245899999999999963e+01 -1.555499999999999972e+01 -2.449999999999999956e-01
-1.197600000000000087e+01 1.787699999999999889e+01 -3.296500000000000341e+01 1.284000000000000030e+00
-4.340699999999999648e+01 -4.261999999999999567e+00 -4.399300000000000210e+01 -3.200000000000000067e-01
-8.117799999999999727e+01 -2.887300000000000111e+01 -4.228499999999999659e+01 -4.761999999999999567e+00
-1.103850000000000051e+02 -4.560900000000000176e+01 -3.301400000000000290e+01 -7.027000000000000135e+00
-1.141020000000000039e+02 -4.738499999999999801e+01 -2.258800000000000097e+01 -4.700000000000000178e+00
-8.807800000000000296e+01 -3.071000000000000085e+01 -1.183000000000000007e+01 -2.560000000000000053e-01
-5.536699999999999733e+01 -8.481999999999999318e+00 -3.762999999999999901e+00 3.133999999999999897e+00
-4.442199999999999704e+01 -4.185999999999999943e+00 -5.480999999999999872e+00 4.791000000000000369e+00
-5.372999999999999687e+01 -1.990399999999999991e+01 -1.819600000000000151e+01 5.142000000000000348e+00
-5.795199999999999818e+01 -3.116499999999999915e+01 -3.488600000000000279e+01 4.032000000000000028e+00
-4.619899999999999807e+01 -2.560399999999999920e+01 -4.958700000000000330e+01 2.092999999999999972e+00
-3.136400000000000077e+01 -1.939699999999999847e+01 -5.999300000000000210e+01 1.252999999999999892e+00
-2.419200000000000017e+01 -2.421399999999999864e+01 -6.075900000000000034e+01 1.907999999999999918e+00
-1.720599999999999952e+01 -2.442999999999999972e+01 -4.457200000000000273e+01 2.274000000000000021e+00
7.969000000000000306e+00 4.050000000000000266e-01 -1.204899999999999949e+01 1.852000000000000091e+00
5.840200000000000102e+01 4.397299999999999898e+01 2.388299999999999912e+01 2.451999999999999957e+00
1.056710000000000065e+02 7.356199999999999761e+01 4.418299999999999983e+01 4.777999999999999581e+00
1.022210000000000036e+02 6.360199999999999676e+01 3.825699999999999790e+01 6.334999999999999964e+00
4.098499999999999943e+01 2.595299999999999940e+01 1.664300000000000068e+01 3.983000000000000096e+00
-2.904200000000000159e+01 -5.376999999999999780e+00 2.620000000000000107e+00 -1.594999999999999973e+00
-6.331499999999999773e+01 -1.756200000000000117e+01 7.786999999999999922e+00 -5.466999999999999638e+00
-6.268399999999999750e+01 -2.299399999999999977e+01 2.281899999999999906e+01 -4.347999999999999865e+00
-4.690800000000000125e+01 -2.646399999999999864e+01 3.195700000000000074e+01 -7.660000000000000142e-01
-2.636799999999999855e+01 -2.138500000000000156e+01 2.873999999999999844e+01 1.250999999999999890e+00
-6.424999999999999822e+00 -1.130799999999999983e+01 1.671399999999999864e+01 1.270999999999999908e+00
6.426000000000000156e+00 -7.376000000000000334e+00 1.524999999999999911e+00 6.560000000000000275e-01
9.867000000000000881e+00 -1.119699999999999918e+01 -1.335899999999999999e+01 -1.900000000000000022e-01
7.102000000000000313e+00 -1.581300000000000061e+01 -2.660999999999999943e+01 -3.659999999999999920e-01
-2.415999999999999925e+00 -1.800400000000000134e+01 -3.843800000000000239e+01 2.053999999999999826e+00
-2.620299999999999940e+01 -2.199599999999999866e+01 -4.817300000000000182e+01 7.331999999999999851e+00
-6.249199999999999733e+01 -3.214099999999999824e+01 -5.275200000000000244e+01 1.321199999999999974e+01
-8.814700000000000557e+01 -4.322299999999999898e+01 -4.941400000000000148e+01 1.708599999999999852e+01
-7.734199999999999875e+01 -4.056499999999999773e+01 -3.659100000000000108e+01 1.688800000000000168e+01
-2.849099999999999966e+01 -1.335100000000000087e+01 -1.176699999999999946e+01 1.097799999999999976e+01
3.585799999999999699e+01 3.179100000000000037e+01 2.505900000000000105e+01 6.530000000000000249e-01
8.647499999999999432e+01 6.984600000000000364e+01 6.254899999999999949e+01 -8.470000000000000639e+00
9.790300000000000580e+01 7.343500000000000227e+01 7.813400000000000034e+01 -1.228800000000000026e+01
5.985300000000000153e+01 4.004800000000000182e+01 5.774399999999999977e+01 -1.392399999999999949e+01
-3.750000000000000000e-01 3.790999999999999925e+00 1.709100000000000108e+01 -1.814799999999999969e+01
-2.276899999999999835e+01 3.744000000000000217e+00 -9.564999999999999503e+00 -2.234799999999999898e+01
1.840399999999999991e+01 3.294200000000000017e+01 -5.641000000000000014e+00 -1.991799999999999926e+01
6.917900000000000205e+01 4.306400000000000006e+01 1.628699999999999903e+01 -1.145599999999999952e+01
6.842799999999999727e+01 1.359399999999999942e+01 3.760999999999999943e+01 -5.437999999999999723e+00
3.324600000000000222e+01 -1.982700000000000173e+01 4.779999999999999716e+01 -6.437999999999999723e+00
1.841199999999999903e+01 -2.265299999999999869e+01 3.979699999999999704e+01 -8.861000000000000654e+00
3.364999999999999858e+01 -5.799000000000000377e+00 1.594899999999999984e+01 -5.802999999999999936e+00
4.571399999999999864e+01 4.134000000000000341e+00 -4.679999999999999716e+00 1.532999999999999918e+00
3.105900000000000105e+01 3.811999999999999833e+00 -5.352999999999999758e+00 7.522999999999999687e+00
-7.249999999999999778e-01 3.089999999999999858e+00 5.121000000000000441e+00 9.073999999999999844e+00
-2.598199999999999932e+01 -3.850000000000000089e-01 5.392000000000000348e+00 5.416999999999999815e+00
-3.524799999999999756e+01 -1.420400000000000063e+01 -5.136999999999999567e+00 -2.317000000000000171e+00
-3.479500000000000171e+01 -3.121499999999999986e+01 -6.416999999999999815e+00 -9.135999999999999233e+00
-2.973100000000000165e+01 -3.537500000000000000e+01 7.847000000000000419e+00 -9.387000000000000455e+00
-2.088700000000000045e+01 -2.227100000000000080e+01 1.939099999999999824e+01 -3.657999999999999918e+00
-1.141900000000000048e+01 -3.609999999999999876e+00 1.519200000000000017e+01 7.099999999999999645e-01
-3.757000000000000117e+00 5.966000000000000192e+00 4.599999999999999645e+00 -1.467999999999999972e+00
3.769000000000000128e+00 2.213000000000000078e+00 -2.192000000000000171e+00 -5.751999999999999780e+00
7.764000000000000234e+00 -8.433999999999999275e+00 -1.018299999999999983e+01 -4.251999999999999780e+00
-3.854000000000000092e+00 -1.978200000000000003e+01 -2.431800000000000139e+01 2.496999999999999886e+00
-3.133800000000000097e+01 -2.971799999999999997e+01 -3.698199999999999932e+01 7.078000000000000291e+00
-4.884100000000000108e+01 -3.130000000000000071e+01 -3.982600000000000051e+01 7.014999999999999680e+00
-3.418800000000000239e+01 -1.522100000000000009e+01 -3.479699999999999704e+01 6.458000000000000185e+00
-3.061999999999999833e+00 1.144800000000000040e+01 -2.698000000000000043e+01 7.443999999999999950e+00
1.311800000000000033e+01 2.576800000000000068e+01 -1.864399999999999835e+01 7.516000000000000014e+00
8.337999999999999190e+00 1.615800000000000125e+01 -1.415000000000000036e+01 5.243999999999999773e+00
-3.427000000000000046e+00 -4.979000000000000092e+00 -1.564400000000000013e+01 2.358999999999999986e+00
-1.338499999999999979e+01 -1.974599999999999866e+01 -1.414000000000000057e+01 1.004999999999999893e+00
-1.867000000000000171e+01 -2.273999999999999844e+01 -2.439000000000000057e+00 1.870000000000000107e+00
-1.600700000000000145e+01 -1.586200000000000010e+01 1.131199999999999939e+01 4.091000000000000192e+00
-3.068000000000000060e+00 3.181000000000000050e+00 1.901399999999999935e+01 5.684000000000000163e+00
1.915200000000000102e+01 3.413799999999999812e+01 2.229299999999999926e+01 5.128999999999999559e+00
4.444200000000000017e+01 6.270799999999999841e+01 1.876500000000000057e+01 2.875999999999999890e+00
7.017400000000000659e+01 7.296399999999999864e+01 8.096000000000000085e+00 2.800000000000000266e-01
1.006119999999999948e+02 6.511199999999999477e+01 6.661999999999999922e+00 -2.080999999999999961e+00
1.180499999999999972e+02 4.791100000000000136e+01 2.118700000000000117e+01 -3.386000000000000121e+00
8.378400000000000603e+01 2.621600000000000108e+01 2.776999999999999957e+01 -1.772000000000000020e+00
4.955000000000000071e+00 5.509999999999999787e+00 1.349399999999999977e+01 3.099000000000000199e+00
-5.434000000000000341e+01 -6.049999999999999822e+00 5.285000000000000142e+00 8.523999999999999133e+00
-6.114500000000000313e+01 -6.908999999999999808e+00 2.080999999999999872e+01 1.102999999999999936e+01
-4.787899999999999778e+01 -4.246999999999999886e+00 3.242499999999999716e+01 8.951999999999999957e+00
-4.381900000000000261e+01 -5.503999999999999559e+00 1.467999999999999972e+01 3.875999999999999890e+00
-3.893500000000000227e+01 -1.282900000000000063e+01 -1.500799999999999912e+01 1.990000000000000102e-01
-2.426300000000000168e+01 -2.458999999999999986e+01 -3.057900000000000063e+01 5.919999999999999707e-01
-1.495299999999999940e+01 -3.774900000000000233e+01 -3.216199999999999903e+01 2.520000000000000018e+00
-2.135300000000000153e+01 -4.670799999999999841e+01 -2.900499999999999901e+01 2.740000000000000213e+00
-2.773100000000000165e+01 -4.384599999999999653e+01 -2.235399999999999920e+01 2.520999999999999908e+00
-9.634000000000000341e+00 -2.584600000000000009e+01 -1.396599999999999930e+01 4.049999999999999822e+00
3.860600000000000165e+01 2.948999999999999844e+00 -7.427999999999999936e+00 5.527999999999999581e+00
9.367199999999999704e+01 3.331900000000000261e+01 -1.721000000000000085e+00 3.861000000000000210e+00
1.203760000000000048e+02 5.208599999999999852e+01 4.940999999999999837e+00 -1.278999999999999915e+00
1.049800000000000040e+02 4.725900000000000034e+01 1.207900000000000063e+01 -7.575000000000000178e+00
6.330700000000000216e+01 2.201699999999999946e+01 1.849399999999999977e+01 -1.139799999999999969e+01
1.307699999999999996e+01 -6.216000000000000192e+00 1.912399999999999878e+01 -1.058099999999999952e+01
-4.000500000000000256e+01 -2.504500000000000171e+01 7.588000000000000078e+00 -7.669999999999999929e+00
-8.527400000000000091e+01 -3.171999999999999886e+01 -1.070899999999999963e+01 -6.304000000000000270e+00
-1.033990000000000009e+02 -2.619500000000000028e+01 -1.869399999999999906e+01 -4.783000000000000362e+00
-8.698399999999999466e+01 -1.552599999999999980e+01 -1.016099999999999959e+01 4.759999999999999787e-01
-4.975800000000000267e+01 -9.986000000000000654e+00 1.869999999999999996e-01 7.166000000000000369e+00
-1.315199999999999925e+01 -6.669999999999999929e+00 1.437999999999999945e+00 9.766999999999999460e+00
8.932000000000000384e+00 3.254999999999999893e+00 3.615000000000000213e+00 7.637999999999999901e+00
1.318800000000000061e+01 1.349900000000000055e+01 1.402899999999999991e+01 4.512999999999999901e+00
5.926999999999999602e+00 1.310899999999999999e+01 1.939699999999999847e+01 1.925000000000000044e+00
2.443000000000000060e+00 9.227000000000000313e+00 9.634000000000000341e+00 -1.302999999999999936e+00
1.353599999999999959e+01 1.254599999999999937e+01 -3.634999999999999787e+00 -4.187999999999999723e+00
3.028000000000000114e+01 1.419500000000000028e+01 -7.730999999999999872e+00 -4.687999999999999723e+00
3.998400000000000176e+01 6.605999999999999872e+00 -6.769999999999999574e+00 -4.753000000000000114e+00
5.113700000000000045e+01 7.431000000000000050e+00 -5.684000000000000163e+00 -6.961999999999999744e+00
7.257699999999999818e+01 2.825000000000000000e+01 3.367999999999999883e+00 -8.660999999999999588e+00
8.174599999999999511e+01 4.279099999999999682e+01 2.192699999999999960e+01 -6.801000000000000156e+00
5.420400000000000063e+01 2.383200000000000074e+01 3.060300000000000153e+01 -4.410000000000000142e+00
6.953000000000000291e+00 -1.135299999999999976e+01 1.502999999999999936e+01 -5.998999999999999666e+00
-2.402199999999999847e+01 -2.650199999999999889e+01 -9.445000000000000284e+00 -1.035899999999999999e+01
-2.985399999999999920e+01 -1.704700000000000060e+01 -1.982900000000000063e+01 -1.230700000000000038e+01
-2.848900000000000077e+01 -7.878000000000000114e+00 -1.444699999999999918e+01 -9.589999999999999858e+00
-3.434599999999999653e+01 -1.251399999999999935e+01 -3.875999999999999890e+00 -5.261000000000000121e+00
-4.490699999999999648e+01 -1.729700000000000060e+01 6.317999999999999616e+00 -3.196000000000000174e+00
-5.336599999999999966e+01 -9.742000000000000881e+00 1.190000000000000036e+01 -3.271999999999999797e+00
-6.155799999999999983e+01 -2.414000000000000146e+00 8.307000000000000384e+00 -2.712000000000000188e+00
-7.186700000000000443e+01 -9.810999999999999943e+00 2.540000000000000036e-01 -4.129999999999999782e-01
-7.579300000000000637e+01 -2.021999999999999886e+01 -2.351999999999999869e+00 2.805000000000000160e+00
-6.431300000000000239e+01 -1.589499999999999957e+01 1.890000000000000013e-01 6.176000000000000156e+00
-4.243900000000000006e+01 -2.608999999999999986e+00 -5.060000000000000053e-01 8.390000000000000568e+00
-2.192399999999999949e+01 4.804999999999999716e+00 -5.791000000000000369e+00 7.676000000000000156e+00
-8.390000000000000568e+00 7.426999999999999602e+00 -9.647999999999999687e+00 4.458999999999999631e+00
-4.612000000000000099e+00 1.211500000000000021e+01 -1.080700000000000038e+01 1.385999999999999899e+00
-1.507000000000000028e+01 1.238799999999999990e+01 -1.461200000000000010e+01 -6.300000000000000044e-02
-3.693699999999999761e+01 -1.975000000000000089e+00 -2.316900000000000048e+01 -1.173999999999999932e+00
-5.419599999999999795e+01 -2.400000000000000000e+01 -3.069099999999999895e+01 -3.487000000000000099e+00
-4.981300000000000239e+01 -3.383800000000000097e+01 -3.037800000000000011e+01 -5.081999999999999851e+00
-2.152100000000000080e+01 -2.355499999999999972e+01 -2.196600000000000108e+01 -2.168000000000000149e+00
1.681099999999999994e+01 -5.791999999999999815e+00 -1.044200000000000017e+01 4.205000000000000071e+00
4.661099999999999710e+01 4.083999999999999631e+00 -1.247999999999999998e+00 8.054000000000000270e+00
5.961800000000000210e+01 5.487000000000000099e+00 2.532000000000000028e+00 7.046000000000000263e+00
6.300999999999999801e+01 8.173000000000000043e+00 4.205000000000000071e+00 4.955000000000000071e+00
6.477200000000000557e+01 1.511299999999999955e+01 1.142800000000000082e+01 4.461000000000000298e+00
5.904500000000000171e+01 1.762600000000000122e+01 2.187600000000000122e+01 4.187000000000000277e+00
3.544599999999999795e+01 8.167999999999999261e+00 2.049099999999999966e+01 3.242999999999999883e+00
-1.975999999999999979e+00 -9.750999999999999446e+00 1.461000000000000076e+00 2.783999999999999808e+00
-3.484199999999999875e+01 -2.604599999999999937e+01 -2.048900000000000077e+01 3.059000000000000163e+00
-4.878300000000000125e+01 -3.263499999999999801e+01 -3.071099999999999852e+01 2.955000000000000071e+00
-4.274399999999999977e+01 -2.648799999999999955e+01 -3.064199999999999946e+01 1.941999999999999948e+00
-2.002299999999999969e+01 -8.000999999999999446e+00 -2.467000000000000171e+01 7.820000000000000284e-01
1.387400000000000055e+01 1.868199999999999861e+01 -8.753999999999999559e+00 6.450000000000000178e-01
4.270799999999999841e+01 4.231900000000000261e+01 1.724299999999999855e+01 1.252000000000000002e+00
5.273400000000000176e+01 4.906799999999999784e+01 3.952400000000000091e+01 5.250000000000000222e-01
5.500000000000000000e+01 3.517799999999999727e+01 4.412899999999999778e+01 -2.728000000000000203e+00
6.476500000000000057e+01 9.563000000000000611e+00 3.398100000000000165e+01 -6.596000000000000085e+00
6.652200000000000557e+01 -1.624399999999999977e+01 2.264199999999999946e+01 -7.022999999999999687e+00
3.631099999999999994e+01 -3.386200000000000188e+01 1.587800000000000011e+01 -1.943000000000000060e+00
-1.545199999999999996e+01 -3.927499999999999858e+01 1.026900000000000013e+01 4.661999999999999922e+00
-5.797099999999999653e+01 -3.730700000000000216e+01 5.600999999999999979e+00 6.366999999999999993e+00
-7.800300000000000011e+01 -3.777300000000000324e+01 4.693999999999999950e+00 3.051000000000000156e+00
-7.767600000000000193e+01 -3.982399999999999807e+01 5.025000000000000355e+00 3.780000000000000027e-01
-5.493699999999999761e+01 -3.000600000000000023e+01 4.658999999999999808e+00 5.420000000000000373e-01
-1.203299999999999947e+01 -3.250999999999999890e+00 8.775999999999999801e+00 4.010000000000000231e-01
2.860999999999999943e+01 2.626500000000000057e+01 1.715399999999999991e+01 -1.471999999999999975e+00
4.346500000000000341e+01 4.466599999999999682e+01 1.757700000000000173e+01 -2.359999999999999876e+00
3.901400000000000290e+01 5.500699999999999790e+01 3.326000000000000068e+00 -4.889999999999999902e-01
3.970000000000000284e+01 6.336399999999999721e+01 -1.509999999999999964e+01 2.444999999999999840e+00
4.751800000000000068e+01 6.358200000000000074e+01 -2.336899999999999977e+01 4.834999999999999964e+00
4.151200000000000045e+01 4.856600000000000250e+01 -1.933399999999999963e+01 7.182000000000000384e+00
2.212699999999999889e+01 2.603099999999999881e+01 -1.122799999999999976e+01 9.146000000000000796e+00
2.078699999999999903e+01 1.161299999999999955e+01 -4.740000000000000213e+00 8.257999999999999119e+00
4.540100000000000335e+01 8.980999999999999872e+00 2.012999999999999901e+00 3.713000000000000078e+00
5.446200000000000330e+01 4.897000000000000242e+00 8.071999999999999176e+00 -6.450000000000000178e-01
1.769099999999999895e+01 -1.161899999999999977e+01 4.775000000000000355e+00 1.499999999999999944e-01
-3.122200000000000131e+01 -3.158599999999999852e+01 -7.703999999999999737e+00 4.865999999999999659e+00
-4.194500000000000028e+01 -3.910600000000000165e+01 -1.391399999999999970e+01 5.812999999999999723e+00
-2.461299999999999955e+01 -3.637899999999999778e+01 -6.831000000000000405e+00 -5.789999999999999591e-01
-3.114300000000000068e+01 -3.574199999999999733e+01 2.972999999999999865e+00 -7.767000000000000348e+00
-6.777200000000000557e+01 -3.265100000000000335e+01 1.193999999999999950e+01 -9.191000000000000725e+00
-8.622799999999999443e+01 -1.724800000000000111e+01 2.699099999999999966e+01 -8.391999999999999460e+00
-6.664300000000000068e+01 -6.575999999999999623e+00 3.769599999999999795e+01 -1.216799999999999926e+01
-3.788400000000000034e+01 -1.979799999999999827e+01 2.422800000000000153e+01 -1.898400000000000176e+01
-3.045999999999999819e+00 -2.643599999999999994e+01 -1.683999999999999941e+00 -2.084199999999999875e+01
6.966700000000000159e+01 1.832000000000000028e+01 -5.538000000000000256e+00 -1.394999999999999929e+01
1.556610000000000014e+02 8.695900000000000318e+01 1.637600000000000122e+01 -3.515000000000000124e+00
1.665480000000000018e+02 1.009050000000000011e+02 3.035800000000000054e+01 2.342000000000000082e+00
7.563200000000000500e+01 4.260799999999999699e+01 1.727400000000000091e+01 1.983999999999999986e+00
-3.134100000000000108e+01 -2.453800000000000026e+01 -2.841000000000000192e+00 8.489999999999999769e-01
-6.820799999999999841e+01 -4.978900000000000148e+01 -8.221999999999999531e+00 3.043000000000000149e+00
-4.395400000000000063e+01 -4.440999999999999659e+01 -5.544999999999999929e+00 6.937999999999999723e+00
-1.875400000000000134e+01 -3.636500000000000199e+01 -8.105999999999999872e+00 9.544999999999999929e+00
-1.667999999999999972e+01 -2.861100000000000065e+01 -1.249300000000000033e+01 1.031400000000000006e+01
-1.801099999999999923e+01 -1.432300000000000040e+01 -1.134200000000000053e+01 9.371000000000000441e+00
-1.240600000000000058e+01 -1.066999999999999948e+00 -8.509999999999999787e+00 6.216999999999999638e+00
-1.480899999999999928e+01 -1.221000000000000085e+00 -1.213400000000000034e+01 1.945000000000000062e+00
-2.956099999999999994e+01 -1.249099999999999966e+01 -2.295599999999999952e+01 -8.269999999999999574e-01
-3.786299999999999955e+01 -2.152799999999999869e+01 -3.327700000000000102e+01 -1.909999999999999920e+00
-2.888200000000000145e+01 -2.000400000000000134e+01 -3.527300000000000324e+01 -3.835999999999999854e+00
-1.534500000000000064e+01 -1.047400000000000020e+01 -2.913200000000000145e+01 -6.479000000000000092e+00
-1.270199999999999996e+01 -2.500000000000000000e+00 -2.286499999999999844e+01 -5.559999999999999609e+00
-2.302400000000000091e+01 -6.240999999999999659e+00 -2.573900000000000077e+01 5.590000000000000524e-01
-3.959400000000000119e+01 -2.218700000000000117e+01 -3.991799999999999926e+01 6.551999999999999602e+00
-5.214600000000000080e+01 -3.512899999999999778e+01 -5.551200000000000045e+01 6.565000000000000391e+00
-5.061099999999999710e+01 -2.745400000000000063e+01 -5.656400000000000006e+01 2.020999999999999908e+00
-3.232900000000000063e+01 1.022000000000000020e+00 -3.492999999999999972e+01 -8.750000000000000000e-01
-4.174000000000000377e+00 3.388900000000000290e+01 8.559999999999999831e-01 6.300000000000000044e-02
2.024399999999999977e+01 5.527600000000000335e+01 3.187900000000000134e+01 1.039999999999999952e-01
2.616300000000000026e+01 6.034400000000000119e+01 4.736500000000000199e+01 -4.836000000000000298e+00
1.103999999999999915e+01 5.338700000000000045e+01 5.312899999999999778e+01 -1.031099999999999994e+01
-8.680999999999999162e+00 4.070000000000000284e+01 5.664900000000000091e+01 -8.669999999999999929e+00
-1.469299999999999962e+01 2.624399999999999977e+01 5.267699999999999960e+01 -1.197999999999999954e+00
-7.307000000000000384e+00 1.322400000000000020e+01 3.296900000000000119e+01 3.265000000000000124e+00
-1.580000000000000016e-01 4.325000000000000178e+00 2.527000000000000135e+00 1.750000000000000000e+00
-1.534999999999999920e+00 -1.643000000000000016e+00 -2.398900000000000077e+01 7.099999999999999367e-02
-1.118500000000000050e+01 -8.105000000000000426e+00 -3.727300000000000324e+01 1.643999999999999906e+00
-2.632000000000000028e+01 -1.506199999999999939e+01 -3.712199999999999989e+01 2.471999999999999975e+00
-3.696500000000000341e+01 -1.728200000000000003e+01 -2.446099999999999852e+01 -1.570000000000000007e-01
-2.316900000000000048e+01 -7.133000000000000007e+00 1.056000000000000050e+00 -2.000999999999999890e+00
2.485399999999999920e+01 1.694999999999999929e+01 2.979200000000000159e+01 2.169999999999999984e-01
8.343500000000000227e+01 4.125699999999999790e+01 3.895300000000000296e+01 1.856999999999999984e+00
1.116140000000000043e+02 4.596699999999999875e+01 1.821399999999999864e+01 -1.808000000000000052e+00
9.685699999999999932e+01 2.901099999999999923e+01 -1.183799999999999919e+01 -6.110999999999999766e+00
6.255499999999999972e+01 6.213000000000000078e+00 -2.722500000000000142e+01 -3.714999999999999858e+00
2.512600000000000122e+01 -1.526500000000000057e+01 -3.037500000000000000e+01 3.197000000000000064e+00
-2.209799999999999898e+01 -4.169899999999999807e+01 -3.393599999999999994e+01 7.153999999999999915e+00
-7.041299999999999670e+01 -6.771500000000000341e+01 -3.556400000000000006e+01 7.940999999999999837e+00
-7.582999999999999829e+01 -6.959499999999999886e+01 -2.544399999999999906e+01 1.011299999999999955e+01
-2.411999999999999922e+00 -3.019600000000000151e+01 -2.584000000000000075e+00 1.243200000000000038e+01
1.200840000000000032e+02 3.738100000000000023e+01 2.581099999999999994e+01 1.067500000000000071e+01
1.980879999999999939e+02 8.788200000000000500e+01 4.932099999999999795e+01 6.661999999999999922e+00
1.563770000000000095e+02 7.533299999999999841e+01 5.800800000000000267e+01 4.788999999999999702e+00
2.608999999999999986e+01 7.501000000000000334e+00 5.052600000000000335e+01 3.182999999999999829e+00
-7.796399999999999864e+01 -4.949900000000000233e+01 3.510900000000000176e+01 -2.911999999999999922e+00
-8.685200000000000387e+01 -5.058899999999999864e+01 2.039999999999999858e+01 -1.153800000000000026e+01
-4.540500000000000114e+01 -2.541000000000000014e+01 1.142999999999999972e+01 -1.598399999999999999e+01
-2.158200000000000074e+01 -1.908500000000000085e+01 1.097199999999999953e+01 -1.458799999999999919e+01
-7.554999999999999716e+00 -2.335600000000000165e+01 1.761400000000000077e+01 -1.146499999999999986e+01
3.293500000000000227e+01 -9.051000000000000156e+00 2.281800000000000139e+01 -8.679999999999999716e+00
7.582399999999999807e+01 1.511299999999999955e+01 1.456799999999999962e+01 -4.304999999999999716e+00
6.879200000000000159e+01 1.973100000000000165e+01 -8.365999999999999659e+00 1.750000000000000000e+00
1.694800000000000040e+01 1.752000000000000002e+00 -2.834299999999999997e+01 5.905999999999999694e+00
-2.880300000000000082e+01 -1.759499999999999886e+01 -2.778600000000000136e+01 6.193999999999999950e+00
-4.556499999999999773e+01 -2.397200000000000131e+01 -1.107300000000000040e+01 4.913999999999999702e+00
-4.743999999999999773e+01 -1.904899999999999949e+01 5.064000000000000057e+00 4.616999999999999993e+00
-4.116400000000000148e+01 -7.977000000000000313e+00 1.211100000000000065e+01 4.725999999999999979e+00
-2.292800000000000082e+01 6.881000000000000227e+00 1.131000000000000050e+01 3.313000000000000167e+00
-9.489000000000000767e+00 1.901500000000000057e+01 8.173000000000000043e+00 3.659999999999999920e-01
-2.714300000000000068e+01 1.795499999999999829e+01 9.635999999999999233e+00 -2.056999999999999940e+00
-6.804099999999999682e+01 3.407000000000000028e+00 1.671300000000000097e+01 -2.741999999999999993e+00
-9.192799999999999727e+01 -1.137700000000000067e+01 2.229799999999999827e+01 -2.512999999999999901e+00
-7.732699999999999818e+01 -1.569500000000000028e+01 2.005900000000000105e+01 -2.108999999999999986e+00
-4.663400000000000034e+01 -1.200500000000000078e+01 9.226000000000000867e+00 -1.286000000000000032e+00
-3.124399999999999977e+01 -8.102999999999999758e+00 -7.842999999999999972e+00 -4.000000000000000083e-02
-3.143700000000000117e+01 -6.791999999999999815e+00 -2.539199999999999946e+01 1.284999999999999920e+00
-2.951999999999999957e+01 -7.998000000000000220e+00 -3.569299999999999784e+01 2.491000000000000103e+00
-2.653600000000000136e+01 -1.483099999999999952e+01 -3.794700000000000273e+01 3.552000000000000046e+00
-3.683400000000000318e+01 -2.809299999999999997e+01 -4.025500000000000256e+01 5.141000000000000014e+00
-5.597299999999999898e+01 -3.928699999999999903e+01 -4.635799999999999699e+01 7.796000000000000263e+00
-6.345100000000000051e+01 -3.964900000000000091e+01 -4.846200000000000330e+01 9.477000000000000313e+00
-5.070400000000000063e+01 -2.916600000000000037e+01 -3.879500000000000171e+01 6.897000000000000242e+00
-2.444800000000000040e+01 -8.740999999999999659e+00 -1.944500000000000028e+01 4.430000000000000049e-01
6.652000000000000135e+00 2.051099999999999923e+01 1.280000000000000027e+00 -5.538999999999999702e+00
3.094200000000000017e+01 4.234300000000000352e+01 1.359900000000000020e+01 -8.071999999999999176e+00
3.418699999999999761e+01 3.504599999999999937e+01 1.027800000000000047e+01 -8.643000000000000682e+00
1.859700000000000131e+01 6.972000000000000419e+00 -3.116000000000000103e+00 -1.016999999999999993e+01
8.212999999999999190e+00 -5.548000000000000043e+00 -7.041999999999999815e+00 -1.176299999999999990e+01
2.110099999999999909e+01 1.419999999999999929e+01 1.024000000000000021e+01 -8.763999999999999346e+00
5.215599999999999881e+01 4.678300000000000125e+01 3.692199999999999704e+01 7.699999999999999900e-02
8.898300000000000409e+01 7.020600000000000307e+01 5.443299999999999983e+01 8.952999999999999403e+00
1.162289999999999992e+02 7.523499999999999943e+01 5.727700000000000102e+01 1.216699999999999982e+01
1.095729999999999933e+02 5.343500000000000227e+01 4.788799999999999812e+01 1.073099999999999987e+01
6.801000000000000512e+01 1.104299999999999926e+01 2.901899999999999835e+01 8.233000000000000540e+00
3.631400000000000006e+01 -1.696399999999999864e+01 9.265000000000000568e+00 4.801999999999999602e+00
4.881199999999999761e+01 -7.046000000000000263e+00 6.700000000000000400e-01 -1.056000000000000050e+00
7.260200000000000387e+01 1.353500000000000014e+01 3.241999999999999993e+00 -7.812000000000000277e+00
4.954599999999999937e+01 3.532999999999999918e+00 2.810999999999999943e+00 -1.160100000000000087e+01
-2.049699999999999989e+01 -3.153800000000000026e+01 -9.470000000000000639e+00 -1.100099999999999945e+01
-7.650000000000000000e+01 -5.118200000000000216e+01 -2.501699999999999946e+01 -8.416999999999999815e+00
-7.696500000000000341e+01 -4.106499999999999773e+01 -3.167000000000000171e+01 -5.698999999999999844e+00
-4.737299999999999756e+01 -2.511499999999999844e+01 -2.972200000000000131e+01 -1.875000000000000000e+00
-3.259799999999999898e+01 -2.157199999999999918e+01 -2.642399999999999949e+01 2.978000000000000203e+00
-3.913799999999999812e+01 -2.242899999999999849e+01 -2.417500000000000071e+01 6.150000000000000355e+00
-4.829399999999999693e+01 -1.784299999999999997e+01 -2.298799999999999955e+01 6.147000000000000242e+00
-5.308599999999999852e+01 -1.175699999999999967e+01 -2.549099999999999966e+01 4.112000000000000099e+00
-5.200399999999999778e+01 -6.527000000000000135e+00 -2.890399999999999991e+01 1.453000000000000069e+00
-3.119200000000000017e+01 7.301000000000000156e+00 -2.130000000000000071e+01 -9.989999999999999991e-01
1.305400000000000027e+01 3.424900000000000233e+01 -1.409999999999999865e-01 -2.504000000000000004e+00
5.196999999999999886e+01 5.854800000000000182e+01 1.547799999999999976e+01 -3.100000000000000089e+00
6.009899999999999665e+01 6.073599999999999710e+01 9.939000000000000057e+00 -3.726999999999999869e+00
5.556900000000000261e+01 4.582600000000000051e+01 -3.964999999999999858e+00 -4.514999999999999680e+00
6.888500000000000512e+01 3.681300000000000239e+01 -7.642999999999999794e+00 -3.899000000000000021e+00
9.082299999999999329e+01 3.787100000000000222e+01 -7.200000000000000178e+00 -3.950000000000000178e-01
8.380599999999999739e+01 2.613899999999999935e+01 -1.504400000000000048e+01 5.261999999999999567e+00
3.349000000000000199e+01 -9.823000000000000398e+00 -2.085900000000000176e+01 1.044899999999999984e+01
-3.029500000000000171e+01 -4.516199999999999903e+01 -8.746999999999999886e+00 1.279199999999999982e+01
-6.333400000000000318e+01 -4.960300000000000153e+01 1.403500000000000014e+01 1.160399999999999920e+01
-5.189399999999999835e+01 -2.660999999999999943e+01 2.959499999999999886e+01 7.983999999999999986e+00
-2.157000000000000028e+01 -3.476999999999999869e+00 3.588300000000000267e+01 3.448999999999999844e+00
-5.794999999999999929e+00 2.495000000000000107e+00 3.912100000000000222e+01 -1.822999999999999954e+00
-1.694200000000000017e+01 -7.583999999999999631e+00 3.500200000000000244e+01 -7.658000000000000362e+00
-4.025099999999999767e+01 -2.347500000000000142e+01 1.972500000000000142e+01 -1.130899999999999928e+01
-4.647500000000000142e+01 -3.175000000000000000e+01 4.081999999999999851e+00 -9.941000000000000725e+00
-2.037500000000000000e+01 -2.387900000000000134e+01 -1.022999999999999909e+00 -4.958999999999999631e+00
2.141100000000000136e+01 -4.451999999999999957e+00 2.116000000000000103e+00 -1.700000000000000122e-02
4.675699999999999790e+01 1.136200000000000010e+01 5.179999999999999716e+00 3.692000000000000171e+00
3.800900000000000034e+01 9.961999999999999744e+00 1.907999999999999918e+00 6.383000000000000007e+00
6.464999999999999858e+00 -7.315000000000000391e+00 -7.232000000000000206e+00 6.594999999999999751e+00
-2.063400000000000034e+01 -2.411199999999999832e+01 -1.340300000000000047e+01 3.283999999999999808e+00
-2.856599999999999895e+01 -2.573300000000000054e+01 -9.291999999999999815e+00 -1.375000000000000000e+00
-2.113500000000000156e+01 -1.046799999999999997e+01 2.540000000000000036e+00 -4.623000000000000220e+00
-2.072999999999999954e+00 1.436299999999999955e+01 1.533099999999999952e+01 -6.458000000000000185e+00
2.719800000000000040e+01 3.761500000000000199e+01 2.392899999999999849e+01 -7.918999999999999595e+00
5.371600000000000108e+01 4.760799999999999699e+01 2.474699999999999989e+01 -7.926999999999999602e+00
5.816499999999999915e+01 3.837599999999999767e+01 1.794699999999999918e+01 -4.774000000000000021e+00
3.488600000000000279e+01 1.383200000000000074e+01 7.046000000000000263e+00 -1.779999999999999916e-01
-2.552000000000000046e+00 -1.436800000000000033e+01 -6.190000000000000391e+00 1.737999999999999989e+00
-3.273499999999999943e+01 -3.342799999999999727e+01 -2.046699999999999875e+01 5.000000000000000278e-02
-4.167399999999999949e+01 -3.702300000000000324e+01 -3.039900000000000091e+01 -1.828999999999999959e+00
-3.260699999999999932e+01 -2.875400000000000134e+01 -2.966799999999999926e+01 -1.032000000000000028e+00
-1.939799999999999969e+01 -1.880699999999999861e+01 -1.779599999999999937e+01 1.705999999999999961e+00
-1.321000000000000085e+01 -1.684700000000000131e+01 -3.859999999999999876e+00 4.030000000000000249e+00
-2.423999999999999844e+01 -2.658800000000000097e+01 -2.851999999999999869e+00 4.509999999999999787e+00
-5.937899999999999778e+01 -4.526899999999999835e+01 -2.099800000000000111e+01 3.162999999999999812e+00
-1.010010000000000048e+02 -6.479800000000000182e+01 -4.553600000000000136e+01 1.316999999999999948e+00
-1.118239999999999981e+02 -7.163100000000000023e+01 -5.713300000000000267e+01 5.789999999999999591e-01
-7.791299999999999670e+01 -5.393599999999999994e+01 -4.996300000000000097e+01 8.589999999999999858e-01
-2.680399999999999849e+01 -1.815500000000000114e+01 -3.273899999999999721e+01 6.350000000000000089e-01
8.919999999999999929e+00 1.310699999999999932e+01 -1.284399999999999942e+01 -2.989999999999999880e-01
3.179500000000000171e+01 3.260999999999999943e+01 1.344500000000000028e+01 -5.160000000000000142e-01
6.535899999999999466e+01 5.596099999999999852e+01 5.017300000000000182e+01 -3.729999999999999982e-01
1.055699999999999932e+02 8.336100000000000421e+01 8.265699999999999648e+01 -2.358000000000000096e+00
1.191979999999999933e+02 9.014300000000000068e+01 8.437099999999999511e+01 -5.700000000000000178e+00
9.560299999999999443e+01 6.964000000000000057e+01 5.304200000000000159e+01 -5.411999999999999922e+00
5.934199999999999875e+01 4.406000000000000227e+01 2.128600000000000136e+01 -3.799999999999999906e-02
2.696999999999999886e+01 2.583500000000000085e+01 1.573900000000000077e+01 5.344999999999999751e+00
-4.424000000000000377e+00 7.275999999999999801e+00 2.423900000000000077e+01 6.570999999999999730e+00
-2.869200000000000017e+01 -1.226999999999999957e+01 2.014699999999999847e+01 5.089000000000000412e+00
-3.386999999999999744e+01 -2.199699999999999989e+01 1.491999999999999993e+00 3.794999999999999929e+00
-2.737600000000000122e+01 -2.023600000000000065e+01 -1.360899999999999999e+01 3.233000000000000096e+00
-2.551300000000000168e+01 -1.647400000000000020e+01 -1.699500000000000099e+01 2.928999999999999826e+00
-2.742500000000000071e+01 -1.463100000000000023e+01 -1.497799999999999976e+01 2.870999999999999996e+00
-2.273300000000000054e+01 -9.901999999999999247e+00 -1.235999999999999943e+01 2.830000000000000071e+00
-1.518599999999999994e+01 -9.459999999999999520e-01 -9.680999999999999162e+00 2.241000000000000103e+00
-1.738400000000000034e+01 6.076999999999999957e+00 -8.724999999999999645e+00 9.989999999999999991e-01
-2.610500000000000043e+01 6.873999999999999666e+00 -9.794000000000000483e+00 -3.069999999999999951e-01
-2.392599999999999838e+01 5.282000000000000028e+00 -1.036200000000000010e+01 -7.910000000000000364e-01
-7.549000000000000377e+00 5.873000000000000220e+00 -1.023600000000000065e+01 -2.909999999999999809e-01
5.168999999999999595e+00 5.629999999999999893e+00 -1.103999999999999915e+01 -2.400000000000000050e-02
1.221000000000000085e+00 1.270000000000000018e-01 -1.102999999999999936e+01 -9.320000000000000506e-01
-1.256799999999999962e+01 -8.666000000000000369e+00 -8.153999999999999915e+00 -1.913999999999999924e+00
-2.525400000000000134e+01 -1.903099999999999881e+01 -5.934999999999999609e+00 -1.112999999999999989e+00
-3.313900000000000290e+01 -3.280899999999999750e+01 -8.131999999999999673e+00 2.197000000000000064e+00
-2.883200000000000074e+01 -4.303999999999999915e+01 -1.119999999999999929e+01 7.493000000000000327e+00
-2.966000000000000192e+00 -3.445100000000000051e+01 -1.032099999999999973e+01 1.239799999999999969e+01
3.449300000000000210e+01 -5.600999999999999979e+00 -7.347999999999999865e+00 1.259699999999999953e+01
6.213199999999999790e+01 2.641700000000000159e+01 -4.772000000000000242e+00 6.097999999999999865e+00
7.447499999999999432e+01 4.517300000000000182e+01 -1.945000000000000062e+00 -2.380999999999999783e+00
7.101399999999999579e+01 4.281799999999999784e+01 -4.142999999999999794e+00 -6.259999999999999787e+00
4.106799999999999784e+01 2.016199999999999903e+01 -1.815399999999999991e+01 -6.637999999999999901e+00
-5.879999999999999893e+00 -5.881000000000000227e+00 -3.424399999999999977e+01 -9.913999999999999702e+00
-3.110600000000000165e+01 -1.310100000000000087e+01 -3.386800000000000210e+01 -1.554899999999999949e+01
-2.045299999999999940e+01 -1.649000000000000021e+00 -1.536400000000000077e+01 -1.584699999999999953e+01
-8.074999999999999289e+00 8.634999999999999787e+00 8.896000000000000796e+00 -9.175000000000000711e+00
-1.928500000000000014e+01 9.099000000000000199e+00 3.264800000000000324e+01 -2.952999999999999847e+00
-3.047700000000000031e+01 9.076999999999999957e+00 5.035499999999999687e+01 -1.588000000000000078e+00
-1.513599999999999923e+01 1.437199999999999989e+01 4.758200000000000074e+01 -2.133999999999999897e+00
8.393000000000000682e+00 1.977899999999999991e+01 2.276999999999999957e+01 -2.971999999999999975e+00
8.329000000000000625e+00 2.354200000000000159e+01 7.279999999999999805e-01 -5.174999999999999822e+00
-1.117099999999999937e+01 3.177700000000000102e+01 1.514999999999999902e+00 -5.533000000000000362e+00
-2.212099999999999866e+01 4.201100000000000279e+01 1.388799999999999990e+01 2.099999999999999922e-01
-1.539899999999999913e+01 3.755599999999999739e+01 1.749899999999999878e+01 8.567999999999999616e+00
-8.474000000000000199e+00 1.139300000000000068e+01 1.334900000000000020e+01 1.202999999999999936e+01
-1.341399999999999970e+01 -1.644399999999999906e+01 1.435500000000000043e+01 9.173000000000000043e+00
-1.255300000000000082e+01 -2.038299999999999912e+01 1.920100000000000051e+01 4.386999999999999567e+00
1.828200000000000003e+01 -1.143000000000000016e+00 1.601399999999999935e+01 1.479999999999999927e-01
6.895900000000000318e+01 1.609199999999999875e+01 6.831000000000000405e+00 -4.487000000000000099e+00
1.023629999999999995e+02 1.316099999999999959e+01 5.698999999999999844e+00 -8.650999999999999801e+00
9.852899999999999636e+01 -2.419000000000000039e+00 1.171700000000000053e+01 -9.313000000000000611e+00
6.739300000000000068e+01 -1.484099999999999930e+01 9.544000000000000483e+00 -7.493000000000000327e+00
2.832000000000000028e+01 -2.329100000000000037e+01 -2.275999999999999801e+00 -7.857000000000000206e+00
2.159999999999999976e-01 -3.336899999999999977e+01 -9.476000000000000867e+00 -9.795999999999999375e+00
-2.487000000000000099e+00 -3.699799999999999756e+01 -5.639999999999999680e+00 -7.157000000000000028e+00
1.503800000000000026e+01 -2.343100000000000094e+01 2.718999999999999861e+00 7.249999999999999778e-01
2.755699999999999861e+01 -3.552000000000000046e+00 7.123000000000000220e+00 6.767000000000000348e+00
1.754500000000000171e+01 2.700000000000000178e-01 1.812999999999999945e+00 6.761000000000000121e+00
-7.144999999999999574e+00 -1.512700000000000067e+01 -1.330899999999999928e+01 4.227000000000000313e+00
-3.105999999999999872e+01 -3.263300000000000267e+01 -3.074899999999999878e+01 3.685999999999999943e+00
-4.999799999999999756e+01 -3.935900000000000176e+01 -4.234499999999999886e+01 5.208000000000000185e+00
-6.335999999999999943e+01 -3.555799999999999983e+01 -4.500699999999999790e+01 6.410000000000000142e+00
-6.562300000000000466e+01 -2.451000000000000156e+01 -3.710399999999999920e+01 6.097999999999999865e+00
-5.375099999999999767e+01 -8.752000000000000668e+00 -1.781099999999999994e+01 4.774000000000000021e+00
-3.352499999999999858e+01 5.118000000000000327e+00 6.144000000000000128e+00 3.032000000000000028e+00
-1.760600000000000165e+01 8.599000000000000199e+00 2.144800000000000040e+01 8.579999999999999849e-01
-1.643700000000000117e+01 6.600000000000000311e-01 2.059199999999999875e+01 -1.135000000000000009e+00
-2.382600000000000051e+01 -9.006999999999999673e+00 8.768000000000000682e+00 -1.340999999999999970e+00
-2.166499999999999915e+01 -1.134699999999999953e+01 -4.025999999999999801e+00 4.560000000000000164e-01
-9.009000000000000341e+00 -1.063400000000000034e+01 -1.329499999999999993e+01 1.806000000000000050e+00
-5.072000000000000064e+00 -1.439300000000000068e+01 -1.967800000000000082e+01 8.159999999999999476e-01
-1.349399999999999977e+01 -1.596799999999999997e+01 -2.375600000000000023e+01 -6.320000000000000062e-01
-1.368099999999999916e+01 -4.923000000000000043e+00 -2.469399999999999906e+01 6.670000000000000373e-01
4.435999999999999943e+00 1.376900000000000013e+01 -2.045499999999999829e+01 4.940999999999999837e+00
2.516199999999999903e+01 2.599699999999999989e+01 -1.021299999999999919e+01 9.778000000000000469e+00
2.960800000000000054e+01 2.325199999999999889e+01 6.430000000000000160e-01 1.258900000000000041e+01
1.635399999999999920e+01 6.243999999999999773e+00 2.834999999999999964e+00 1.165000000000000036e+01
2.969999999999999862e-01 -1.420400000000000063e+01 -4.677999999999999936e+00 8.057000000000000384e+00
-6.280999999999999694e+00 -2.357700000000000173e+01 -1.085800000000000054e+01 5.911999999999999922e+00
-1.222300000000000075e+01 -2.151000000000000156e+01 -8.560999999999999943e+00 6.839000000000000412e+00
-3.478999999999999915e+01 -2.414699999999999847e+01 -6.400999999999999801e+00 6.996000000000000441e+00
-6.618099999999999739e+01 -3.927100000000000080e+01 -1.319899999999999984e+01 2.706999999999999851e+00
-7.645600000000000307e+01 -5.032200000000000273e+01 -1.998999999999999844e+01 -4.323999999999999844e+00
-5.341100000000000136e+01 -3.576700000000000301e+01 -1.044599999999999973e+01 -9.699999999999999289e+00
-1.150200000000000067e+01 4.498000000000000220e+00 1.733999999999999986e+01 -1.222499999999999964e+01
3.289900000000000091e+01 4.969899999999999807e+01 4.722999999999999687e+01 -1.429599999999999937e+01
6.535299999999999443e+01 7.968200000000000216e+01 6.050000000000000000e+01 -1.572499999999999964e+01
7.090300000000000580e+01 9.284900000000000375e+01 5.400200000000000244e+01 -1.281600000000000072e+01
5.172099999999999653e+01 9.959399999999999409e+01 4.129999999999999716e+01 -6.597000000000000419e+00
2.652499999999999858e+01 9.766700000000000159e+01 3.422800000000000153e+01 -3.158999999999999808e+00
5.187999999999999723e+00 7.118000000000000682e+01 3.115500000000000114e+01 -2.967999999999999972e+00
-1.832100000000000151e+01 2.131700000000000017e+01 2.643799999999999883e+01 -6.530000000000000249e-01
-4.814600000000000080e+01 -2.242200000000000060e+01 2.033399999999999963e+01 3.923999999999999932e+00
-7.083100000000000307e+01 -3.304299999999999926e+01 1.457300000000000040e+01 5.636999999999999567e+00
-6.527400000000000091e+01 -1.657100000000000151e+01 7.020999999999999908e+00 4.224999999999999645e+00
-3.274199999999999733e+01 -2.519000000000000128e+00 -4.160000000000000142e+00 4.687000000000000277e+00
-3.400000000000000244e-01 -8.698999999999999844e+00 -1.608200000000000074e+01 8.384000000000000341e+00
1.401600000000000001e+01 -2.534799999999999898e+01 -2.370299999999999940e+01 1.090700000000000003e+01
1.870400000000000063e+01 -3.321099999999999852e+01 -2.401500000000000057e+01 8.532999999999999474e+00
2.665500000000000114e+01 -2.666400000000000148e+01 -1.787600000000000122e+01 2.185999999999999943e+00
3.707399999999999807e+01 -1.637800000000000011e+01 -1.048700000000000010e+01 -4.855000000000000426e+00
3.736500000000000199e+01 -1.455100000000000016e+01 -8.384000000000000341e+00 -1.032399999999999984e+01
1.791799999999999926e+01 -1.957499999999999929e+01 -1.253700000000000081e+01 -1.376099999999999923e+01
-4.052999999999999936e+00 -1.674500000000000099e+01 -1.560999999999999943e+01 -1.481000000000000050e+01
7.395999999999999908e+00 3.906000000000000139e+00 -9.727000000000000313e+00 -1.231700000000000017e+01
5.673199999999999932e+01 3.386699999999999733e+01 2.777000000000000135e+00 -6.698000000000000398e+00
1.037019999999999982e+02 5.342699999999999960e+01 1.023499999999999943e+01 -6.770000000000000462e-01
1.109240000000000066e+02 5.000600000000000023e+01 5.979000000000000092e+00 3.899999999999999911e+00
7.968999999999999773e+01 2.951399999999999935e+01 -2.838999999999999968e+00 6.575000000000000178e+00
4.156499999999999773e+01 1.320899999999999963e+01 -6.650000000000000355e+00 6.336000000000000298e+00
2.739300000000000068e+01 1.868799999999999883e+01 -7.660999999999999588e+00 3.096000000000000085e+00
3.627100000000000080e+01 3.749799999999999756e+01 -1.312700000000000067e+01 -5.510000000000000453e-01
3.703399999999999892e+01 4.006900000000000261e+01 -2.070799999999999841e+01 -1.495000000000000107e+00
1.142500000000000071e+01 1.358399999999999963e+01 -2.255699999999999861e+01 7.149999999999999689e-01
-1.859400000000000119e+01 -1.776099999999999923e+01 -1.895700000000000074e+01 3.588999999999999968e+00
-2.561899999999999977e+01 -2.686499999999999844e+01 -1.564400000000000013e+01 5.107000000000000206e+00
-1.971300000000000097e+01 -2.189600000000000080e+01 -1.291300000000000026e+01 6.269000000000000128e+00
-2.922299999999999898e+01 -2.771199999999999974e+01 -8.882999999999999119e+00 7.756000000000000227e+00
-5.367399999999999949e+01 -4.526200000000000045e+01 -5.911999999999999922e+00 6.552999999999999936e+00
-6.643399999999999750e+01 -5.647399999999999665e+01 -4.246999999999999886e+00 6.510000000000000231e-01
-6.047800000000000153e+01 -5.816400000000000148e+01 4.440000000000000058e-01 -5.613000000000000433e+00
-6.089800000000000324e+01 -6.329800000000000182e+01 7.322000000000000064e+00 -6.886000000000000121e+00
-8.095000000000000284e+01 -7.299599999999999511e+01 8.489000000000000767e+00 -4.828000000000000291e+00
-9.403799999999999670e+01 -7.262900000000000489e+01 -9.010000000000000231e-01 -4.589000000000000412e+00
-7.402700000000000102e+01 -5.730899999999999750e+01 -1.583900000000000041e+01 -5.899000000000000021e+00
-3.947099999999999653e+01 -3.953600000000000136e+01 -2.451300000000000168e+01 -4.549999999999999822e+00
-2.498600000000000065e+01 -2.692800000000000082e+01 -1.925000000000000000e+01 -9.350000000000000533e-01
-2.920299999999999940e+01 -1.255300000000000082e+01 -4.778999999999999915e+00 2.580000000000000071e-01
-2.572899999999999920e+01 6.793999999999999595e+00 8.301000000000000156e+00 -1.895999999999999908e+00
-5.899000000000000021e+00 2.203099999999999881e+01 1.580499999999999972e+01 -3.657000000000000028e+00
1.986499999999999844e+01 2.752899999999999991e+01 2.057700000000000173e+01 -2.939000000000000057e+00
4.635900000000000176e+01 3.011499999999999844e+01 2.496399999999999864e+01 -1.038000000000000034e+00
7.673000000000000398e+01 3.816700000000000159e+01 2.754100000000000037e+01 8.149999999999999467e-01
1.075100000000000051e+02 5.059300000000000352e+01 2.506899999999999906e+01 2.750999999999999890e+00
1.207369999999999948e+02 5.680100000000000193e+01 1.683299999999999841e+01 4.596000000000000085e+00
9.677299999999999613e+01 4.554299999999999926e+01 7.336000000000000298e+00 5.057000000000000384e+00
4.046399999999999864e+01 1.963700000000000045e+01 1.235999999999999988e+00 3.516000000000000014e+00
-1.470800000000000018e+01 -2.451000000000000068e+00 -2.911999999999999922e+00 1.733999999999999986e+00
-4.185300000000000153e+01 -1.043099999999999916e+01 -8.598000000000000753e+00 1.846999999999999975e+00
-4.550999999999999801e+01 -1.465499999999999936e+01 -1.426099999999999923e+01 3.169999999999999929e+00
-3.902799999999999869e+01 -2.168799999999999883e+01 -1.438899999999999935e+01 3.362999999999999989e+00
-2.349899999999999878e+01 -1.976599999999999824e+01 -5.692000000000000171e+00 2.318999999999999950e+00
-1.806999999999999940e+00 -3.407999999999999918e+00 7.104000000000000092e+00 2.258000000000000007e+00
1.259500000000000064e+01 1.118699999999999939e+01 1.248799999999999955e+01 4.423000000000000043e+00
7.839000000000000412e+00 7.070999999999999730e+00 4.383000000000000007e+00 8.022999999999999687e+00
-1.921699999999999875e+01 -1.444299999999999962e+01 -9.689000000000000057e+00 1.102599999999999980e+01
-5.882500000000000284e+01 -3.795100000000000051e+01 -1.704100000000000037e+01 1.050399999999999956e+01
-8.509399999999999409e+01 -4.566199999999999903e+01 -1.280300000000000082e+01 5.224000000000000199e+00
-7.736899999999999977e+01 -3.060999999999999943e+01 -3.031000000000000139e+00 -1.570999999999999952e+00
-4.673299999999999699e+01 -4.548000000000000043e+00 2.499000000000000110e+00 -5.089000000000000412e+00
-1.985399999999999920e+01 1.476299999999999990e+01 8.729999999999999982e-01 -4.232000000000000206e+00
-2.495000000000000107e+00 2.327799999999999869e+01 -1.502999999999999892e+00 -2.209999999999999964e+00
1.845799999999999841e+01 2.980199999999999960e+01 3.750000000000000000e-01 -3.064000000000000057e+00
4.386099999999999710e+01 4.087899999999999778e+01 3.504000000000000004e+00 -7.573000000000000398e+00
5.841299999999999670e+01 5.497800000000000153e+01 8.448999999999999844e+00 -1.176800000000000068e+01
5.858599999999999852e+01 6.543300000000000693e+01 2.531400000000000006e+01 -1.084800000000000075e+01
5.769500000000000028e+01 6.270600000000000307e+01 5.415500000000000114e+01 -5.280999999999999694e+00
5.865400000000000347e+01 4.245700000000000074e+01 7.300400000000000489e+01 -8.920000000000000151e-01
5.097500000000000142e+01 1.524799999999999933e+01 6.312899999999999778e+01 -1.659000000000000030e+00
3.531199999999999761e+01 -2.198999999999999844e+00 3.547699999999999676e+01 -4.883000000000000007e+00
2.276599999999999824e+01 -5.685999999999999943e+00 1.474000000000000021e+01 -5.698000000000000398e+00
1.596000000000000085e+01 -4.155999999999999694e+00 6.466000000000000192e+00 -3.704000000000000181e+00
1.136400000000000077e+01 -5.171999999999999709e+00 -1.737000000000000099e+00 -1.798999999999999932e+00
7.857000000000000206e+00 -8.154999999999999361e+00 -1.338599999999999923e+01 -6.830000000000000515e-01
9.639999999999999680e-01 -8.981999999999999318e+00 -1.836799999999999855e+01 1.727999999999999980e+00
-1.400399999999999956e+01 -5.214000000000000412e+00 -1.359500000000000064e+01 6.174999999999999822e+00
-2.859299999999999997e+01 1.413000000000000034e+00 -9.483000000000000540e+00 9.997999999999999332e+00
-3.017599999999999838e+01 5.474000000000000199e+00 -1.216300000000000026e+01 9.949999999999999289e+00
-2.125000000000000000e+01 4.205000000000000071e+00 -1.342099999999999937e+01 6.197000000000000064e+00
-1.408900000000000041e+01 8.780000000000000027e-01 -5.822000000000000064e+00 2.294999999999999929e+00
-1.478599999999999959e+01 -2.608999999999999986e+00 2.689999999999999947e+00 1.010000000000000009e+00
-2.104400000000000048e+01 -8.304999999999999716e+00 7.670000000000000151e-01 1.070000000000000062e+00
-2.633699999999999974e+01 -1.334200000000000053e+01 -8.064999999999999503e+00 -1.243000000000000105e+00
-2.428200000000000003e+01 -1.017399999999999949e+01 -1.288100000000000023e+01 -6.926000000000000156e+00
-1.497799999999999976e+01 1.387000000000000011e+00 -1.348000000000000043e+01 -1.135100000000000087e+01
-3.805000000000000160e+00 1.346799999999999997e+01 -1.673900000000000077e+01 -9.278999999999999915e+00
7.245000000000000107e+00 2.116799999999999926e+01 -2.207499999999999929e+01 -2.958000000000000185e+00
1.791199999999999903e+01 2.321600000000000108e+01 -2.325900000000000034e+01 -1.170000000000000068e-01
2.140200000000000102e+01 1.598499999999999943e+01 -1.960099999999999909e+01 -2.641000000000000014e+00
1.140900000000000070e+01 1.950000000000000067e-01 -1.638800000000000168e+01 -3.641000000000000014e+00
-6.126000000000000334e+00 -1.223000000000000043e+01 -1.666900000000000048e+01 1.322999999999999954e+00
-2.047100000000000009e+01 -1.129299999999999926e+01 -1.808200000000000074e+01 6.842999999999999972e+00
-2.723400000000000176e+01 -2.626999999999999780e+00 -1.693900000000000006e+01 6.314000000000000057e+00
-2.433899999999999864e+01 1.786000000000000032e+00 -1.118599999999999994e+01 1.800999999999999934e+00
-1.106000000000000050e+01 -1.816000000000000059e+00 -9.919999999999999929e-01 -6.899999999999999467e-01
5.485999999999999766e+00 -9.667999999999999261e+00 7.618000000000000327e+00 -6.860000000000000542e-01
1.892000000000000171e+01 -1.519200000000000017e+01 4.211999999999999744e+00 -2.060000000000000053e+00
3.259000000000000341e+01 -1.184399999999999942e+01 -1.141600000000000037e+01 -5.019000000000000128e+00
4.186699999999999733e+01 -2.733999999999999986e+00 -2.300600000000000023e+01 -4.488000000000000433e+00
2.569099999999999895e+01 -2.980999999999999872e+00 -1.751500000000000057e+01 2.176000000000000156e+00
-1.885999999999999943e+01 -1.922500000000000142e+01 -2.652000000000000135e+00 9.647999999999999687e+00
-5.540100000000000335e+01 -3.555100000000000193e+01 5.541000000000000369e+00 1.097600000000000087e+01
-5.207699999999999818e+01 -3.581499999999999773e+01 3.495999999999999996e+00 6.722999999999999865e+00
-2.620299999999999940e+01 -2.765800000000000125e+01 -1.254000000000000004e+00 2.970000000000000195e+00
-1.435699999999999932e+01 -2.658999999999999986e+01 -4.408000000000000362e+00 2.370999999999999996e+00
-1.985099999999999909e+01 -3.120400000000000063e+01 -7.285999999999999588e+00 1.790000000000000036e+00
-2.213299999999999912e+01 -3.126099999999999923e+01 -1.026399999999999935e+01 -1.649999999999999911e+00
-1.953399999999999892e+01 -2.736199999999999832e+01 -1.423099999999999987e+01 -5.613000000000000433e+00
-3.150900000000000034e+01 -2.956200000000000117e+01 -2.336199999999999832e+01 -5.443999999999999950e+00
-6.442000000000000171e+01 -4.166499999999999915e+01 -3.701400000000000290e+01 -5.779999999999999583e-01
-9.387900000000000489e+01 -5.206099999999999994e+01 -4.542399999999999949e+01 4.418000000000000149e+00
-8.555800000000000693e+01 -4.233800000000000097e+01 -4.010799999999999699e+01 5.169999999999999929e+00
-3.088599999999999923e+01 -7.826999999999999957e+00 -2.163100000000000023e+01 2.354999999999999982e+00
4.174099999999999966e+01 3.394800000000000040e+01 3.283999999999999808e+00 6.019999999999999796e-01
9.104600000000000648e+01 5.822800000000000153e+01 2.388299999999999912e+01 2.319999999999999840e+00
9.552100000000000080e+01 5.457000000000000028e+01 2.960999999999999943e+01 4.009000000000000341e+00
6.479099999999999682e+01 3.424399999999999977e+01 2.221699999999999875e+01 1.409000000000000030e+00
2.140500000000000114e+01 1.485500000000000043e+01 1.709700000000000131e+01 -3.169000000000000039e+00
-1.799800000000000111e+01 1.681000000000000050e+00 2.569000000000000128e+01 -3.589999999999999858e+00
-3.161100000000000065e+01 -2.150999999999999801e+00 4.449199999999999733e+01 8.489999999999999769e-01
1.179700000000000060e+01 1.908699999999999974e+01 6.242199999999999704e+01 4.772000000000000242e+00
1.122009999999999934e+02 6.546599999999999397e+01 6.976600000000000534e+01 4.636999999999999567e+00
2.120989999999999895e+02 9.637399999999999523e+01 6.164099999999999824e+01 1.818000000000000060e+00
2.440000000000000000e+02 7.748799999999999955e+01 4.014699999999999847e+01 -1.270000000000000018e+00
1.961529999999999916e+02 3.262299999999999756e+01 1.308900000000000041e+01 -3.851999999999999869e+00
1.120220000000000056e+02 5.961999999999999744e+00 -9.673999999999999488e+00 -5.926999999999999602e+00
3.536599999999999966e+01 -1.112999999999999989e+00 -1.766000000000000014e+01 -6.552999999999999936e+00
-1.969000000000000128e+01 -1.429299999999999926e+01 -5.716000000000000192e+00 -4.179999999999999716e+00
-5.101100000000000279e+01 -3.444899999999999807e+01 1.519500000000000028e+01 3.800000000000000044e-01
-5.462199999999999989e+01 -3.988300000000000267e+01 2.545200000000000173e+01 3.358000000000000096e+00
-3.636899999999999977e+01 -2.467200000000000060e+01 2.122700000000000031e+01 2.282000000000000028e+00
-1.937900000000000134e+01 -8.842000000000000526e+00 1.628500000000000014e+01 -1.584999999999999964e+00
-2.811499999999999844e+01 -1.306900000000000084e+01 1.851399999999999935e+01 -5.750000000000000000e+00
-6.150699999999999790e+01 -3.382600000000000051e+01 2.110300000000000153e+01 -8.237999999999999545e+00
-9.028600000000000136e+01 -4.866899999999999693e+01 1.501200000000000045e+01 -7.139000000000000234e+00
-9.112600000000000477e+01 -4.416799999999999926e+01 -1.139999999999999902e+00 -2.020999999999999908e+00
-7.167000000000000171e+01 -2.886400000000000077e+01 -2.002899999999999991e+01 4.203999999999999737e+00
-5.215299999999999869e+01 -1.593500000000000050e+01 -3.003300000000000125e+01 7.301999999999999602e+00
-3.990599999999999881e+01 -6.427999999999999936e+00 -2.605099999999999838e+01 5.863000000000000433e+00
-3.268999999999999773e+01 2.652000000000000135e+00 -1.683200000000000074e+01 2.714999999999999858e+00
-3.196300000000000097e+01 7.243000000000000327e+00 -1.603900000000000148e+01 1.689000000000000057e+00
-4.375399999999999778e+01 2.763999999999999790e+00 -2.769900000000000162e+01 3.053999999999999826e+00
-6.927800000000000580e+01 -7.362000000000000099e+00 -4.481799999999999784e+01 3.672000000000000153e+00
-9.301600000000000534e+01 -1.198900000000000077e+01 -5.545600000000000307e+01 1.139999999999999902e+00
-8.834999999999999432e+01 2.862000000000000099e+00 -4.651500000000000057e+01 -4.157000000000000028e+00
-4.820799999999999841e+01 3.927199999999999847e+01 -1.491399999999999970e+01 -9.374000000000000554e+00
2.424999999999999822e+00 7.650600000000000023e+01 2.216900000000000048e+01 -1.054100000000000037e+01
3.818699999999999761e+01 9.117100000000000648e+01 4.368699999999999761e+01 -6.086999999999999744e+00
5.672999999999999687e+01 8.399699999999999989e+01 4.772200000000000131e+01 8.629999999999999893e-01
6.013499999999999801e+01 7.015600000000000591e+01 4.358700000000000330e+01 4.969000000000000306e+00
4.307300000000000040e+01 5.394500000000000028e+01 3.405599999999999739e+01 3.544999999999999929e+00
9.173999999999999488e+00 3.075000000000000000e+01 2.022299999999999898e+01 -5.060000000000000053e-01
-2.405600000000000094e+01 4.871000000000000441e+00 9.849000000000000199e+00 -1.939000000000000057e+00
-3.771999999999999886e+01 -1.183600000000000030e+01 7.975999999999999979e+00 -2.240000000000000047e-01
-2.081200000000000117e+01 -1.640399999999999991e+01 8.666000000000000369e+00 8.000000000000000167e-03
1.965299999999999869e+01 -1.784600000000000009e+01 4.317000000000000171e+00 -3.899000000000000021e+00
5.381000000000000227e+01 -2.439399999999999835e+01 -4.804000000000000270e+00 -8.782999999999999474e+00
5.224399999999999977e+01 -3.439600000000000080e+01 -1.471899999999999942e+01 -9.531000000000000583e+00
1.972800000000000153e+01 -3.969400000000000261e+01 -2.260600000000000165e+01 -5.108999999999999986e+00
-1.009600000000000009e+01 -3.600300000000000011e+01 -2.641700000000000159e+01 1.859999999999999987e-01
-1.624099999999999966e+01 -2.808299999999999841e+01 -2.697299999999999898e+01 2.012999999999999901e+00
-7.836000000000000298e+00 -2.231599999999999895e+01 -2.807999999999999829e+01 9.260000000000000453e-01
-1.620000000000000051e-01 -1.835000000000000142e+01 -3.067999999999999972e+01 2.330000000000000127e-01
2.978000000000000203e+00 -1.271199999999999974e+01 -3.102100000000000080e+01 1.141000000000000014e+00
1.497999999999999998e+00 -5.671000000000000263e+00 -2.635500000000000043e+01 2.692000000000000171e+00
-5.892000000000000348e+00 -2.939000000000000057e+00 -1.976500000000000057e+01 4.857000000000000206e+00
-1.862900000000000134e+01 -1.385899999999999999e+01 -1.770499999999999829e+01 8.737999999999999545e+00
-3.481600000000000250e+01 -3.909199999999999875e+01 -2.207999999999999829e+01 1.367099999999999937e+01
-4.803000000000000114e+01 -5.899300000000000210e+01 -2.679799999999999827e+01 1.597400000000000020e+01
-4.656300000000000239e+01 -5.218900000000000006e+01 -2.467299999999999827e+01 1.210100000000000087e+01
-2.956500000000000128e+01 -2.524599999999999866e+01 -1.659199999999999875e+01 3.536999999999999922e+00
-1.691499999999999915e+01 -6.783000000000000362e+00 -1.272700000000000031e+01 -3.366999999999999993e+00
-2.780000000000000071e+01 -1.413799999999999990e+01 -2.353300000000000125e+01 -4.963000000000000078e+00
-5.285199999999999676e+01 -3.548299999999999699e+01 -4.531400000000000006e+01 -5.293000000000000149e+00
-5.735000000000000142e+01 -4.300200000000000244e+01 -5.615299999999999869e+01 -8.970000000000000639e+00
-1.643100000000000094e+01 -2.252700000000000102e+01 -3.672500000000000142e+01 -1.249499999999999922e+01
5.103000000000000114e+01 9.685999999999999943e+00 3.633000000000000007e+00 -9.628000000000000114e+00
9.492400000000000659e+01 2.719399999999999906e+01 3.643999999999999773e+01 -2.007000000000000117e+00
9.444100000000000250e+01 2.982900000000000063e+01 5.061800000000000210e+01 3.373000000000000220e+00
8.784600000000000364e+01 4.322899999999999920e+01 5.810799999999999699e+01 4.168999999999999595e+00
1.162429999999999950e+02 7.761400000000000432e+01 6.397200000000000131e+01 2.919000000000000039e+00
1.565819999999999936e+02 1.054899999999999949e+02 5.996300000000000097e+01 5.080000000000000071e-01
1.426440000000000055e+02 8.976500000000000057e+01 4.776299999999999812e+01 -3.380999999999999783e+00
4.777700000000000102e+01 2.511400000000000077e+01 3.982999999999999829e+01 -5.934000000000000163e+00
-7.418399999999999750e+01 -5.193699999999999761e+01 3.734100000000000108e+01 -3.983999999999999986e+00
-1.390149999999999864e+02 -9.238800000000000523e+01 2.951899999999999835e+01 3.900000000000000133e-01
-1.167379999999999995e+02 -7.894400000000000261e+01 1.384900000000000020e+01 2.237999999999999989e+00
-5.307099999999999795e+01 -4.043500000000000227e+01 1.350000000000000089e+00 9.949999999999999956e-01
-1.010999999999999943e+01 -1.616499999999999915e+01 1.179999999999999938e-01 6.260000000000000009e-01
-4.307999999999999829e+00 -1.275399999999999956e+01 4.181000000000000050e+00 2.520000000000000018e+00
-9.121000000000000441e+00 -9.380000000000000782e+00 3.745000000000000107e+00 3.883999999999999897e+00
-3.835999999999999854e+00 3.455000000000000071e+00 -1.201999999999999957e+00 3.779999999999999805e+00
5.402000000000000135e+00 1.544999999999999929e+01 -3.349000000000000199e+00 4.538000000000000256e+00
1.304199999999999982e+01 2.290899999999999892e+01 1.086999999999999966e+00 6.459999999999999964e+00
2.391700000000000159e+01 3.332900000000000063e+01 8.378999999999999559e+00 6.737000000000000099e+00
2.708599999999999852e+01 4.291499999999999915e+01 1.153899999999999970e+01 4.217999999999999972e+00
5.703999999999999737e+00 3.761699999999999733e+01 6.075999999999999623e+00 1.086999999999999966e+00
-2.324699999999999989e+01 1.812800000000000011e+01 -6.208000000000000185e+00 -7.530000000000000027e-01
-2.726899999999999835e+01 1.810000000000000053e+00 -1.800600000000000023e+01 -1.953999999999999959e+00
-9.103999999999999204e+00 -8.449999999999999734e-01 -2.367999999999999972e+01 -3.331999999999999851e+00
3.795999999999999819e+00 3.677000000000000046e+00 -2.494900000000000162e+01 -3.653999999999999915e+00
4.065999999999999837e+00 5.655999999999999694e+00 -2.699500000000000099e+01 -1.818000000000000060e+00
3.392999999999999794e+00 5.608999999999999986e+00 -3.108399999999999963e+01 5.899999999999999689e-01
5.144999999999999574e+00 1.019599999999999973e+01 -3.299399999999999977e+01 1.256999999999999895e+00
6.344000000000000306e+00 1.966000000000000014e+01 -2.736299999999999955e+01 2.620000000000000107e-01
1.062199999999999989e+01 2.617299999999999827e+01 -1.324499999999999922e+01 -4.929999999999999938e-01
1.880099999999999838e+01 2.410300000000000153e+01 2.363999999999999879e+00 3.019999999999999907e-01
2.062699999999999889e+01 1.502599999999999980e+01 7.583999999999999631e+00 2.375000000000000000e+00
9.747999999999999332e+00 2.447999999999999954e+00 -1.893999999999999906e+00 4.171000000000000263e+00
-3.480999999999999872e+00 -1.055899999999999928e+01 -1.536200000000000010e+01 4.052999999999999936e+00
-6.573999999999999844e+00 -1.838599999999999923e+01 -1.929899999999999949e+01 1.983999999999999986e+00
-7.762999999999999901e+00 -1.733800000000000097e+01 -1.330100000000000016e+01 -1.899999999999999953e-02
-2.802400000000000091e+01 -1.339100000000000001e+01 -7.825999999999999623e+00 2.479999999999999982e-01
-6.672799999999999443e+01 -1.463599999999999923e+01 -8.403999999999999915e+00 2.107000000000000206e+00
-9.227299999999999613e+01 -1.687999999999999901e+01 -6.527000000000000135e+00 1.977000000000000091e+00
-7.535599999999999454e+01 -9.631000000000000227e+00 9.499000000000000554e+00 -1.750000000000000000e+00
-1.956400000000000006e+01 6.176000000000000156e+00 3.488700000000000045e+01 -5.673000000000000043e+00
4.742199999999999704e+01 2.147500000000000142e+01 4.807500000000000284e+01 -6.008000000000000007e+00
1.029569999999999936e+02 3.455799999999999983e+01 3.708200000000000074e+01 -4.533000000000000362e+00
1.398559999999999945e+02 4.633400000000000318e+01 1.862099999999999866e+01 -5.838000000000000078e+00
1.505169999999999959e+02 4.774699999999999989e+01 1.607600000000000051e+01 -8.624000000000000554e+00
1.196419999999999959e+02 3.000300000000000011e+01 2.622899999999999920e+01 -5.967999999999999972e+00
4.919299999999999784e+01 1.925000000000000044e+00 2.919800000000000040e+01 3.331999999999999851e+00
-2.115500000000000114e+01 -1.709199999999999875e+01 2.118700000000000117e+01 1.099900000000000055e+01
-4.071699999999999875e+01 -1.791700000000000159e+01 1.418599999999999994e+01 1.012899999999999956e+01
-9.929999999999999938e-01 -7.782000000000000028e+00 1.286899999999999977e+01 3.395000000000000018e+00
4.618900000000000006e+01 -4.339999999999999969e-01 1.072700000000000031e+01 -1.927000000000000046e+00
3.945900000000000318e+01 -5.431000000000000050e+00 2.629000000000000004e+00 -3.057999999999999829e+00
-2.247500000000000142e+01 -2.333399999999999963e+01 -1.029899999999999949e+01 -3.806000000000000050e+00
-8.298199999999999932e+01 -4.578399999999999892e+01 -2.334900000000000020e+01 -7.878000000000000114e+00
-9.750900000000000034e+01 -5.992799999999999727e+01 -3.061199999999999832e+01 -1.199499999999999922e+01
-7.308799999999999386e+01 -5.782800000000000296e+01 -2.991300000000000026e+01 -9.842000000000000526e+00
-3.942199999999999704e+01 -4.352300000000000324e+01 -2.589099999999999824e+01 -2.254999999999999893e+00
-1.149699999999999989e+01 -2.635600000000000165e+01 -2.262999999999999901e+01 3.376999999999999780e+00
1.076800000000000068e+01 -9.603999999999999204e+00 -1.755499999999999972e+01 3.915999999999999925e+00
2.619000000000000128e+01 6.565000000000000391e+00 -8.817000000000000171e+00 3.032999999999999918e+00
3.042800000000000082e+01 1.741700000000000159e+01 -6.350000000000000089e-01 3.267999999999999794e+00
2.567800000000000082e+01 1.986400000000000077e+01 4.524000000000000021e+00 2.951000000000000068e+00
2.385200000000000031e+01 2.091000000000000014e+01 9.477999999999999758e+00 1.018999999999999906e+00
3.546900000000000119e+01 2.956899999999999906e+01 1.394200000000000017e+01 -7.920000000000000373e-01
5.259499999999999886e+01 4.050399999999999778e+01 1.225399999999999956e+01 -1.062000000000000055e+00
4.978600000000000136e+01 3.414200000000000301e+01 2.596999999999999975e+00 -6.999999999999999556e-01
1.029800000000000004e+01 9.120000000000000329e-01 -7.628000000000000114e+00 -1.173999999999999932e+00
-5.085999999999999943e+01 -3.820799999999999841e+01 -6.551999999999999602e+00 -1.949999999999999956e+00
-9.321899999999999409e+01 -4.807800000000000296e+01 1.134900000000000020e+01 -9.419999999999999485e-01
-8.711299999999999955e+01 -2.015399999999999991e+01 3.578600000000000136e+01 2.181000000000000050e+00
-4.882699999999999818e+01 1.472100000000000009e+01 4.642699999999999960e+01 4.703999999999999737e+00
-2.505799999999999983e+01 2.176300000000000168e+01 3.325300000000000011e+01 4.285999999999999588e+00
-3.714600000000000080e+01 -9.299999999999999933e-02 7.517999999999999794e+00 2.611000000000000210e+00
-6.349900000000000233e+01 -2.561400000000000077e+01 -1.204599999999999937e+01 3.334000000000000075e+00
-7.967100000000000648e+01 -3.734400000000000119e+01 -1.994900000000000162e+01 6.459999999999999964e+00
-8.566100000000000136e+01 -3.666899999999999693e+01 -2.340299999999999869e+01 7.722999999999999865e+00
-8.775100000000000477e+01 -2.745100000000000051e+01 -2.612600000000000122e+01 4.270999999999999908e+00
-7.977500000000000568e+01 -8.141999999999999460e+00 -2.508099999999999952e+01 -1.806000000000000050e+00
-5.075600000000000023e+01 1.950199999999999889e+01 -1.908200000000000074e+01 -7.107999999999999652e+00
3.000999999999999890e+00 4.764399999999999835e+01 -7.437000000000000277e+00 -1.123099999999999987e+01
7.245300000000000296e+01 6.696800000000000352e+01 1.314799999999999969e+01 -1.433600000000000030e+01
1.275090000000000003e+02 6.820600000000000307e+01 3.614800000000000324e+01 -1.414700000000000024e+01
1.258970000000000056e+02 4.762199999999999989e+01 4.354099999999999682e+01 -9.728999999999999204e+00
6.238700000000000045e+01 1.603000000000000114e+01 3.228900000000000148e+01 -3.793000000000000149e+00
-4.296000000000000263e+00 -6.597000000000000419e+00 2.180600000000000094e+01 1.381000000000000005e+00
-1.852700000000000102e+01 -1.278400000000000070e+01 2.175700000000000145e+01 5.145999999999999908e+00
-2.442000000000000171e+00 -1.655699999999999861e+01 1.788700000000000045e+01 6.283000000000000362e+00
-1.153899999999999970e+01 -3.110900000000000176e+01 4.779999999999999805e-01 4.844999999999999751e+00
-4.491400000000000148e+01 -4.851599999999999824e+01 -1.855600000000000094e+01 3.569999999999999840e+00
-5.923599999999999710e+01 -5.379200000000000159e+01 -2.686799999999999855e+01 3.750000000000000000e+00
-4.441299999999999670e+01 -4.584400000000000119e+01 -2.769500000000000028e+01 3.333000000000000185e+00
-2.630600000000000094e+01 -3.369800000000000040e+01 -2.623699999999999832e+01 1.294000000000000039e+00
-1.217900000000000027e+01 -2.149500000000000099e+01 -1.965700000000000003e+01 -9.299999999999999933e-02
1.421799999999999997e+01 -6.084999999999999964e+00 -9.356999999999999318e+00 1.397999999999999909e+00
5.009000000000000341e+01 1.204199999999999982e+01 -7.147999999999999687e+00 5.551000000000000156e+00
6.803600000000000136e+01 2.342000000000000171e+01 -1.880900000000000105e+01 1.044599999999999973e+01
5.432600000000000051e+01 2.074800000000000111e+01 -3.313700000000000045e+01 1.302999999999999936e+01
2.521699999999999875e+01 9.486000000000000654e+00 -3.753000000000000114e+01 1.073300000000000054e+01
5.919999999999999707e-01 -5.749999999999999556e-01 -3.478499999999999659e+01 4.919999999999999929e+00
-2.081599999999999895e+01 -9.230999999999999872e+00 -3.489300000000000068e+01 7.429999999999999938e-01
-4.861800000000000210e+01 -2.111199999999999832e+01 -3.902600000000000335e+01 1.290000000000000036e+00
-7.466800000000000637e+01 -3.041100000000000136e+01 -4.001599999999999824e+01 3.132000000000000117e+00
-7.791700000000000159e+01 -2.260399999999999920e+01 -3.199399999999999977e+01 3.430000000000000271e-01
-5.137599999999999767e+01 6.346000000000000085e+00 -1.519599999999999973e+01 -7.062999999999999723e+00
-9.951999999999999957e+00 3.929200000000000159e+01 4.149000000000000021e+00 -1.221400000000000041e+01
2.649200000000000088e+01 5.200099999999999767e+01 1.779100000000000037e+01 -1.078100000000000058e+01
4.773700000000000188e+01 3.852000000000000313e+01 2.057499999999999929e+01 -7.331999999999999851e+00
5.226200000000000045e+01 1.623799999999999955e+01 1.230100000000000016e+01 -8.131000000000000227e+00
4.368200000000000216e+01 4.573999999999999844e+00 -8.790000000000000036e-01 -1.141799999999999926e+01
3.176999999999999957e+01 7.445000000000000284e+00 -7.778999999999999915e+00 -1.084699999999999953e+01
2.652199999999999847e+01 1.628800000000000026e+01 -1.056000000000000050e+00 -5.169999999999999929e+00
2.537399999999999878e+01 1.926099999999999923e+01 1.559299999999999997e+01 1.570000000000000062e+00
1.401399999999999935e+01 7.889000000000000234e+00 2.892099999999999937e+01 6.358999999999999986e+00
-1.238700000000000045e+01 -1.384999999999999964e+01 2.592500000000000071e+01 8.769000000000000128e+00
-3.310699999999999932e+01 -2.713100000000000023e+01 9.146000000000000796e+00 8.890000000000000568e+00
-1.853600000000000136e+01 -1.612300000000000111e+01 -2.623000000000000220e+00 6.961999999999999744e+00
3.362599999999999767e+01 1.131600000000000072e+01 1.526000000000000023e+00 3.988999999999999879e+00
8.921800000000000352e+01 3.087199999999999989e+01 9.878000000000000114e+00 1.387999999999999901e+00
1.129479999999999933e+02 3.074099999999999966e+01 9.400999999999999801e+00 -3.920000000000000151e-01
1.027189999999999941e+02 2.330300000000000082e+01 9.226000000000000867e+00 -2.576000000000000068e+00
7.984699999999999420e+01 2.413500000000000156e+01 2.537999999999999901e+01 -5.730000000000000426e+00
6.058299999999999841e+01 2.933399999999999963e+01 4.943299999999999983e+01 -7.291999999999999815e+00
4.896999999999999886e+01 2.326899999999999835e+01 5.419700000000000273e+01 -4.717999999999999972e+00
4.142999999999999972e+01 3.406000000000000139e+00 3.218900000000000006e+01 -1.000000000000000056e-01
2.835099999999999909e+01 -1.576500000000000057e+01 6.399000000000000021e+00 2.548000000000000043e+00
4.799000000000000377e+00 -2.369699999999999918e+01 -3.262000000000000011e+00 2.799999999999999822e+00
-1.891199999999999903e+01 -2.619699999999999918e+01 -2.858999999999999986e+00 2.741000000000000103e+00
-2.998400000000000176e+01 -3.254200000000000159e+01 -6.878000000000000114e+00 3.016000000000000014e+00
-3.160200000000000031e+01 -4.049799999999999756e+01 -1.672100000000000009e+01 2.946000000000000174e+00
-3.673700000000000188e+01 -4.230299999999999727e+01 -2.384700000000000131e+01 2.375999999999999890e+00
-4.799799999999999756e+01 -3.673899999999999721e+01 -2.246499999999999986e+01 1.993000000000000105e+00
-5.398299999999999699e+01 -2.573300000000000054e+01 -1.525200000000000067e+01 2.799999999999999822e+00
-4.502000000000000313e+01 -8.948999999999999844e+00 -1.006600000000000072e+01 4.809000000000000163e+00
-2.433500000000000085e+01 9.808999999999999275e+00 -9.303000000000000824e+00 6.145999999999999908e+00
-1.038000000000000034e+00 2.251200000000000045e+01 -5.307999999999999829e+00 5.089000000000000412e+00
1.896499999999999986e+01 2.751399999999999935e+01 6.695999999999999730e+00 3.011000000000000121e+00
2.774399999999999977e+01 2.785000000000000142e+01 1.772400000000000020e+01 3.612999999999999989e+00
1.541000000000000014e+01 2.322899999999999920e+01 1.758599999999999852e+01 7.932999999999999829e+00
-9.907000000000000028e+00 1.621900000000000119e+01 1.086999999999999922e+01 1.094999999999999929e+01
-2.209199999999999875e+01 1.369100000000000072e+01 9.939999999999999503e+00 6.623000000000000220e+00
-1.336800000000000033e+01 1.584299999999999997e+01 1.855099999999999838e+01 -3.237999999999999989e+00
-4.806000000000000050e+00 1.940800000000000125e+01 2.860699999999999932e+01 -1.017200000000000060e+01
-1.029499999999999993e+01 2.233500000000000085e+01 2.851500000000000057e+01 -1.049900000000000055e+01
-2.187800000000000011e+01 1.324600000000000044e+01 1.427599999999999980e+01 -9.743000000000000327e+00
-3.431499999999999773e+01 -1.659199999999999875e+01 -5.277000000000000135e+00 -1.284299999999999997e+01
-5.053699999999999903e+01 -4.501299999999999812e+01 -1.760699999999999932e+01 -1.575799999999999912e+01
-6.247899999999999920e+01 -3.918800000000000239e+01 -1.961400000000000077e+01 -1.256799999999999962e+01
-5.527000000000000313e+01 -4.306000000000000050e+00 -1.553500000000000014e+01 -6.336000000000000298e+00
-3.107799999999999940e+01 2.353900000000000148e+01 -8.215999999999999304e+00 -4.163000000000000256e+00
-8.494999999999999218e+00 2.778300000000000125e+01 -1.826000000000000068e+00 -4.844000000000000306e+00
5.275999999999999801e+00 2.256899999999999906e+01 -2.267999999999999794e+00 -2.443999999999999950e+00
2.485699999999999932e+01 2.144600000000000151e+01 -6.048000000000000043e+00 1.161000000000000032e+00
5.472999999999999687e+01 2.200600000000000023e+01 -3.979999999999999982e+00 -1.029999999999999943e-01
6.240100000000000335e+01 1.504199999999999982e+01 -7.479999999999999982e-01 -3.943000000000000060e+00
1.695200000000000173e+01 -5.977000000000000313e+00 -1.036400000000000077e+01 -3.375000000000000000e+00
-5.293599999999999994e+01 -3.564699999999999847e+01 -2.802599999999999980e+01 9.100000000000000311e-01
-8.249800000000000466e+01 -5.347200000000000131e+01 -3.037099999999999866e+01 3.201999999999999957e+00
-5.159599999999999653e+01 -4.293599999999999994e+01 -1.055799999999999983e+01 3.552999999999999936e+00
-4.929999999999999938e-01 -1.319899999999999984e+01 1.274699999999999989e+01 5.764000000000000234e+00
3.147400000000000020e+01 9.548999999999999488e+00 2.755099999999999838e+01 8.474999999999999645e+00
4.081099999999999994e+01 9.512999999999999901e+00 3.968599999999999994e+01 7.373999999999999666e+00
3.694700000000000273e+01 -6.754999999999999893e+00 4.820799999999999841e+01 3.306999999999999940e+00
2.402599999999999980e+01 -2.074599999999999866e+01 4.118900000000000006e+01 9.659999999999999698e-01
7.634000000000000341e+00 -2.076399999999999935e+01 1.864499999999999957e+01 1.897000000000000020e+00
-4.998999999999999666e+00 -1.145299999999999940e+01 -4.945000000000000284e+00 3.882000000000000117e+00
-1.252100000000000080e+01 -2.023000000000000131e+00 -1.935200000000000031e+01 5.160000000000000142e+00
-1.323199999999999932e+01 9.192000000000000171e+00 -2.259799999999999898e+01 5.298000000000000043e+00
3.111000000000000210e+00 2.668299999999999983e+01 -1.418200000000000038e+01 3.335999999999999854e+00
3.672299999999999898e+01 4.176500000000000057e+01 3.910000000000000142e-01 -7.980000000000000426e-01
5.892499999999999716e+01 4.141899999999999693e+01 8.272999999999999687e+00 -3.725000000000000089e+00
4.139000000000000057e+01 2.895799999999999841e+01 4.631000000000000227e+00 -2.083000000000000185e+00
-4.184999999999999609e+00 1.905900000000000105e+01 -1.375999999999999890e+00 2.080000000000000071e+00
-4.265899999999999892e+01 1.333399999999999963e+01 -2.894000000000000128e+00 4.104000000000000092e+00
-5.748899999999999721e+01 -6.670000000000000373e-01 -4.520999999999999908e+00 3.454000000000000181e+00
-5.397099999999999653e+01 -2.498000000000000043e+01 -9.800000000000000711e+00 3.029999999999999805e+00
-3.995700000000000074e+01 -4.518999999999999773e+01 -1.391000000000000014e+01 3.898000000000000131e+00
-2.466400000000000148e+01 -5.057500000000000284e+01 -1.505300000000000082e+01 4.684999999999999609e+00
-1.961199999999999832e+01 -4.437700000000000244e+01 -1.828500000000000014e+01 4.307999999999999829e+00
-2.536199999999999832e+01 -3.424000000000000199e+01 -2.284900000000000020e+01 2.943999999999999950e+00
-3.001399999999999935e+01 -2.478999999999999915e+01 -2.162600000000000122e+01 1.697999999999999954e+00
-2.736199999999999832e+01 -1.908099999999999952e+01 -1.587100000000000044e+01 2.007000000000000117e+00
-2.480000000000000071e+01 -1.785800000000000054e+01 -1.487100000000000044e+01 3.886000000000000121e+00
-2.876300000000000168e+01 -1.689000000000000057e+01 -2.001899999999999835e+01 4.934999999999999609e+00
-3.363700000000000045e+01 -1.084299999999999997e+01 -2.272299999999999898e+01 3.226999999999999869e+00
-3.240899999999999892e+01 1.320000000000000062e-01 -1.925499999999999901e+01 7.349999999999999867e-01
-2.770599999999999952e+01 1.106199999999999939e+01 -1.606800000000000139e+01 6.380000000000000115e-01
-2.370599999999999952e+01 1.869500000000000028e+01 -1.664099999999999824e+01 1.393999999999999906e+00
-1.728600000000000136e+01 2.417200000000000060e+01 -1.381799999999999962e+01 -1.864000000000000101e+00
-4.209999999999999964e+00 2.996799999999999997e+01 -2.099000000000000199e+00 -9.400000000000000355e+00
1.528299999999999947e+01 3.648499999999999943e+01 1.129599999999999937e+01 -1.505199999999999960e+01
4.056099999999999994e+01 4.048199999999999932e+01 1.545100000000000051e+01 -1.407000000000000028e+01
6.987399999999999523e+01 3.826700000000000301e+01 1.117600000000000016e+01 -9.429999999999999716e+00
9.190999999999999659e+01 3.107100000000000151e+01 1.037800000000000011e+01 -7.198000000000000398e+00
8.935399999999999920e+01 2.060699999999999932e+01 1.899500000000000099e+01 -7.812999999999999723e+00
5.974799999999999756e+01 3.645000000000000018e+00 2.706500000000000128e+01 -7.193999999999999950e+00
2.490299999999999869e+01 -1.795299999999999940e+01 2.197800000000000153e+01 -4.225999999999999979e+00
7.921999999999999709e+00 -3.164499999999999957e+01 4.841999999999999638e+00 -8.050000000000000488e-01
7.527999999999999581e+00 -2.878200000000000003e+01 -1.335500000000000043e+01 2.454000000000000181e+00
8.689999999999999503e+00 -1.350300000000000011e+01 -2.363899999999999935e+01 5.209999999999999964e+00
1.014199999999999946e+01 6.108999999999999986e+00 -2.254700000000000060e+01 5.942000000000000171e+00
2.293700000000000117e+01 2.374699999999999989e+01 -1.269100000000000072e+01 4.778999999999999915e+00
4.454699999999999704e+01 3.137000000000000099e+01 -3.185000000000000053e+00 3.771999999999999797e+00
5.327700000000000102e+01 2.225300000000000011e+01 -2.998000000000000220e+00 2.564999999999999947e+00
3.760199999999999676e+01 2.705999999999999961e+00 -1.055199999999999960e+01 -1.743000000000000105e+00
1.736199999999999832e+01 -8.980999999999999872e+00 -1.357799999999999940e+01 -8.570000000000000284e+00
1.655499999999999972e+01 -3.725999999999999979e+00 -4.310999999999999943e+00 -1.210899999999999999e+01
2.537399999999999878e+01 5.440999999999999837e+00 8.496000000000000441e+00 -8.569000000000000838e+00
1.509999999999999964e+01 -3.709999999999999964e-01 1.154100000000000037e+01 -1.947999999999999954e+00
-1.796099999999999852e+01 -2.228200000000000003e+01 5.490000000000000213e+00 1.368999999999999995e+00
-4.993299999999999983e+01 -4.296999999999999886e+01 -2.379999999999999893e-01 1.173999999999999932e+00
-6.202000000000000313e+01 -4.642399999999999949e+01 -1.673000000000000043e+00 1.229000000000000092e+00
-5.392699999999999960e+01 -3.377199999999999847e+01 2.962000000000000188e+00 1.294999999999999929e+00
-3.156200000000000117e+01 -1.867599999999999838e+01 1.795799999999999841e+01 -1.324000000000000066e+00
3.117999999999999883e+00 -7.339000000000000412e+00 3.930100000000000193e+01 -4.463000000000000078e+00
4.671399999999999864e+01 8.948000000000000398e+00 5.014000000000000057e+01 -3.448999999999999844e+00
8.322799999999999443e+01 3.453900000000000148e+01 3.959899999999999665e+01 6.159999999999999920e-01
8.824299999999999500e+01 5.447399999999999665e+01 1.969000000000000128e+01 2.948999999999999844e+00
5.230299999999999727e+01 4.897599999999999909e+01 9.708999999999999631e+00 3.720000000000000195e+00
-2.209000000000000075e+00 1.594599999999999973e+01 9.538999999999999702e+00 6.264000000000000234e+00
-3.890800000000000125e+01 -2.555999999999999872e+01 6.407000000000000028e+00 9.356999999999999318e+00
-4.577900000000000347e+01 -5.191899999999999693e+01 -4.309999999999999942e-01 9.824999999999999289e+00
-4.284400000000000119e+01 -5.424099999999999966e+01 -2.733999999999999986e+00 9.535999999999999588e+00
-4.830400000000000205e+01 -4.146999999999999886e+01 2.190000000000000002e-01 1.145400000000000063e+01
-5.381400000000000006e+01 -2.646499999999999986e+01 5.834999999999999964e+00 1.234099999999999930e+01
-4.145100000000000051e+01 -1.307000000000000028e+01 1.534299999999999997e+01 7.855000000000000426e+00
-1.470400000000000063e+01 -5.360000000000000320e-01 2.430099999999999838e+01 1.455999999999999961e+00
1.669000000000000039e+00 5.700000000000000178e+00 2.060800000000000054e+01 -3.230000000000000093e-01
-4.458999999999999631e+00 9.759999999999999787e-01 2.676000000000000156e+00 1.391999999999999904e+00
-1.527999999999999936e+01 -5.641000000000000014e+00 -1.363199999999999967e+01 4.630000000000000226e-01
-1.272300000000000075e+01 -1.629999999999999893e+00 -1.684299999999999997e+01 -3.181000000000000050e+00
-9.146000000000000796e+00 8.412000000000000810e+00 -1.527699999999999925e+01 -4.435999999999999943e+00
-2.618100000000000094e+01 7.394000000000000128e+00 -1.950900000000000034e+01 -3.000999999999999890e+00
-5.489399999999999835e+01 -8.750000000000000000e+00 -2.463899999999999935e+01 -2.923999999999999932e+00
-6.784000000000000341e+01 -2.453699999999999903e+01 -2.193599999999999994e+01 -4.871999999999999886e+00
-6.221800000000000352e+01 -2.649299999999999855e+01 -1.382300000000000040e+01 -6.371999999999999886e+00
-5.159199999999999875e+01 -1.596000000000000085e+01 -7.625000000000000000e+00 -5.825999999999999623e+00
-2.461299999999999955e+01 2.209000000000000075e+00 -5.349000000000000199e+00 -2.359999999999999876e+00
3.498799999999999955e+01 2.555799999999999983e+01 -4.440999999999999837e+00 3.388999999999999790e+00
9.089600000000000080e+01 4.365400000000000347e+01 -1.915000000000000036e+00 7.068999999999999950e+00
8.012800000000000011e+01 4.077700000000000102e+01 4.094000000000000306e+00 4.655000000000000249e+00
7.698000000000000398e+00 1.849899999999999878e+01 1.464700000000000024e+01 -1.066000000000000059e+00
-4.524000000000000199e+01 8.249999999999999556e-01 2.864300000000000068e+01 -3.912999999999999812e+00
-2.637600000000000122e+01 5.573999999999999844e+00 3.831099999999999994e+01 -3.419000000000000039e+00
2.537699999999999889e+01 2.087600000000000122e+01 3.216899999999999693e+01 -4.086999999999999744e+00
4.217799999999999727e+01 2.242899999999999849e+01 9.406000000000000583e+00 -6.985000000000000320e+00
1.284600000000000009e+01 6.855000000000000426e+00 -1.517099999999999937e+01 -8.288000000000000256e+00
-2.018700000000000117e+01 -6.923000000000000043e+00 -2.792000000000000171e+01 -5.485000000000000320e+00
-2.425799999999999912e+01 -4.605999999999999872e+00 -3.087999999999999901e+01 -8.020000000000000462e-01
-1.187999999999999945e+00 1.138799999999999990e+01 -3.163899999999999935e+01 1.856000000000000094e+00
3.390200000000000102e+01 3.185000000000000142e+01 -2.896499999999999986e+01 1.338000000000000078e+00
5.627400000000000091e+01 4.560099999999999909e+01 -2.077599999999999980e+01 -4.510000000000000120e-01
3.456600000000000250e+01 3.960300000000000153e+01 -1.538299999999999912e+01 -1.558999999999999941e+00
-2.630399999999999849e+01 1.227299999999999969e+01 -1.910200000000000031e+01 -1.493000000000000105e+00
-7.135200000000000387e+01 -1.536400000000000077e+01 -2.235000000000000142e+01 -7.019999999999999574e-01
-5.723299999999999699e+01 -1.567500000000000071e+01 -1.191099999999999959e+01 -2.000000000000000042e-02
1.959999999999999964e+00 1.662999999999999901e+01 1.236200000000000010e+01 2.359999999999999876e-01
6.120400000000000063e+01 5.580799999999999983e+01 3.868699999999999761e+01 1.344000000000000083e+00
8.351699999999999591e+01 6.739000000000000057e+01 4.996900000000000119e+01 4.956999999999999851e+00
6.029699999999999704e+01 4.287400000000000233e+01 3.539399999999999835e+01 9.294000000000000483e+00
2.417999999999999972e+01 9.269999999999999574e+00 6.939000000000000057e+00 8.871999999999999886e+00
2.219699999999999918e+01 -2.512999999999999901e+00 -9.005000000000000782e+00 1.641999999999999904e+00
5.373499999999999943e+01 7.969999999999999751e+00 -3.472999999999999865e+00 -6.149000000000000021e+00
6.667799999999999727e+01 1.621600000000000108e+01 6.541000000000000369e+00 -6.964999999999999858e+00
3.498100000000000165e+01 6.368000000000000327e+00 4.307999999999999829e+00 -2.108999999999999986e+00
7.099999999999999645e-01 -9.925000000000000711e+00 -6.408000000000000362e+00 -1.650000000000000078e-01
1.215900000000000070e+01 -1.048900000000000077e+01 -1.156000000000000050e+01 -5.073000000000000398e+00
5.300200000000000244e+01 5.671000000000000263e+00 -5.280000000000000249e+00 -1.022600000000000087e+01
6.517499999999999716e+01 1.452100000000000080e+01 7.801000000000000156e+00 -7.758000000000000007e+00
2.693599999999999994e+01 4.869999999999999885e-01 1.996199999999999974e+01 2.790000000000000258e-01
-2.485999999999999943e+01 -2.154799999999999827e+01 2.389399999999999835e+01 5.706000000000000405e+00
-5.273100000000000165e+01 -3.114000000000000057e+01 1.611499999999999844e+01 5.562999999999999723e+00
-6.281199999999999761e+01 -3.164099999999999824e+01 3.166999999999999815e+00 3.399999999999999911e+00
-7.496699999999999875e+01 -3.780899999999999750e+01 -3.962000000000000188e+00 2.371999999999999886e+00
-8.682800000000000296e+01 -5.013799999999999812e+01 -5.022000000000000242e+00 2.460999999999999854e+00
-8.904099999999999682e+01 -5.773799999999999955e+01 -8.137000000000000455e+00 2.677999999999999936e+00
-8.198600000000000421e+01 -5.542300000000000182e+01 -1.367300000000000004e+01 2.637000000000000011e+00
-6.454099999999999682e+01 -4.598799999999999955e+01 -1.542399999999999949e+01 2.544999999999999929e+00
-3.608599999999999852e+01 -3.317699999999999960e+01 -1.403899999999999970e+01 2.809000000000000163e+00
-9.869999999999999218e+00 -1.973699999999999832e+01 -1.531799999999999962e+01 3.455000000000000071e+00
4.430000000000000049e-01 -7.782000000000000028e+00 -1.890800000000000125e+01 3.882000000000000117e+00
-1.290000000000000036e-01 1.048000000000000043e+00 -1.967599999999999838e+01 3.476999999999999869e+00
6.199999999999999956e-01 4.022000000000000242e+00 -1.740200000000000102e+01 2.451000000000000068e+00
3.946000000000000174e+00 2.210000000000000020e-01 -1.598700000000000010e+01 1.945999999999999952e+00
6.030000000000000249e+00 -4.283999999999999808e+00 -1.541300000000000026e+01 3.009999999999999787e+00
9.426000000000000156e+00 -3.144000000000000128e+00 -1.336100000000000065e+01 5.094999999999999751e+00
1.607900000000000063e+01 -1.431999999999999940e+00 -1.202200000000000024e+01 5.996000000000000441e+00
1.587199999999999989e+01 -9.297000000000000597e+00 -1.410299999999999976e+01 4.054999999999999716e+00
-3.041999999999999815e+00 -2.452899999999999991e+01 -1.516099999999999959e+01 8.300000000000000433e-02
-3.014000000000000057e+01 -3.305400000000000205e+01 -8.750000000000000000e+00 -3.294000000000000039e+00
-3.513300000000000267e+01 -2.629299999999999926e+01 3.361000000000000210e+00 -4.123000000000000220e+00
-5.631999999999999673e+00 -8.256000000000000227e+00 1.283600000000000030e+01 -3.314000000000000057e+00
3.164499999999999957e+01 1.158300000000000018e+01 1.378500000000000014e+01 -3.911000000000000032e+00
4.139900000000000091e+01 2.322200000000000131e+01 6.905000000000000249e+00 -6.897000000000000242e+00
2.267800000000000082e+01 2.039999999999999858e+01 -2.053999999999999826e+00 -8.688000000000000611e+00
5.326999999999999957e+00 7.540000000000000036e+00 -8.644999999999999574e+00 -5.432999999999999829e+00
4.875000000000000000e+00 -4.397999999999999687e+00 -1.551699999999999946e+01 1.072999999999999954e+00
3.906000000000000139e+00 -9.098000000000000753e+00 -2.607000000000000028e+01 5.754999999999999893e+00
-1.007799999999999940e+01 -5.258000000000000007e+00 -3.436699999999999733e+01 7.136000000000000121e+00
-1.717599999999999838e+01 6.892999999999999794e+00 -2.961100000000000065e+01 6.868999999999999773e+00
6.680000000000000382e-01 2.234700000000000131e+01 -9.141999999999999460e+00 5.261999999999999567e+00
2.445299999999999940e+01 3.200399999999999778e+01 1.704599999999999937e+01 2.281000000000000139e+00
2.337699999999999889e+01 3.034900000000000020e+01 3.378300000000000125e+01 -6.740000000000000435e-01
-2.725999999999999979e+00 1.791300000000000026e+01 3.357600000000000051e+01 -3.331999999999999851e+00
-2.537000000000000099e+01 9.199999999999999845e-02 2.417699999999999960e+01 -7.325999999999999623e+00
-2.301200000000000045e+01 -1.145899999999999963e+01 2.182700000000000173e+01 -1.250300000000000011e+01
-2.012999999999999901e+00 -5.913000000000000256e+00 3.278399999999999892e+01 -1.465700000000000003e+01
1.900499999999999901e+01 1.175500000000000078e+01 4.383800000000000097e+01 -9.938000000000000611e+00
3.316400000000000148e+01 2.227400000000000091e+01 3.970400000000000063e+01 -1.602000000000000091e+00
4.031799999999999784e+01 1.334800000000000075e+01 2.408500000000000085e+01 2.644000000000000128e+00
3.216799999999999926e+01 -7.908999999999999808e+00 9.625000000000000000e+00 8.509999999999999787e-01
5.766000000000000014e+00 -2.610500000000000043e+01 -2.886000000000000121e+00 -1.967999999999999972e+00
-2.028699999999999903e+01 -3.425500000000000256e+01 -1.798499999999999943e+01 -2.580999999999999961e+00
-2.679799999999999827e+01 -3.609499999999999886e+01 -3.073699999999999832e+01 -2.479999999999999982e+00
-1.832000000000000028e+01 -3.497999999999999687e+01 -3.340800000000000125e+01 -2.729999999999999982e+00
-7.498999999999999666e+00 -2.530799999999999983e+01 -2.355699999999999861e+01 -2.274000000000000021e+00
5.330000000000000071e+00 -1.766000000000000014e+00 -8.120000000000000551e-01 -1.171000000000000041e+00
1.778200000000000003e+01 2.423900000000000077e+01 2.697800000000000153e+01 -3.459999999999999742e-01
1.631700000000000017e+01 3.327900000000000347e+01 4.127300000000000324e+01 1.052999999999999936e+00
7.309999999999999831e-01 2.561499999999999844e+01 3.554599999999999937e+01 3.361000000000000210e+00
-1.137700000000000067e+01 1.933699999999999974e+01 2.391400000000000148e+01 3.761000000000000121e+00
-1.661899999999999977e+01 1.916400000000000148e+01 1.458799999999999919e+01 7.189999999999999725e-01
-2.845599999999999952e+01 1.248099999999999987e+01 8.679999999999999938e-01 -2.160000000000000142e+00
-4.386299999999999955e+01 -1.266999999999999904e+00 -1.443699999999999939e+01 -1.084000000000000075e+00
-4.003699999999999903e+01 -2.948999999999999844e+00 -1.454100000000000037e+01 2.615000000000000213e+00
-5.677999999999999936e+00 1.830199999999999960e+01 3.366999999999999993e+00 5.487000000000000099e+00
4.421500000000000341e+01 4.871200000000000330e+01 1.927299999999999969e+01 6.740000000000000213e+00
8.286199999999999477e+01 6.692199999999999704e+01 2.003399999999999892e+01 7.785999999999999588e+00
9.108400000000000318e+01 6.240599999999999881e+01 1.672100000000000009e+01 9.957000000000000739e+00
6.643999999999999773e+01 3.767499999999999716e+01 1.885300000000000153e+01 1.295199999999999996e+01
2.547500000000000142e+01 8.381000000000000227e+00 1.564499999999999957e+01 1.367900000000000027e+01
-3.874000000000000110e+00 -5.043999999999999595e+00 -9.799999999999999822e-01 8.933999999999999275e+00
-6.935999999999999943e+00 -8.279999999999999583e-01 -2.013700000000000045e+01 6.670000000000000373e-01
-9.929999999999999938e-01 -6.450000000000000178e-01 -3.416299999999999670e+01 -4.814000000000000057e+00
-1.542200000000000060e+01 -2.112199999999999989e+01 -5.137500000000000000e+01 -4.538000000000000256e+00
-5.140100000000000335e+01 -5.275500000000000256e+01 -7.020000000000000284e+01 -3.104000000000000092e+00
-7.579699999999999704e+01 -7.091299999999999670e+01 -6.486700000000000443e+01 -6.354000000000000092e+00
-5.946000000000000085e+01 -5.743999999999999773e+01 -1.914600000000000080e+01 -1.216200000000000081e+01
-1.027800000000000047e+01 -1.716000000000000014e+01 3.921699999999999875e+01 -1.300200000000000067e+01
3.726299999999999812e+01 2.002400000000000091e+01 6.169100000000000250e+01 -7.900999999999999801e+00
5.956900000000000261e+01 2.989499999999999957e+01 3.669500000000000028e+01 -4.040000000000000036e+00
6.217399999999999949e+01 2.537000000000000099e+01 2.318999999999999950e+00 -5.559000000000000163e+00
6.206499999999999773e+01 3.314000000000000057e+01 -5.094999999999999751e+00 -8.420999999999999375e+00
6.533400000000000318e+01 5.143200000000000216e+01 1.018099999999999916e+01 -6.863999999999999879e+00
6.508100000000000307e+01 5.749000000000000199e+01 2.538599999999999923e+01 -5.000000000000000104e-03
5.415999999999999659e+01 4.080700000000000216e+01 3.175300000000000011e+01 7.118999999999999773e+00
3.621399999999999864e+01 8.496999999999999886e+00 3.239099999999999824e+01 8.007999999999999119e+00
2.026000000000000156e+01 -2.620599999999999952e+01 2.907400000000000162e+01 2.587000000000000188e+00
7.706999999999999851e+00 -4.883400000000000318e+01 2.071900000000000119e+01 -1.447999999999999954e+00
-8.194000000000000838e+00 -5.237100000000000222e+01 6.713000000000000078e+00 1.120999999999999996e+00
-3.085000000000000142e+01 -4.519899999999999807e+01 -9.894000000000000128e+00 5.881999999999999673e+00
-5.126800000000000068e+01 -3.864900000000000091e+01 -2.219900000000000162e+01 6.533999999999999808e+00
-5.562199999999999989e+01 -3.206000000000000227e+01 -2.536799999999999855e+01 3.811999999999999833e+00
-4.291199999999999903e+01 -1.970799999999999841e+01 -2.085999999999999943e+01 1.850000000000000089e+00
-2.696699999999999875e+01 -3.265000000000000124e+00 -1.254700000000000060e+01 1.433000000000000052e+00
-2.045599999999999952e+01 9.580999999999999517e+00 -2.978000000000000203e+00 1.050000000000000044e+00
-2.252700000000000102e+01 1.286899999999999977e+01 3.903000000000000025e+00 6.870000000000000551e-01
-2.406200000000000117e+01 6.900999999999999801e+00 2.041999999999999815e+00 1.467000000000000082e+00
-2.587000000000000099e+01 -2.754999999999999893e+00 -1.004899999999999949e+01 3.080999999999999961e+00
-4.017799999999999727e+01 -1.028100000000000058e+01 -2.534499999999999886e+01 3.818999999999999950e+00
-6.385000000000000142e+01 -1.260299999999999976e+01 -3.518200000000000216e+01 3.611000000000000210e+00
-7.201500000000000057e+01 -1.047000000000000064e+01 -3.831700000000000017e+01 4.716999999999999638e+00
-5.453000000000000114e+01 -9.080000000000000071e+00 -3.966499999999999915e+01 7.397999999999999687e+00
-3.357000000000000028e+01 -1.259099999999999930e+01 -4.179800000000000182e+01 8.069000000000000838e+00
-3.045599999999999952e+01 -1.753399999999999892e+01 -4.234100000000000108e+01 4.764999999999999680e+00
-3.961899999999999977e+01 -1.761400000000000077e+01 -3.918699999999999761e+01 9.070000000000000284e-01
-4.613400000000000034e+01 -1.201900000000000013e+01 -3.215200000000000102e+01 2.099999999999999922e-01
-4.388100000000000023e+01 -1.989000000000000101e+00 -1.829100000000000037e+01 1.096000000000000085e+00
-2.630999999999999872e+01 1.565300000000000047e+01 5.613999999999999879e+00 -1.799999999999999864e-02
1.447600000000000087e+01 4.125900000000000034e+01 3.253000000000000114e+01 -2.665999999999999925e+00
6.568699999999999761e+01 6.200300000000000011e+01 4.778999999999999915e+01 -4.480999999999999872e+00
9.281999999999999318e+01 6.095400000000000063e+01 4.550200000000000244e+01 -6.801999999999999602e+00
7.708799999999999386e+01 3.614600000000000080e+01 3.120299999999999940e+01 -1.171100000000000030e+01
4.046600000000000108e+01 2.552000000000000046e+00 1.030199999999999960e+01 -1.607999999999999829e+01
1.789699999999999847e+01 -2.200300000000000011e+01 -1.056499999999999950e+01 -1.529599999999999937e+01
1.453599999999999959e+01 -2.964799999999999969e+01 -1.839099999999999824e+01 -9.843999999999999417e+00
8.682999999999999829e+00 -2.676800000000000068e+01 -9.513999999999999346e+00 -3.460999999999999854e+00
-9.185999999999999943e+00 -2.495200000000000173e+01 -2.340000000000000135e-01 1.056000000000000050e+00
-1.908800000000000097e+01 -2.437600000000000122e+01 -4.041999999999999815e+00 2.087000000000000188e+00
3.021999999999999797e+00 -1.412199999999999989e+01 -9.740999999999999659e+00 -8.300000000000000433e-02
4.728000000000000114e+01 6.391000000000000014e+00 1.506999999999999895e+00 -2.373000000000000220e+00
6.860200000000000387e+01 1.830600000000000094e+01 2.567299999999999827e+01 -2.652000000000000135e+00
3.706099999999999994e+01 5.118000000000000327e+00 3.947899999999999920e+01 -2.998000000000000220e+00
-2.275499999999999901e+01 -2.399399999999999977e+01 3.199699999999999989e+01 -5.168999999999999595e+00
-6.136599999999999966e+01 -4.252700000000000102e+01 1.564199999999999946e+01 -5.738999999999999879e+00
-5.693399999999999750e+01 -3.580100000000000193e+01 6.208999999999999631e+00 -1.544000000000000039e+00
-2.503200000000000003e+01 -1.369299999999999962e+01 7.349000000000000199e+00 3.549999999999999822e+00
3.310999999999999943e+00 4.336999999999999744e+00 1.210699999999999932e+01 4.423000000000000043e+00
7.027000000000000135e+00 8.551999999999999602e+00 1.002800000000000047e+01 2.805000000000000160e+00
-7.817000000000000171e+00 2.926000000000000156e+00 -1.663999999999999924e+00 2.705999999999999961e+00
-1.984400000000000119e+01 -3.334000000000000075e+00 -1.395500000000000007e+01 3.418000000000000149e+00
-2.126099999999999923e+01 -5.320000000000000284e+00 -1.966799999999999926e+01 2.946000000000000174e+00
-2.133200000000000074e+01 -5.094999999999999751e+00 -2.285399999999999920e+01 2.625000000000000000e+00
-2.739499999999999957e+01 -6.774000000000000021e+00 -2.888599999999999923e+01 3.822000000000000064e+00
-3.720700000000000074e+01 -1.039400000000000013e+01 -3.488199999999999790e+01 4.814000000000000057e+00
-4.536099999999999710e+01 -1.185899999999999999e+01 -3.464200000000000301e+01 4.225999999999999979e+00
-4.756000000000000227e+01 -8.214999999999999858e+00 -2.676200000000000045e+01 3.694999999999999840e+00
-3.954800000000000182e+01 7.690000000000000169e-01 -1.287400000000000055e+01 4.373999999999999666e+00
-1.661599999999999966e+01 1.672899999999999920e+01 6.972000000000000419e+00 4.298000000000000043e+00
2.019300000000000139e+01 4.099099999999999966e+01 2.831299999999999883e+01 2.138999999999999790e+00
5.336699999999999733e+01 6.545999999999999375e+01 3.687100000000000222e+01 2.210000000000000020e-01
5.920000000000000284e+01 7.572599999999999909e+01 2.312099999999999866e+01 9.090000000000000302e-01
4.569599999999999795e+01 7.050799999999999557e+01 2.849999999999999756e-01 2.861000000000000210e+00
5.191599999999999682e+01 6.478000000000000114e+01 -6.427999999999999936e+00 3.407999999999999918e+00
8.160899999999999466e+01 6.347500000000000142e+01 1.025099999999999945e+01 2.798000000000000043e+00
8.487099999999999511e+01 5.045799999999999841e+01 3.147800000000000153e+01 3.455000000000000071e+00
4.082300000000000040e+01 1.623699999999999832e+01 3.617999999999999972e+01 5.067999999999999616e+00
-1.824000000000000066e+00 -2.254599999999999937e+01 2.426300000000000168e+01 3.790000000000000036e+00
-8.329999999999999627e-01 -4.275999999999999801e+01 1.102299999999999969e+01 -1.417999999999999927e+00
2.246999999999999886e+01 -4.122299999999999898e+01 4.862000000000000099e+00 -5.642999999999999794e+00
2.804700000000000060e+01 -3.350699999999999790e+01 1.080000000000000071e+00 -4.842999999999999972e+00
1.321799999999999997e+01 -3.015899999999999892e+01 -3.259999999999999787e+00 -1.203000000000000069e+00
5.881999999999999673e+00 -2.338599999999999923e+01 -2.084000000000000075e+00 1.633000000000000007e+00
2.301399999999999935e+01 -4.245000000000000107e+00 7.756999999999999673e+00 3.335999999999999854e+00
4.882300000000000040e+01 1.777899999999999991e+01 2.037399999999999878e+01 4.222999999999999865e+00
5.634700000000000131e+01 2.529799999999999827e+01 3.012800000000000011e+01 3.271999999999999797e+00
3.870900000000000318e+01 1.420700000000000074e+01 3.314099999999999824e+01 1.082000000000000073e+00
8.369999999999999218e+00 -5.464000000000000412e+00 2.136199999999999832e+01 8.500000000000000611e-02
-1.875600000000000023e+01 -2.294800000000000040e+01 -7.177999999999999936e+00 1.519999999999999962e-01
-3.269800000000000040e+01 -3.542600000000000193e+01 -3.760399999999999920e+01 -1.548999999999999932e+00
-3.911999999999999744e+01 -4.629899999999999949e+01 -5.451400000000000290e+01 -4.788000000000000256e+00
-5.229599999999999937e+01 -5.700300000000000011e+01 -5.937299999999999756e+01 -4.743000000000000327e+00
-6.657299999999999329e+01 -6.317300000000000182e+01 -5.957300000000000040e+01 1.052000000000000046e+00
-5.870400000000000063e+01 -6.174399999999999977e+01 -5.424099999999999966e+01 7.347999999999999865e+00
-2.853900000000000148e+01 -5.370700000000000074e+01 -3.892999999999999972e+01 6.491999999999999993e+00
2.969999999999999862e-01 -3.241499999999999915e+01 -1.197899999999999920e+01 -1.796000000000000041e+00
2.357799999999999940e+01 1.008600000000000030e+01 2.284700000000000131e+01 -9.196999999999999176e+00
4.606799999999999784e+01 4.993800000000000239e+01 4.844899999999999807e+01 -8.984999999999999432e+00
4.087500000000000000e+01 4.300000000000000000e+01 4.393500000000000227e+01 -5.336999999999999744e+00
-4.551000000000000156e+00 -5.533999999999999808e+00 1.861100000000000065e+01 -7.126999999999999780e+00
-3.218999999999999773e+01 -3.177799999999999869e+01 1.091200000000000081e+01 -1.324300000000000033e+01
6.197000000000000064e+00 -3.443999999999999950e+00 3.395400000000000063e+01 -1.338299999999999912e+01
5.720799999999999841e+01 3.264699999999999847e+01 5.349900000000000233e+01 -4.762999999999999901e+00
4.626500000000000057e+01 2.699699999999999989e+01 3.916799999999999926e+01 2.599000000000000199e+00
-4.384999999999999787e+00 -1.183000000000000052e+00 7.091999999999999638e+00 9.240000000000000435e-01
-2.529400000000000048e+01 -9.146000000000000796e+00 -7.328000000000000291e+00 -4.580000000000000071e+00
-1.460399999999999920e+01 8.400000000000000522e-02 2.028999999999999915e+00 -5.200000000000000178e+00
-2.238500000000000156e+01 -2.189000000000000057e+00 1.033500000000000085e+01 -8.579999999999999849e-01
-5.705599999999999739e+01 -1.561899999999999977e+01 1.570000000000000062e+00 2.935999999999999943e+00
-7.755200000000000671e+01 -1.758500000000000085e+01 -1.133000000000000007e+01 3.782000000000000028e+00
-6.374099999999999966e+01 -4.546000000000000263e+00 -1.194500000000000028e+01 3.170999999999999819e+00
-4.205499999999999972e+01 5.682000000000000384e+00 -5.033000000000000362e+00 2.670999999999999819e+00
-4.090899999999999892e+01 2.275999999999999801e+00 -3.492999999999999883e+00 2.424999999999999822e+00
-5.429299999999999926e+01 -8.971000000000000085e+00 -7.443999999999999950e+00 1.868000000000000105e+00
-5.556400000000000006e+01 -1.627899999999999991e+01 -7.993000000000000327e+00 9.659999999999999698e-01
-2.937999999999999901e+01 -9.666999999999999815e+00 -1.616000000000000103e+00 6.640000000000000346e-01
1.391300000000000026e+01 1.303999999999999915e+01 6.756999999999999673e+00 1.495000000000000107e+00
4.815699999999999648e+01 3.907200000000000273e+01 1.030100000000000016e+01 2.455999999999999961e+00
5.447099999999999653e+01 4.796500000000000341e+01 5.517999999999999794e+00 2.443000000000000060e+00
3.497299999999999898e+01 3.300699999999999790e+01 -7.483999999999999986e+00 1.905000000000000027e+00
5.634000000000000341e+00 8.961000000000000298e+00 -2.475300000000000011e+01 1.887999999999999901e+00
-1.998000000000000043e+01 -5.182000000000000384e+00 -3.792199999999999704e+01 2.455000000000000071e+00
-4.018099999999999739e+01 -4.544999999999999929e+00 -4.074099999999999966e+01 3.073999999999999844e+00
-5.954200000000000159e+01 2.914000000000000146e+00 -3.651100000000000279e+01 3.717999999999999972e+00
-7.501699999999999591e+01 8.759000000000000341e+00 -3.154400000000000048e+01 4.516000000000000014e+00
-7.330100000000000193e+01 9.817000000000000171e+00 -2.485699999999999932e+01 5.022000000000000242e+00
-4.424399999999999977e+01 6.314000000000000057e+00 -1.355400000000000027e+01 5.038999999999999702e+00
4.602999999999999758e+00 8.599999999999999312e-02 -2.216000000000000192e+00 4.993999999999999773e+00
4.437899999999999778e+01 -7.500000000000000000e+00 1.629999999999999893e+00 4.035999999999999588e+00
4.313000000000000256e+01 -1.717899999999999849e+01 -4.325999999999999623e+00 4.420000000000000040e-01
4.266000000000000014e+00 -2.672899999999999920e+01 -1.540499999999999936e+01 -4.376000000000000334e+00
-2.515500000000000114e+01 -2.648300000000000054e+01 -2.032400000000000162e+01 -6.235999999999999766e+00
-1.008699999999999974e+01 -1.006900000000000084e+01 -9.025000000000000355e+00 -4.046999999999999709e+00
2.761299999999999955e+01 1.197799999999999976e+01 1.290700000000000003e+01 -1.020999999999999908e+00
4.594700000000000273e+01 2.104100000000000037e+01 2.662300000000000111e+01 4.510000000000000120e-01
3.832999999999999829e+01 1.239799999999999969e+01 2.300799999999999912e+01 7.399999999999999911e-01
3.310000000000000142e+01 1.941000000000000059e+00 1.383900000000000041e+01 5.470000000000000417e-01
5.830799999999999983e+01 1.031099999999999994e+01 1.283900000000000041e+01 1.066000000000000059e+00
1.082810000000000059e+02 3.832600000000000051e+01 1.519800000000000040e+01 4.264000000000000234e+00
1.403700000000000045e+02 6.338900000000000290e+01 9.304999999999999716e+00 8.814999999999999503e+00
1.231320000000000050e+02 6.637099999999999511e+01 4.490000000000000102e-01 9.625000000000000000e+00
7.473399999999999466e+01 4.908700000000000330e+01 3.169000000000000039e+00 4.793000000000000149e+00
3.257699999999999818e+01 2.354799999999999827e+01 1.748799999999999955e+01 -1.715000000000000080e+00
1.326600000000000001e+01 3.285000000000000142e+00 3.169300000000000139e+01 -6.304999999999999716e+00
1.433000000000000007e+01 -1.529999999999999971e-01 3.787100000000000222e+01 -9.130000000000000782e+00
2.613800000000000168e+01 1.110999999999999943e+01 3.191900000000000048e+01 -1.039300000000000068e+01
3.826899999999999835e+01 2.310300000000000153e+01 1.308600000000000030e+01 -9.538000000000000256e+00
4.379899999999999949e+01 2.745299999999999940e+01 -9.555999999999999162e+00 -8.611000000000000654e+00
3.019000000000000128e+01 1.986100000000000065e+01 -2.165399999999999991e+01 -9.865000000000000213e+00
-2.137699999999999889e+01 -9.766000000000000014e+00 -1.641100000000000136e+01 -1.004499999999999993e+01
-1.005660000000000025e+02 -5.709700000000000131e+01 -1.400000000000000133e-01 -4.357000000000000206e+00
-1.505380000000000109e+02 -8.668999999999999773e+01 1.254599999999999937e+01 4.309000000000000163e+00
-1.288830000000000098e+02 -7.065399999999999636e+01 1.039499999999999957e+01 8.196999999999999176e+00
-6.840500000000000114e+01 -2.988299999999999912e+01 -4.602000000000000313e+00 5.924000000000000377e+00
-3.197599999999999909e+01 -4.793000000000000149e+00 -2.030600000000000094e+01 2.926000000000000156e+00
-3.150799999999999912e+01 -4.027000000000000135e+00 -2.810300000000000153e+01 2.152000000000000135e+00
-3.570300000000000296e+01 -9.632999999999999119e+00 -2.858200000000000074e+01 1.653999999999999915e+00
-2.704299999999999926e+01 -1.013000000000000078e+01 -2.260000000000000142e+01 2.510000000000000009e-01
-1.010399999999999920e+01 -4.982999999999999652e+00 -8.708000000000000185e+00 -4.979999999999999982e-01
9.166000000000000369e+00 2.959999999999999964e+00 6.152000000000000135e+00 -2.999999999999999889e-02
2.433399999999999963e+01 5.559999999999999609e+00 9.804999999999999716e+00 -1.150000000000000050e-01
2.971399999999999864e+01 -2.599000000000000199e+00 2.238999999999999879e+00 -1.022000000000000020e+00
3.018799999999999883e+01 -1.276900000000000013e+01 -7.057999999999999829e+00 -3.300000000000000155e-02
3.254399999999999693e+01 -1.420500000000000007e+01 -1.485200000000000031e+01 3.762999999999999901e+00
3.286299999999999955e+01 -9.914999999999999147e+00 -1.988800000000000168e+01 6.934000000000000163e+00
2.828399999999999892e+01 -6.158000000000000362e+00 -1.439400000000000013e+01 6.434999999999999609e+00
2.666000000000000014e+01 1.278000000000000025e+00 3.201999999999999957e+00 3.299999999999999822e+00
2.868599999999999994e+01 1.542800000000000082e+01 1.827700000000000102e+01 1.940000000000000058e-01
1.843499999999999872e+01 2.326200000000000045e+01 1.489400000000000013e+01 -1.737000000000000099e+00
-1.233200000000000074e+01 8.747999999999999332e+00 -5.578999999999999737e+00 -2.996999999999999886e+00
-4.654099999999999682e+01 -2.181200000000000117e+01 -2.620100000000000051e+01 -4.692999999999999616e+00
-6.233500000000000085e+01 -4.132800000000000296e+01 -3.202199999999999847e+01 -7.158000000000000362e+00
-5.808500000000000085e+01 -3.176000000000000156e+01 -2.125199999999999889e+01 -8.452999999999999403e+00
-4.366299999999999670e+01 -1.284000000000000030e+00 6.560000000000000275e-01 -5.753999999999999559e+00
-2.046900000000000119e+01 3.020799999999999841e+01 2.741799999999999926e+01 6.219999999999999973e-01
9.583000000000000185e+00 4.789699999999999847e+01 4.825600000000000023e+01 7.035999999999999588e+00
2.668299999999999983e+01 4.204899999999999949e+01 5.177700000000000102e+01 1.035299999999999976e+01
1.222899999999999920e+01 9.515000000000000568e+00 3.885699999999999932e+01 9.404999999999999361e+00
-1.900400000000000134e+01 -3.504399999999999693e+01 2.120100000000000051e+01 5.397000000000000242e+00
-3.270300000000000296e+01 -6.254500000000000171e+01 8.237000000000000099e+00 2.758999999999999897e+00
-2.119900000000000162e+01 -5.769100000000000250e+01 1.643999999999999906e+00 4.419999999999999929e+00
-8.387999999999999901e+00 -3.398400000000000176e+01 -2.866000000000000103e+00 6.014000000000000234e+00
-5.046000000000000263e+00 -1.036400000000000077e+01 -8.430999999999999162e+00 1.429000000000000048e+00
5.865999999999999659e+00 9.499000000000000554e+00 -8.201000000000000512e+00 -6.844999999999999751e+00
2.691300000000000026e+01 2.336299999999999955e+01 6.229000000000000092e+00 -1.043900000000000006e+01
2.842399999999999949e+01 2.001099999999999923e+01 2.599399999999999977e+01 -7.791999999999999815e+00
-6.065000000000000391e+00 -5.450000000000000400e-01 3.147299999999999898e+01 -6.227000000000000313e+00
-4.934799999999999898e+01 -1.683399999999999963e+01 1.908500000000000085e+01 -9.740999999999999659e+00
-6.604999999999999716e+01 -1.239400000000000013e+01 4.501999999999999780e+00 -1.262700000000000067e+01
-5.546999999999999886e+01 2.730999999999999872e+00 -1.161000000000000032e+00 -9.188000000000000611e+00
-3.808500000000000085e+01 1.111700000000000088e+01 -1.792999999999999927e+00 -2.491000000000000103e+00
-1.451699999999999946e+01 1.569699999999999918e+01 -2.427999999999999936e+00 1.820999999999999952e+00
2.831400000000000006e+01 3.121300000000000097e+01 -1.379999999999999893e+00 3.817000000000000171e+00
7.439300000000000068e+01 5.552799999999999869e+01 1.526999999999999913e+00 5.855999999999999872e+00
8.985800000000000409e+01 6.811599999999999966e+01 1.415999999999999925e+00 7.187000000000000277e+00
7.676600000000000534e+01 5.648599999999999710e+01 -5.570999999999999730e+00 6.974999999999999645e+00
6.350000000000000000e+01 2.928099999999999881e+01 -1.804799999999999827e+01 6.895999999999999908e+00
5.330899999999999750e+01 1.056000000000000050e+00 -2.926300000000000168e+01 7.025999999999999801e+00
3.153699999999999903e+01 -2.199899999999999878e+01 -3.096799999999999997e+01 4.634999999999999787e+00
2.501999999999999780e+00 -3.740800000000000125e+01 -2.168199999999999861e+01 -5.390000000000000346e-01
-1.689499999999999957e+01 -4.216400000000000148e+01 -9.949999999999999289e+00 -4.937000000000000277e+00
-2.058699999999999974e+01 -3.748499999999999943e+01 -4.971000000000000085e+00 -6.836000000000000298e+00
-1.286500000000000021e+01 -2.719500000000000028e+01 -6.790000000000000036e+00 -8.035000000000000142e+00
2.565999999999999837e+00 -1.208799999999999919e+01 -1.054199999999999982e+01 -8.041000000000000369e+00
2.394900000000000162e+01 6.317999999999999616e+00 -1.345800000000000018e+01 -3.208000000000000185e+00
4.250399999999999778e+01 1.957000000000000028e+01 -1.271199999999999974e+01 5.302999999999999936e+00
4.258299999999999841e+01 1.946199999999999974e+01 -6.645999999999999908e+00 1.015399999999999991e+01
2.469200000000000017e+01 1.358999999999999986e+01 -3.639999999999999902e-01 8.028999999999999915e+00
1.324799999999999933e+01 2.016199999999999903e+01 4.520000000000000129e-01 4.318999999999999950e+00
1.908999999999999986e+01 3.927100000000000080e+01 -1.927999999999999936e+00 4.317999999999999616e+00
1.946499999999999986e+01 4.786599999999999966e+01 -3.224000000000000199e+00 5.514000000000000234e+00
7.640000000000000124e-01 3.403900000000000148e+01 -2.762000000000000011e+00 2.666999999999999815e+00
-1.620400000000000063e+01 1.431600000000000072e+01 2.442000000000000171e+00 -2.871999999999999886e+00
-1.760300000000000153e+01 7.030000000000000249e+00 1.477399999999999913e+01 -4.285999999999999588e+00
-1.826999999999999957e+01 1.141900000000000048e+01 2.350199999999999889e+01 1.749999999999999889e-01
-2.495700000000000074e+01 1.927299999999999969e+01 1.578500000000000014e+01 3.684000000000000163e+00
-2.262500000000000000e+01 2.591799999999999926e+01 1.566999999999999948e+00 9.569999999999999618e-01
-7.408000000000000362e+00 2.609600000000000009e+01 1.943999999999999950e+00 -4.094000000000000306e+00
9.929999999999999938e-01 1.356199999999999939e+01 1.414300000000000068e+01 -5.615999999999999659e+00
-1.515399999999999991e+01 -1.257499999999999929e+01 1.530300000000000082e+01 -4.618000000000000327e+00
-5.045900000000000318e+01 -4.456799999999999784e+01 -1.891999999999999904e+00 -4.684000000000000163e+00
-7.965699999999999648e+01 -6.778400000000000603e+01 -2.231500000000000128e+01 -4.663000000000000256e+00
-7.649399999999999977e+01 -6.888100000000000023e+01 -3.236599999999999966e+01 -1.499000000000000110e+00
-3.513199999999999790e+01 -4.903799999999999670e+01 -3.014300000000000068e+01 4.044999999999999929e+00
1.985000000000000142e+01 -2.613899999999999935e+01 -1.819600000000000151e+01 8.442000000000000171e+00
4.938600000000000279e+01 -1.511899999999999977e+01 -1.606000000000000094e+00 9.016999999999999460e+00
3.815800000000000125e+01 -1.128800000000000026e+01 1.152299999999999969e+01 5.568999999999999950e+00
9.547000000000000597e+00 -5.480000000000000426e+00 1.499099999999999966e+01 6.630000000000000338e-01
-1.096499999999999986e+01 -5.365000000000000213e+00 8.970000000000000639e+00 -2.455999999999999961e+00
-2.592299999999999827e+01 -2.115899999999999892e+01 3.240000000000000102e-01 -2.903000000000000025e+00
-4.159300000000000352e+01 -4.125099999999999767e+01 -2.468999999999999861e+00 -2.092999999999999972e+00
-4.373100000000000165e+01 -4.598799999999999955e+01 3.060000000000000053e+00 -1.756999999999999895e+00
-1.912600000000000122e+01 -3.516299999999999670e+01 1.404899999999999949e+01 -2.737000000000000099e+00
2.197800000000000153e+01 -2.090599999999999881e+01 2.787699999999999889e+01 -3.906000000000000139e+00
5.807099999999999795e+01 -6.623999999999999666e+00 3.910900000000000176e+01 -2.753000000000000114e+00
7.480500000000000682e+01 8.182999999999999829e+00 3.755799999999999983e+01 6.660000000000000364e-01
6.670199999999999818e+01 1.523900000000000077e+01 1.960900000000000176e+01 2.435000000000000053e+00
3.447099999999999653e+01 6.636000000000000121e+00 -4.996999999999999886e+00 4.299999999999999933e-01
-1.098700000000000010e+01 -1.061700000000000088e+01 -2.361599999999999966e+01 -2.057999999999999829e+00
-4.825399999999999778e+01 -2.157400000000000162e+01 -3.072500000000000142e+01 -1.544000000000000039e+00
-5.921099999999999852e+01 -2.155199999999999960e+01 -2.547899999999999920e+01 8.030000000000000471e-01
-4.243699999999999761e+01 -1.654500000000000171e+01 -8.939000000000000057e+00 2.185999999999999943e+00
-1.068200000000000038e+01 -7.766000000000000014e+00 1.069899999999999984e+01 1.961999999999999966e+00
1.986199999999999832e+01 1.035599999999999987e+01 1.904899999999999949e+01 6.139999999999999902e-01
3.827400000000000091e+01 3.499199999999999733e+01 1.214799999999999969e+01 -1.510000000000000009e+00
3.809100000000000108e+01 4.857300000000000040e+01 3.399000000000000021e+00 -3.451000000000000068e+00
1.257600000000000051e+01 3.474199999999999733e+01 2.845000000000000195e+00 -3.944999999999999840e+00
-3.196399999999999864e+01 5.729999999999999538e-01 2.911000000000000032e+00 -2.588000000000000078e+00
-6.694899999999999807e+01 -2.675100000000000122e+01 -5.839999999999999858e+00 6.099999999999999867e-02
-7.252100000000000080e+01 -3.144000000000000128e+01 -1.977599999999999980e+01 2.657000000000000028e+00
-6.129800000000000182e+01 -2.316199999999999903e+01 -2.819300000000000139e+01 3.512000000000000011e+00
-4.872699999999999676e+01 -1.455700000000000038e+01 -2.435999999999999943e+01 2.096999999999999975e+00
-2.848100000000000165e+01 -5.328999999999999737e+00 -1.073000000000000043e+01 1.900000000000000022e-01
3.047000000000000153e+00 5.588000000000000078e+00 2.771999999999999797e+00 7.369999999999999885e-01
2.744600000000000151e+01 1.092600000000000016e+01 6.940999999999999837e+00 4.418000000000000149e+00
2.493900000000000006e+01 4.144000000000000128e+00 1.360000000000000098e-01 7.520999999999999908e+00
-2.350999999999999979e+00 -1.000600000000000023e+01 -1.109900000000000020e+01 5.543000000000000149e+00
-3.014499999999999957e+01 -1.593299999999999983e+01 -1.640500000000000114e+01 -5.659999999999999476e-01
-3.005999999999999872e+01 -1.141000000000000014e+00 -1.150600000000000023e+01 -4.690000000000000391e+00
3.093999999999999861e+00 2.782499999999999929e+01 -4.828999999999999737e+00 -3.153999999999999915e+00
4.180599999999999739e+01 4.871699999999999875e+01 -7.732999999999999652e+00 6.909999999999999476e-01
5.292699999999999960e+01 4.547099999999999653e+01 -1.893100000000000094e+01 1.080999999999999961e+00
3.244400000000000261e+01 2.518499999999999872e+01 -2.508599999999999852e+01 -2.379000000000000004e+00
7.264999999999999680e+00 1.254100000000000037e+01 -1.703399999999999892e+01 -4.282000000000000028e+00
3.778000000000000025e+00 2.304700000000000060e+01 -7.339999999999999858e-01 -1.572000000000000064e+00
2.024699999999999989e+01 4.207600000000000051e+01 1.107000000000000028e+01 2.017999999999999794e+00
3.332399999999999807e+01 4.184300000000000352e+01 1.527100000000000080e+01 1.830999999999999961e+00
2.792000000000000171e+01 2.009900000000000020e+01 1.957499999999999929e+01 -2.169999999999999929e+00
1.355000000000000071e+01 3.384999999999999787e+00 2.731200000000000117e+01 -6.770999999999999908e+00
9.660000000000000142e+00 7.735000000000000320e+00 3.132100000000000151e+01 -8.635999999999999233e+00
2.018199999999999861e+01 1.944500000000000028e+01 2.645599999999999952e+01 -7.073000000000000398e+00
2.796000000000000085e+01 2.125199999999999889e+01 1.627100000000000080e+01 -4.788000000000000256e+00
1.622500000000000142e+01 1.439199999999999946e+01 4.713000000000000078e+00 -3.963999999999999968e+00
-6.886999999999999567e+00 9.666999999999999815e+00 -4.943999999999999950e+00 -3.620999999999999996e+00
-1.292600000000000016e+01 1.383200000000000074e+01 -5.602000000000000313e+00 -2.568000000000000060e+00
1.157499999999999929e+01 2.455799999999999983e+01 3.770999999999999908e+00 -1.340999999999999970e+00
4.046399999999999864e+01 2.962199999999999989e+01 1.127899999999999991e+01 5.000000000000000104e-03
3.206400000000000006e+01 1.721399999999999864e+01 8.621999999999999886e+00 2.384999999999999787e+00
-1.991900000000000048e+01 -7.559000000000000163e+00 2.810000000000000053e+00 4.815000000000000391e+00
-7.195300000000000296e+01 -2.422800000000000153e+01 1.350999999999999979e+00 4.610000000000000320e+00
-7.833400000000000318e+01 -2.084299999999999997e+01 7.660000000000000142e-01 2.019000000000000128e+00
-4.507800000000000296e+01 -9.246000000000000441e+00 -2.142999999999999794e+00 6.179999999999999938e-01
-1.520199999999999996e+01 -7.878999999999999559e+00 -3.201000000000000068e+00 1.457999999999999963e+00
-4.850999999999999979e+00 -1.510599999999999987e+01 -1.310999999999999943e+00 1.673000000000000043e+00
1.355100000000000016e+01 -1.300099999999999945e+01 -1.770000000000000018e+00 5.000000000000000000e-01
5.838600000000000279e+01 3.314999999999999947e+00 -4.578000000000000291e+00 1.570999999999999952e+00
1.012409999999999997e+02 1.718700000000000117e+01 -2.766000000000000014e+00 6.932000000000000384e+00
1.001250000000000000e+02 1.590300000000000047e+01 3.725000000000000089e+00 1.300300000000000011e+01
5.310999999999999943e+01 6.589000000000000412e+00 5.868999999999999773e+00 1.515199999999999925e+01
-1.189999999999999947e-01 1.559999999999999998e-01 1.239000000000000101e+00 1.312599999999999945e+01
-2.613200000000000145e+01 -3.611000000000000210e+00 -1.493000000000000105e+00 9.391999999999999460e+00
-2.938299999999999912e+01 -9.244999999999999218e+00 2.347999999999999865e+00 4.520999999999999908e+00
-2.898699999999999832e+01 -1.613500000000000156e+01 5.804999999999999716e+00 -2.487999999999999989e+00
-2.439699999999999847e+01 -1.948100000000000165e+01 6.590000000000000302e-01 -9.875000000000000000e+00
-9.262999999999999901e+00 -1.742500000000000071e+01 -1.328100000000000058e+01 -1.344999999999999929e+01
-5.729999999999999538e-01 -1.625499999999999901e+01 -2.882499999999999929e+01 -1.310899999999999999e+01
-1.535500000000000043e+01 -2.258099999999999952e+01 -3.536399999999999721e+01 -1.359600000000000009e+01
-3.495000000000000284e+01 -3.009600000000000009e+01 -2.612199999999999989e+01 -1.517500000000000071e+01
-3.204399999999999693e+01 -2.656200000000000117e+01 -7.126999999999999780e+00 -1.146599999999999930e+01
-1.344100000000000072e+01 -1.262899999999999956e+01 5.131000000000000227e+00 -1.411000000000000032e+00
-2.467999999999999972e+00 5.709999999999999520e-01 8.349999999999999645e-01 6.642999999999999794e+00
-3.048000000000000043e+00 6.725999999999999979e+00 -1.128800000000000026e+01 7.399000000000000021e+00
-4.927999999999999936e+00 5.985000000000000320e+00 -1.501200000000000045e+01 4.956999999999999851e+00
-1.808999999999999941e+00 1.766000000000000014e+00 -5.990000000000000213e+00 3.878000000000000114e+00
4.426000000000000156e+00 -3.500000000000000333e-02 6.368000000000000327e+00 3.120000000000000107e+00
3.646999999999999797e+00 9.659999999999999698e-01 1.196400000000000041e+01 1.028999999999999915e+00
-1.041200000000000081e+01 -2.152000000000000135e+00 9.121999999999999886e+00 -6.290000000000000036e-01
-2.403399999999999892e+01 -1.061599999999999966e+01 4.480999999999999872e+00 1.400000000000000133e-01
-1.550900000000000034e+01 -1.504899999999999949e+01 6.772000000000000242e+00 2.278000000000000025e+00
1.826399999999999935e+01 -5.181000000000000050e+00 1.847100000000000009e+01 3.041999999999999815e+00
5.765999999999999659e+01 1.945799999999999841e+01 3.264000000000000057e+01 1.114999999999999991e+00
7.657399999999999807e+01 4.226100000000000279e+01 3.765699999999999648e+01 -1.818999999999999950e+00
6.206700000000000017e+01 3.898199999999999932e+01 2.644699999999999918e+01 -2.580999999999999961e+00
2.718199999999999861e+01 7.275999999999999801e+00 4.371999999999999886e+00 -3.810000000000000053e-01
-1.804000000000000048e+00 -2.431299999999999883e+01 -1.461200000000000010e+01 1.945999999999999952e+00
-1.482900000000000063e+01 -3.017099999999999937e+01 -2.249399999999999977e+01 2.158999999999999808e+00
-2.032400000000000162e+01 -1.763200000000000145e+01 -2.161899999999999977e+01 1.836999999999999966e+00
-2.251699999999999946e+01 -1.129100000000000037e+01 -1.454899999999999949e+01 3.105999999999999872e+00
-1.885200000000000031e+01 -2.013700000000000045e+01 -1.758999999999999897e+00 4.693999999999999950e+00
-1.277399999999999913e+01 -3.271699999999999875e+01 1.050999999999999979e+01 4.168999999999999595e+00
-9.257999999999999119e+00 -3.552199999999999847e+01 1.312899999999999956e+01 2.029999999999999805e+00
-7.657000000000000028e+00 -2.529599999999999937e+01 4.719999999999999751e+00 4.249999999999999889e-01
-7.495000000000000107e+00 -7.407000000000000028e+00 -7.583000000000000185e+00 -8.169999999999999485e-01
-5.381999999999999673e+00 1.205499999999999972e+01 -1.375799999999999912e+01 -3.012999999999999901e+00
8.045999999999999375e+00 3.103800000000000026e+01 -6.176000000000000156e+00 -4.394000000000000128e+00
2.883999999999999986e+01 4.776500000000000057e+01 1.298300000000000054e+01 -2.509999999999999787e+00
3.568900000000000006e+01 5.744899999999999807e+01 3.055999999999999872e+01 1.010000000000000064e-01
1.829599999999999937e+01 5.471000000000000085e+01 3.391599999999999682e+01 -5.729999999999999538e-01
-1.614600000000000080e+01 3.349699999999999989e+01 2.189699999999999847e+01 -2.697999999999999954e+00
-6.282999999999999829e+01 -7.972000000000000419e+00 4.017000000000000348e+00 -1.824000000000000066e+00
-1.118259999999999934e+02 -5.174799999999999756e+01 -8.070000000000000284e+00 1.356999999999999984e+00
-1.314749999999999943e+02 -6.528400000000000603e+01 -8.414999999999999147e+00 2.865000000000000213e+00
-9.603900000000000148e+01 -3.853499999999999659e+01 6.059999999999999831e-01 2.141999999999999904e+00
-2.512099999999999866e+01 -1.239999999999999991e+00 1.100900000000000034e+01 1.544000000000000039e+00
2.919000000000000128e+01 1.264199999999999946e+01 1.512899999999999956e+01 1.580999999999999961e+00
3.590999999999999659e+01 3.346999999999999975e+00 1.110699999999999932e+01 8.199999999999999512e-01
1.240799999999999947e+01 -7.621000000000000441e+00 3.382000000000000117e+00 -1.058000000000000052e+00
-6.147999999999999687e+00 -1.355199999999999960e+01 -3.830999999999999961e+00 -2.483999999999999986e+00
-9.782000000000000028e+00 -2.368900000000000006e+01 -1.344699999999999918e+01 -1.512000000000000011e+00
-1.209800000000000075e+01 -3.742099999999999937e+01 -2.957300000000000040e+01 2.029999999999999805e+00
-1.792699999999999960e+01 -4.054899999999999949e+01 -4.415800000000000125e+01 5.179000000000000270e+00
-1.424099999999999966e+01 -2.584199999999999875e+01 -4.146500000000000341e+01 4.107000000000000206e+00
7.376000000000000334e+00 -2.504999999999999893e+00 -1.871499999999999986e+01 -1.078999999999999959e+00
3.330400000000000205e+01 1.284800000000000075e+01 7.504999999999999893e+00 -5.908999999999999808e+00
4.048199999999999932e+01 9.210000000000000853e+00 1.762600000000000122e+01 -7.245000000000000107e+00
2.839999999999999858e+01 -7.000000000000000000e+00 8.648999999999999133e+00 -6.733999999999999986e+00
2.578000000000000114e+01 -1.474900000000000055e+01 -3.708000000000000185e+00 -6.562000000000000277e+00
4.857699999999999818e+01 -4.365999999999999659e+00 -4.724000000000000199e+00 -5.118000000000000327e+00
7.156000000000000227e+01 1.011400000000000077e+01 2.892999999999999794e+00 -8.050000000000000488e-01
6.889499999999999602e+01 1.701099999999999923e+01 9.980000000000000426e+00 3.257000000000000117e+00
5.446800000000000352e+01 2.381400000000000006e+01 1.546000000000000085e+01 3.193999999999999950e+00
4.867699999999999960e+01 3.359499999999999886e+01 1.875199999999999889e+01 -8.699999999999999400e-02
3.862599999999999767e+01 3.285799999999999699e+01 1.483300000000000018e+01 -2.875000000000000000e+00
7.580000000000000071e+00 1.854299999999999926e+01 6.083999999999999631e+00 -3.144000000000000128e+00
-2.444500000000000028e+01 9.159000000000000696e+00 1.655000000000000027e+00 -1.379999999999999893e+00
-2.421600000000000108e+01 1.639199999999999946e+01 1.762999999999999901e+00 8.349999999999999645e-01
5.934999999999999609e+00 2.910000000000000142e+01 -1.447000000000000064e+00 2.193000000000000060e+00
3.083999999999999986e+01 3.373299999999999699e+01 -9.189000000000000057e+00 2.265000000000000124e+00
2.911799999999999855e+01 3.308299999999999841e+01 -1.553100000000000058e+01 1.346999999999999975e+00
1.480100000000000016e+01 3.663799999999999812e+01 -1.783399999999999963e+01 1.429999999999999882e-01
9.599999999999999645e+00 4.222200000000000131e+01 -1.809700000000000131e+01 -4.779999999999999805e-01
1.069200000000000017e+01 3.721699999999999875e+01 -1.721799999999999997e+01 1.199999999999999956e-01
-1.820000000000000062e+00 1.556000000000000050e+01 -1.394999999999999929e+01 1.758999999999999897e+00
-3.135500000000000043e+01 -1.451399999999999935e+01 -8.387000000000000455e+00 3.347999999999999865e+00
-5.592900000000000205e+01 -3.821000000000000085e+01 -3.531000000000000139e+00 3.923999999999999932e+00
-5.764500000000000313e+01 -4.421200000000000330e+01 -2.153999999999999915e+00 3.630999999999999783e+00
-4.343699999999999761e+01 -3.177899999999999991e+01 -2.009999999999999787e+00 3.190999999999999837e+00
-2.941000000000000014e+01 -1.301500000000000057e+01 2.056000000000000050e+00 2.911999999999999922e+00
-2.370599999999999952e+01 -3.200000000000000178e+00 8.542999999999999261e+00 2.829000000000000181e+00
-2.930199999999999960e+01 -6.979000000000000092e+00 8.894000000000000128e+00 3.052999999999999936e+00
-4.475800000000000267e+01 -1.739600000000000080e+01 8.639999999999999902e-01 2.657000000000000028e+00
-5.830799999999999983e+01 -2.495200000000000173e+01 -7.211000000000000298e+00 -2.660000000000000142e-01
-5.455100000000000193e+01 -2.389900000000000091e+01 -8.935000000000000497e+00 -5.020999999999999908e+00
-3.194000000000000128e+01 -1.483600000000000030e+01 -6.894999999999999574e+00 -7.325000000000000178e+00
-5.642999999999999794e+00 -5.253000000000000114e+00 -6.198999999999999844e+00 -5.009000000000000341e+00
1.253999999999999915e+01 -4.161999999999999922e+00 -8.891000000000000014e+00 -1.459000000000000075e+00
2.670299999999999940e+01 -1.291399999999999970e+01 -1.420400000000000063e+01 -6.139999999999999902e-01
4.031499999999999773e+01 -2.322400000000000020e+01 -1.920700000000000074e+01 -1.689999999999999947e+00
4.248100000000000165e+01 -2.708099999999999952e+01 -2.056299999999999883e+01 -1.296999999999999931e+00
2.528800000000000026e+01 -2.656700000000000017e+01 -1.835399999999999920e+01 1.060000000000000053e+00
1.670000000000000095e-01 -2.946699999999999875e+01 -1.513000000000000078e+01 2.190999999999999837e+00
-1.754799999999999827e+01 -3.642399999999999949e+01 -9.551999999999999602e+00 4.959999999999999964e-01
-2.217999999999999972e+01 -3.623100000000000165e+01 4.254999999999999893e+00 -9.449999999999999512e-01
-4.863999999999999879e+00 -1.599099999999999966e+01 2.614399999999999835e+01 8.139999999999999458e-01
3.879299999999999926e+01 1.925700000000000145e+01 4.110699999999999932e+01 3.770999999999999908e+00
7.762199999999999989e+01 4.306600000000000250e+01 3.388199999999999790e+01 4.224999999999999645e+00
7.084699999999999420e+01 3.900000000000000000e+01 1.566000000000000014e+01 2.213999999999999968e+00
2.973000000000000043e+01 2.420299999999999940e+01 1.394699999999999918e+01 7.429999999999999938e-01
-1.413000000000000034e+00 2.105900000000000105e+01 2.915800000000000125e+01 7.510000000000000009e-01
-1.352500000000000036e+01 2.387699999999999889e+01 3.240699999999999648e+01 -4.640000000000000235e-01
-2.800600000000000023e+01 1.619399999999999906e+01 1.374300000000000033e+01 -4.921999999999999709e+00
-4.735099999999999909e+01 1.512000000000000011e+00 -3.777000000000000135e+00 -1.017999999999999972e+01
-5.432000000000000028e+01 -2.843999999999999861e+00 -3.665000000000000036e+00 -1.188100000000000023e+01
-3.962299999999999756e+01 9.785000000000000142e+00 5.881000000000000227e+00 -8.667999999999999261e+00
-9.279999999999999361e+00 2.835200000000000031e+01 1.473399999999999999e+01 -3.000000000000000000e+00
1.980399999999999849e+01 3.786200000000000188e+01 2.112600000000000122e+01 1.687999999999999945e+00
2.937900000000000134e+01 3.485600000000000165e+01 2.047200000000000131e+01 3.850999999999999979e+00
1.750700000000000145e+01 2.625900000000000034e+01 7.679000000000000270e+00 4.160000000000000142e+00
4.309999999999999942e-01 1.624899999999999878e+01 -9.929999999999999716e+00 3.487999999999999989e+00
-9.092000000000000526e+00 2.678999999999999826e+00 -1.821099999999999852e+01 2.189999999999999947e+00
-1.231499999999999950e+01 -1.293500000000000050e+01 -1.406799999999999962e+01 1.463000000000000078e+00
-1.315300000000000047e+01 -2.124399999999999977e+01 -7.607000000000000206e+00 3.059000000000000163e+00
-1.348900000000000077e+01 -1.520299999999999940e+01 -8.417999999999999261e+00 6.875000000000000000e+00
-1.671199999999999974e+01 1.006999999999999895e+00 -1.665200000000000102e+01 1.012299999999999933e+01
-1.898199999999999932e+01 1.629200000000000159e+01 -2.474599999999999866e+01 9.810000000000000497e+00
-5.461999999999999744e+00 2.369099999999999895e+01 -2.303300000000000125e+01 5.910999999999999588e+00
2.395200000000000173e+01 2.450600000000000023e+01 -9.214999999999999858e+00 1.491999999999999993e+00
4.078999999999999915e+01 2.104799999999999827e+01 5.171999999999999709e+00 -5.560000000000000497e-01
2.793400000000000105e+01 1.198499999999999943e+01 6.676000000000000156e+00 -7.139999999999999680e-01
9.160000000000000142e+00 -8.850000000000000089e-01 -2.819999999999999840e+00 -1.766000000000000014e+00
9.686999999999999389e+00 -1.008600000000000030e+01 -1.052999999999999936e+01 -4.088000000000000078e+00
2.132400000000000162e+01 -9.637999999999999901e+00 -8.554000000000000270e+00 -4.980000000000000426e+00
3.141600000000000037e+01 1.629000000000000004e+00 2.044999999999999929e+00 -3.799999999999999822e+00
4.585000000000000142e+01 1.841600000000000037e+01 1.359500000000000064e+01 -3.177000000000000046e+00
6.034899999999999665e+01 2.639199999999999946e+01 1.503299999999999947e+01 -4.807999999999999829e+00
4.735199999999999676e+01 1.325600000000000023e+01 3.083000000000000185e+00 -8.153999999999999915e+00
-4.772000000000000242e+00 -1.549399999999999977e+01 -9.762999999999999901e+00 -1.115199999999999925e+01
-6.707599999999999341e+01 -4.203000000000000114e+01 -9.150999999999999801e+00 -1.025200000000000067e+01
-1.006039999999999992e+02 -5.358800000000000097e+01 4.939999999999999947e-01 -3.896999999999999797e+00
-9.257699999999999818e+01 -4.843500000000000227e+01 1.733000000000000096e+00 3.873000000000000220e+00
-5.669700000000000273e+01 -3.338700000000000045e+01 -9.263999999999999346e+00 6.879999999999999893e+00
-1.368200000000000038e+01 -1.939900000000000091e+01 -1.584600000000000009e+01 3.335999999999999854e+00
1.933200000000000074e+01 -1.287599999999999945e+01 -5.711999999999999744e+00 -2.225000000000000089e+00
2.820200000000000173e+01 -9.811999999999999389e+00 1.011700000000000088e+01 -3.483000000000000096e+00
1.196199999999999974e+01 -1.891999999999999904e+00 1.415000000000000036e+01 4.969999999999999973e-01
-5.057999999999999829e+00 1.149099999999999966e+01 8.138999999999999346e+00 4.317000000000000171e+00
3.689000000000000057e+00 2.259700000000000131e+01 6.865999999999999659e+00 3.936999999999999833e+00
3.341299999999999670e+01 2.807499999999999929e+01 1.350000000000000000e+01 1.764000000000000012e+00
5.646699999999999875e+01 3.109100000000000108e+01 1.755399999999999849e+01 1.961999999999999966e+00
5.370799999999999841e+01 2.857499999999999929e+01 1.492699999999999960e+01 4.480000000000000426e+00
2.770599999999999952e+01 1.373700000000000010e+01 1.395700000000000074e+01 6.200999999999999623e+00
-1.673999999999999932e+00 -6.600999999999999979e+00 1.822200000000000131e+01 5.607999999999999652e+00
-1.110399999999999920e+01 -1.630600000000000094e+01 1.830399999999999849e+01 4.240999999999999659e+00
5.490000000000000213e+00 -1.276299999999999990e+01 7.743999999999999773e+00 4.283000000000000362e+00
2.639999999999999858e+01 -9.095000000000000639e+00 -5.623000000000000220e+00 5.642000000000000348e+00
2.241900000000000048e+01 -1.341999999999999993e+01 -1.170199999999999996e+01 5.991999999999999993e+00
-7.301000000000000156e+00 -1.939799999999999969e+01 -1.127899999999999991e+01 3.849000000000000199e+00
-3.449699999999999989e+01 -2.004599999999999937e+01 -1.115199999999999925e+01 4.490000000000000102e-01
-4.120499999999999829e+01 -1.927899999999999991e+01 -1.360399999999999920e+01 -2.209000000000000075e+00
-3.717000000000000171e+01 -2.222299999999999898e+01 -1.549399999999999977e+01 -3.786999999999999922e+00
-3.554099999999999682e+01 -2.434400000000000119e+01 -1.571000000000000085e+01 -4.993999999999999773e+00
-3.671200000000000330e+01 -2.095899999999999963e+01 -1.958500000000000085e+01 -5.355999999999999872e+00
-3.627100000000000080e+01 -1.730799999999999983e+01 -2.997800000000000153e+01 -2.927999999999999936e+00
-2.947700000000000031e+01 -1.760000000000000142e+01 -3.714200000000000301e+01 3.051000000000000156e+00
-1.166600000000000037e+01 -1.498000000000000043e+01 -2.888599999999999923e+01 9.967000000000000526e+00
1.559200000000000053e+01 -2.173000000000000043e+00 -7.963000000000000078e+00 1.349600000000000044e+01
4.377300000000000324e+01 1.754100000000000037e+01 1.108999999999999986e+01 1.122700000000000031e+01
6.183899999999999864e+01 3.332500000000000284e+01 1.771999999999999886e+01 4.437999999999999723e+00
5.907600000000000051e+01 3.537899999999999778e+01 1.172700000000000031e+01 -3.220000000000000195e+00
3.402300000000000324e+01 2.459199999999999875e+01 2.245000000000000107e+00 -9.257999999999999119e+00
-2.853000000000000203e+00 1.083399999999999963e+01 2.990000000000000213e+00 -1.406400000000000006e+01
-4.387400000000000233e+01 -3.576000000000000068e+00 1.801500000000000057e+01 -1.773300000000000054e+01
-8.364300000000000068e+01 -2.276399999999999935e+01 3.304899999999999949e+01 -1.771199999999999974e+01
-1.005840000000000032e+02 -3.702400000000000091e+01 3.169500000000000028e+01 -1.254400000000000048e+01
-7.173799999999999955e+01 -2.933099999999999952e+01 1.687500000000000000e+01 -5.283999999999999808e+00
-1.092900000000000027e+01 -2.367999999999999883e+00 5.578000000000000291e+00 -7.900000000000000078e-02
4.050500000000000256e+01 2.424699999999999989e+01 5.628999999999999559e+00 2.491000000000000103e+00
6.242600000000000193e+01 3.763400000000000034e+01 9.805999999999999162e+00 4.094999999999999751e+00
6.592700000000000671e+01 3.672500000000000142e+01 1.141200000000000081e+01 4.701999999999999957e+00
6.111699999999999733e+01 2.652199999999999847e+01 1.122799999999999976e+01 3.205999999999999961e+00
4.759199999999999875e+01 1.721499999999999986e+01 9.093999999999999417e+00 7.900000000000000355e-01
3.213499999999999801e+01 1.588799999999999990e+01 1.941999999999999948e+00 -1.039999999999999952e-01
2.593599999999999994e+01 1.718199999999999861e+01 -9.602999999999999758e+00 4.949999999999999956e-01
2.659400000000000119e+01 1.345100000000000051e+01 -1.983999999999999986e+01 7.269999999999999796e-01
2.388500000000000156e+01 7.854000000000000092e+00 -2.269500000000000028e+01 2.999999999999999889e-01
1.529700000000000060e+01 5.564000000000000057e+00 -1.806899999999999906e+01 4.259999999999999898e-01
1.620000000000000051e-01 -2.949999999999999845e-01 -1.429899999999999949e+01 1.467000000000000082e+00
-2.578800000000000026e+01 -2.079200000000000159e+01 -1.940700000000000003e+01 2.608999999999999986e+00
-5.577799999999999869e+01 -5.039300000000000068e+01 -3.005499999999999972e+01 2.903999999999999915e+00
-6.849699999999999989e+01 -6.490699999999999648e+01 -3.493999999999999773e+01 1.931999999999999940e+00
-5.015100000000000335e+01 -4.592799999999999727e+01 -2.646199999999999974e+01 1.990000000000000102e-01
-1.076800000000000068e+01 -2.783999999999999808e+00 -5.802999999999999936e+00 -1.296999999999999931e+00
2.264300000000000068e+01 3.431799999999999784e+01 1.757499999999999929e+01 -2.157000000000000028e+00
2.395100000000000051e+01 4.064699999999999847e+01 3.029299999999999926e+01 -2.588000000000000078e+00
-1.505400000000000027e+01 1.597400000000000020e+01 2.518400000000000105e+01 -2.229999999999999982e+00
-7.408599999999999852e+01 -1.752599999999999980e+01 7.448000000000000398e+00 3.270000000000000129e-01
-1.093760000000000048e+02 -3.526100000000000279e+01 -1.238899999999999935e+01 5.400000000000000355e+00
-8.720600000000000307e+01 -3.168900000000000006e+01 -2.773300000000000054e+01 9.451000000000000512e+00
-2.294399999999999906e+01 -1.986700000000000088e+01 -3.476400000000000290e+01 8.054999999999999716e+00
3.304800000000000182e+01 -9.816000000000000725e+00 -3.038500000000000156e+01 2.412999999999999812e+00
5.455899999999999750e+01 2.580999999999999961e+00 -1.651099999999999923e+01 -1.846999999999999975e+00
6.202799999999999869e+01 2.513500000000000156e+01 2.576000000000000068e+00 -2.512000000000000011e+00
8.060200000000000387e+01 5.711899999999999977e+01 2.715800000000000125e+01 -2.746999999999999886e+00
9.745399999999999352e+01 8.420999999999999375e+01 5.455799999999999983e+01 -5.429999999999999716e+00
8.318699999999999761e+01 8.631699999999999307e+01 7.111899999999999977e+01 -8.554000000000000270e+00
4.664200000000000301e+01 6.269700000000000273e+01 6.713800000000000523e+01 -7.602000000000000313e+00
3.047299999999999898e+01 3.981799999999999784e+01 5.116100000000000136e+01 -2.540000000000000036e+00
4.664600000000000080e+01 3.587700000000000244e+01 3.587199999999999989e+01 1.163000000000000034e+00
5.403499999999999659e+01 3.295700000000000074e+01 2.173900000000000077e+01 9.649999999999999689e-01
1.469500000000000028e+01 6.618999999999999773e+00 5.607999999999999652e+00 7.469999999999999973e-01
-5.146300000000000097e+01 -3.283800000000000097e+01 -7.397000000000000242e+00 2.654999999999999805e+00
-8.618500000000000227e+01 -5.372299999999999898e+01 -9.634999999999999787e+00 3.165000000000000036e+00
-6.307099999999999795e+01 -4.710900000000000176e+01 -1.782000000000000028e+00 5.829999999999999627e-01
-2.009799999999999898e+01 -3.414099999999999824e+01 6.222000000000000419e+00 -1.322999999999999954e+00
-7.900000000000000355e+00 -3.291799999999999926e+01 4.573000000000000398e+00 2.699999999999999969e-02
-2.608099999999999952e+01 -3.848599999999999710e+01 -6.849999999999999645e+00 2.209000000000000075e+00
-3.913700000000000045e+01 -3.920499999999999829e+01 -1.995200000000000173e+01 2.556000000000000050e+00
-3.419400000000000261e+01 -3.507099999999999795e+01 -2.762999999999999901e+01 1.812000000000000055e+00
-2.893400000000000105e+01 -3.128900000000000148e+01 -2.954100000000000037e+01 2.133000000000000007e+00
-3.585000000000000142e+01 -2.766300000000000026e+01 -3.005199999999999960e+01 4.397000000000000242e+00
-4.586699999999999733e+01 -2.116700000000000159e+01 -3.080900000000000105e+01 7.147000000000000242e+00
-4.524499999999999744e+01 -1.007600000000000051e+01 -2.773699999999999832e+01 7.240000000000000213e+00
-3.374600000000000222e+01 3.858999999999999986e+00 -1.928000000000000114e+01 3.358999999999999986e+00
-2.046900000000000119e+01 1.246799999999999997e+01 -1.200600000000000023e+01 -1.201999999999999957e+00
-8.426999999999999602e+00 9.185000000000000497e+00 -1.004199999999999982e+01 -1.802999999999999936e+00
6.953999999999999737e+00 1.921999999999999931e+00 -7.344999999999999751e+00 1.592999999999999972e+00
2.573499999999999943e+01 3.867999999999999883e+00 -2.520000000000000018e-01 4.081000000000000405e+00
4.049699999999999989e+01 1.355499999999999972e+01 5.155999999999999694e+00 1.723000000000000087e+00
4.697599999999999909e+01 2.162099999999999866e+01 6.304000000000000270e+00 -3.475000000000000089e+00
5.003000000000000114e+01 3.071699999999999875e+01 7.618999999999999773e+00 -5.706000000000000405e+00
5.739800000000000324e+01 4.749600000000000222e+01 9.109999999999999432e+00 -3.008999999999999897e+00
6.957699999999999818e+01 6.196600000000000108e+01 8.705000000000000071e+00 -6.360000000000000098e-01
7.569799999999999329e+01 5.694200000000000017e+01 8.997999999999999332e+00 -4.078000000000000291e+00
6.342199999999999704e+01 3.382699999999999818e+01 9.375000000000000000e+00 -1.089799999999999969e+01
3.354599999999999937e+01 9.746999999999999886e+00 4.333999999999999631e+00 -1.380300000000000082e+01
-1.391999999999999904e+00 -7.025000000000000355e+00 -4.780000000000000249e+00 -1.052899999999999991e+01
-2.861499999999999844e+01 -2.045299999999999940e+01 -1.005199999999999960e+01 -5.536999999999999922e+00
-3.965500000000000114e+01 -2.973699999999999832e+01 -9.663999999999999702e+00 -2.418000000000000149e+00
-3.442099999999999937e+01 -2.824599999999999866e+01 -8.480999999999999872e+00 -4.590000000000000191e-01
-2.417299999999999827e+01 -1.993100000000000094e+01 -7.572000000000000064e+00 1.187999999999999945e+00
-1.879200000000000159e+01 -2.016300000000000026e+01 -4.387999999999999901e+00 1.764999999999999902e+00
-1.504899999999999949e+01 -3.555100000000000193e+01 -1.614000000000000101e+00 1.792999999999999927e+00
-9.631999999999999673e+00 -5.524099999999999966e+01 -4.690999999999999837e+00 3.403000000000000025e+00
-1.131400000000000006e+01 -6.551200000000000045e+01 -1.230700000000000038e+01 7.230000000000000426e+00
-2.440700000000000003e+01 -6.278799999999999670e+01 -1.857999999999999829e+01 1.112899999999999956e+01
-3.612800000000000011e+01 -5.181700000000000017e+01 -2.165500000000000114e+01 1.259399999999999942e+01
-3.668800000000000239e+01 -3.930499999999999972e+01 -2.299699999999999989e+01 1.136400000000000077e+01
-3.387800000000000011e+01 -2.943599999999999994e+01 -2.235399999999999920e+01 8.625999999999999446e+00
-3.366199999999999903e+01 -2.168900000000000006e+01 -1.969399999999999906e+01 4.902999999999999581e+00
-2.648900000000000077e+01 -1.368500000000000050e+01 -1.875700000000000145e+01 -7.000000000000000666e-02
-1.032000000000000028e+01 -7.413000000000000256e+00 -2.351800000000000068e+01 -6.174000000000000377e+00
-9.207000000000000739e+00 -9.538999999999999702e+00 -3.334400000000000119e+01 -1.215799999999999947e+01
-3.896699999999999875e+01 -2.060999999999999943e+01 -4.279299999999999926e+01 -1.629100000000000037e+01
-6.275999999999999801e+01 -2.531500000000000128e+01 -4.154999999999999716e+01 -1.747100000000000009e+01
-2.260000000000000142e+01 -3.080999999999999961e+00 -1.925799999999999912e+01 -1.491399999999999970e+01
8.121200000000000330e+01 4.790200000000000102e+01 1.873600000000000065e+01 -8.662000000000000810e+00
1.835680000000000121e+02 1.070870000000000033e+02 4.995400000000000063e+01 -1.576000000000000068e+00
2.326069999999999993e+02 1.527849999999999966e+02 6.424800000000000466e+01 1.995000000000000107e+00
2.289950000000000045e+02 1.711510000000000105e+02 7.708599999999999852e+01 9.969999999999999973e-01
1.798549999999999898e+02 1.475759999999999934e+02 9.457599999999999341e+01 -3.130000000000000004e-01
7.429200000000000159e+01 7.713700000000000045e+01 9.411899999999999977e+01 2.887000000000000011e+00
-6.559799999999999898e+01 -1.166799999999999926e+01 6.400799999999999557e+01 8.858000000000000540e+00
-1.652959999999999923e+02 -7.005700000000000216e+01 2.939000000000000057e+01 1.068099999999999916e+01
-1.731680000000000064e+02 -7.626500000000000057e+01 1.541900000000000048e+01 6.410999999999999588e+00
-1.210420000000000016e+02 -5.249399999999999977e+01 1.450099999999999945e+01 2.115000000000000213e+00
-7.477500000000000568e+01 -2.962699999999999889e+01 8.916000000000000369e+00 2.410000000000000142e+00
-5.425500000000000256e+01 -1.508000000000000007e+01 6.530000000000000249e-01 4.782000000000000028e+00
-4.083800000000000097e+01 -4.637999999999999901e+00 3.029999999999999916e-01 5.597000000000000419e+00
-3.297599999999999909e+01 -3.823999999999999844e+00 4.113999999999999879e+00 4.964000000000000412e+00
-4.047200000000000131e+01 -1.797299999999999898e+01 6.640000000000000346e-01 4.059000000000000163e+00
-4.804599999999999937e+01 -3.601400000000000290e+01 -8.846000000000000085e+00 3.269000000000000128e+00
-3.818099999999999739e+01 -4.420900000000000318e+01 -1.296499999999999986e+01 3.322999999999999954e+00
-2.531200000000000117e+01 -4.402300000000000324e+01 -9.212999999999999190e+00 4.365000000000000213e+00
-2.716300000000000026e+01 -4.090100000000000335e+01 -7.477999999999999758e+00 4.786999999999999922e+00
-3.355700000000000216e+01 -3.201899999999999835e+01 -1.510200000000000031e+01 3.423999999999999932e+00
-3.087399999999999878e+01 -1.776399999999999935e+01 -2.926599999999999824e+01 1.433000000000000052e+00
-2.494300000000000139e+01 -6.549999999999999822e+00 -4.258599999999999852e+01 5.160000000000000142e-01
-2.147100000000000009e+01 -1.549999999999999989e-01 -4.857399999999999807e+01 7.580000000000000071e-01
-1.409900000000000020e+01 8.148999999999999133e+00 -4.436299999999999955e+01 1.124000000000000110e+00
-6.222999999999999865e+00 1.823600000000000065e+01 -3.275699999999999790e+01 8.619999999999999885e-01
-1.048099999999999987e+01 2.331899999999999906e+01 -1.950799999999999912e+01 -5.199999999999999761e-02
-1.384399999999999942e+01 2.533399999999999963e+01 -7.759999999999999787e+00 -1.076000000000000068e+00
1.431799999999999962e+01 3.253699999999999903e+01 2.875999999999999890e+00 -1.671000000000000041e+00
7.035099999999999909e+01 4.407500000000000284e+01 1.320400000000000063e+01 -1.780000000000000027e+00
1.122750000000000057e+02 5.205799999999999983e+01 2.278699999999999903e+01 -1.423999999999999932e+00
1.090759999999999934e+02 5.305799999999999983e+01 2.975700000000000145e+01 -6.119999999999999885e-01
6.917700000000000671e+01 4.604800000000000182e+01 3.049599999999999866e+01 -7.000000000000000666e-02
2.301500000000000057e+01 2.819000000000000128e+01 2.229599999999999937e+01 -4.460000000000000075e-01
-7.408000000000000362e+00 2.716000000000000192e+00 8.351000000000000867e+00 -9.509999999999999565e-01
-1.728000000000000114e+01 -1.777199999999999847e+01 -3.213000000000000078e+00 -8.850000000000000089e-01
-9.715999999999999304e+00 -2.443700000000000117e+01 -7.774000000000000021e+00 -1.235000000000000098e+00
5.828000000000000291e+00 -2.208099999999999952e+01 -9.069000000000000838e+00 -2.480999999999999872e+00
1.338899999999999935e+01 -2.016100000000000136e+01 -1.175200000000000067e+01 -3.056000000000000050e+00
7.660000000000000142e+00 -2.014600000000000080e+01 -1.152200000000000024e+01 -2.423999999999999932e+00
5.325000000000000178e+00 -1.742800000000000082e+01 -1.227000000000000091e+00 -2.783999999999999808e+00
2.350100000000000122e+01 -1.018099999999999916e+01 1.439199999999999946e+01 -4.871999999999999886e+00
5.236500000000000199e+01 -3.810000000000000053e-01 2.192299999999999827e+01 -5.562999999999999723e+00
5.984199999999999875e+01 7.631999999999999673e+00 1.588400000000000034e+01 -2.891000000000000014e+00
2.661700000000000088e+01 7.060999999999999943e+00 1.540999999999999925e+00 1.779999999999999916e-01
-2.484199999999999875e+01 -3.568999999999999950e+00 -1.402800000000000047e+01 1.529999999999999971e-01
-5.142099999999999937e+01 -1.567999999999999972e+01 -2.482600000000000051e+01 -1.889999999999999902e+00
-4.222500000000000142e+01 -2.255000000000000071e+01 -2.563700000000000045e+01 -2.418000000000000149e+00
-2.427299999999999969e+01 -2.615700000000000003e+01 -1.599799999999999933e+01 -4.670000000000000262e-01
-1.654100000000000037e+01 -2.709199999999999875e+01 -2.228000000000000203e+00 1.590999999999999970e+00
-1.168900000000000006e+01 -2.189300000000000068e+01 7.317000000000000171e+00 1.320000000000000062e+00
-3.262000000000000011e+00 -1.183099999999999952e+01 8.429000000000000270e+00 -1.000000000000000000e+00
-7.099999999999999645e-01 -2.492999999999999883e+00 2.641000000000000014e+00 -2.955000000000000071e+00
-1.198300000000000054e+01 1.445000000000000062e+00 -7.033999999999999808e+00 -2.806000000000000050e+00
-2.961599999999999966e+01 -4.647999999999999687e+00 -2.059900000000000020e+01 -5.020000000000000018e-01
-3.975699999999999790e+01 -2.029200000000000159e+01 -3.716700000000000159e+01 3.581999999999999851e+00
-3.717600000000000193e+01 -3.299000000000000199e+01 -4.827199999999999847e+01 8.333999999999999631e+00
-2.804799999999999827e+01 -3.076099999999999923e+01 -4.421699999999999875e+01 1.066399999999999970e+01
-1.937099999999999866e+01 -1.792299999999999827e+01 -2.640200000000000102e+01 7.918000000000000149e+00
-1.124600000000000044e+01 -5.568999999999999950e+00 -4.301000000000000156e+00 1.497000000000000108e+00
-3.662999999999999812e+00 3.968999999999999861e+00 1.598199999999999932e+01 -4.692999999999999616e+00
-1.201999999999999957e+00 1.291900000000000048e+01 3.229800000000000182e+01 -8.740999999999999659e+00
-2.736000000000000210e+00 2.071499999999999986e+01 4.202000000000000313e+01 -1.154700000000000060e+01
2.588999999999999968e+00 2.697700000000000031e+01 4.280400000000000205e+01 -1.376399999999999935e+01
1.946399999999999864e+01 3.188800000000000168e+01 3.414399999999999835e+01 -1.368099999999999916e+01
3.813199999999999790e+01 3.373599999999999710e+01 1.893199999999999861e+01 -9.509999999999999787e+00
5.290800000000000125e+01 3.407699999999999818e+01 5.732000000000000206e+00 -3.339999999999999858e+00
7.279900000000000659e+01 3.982300000000000040e+01 3.504000000000000004e+00 -2.409999999999999920e-01
9.510699999999999932e+01 4.964000000000000057e+01 1.075300000000000011e+01 -2.267999999999999794e+00
9.022599999999999909e+01 4.707900000000000063e+01 1.657499999999999929e+01 -5.097000000000000419e+00
4.342699999999999960e+01 2.314399999999999835e+01 1.507799999999999940e+01 -3.007000000000000117e+00
-9.717000000000000526e+00 -3.753000000000000114e+00 1.137299999999999933e+01 3.047000000000000153e+00
-2.444699999999999918e+01 -9.461999999999999744e+00 1.121400000000000041e+01 6.225999999999999979e+00
-7.495000000000000107e+00 2.186999999999999833e+00 1.269599999999999973e+01 3.830999999999999961e+00
-7.092999999999999972e+00 6.652999999999999581e+00 1.055000000000000071e+01 1.399999999999999911e+00
-4.393399999999999750e+01 -5.474000000000000199e+00 2.662999999999999812e+00 4.418000000000000149e+00
-7.330599999999999739e+01 -1.913400000000000034e+01 -8.731999999999999318e+00 1.058699999999999974e+01
-4.314500000000000313e+01 -1.918799999999999883e+01 -1.776699999999999946e+01 1.327999999999999936e+01
1.951999999999999957e+01 -6.955000000000000071e+00 -1.709700000000000131e+01 9.868000000000000327e+00
3.726200000000000045e+01 5.865000000000000213e+00 -5.607999999999999652e+00 3.709999999999999964e+00
-2.665000000000000036e+00 7.349000000000000199e+00 5.756000000000000227e+00 -8.880000000000000115e-01
-3.652400000000000091e+01 -6.416999999999999815e+00 4.381999999999999673e+00 -2.927999999999999936e+00
-2.975400000000000134e+01 -2.657499999999999929e+01 -7.570000000000000284e+00 -4.083000000000000185e+00
-1.491300000000000026e+01 -3.895799999999999841e+01 -1.628600000000000136e+01 -5.357000000000000206e+00
-1.784700000000000131e+01 -3.646200000000000330e+01 -1.458099999999999952e+01 -4.945000000000000284e+00
-1.966300000000000026e+01 -2.302700000000000102e+01 -8.253000000000000114e+00 -1.022000000000000020e+00
-5.639000000000000234e+00 -9.310000000000000497e+00 -5.280999999999999694e+00 3.762000000000000011e+00
6.918000000000000149e+00 -2.524999999999999911e+00 -6.264000000000000234e+00 4.947000000000000064e+00
6.022999999999999687e+00 7.329999999999999849e-01 -7.567000000000000171e+00 3.137999999999999901e+00
6.900000000000000355e+00 6.604000000000000092e+00 -8.641999999999999460e+00 2.777000000000000135e+00
2.057600000000000051e+01 1.318099999999999916e+01 -1.100799999999999912e+01 4.706999999999999851e+00
3.275399999999999778e+01 1.601399999999999935e+01 -1.254700000000000060e+01 5.636000000000000121e+00
3.030399999999999849e+01 1.808299999999999841e+01 -8.928000000000000824e+00 4.658999999999999808e+00
2.285500000000000043e+01 2.333500000000000085e+01 -5.800000000000000294e-02 4.503000000000000114e+00
2.167699999999999960e+01 2.560099999999999909e+01 8.852999999999999758e+00 5.660999999999999588e+00
1.910800000000000054e+01 1.601099999999999923e+01 1.258000000000000007e+01 4.839999999999999858e+00
4.288000000000000256e+00 -2.092999999999999972e+00 1.161800000000000033e+01 6.149999999999999911e-01
-1.568999999999999950e+01 -1.554400000000000048e+01 1.127800000000000047e+01 -3.725999999999999979e+00
-2.256200000000000117e+01 -1.633299999999999841e+01 1.264799999999999969e+01 -4.568999999999999950e+00
-1.068099999999999916e+01 -9.441000000000000725e+00 9.289999999999999147e+00 -2.771999999999999797e+00
3.399999999999999911e+00 -6.491999999999999993e+00 -1.635000000000000009e+00 -1.941999999999999948e+00
1.700000000000000122e-02 -1.171700000000000053e+01 -1.134299999999999997e+01 -2.499000000000000110e+00
-1.992099999999999937e+01 -1.727400000000000091e+01 -1.052200000000000024e+01 -1.090000000000000080e+00
-3.798499999999999943e+01 -1.520199999999999996e+01 -2.661000000000000032e+00 2.773000000000000131e+00
-3.923299999999999699e+01 -7.660000000000000142e+00 2.806999999999999940e+00 4.086000000000000298e+00
-2.486700000000000088e+01 -2.192000000000000171e+00 3.548000000000000043e+00 -2.149999999999999967e-01
-1.040099999999999980e+01 -3.563000000000000167e+00 -1.310000000000000053e-01 -5.761000000000000121e+00
-1.188199999999999967e+01 -1.092600000000000016e+01 -1.232799999999999940e+01 -7.698000000000000398e+00
-2.747200000000000131e+01 -1.695599999999999952e+01 -3.063400000000000034e+01 -7.826999999999999957e+00
-3.627900000000000347e+01 -1.224499999999999922e+01 -3.956099999999999994e+01 -8.419000000000000483e+00
-2.109499999999999886e+01 5.248999999999999666e+00 -2.984199999999999875e+01 -5.990000000000000213e+00
1.458799999999999919e+01 2.905000000000000071e+01 -1.326399999999999935e+01 9.839999999999999858e-01
5.387100000000000222e+01 4.927300000000000324e+01 -4.415000000000000036e+00 5.926999999999999602e+00
7.597899999999999920e+01 5.222099999999999653e+01 2.250000000000000056e-01 3.588000000000000078e+00
6.055899999999999750e+01 2.804599999999999937e+01 1.173099999999999987e+01 -1.538000000000000034e+00
9.936999999999999389e+00 -8.904999999999999361e+00 2.920499999999999829e+01 -3.000999999999999890e+00
-3.168900000000000006e+01 -2.505300000000000082e+01 4.299799999999999756e+01 -1.798999999999999932e+00
-1.825499999999999901e+01 -7.722000000000000419e+00 4.759899999999999665e+01 -1.467000000000000082e+00
3.147899999999999920e+01 1.697599999999999909e+01 4.235499999999999687e+01 -3.890000000000000124e-01
5.017900000000000205e+01 1.977899999999999991e+01 2.951099999999999923e+01 3.888999999999999790e+00
1.529700000000000060e+01 4.604000000000000092e+00 1.659400000000000119e+01 8.416000000000000369e+00
-2.316000000000000014e+01 -5.211999999999999744e+00 1.004199999999999982e+01 9.147000000000000242e+00
-2.173300000000000054e+01 -1.681999999999999940e+00 7.011999999999999567e+00 6.783000000000000362e+00
-8.469999999999999751e-01 3.343999999999999861e+00 2.738999999999999879e+00 4.389999999999999680e+00
-2.396999999999999797e+00 -7.960000000000000409e-01 -1.324000000000000066e+00 3.133000000000000007e+00
-2.822400000000000020e+01 -1.133699999999999974e+01 -3.758000000000000007e+00 2.217999999999999972e+00
-4.812599999999999767e+01 -1.846499999999999986e+01 -6.915000000000000036e+00 5.819999999999999618e-01
-4.792499999999999716e+01 -1.798499999999999943e+01 -1.034699999999999953e+01 -1.558000000000000052e+00
-4.203399999999999892e+01 -1.563700000000000045e+01 -1.092999999999999972e+01 -2.325000000000000178e+00
-4.353799999999999670e+01 -1.812000000000000099e+01 -1.099399999999999977e+01 -5.400000000000000355e-01
-4.465699999999999648e+01 -2.339000000000000057e+01 -1.756800000000000139e+01 2.221000000000000085e+00
-3.401500000000000057e+01 -2.455999999999999872e+01 -3.133599999999999852e+01 3.611000000000000210e+00
-1.635500000000000043e+01 -1.973000000000000043e+01 -4.206600000000000250e+01 3.314999999999999947e+00
-2.831999999999999851e+00 -1.139499999999999957e+01 -3.821200000000000330e+01 2.411000000000000032e+00
6.397000000000000242e+00 9.800000000000000377e-02 -1.823799999999999955e+01 1.379999999999999893e+00
1.781500000000000128e+01 1.371199999999999974e+01 8.198000000000000398e+00 9.800000000000000377e-02
3.091700000000000159e+01 2.183599999999999852e+01 2.715399999999999991e+01 -1.316999999999999948e+00
4.098100000000000165e+01 1.889900000000000091e+01 3.114199999999999946e+01 -2.903999999999999915e+00
4.863900000000000290e+01 1.255700000000000038e+01 2.583699999999999974e+01 -5.038999999999999702e+00
5.384000000000000341e+01 1.346299999999999919e+01 2.113599999999999923e+01 -7.051999999999999602e+00
4.936899999999999977e+01 1.861199999999999832e+01 1.650000000000000000e+01 -7.318999999999999950e+00
3.169000000000000128e+01 1.619399999999999906e+01 4.695999999999999730e+00 -5.977000000000000313e+00
6.496000000000000441e+00 1.631999999999999895e+00 -1.159600000000000009e+01 -5.012999999999999901e+00
-2.046099999999999852e+01 -1.827499999999999858e+01 -1.945599999999999952e+01 -4.716999999999999638e+00
-4.335600000000000165e+01 -3.249600000000000222e+01 -1.334600000000000009e+01 -3.375999999999999890e+00
-5.020600000000000307e+01 -3.393299999999999983e+01 -2.603000000000000203e+00 -1.046000000000000041e+00
-3.039399999999999835e+01 -2.309100000000000108e+01 2.634999999999999787e+00 8.500000000000000611e-02
1.331700000000000017e+01 -5.634999999999999787e+00 4.711999999999999744e+00 -3.559999999999999831e-01
6.044100000000000250e+01 1.160800000000000054e+01 9.060000000000000497e+00 -1.960000000000000075e-01
8.129300000000000637e+01 2.220299999999999940e+01 9.496999999999999886e+00 1.352000000000000091e+00
6.263499999999999801e+01 2.184600000000000009e+01 -9.210000000000000409e-01 2.408999999999999808e+00
2.194999999999999929e+01 1.096400000000000041e+01 -1.153500000000000014e+01 1.868000000000000105e+00
-1.509200000000000053e+01 -5.266000000000000014e+00 -7.498000000000000220e+00 1.042000000000000037e+00
-3.837299999999999756e+01 -2.000600000000000023e+01 4.429000000000000270e+00 1.225999999999999979e+00
-4.638400000000000034e+01 -2.758599999999999852e+01 5.323000000000000398e+00 2.011000000000000121e+00
-3.669299999999999784e+01 -2.480999999999999872e+01 -5.855000000000000426e+00 2.311999999999999833e+00
-1.461299999999999955e+01 -1.342800000000000082e+01 -1.276299999999999990e+01 1.612999999999999989e+00
4.391000000000000014e+00 -1.084000000000000075e+00 -8.006999999999999673e+00 3.099999999999999978e-01
1.072300000000000075e+01 4.823000000000000398e+00 -5.090000000000000080e-01 -7.139999999999999680e-01
9.105000000000000426e+00 4.139999999999999680e+00 8.930000000000000160e-01 -1.254000000000000004e+00
6.440000000000000391e+00 1.828999999999999959e+00 -2.870000000000000107e+00 -2.076999999999999957e+00
2.334000000000000075e+00 6.760000000000000453e-01 -7.399000000000000021e+00 -3.166999999999999815e+00
-5.511999999999999567e+00 4.670000000000000262e-01 -1.051500000000000057e+01 -2.966000000000000192e+00
-1.591799999999999926e+01 2.979000000000000092e+00 -1.016000000000000014e+01 -7.309999999999999831e-01
-2.398199999999999932e+01 1.047600000000000087e+01 -4.822000000000000064e+00 1.899000000000000021e+00
-2.320299999999999940e+01 1.922100000000000009e+01 2.132000000000000117e+00 2.839999999999999858e+00
-1.391699999999999982e+01 2.255000000000000071e+01 4.698999999999999844e+00 1.752999999999999892e+00
-8.022000000000000242e+00 1.885800000000000054e+01 6.929999999999999494e-01 -8.100000000000000255e-02
-1.608200000000000074e+01 9.497999999999999332e+00 -6.863000000000000433e+00 -8.319999999999999618e-01
-3.120599999999999952e+01 -4.738999999999999879e+00 -1.198000000000000043e+01 5.310000000000000275e-01
-3.418200000000000216e+01 -1.803000000000000114e+01 -1.054400000000000048e+01 2.494000000000000217e+00
-1.759600000000000009e+01 -2.074500000000000099e+01 -6.522999999999999687e+00 1.955999999999999961e+00
3.287999999999999812e+00 -1.209900000000000020e+01 -7.767000000000000348e+00 -1.356999999999999984e+00
1.370800000000000018e+01 -1.122000000000000108e+00 -1.338499999999999979e+01 -4.024000000000000021e+00
2.296399999999999864e+01 5.892999999999999794e+00 -1.493699999999999939e+01 -4.073999999999999844e+00
4.754899999999999949e+01 9.268000000000000682e+00 -1.008799999999999919e+01 -3.705000000000000071e+00
8.029399999999999693e+01 1.092399999999999949e+01 -4.083000000000000185e+00 -4.975999999999999979e+00
9.498199999999999932e+01 1.301999999999999957e+01 -8.850000000000000089e-01 -5.165000000000000036e+00
7.613400000000000034e+01 1.556900000000000084e+01 -2.246999999999999886e+00 -4.969999999999999973e-01
3.020299999999999940e+01 1.148799999999999955e+01 -8.766999999999999460e+00 5.532000000000000028e+00
-2.616900000000000048e+01 -5.647000000000000242e+00 -1.459600000000000009e+01 4.682999999999999829e+00
-7.401000000000000512e+01 -2.683099999999999952e+01 -9.875000000000000000e+00 -2.725000000000000089e+00
-9.365000000000000568e+01 -3.495000000000000284e+01 5.730999999999999872e+00 -6.415000000000000036e+00
-7.407899999999999352e+01 -2.619099999999999895e+01 2.095899999999999963e+01 -2.008000000000000007e+00
-2.403900000000000148e+01 -9.077999999999999403e+00 2.810099999999999909e+01 2.285000000000000142e+00
2.918199999999999861e+01 1.024300000000000033e+01 3.069999999999999929e+01 2.810000000000000275e-01
5.961099999999999710e+01 2.792699999999999960e+01 3.590100000000000335e+01 -1.943999999999999950e+00
6.528000000000000114e+01 3.902799999999999869e+01 4.758400000000000318e+01 2.079000000000000181e+00
5.900699999999999790e+01 4.164399999999999835e+01 6.120300000000000296e+01 7.633000000000000007e+00
4.197099999999999653e+01 3.622999999999999687e+01 6.143599999999999994e+01 7.528999999999999915e+00
1.074900000000000055e+01 2.392699999999999960e+01 3.892399999999999949e+01 2.988999999999999879e+00
-1.945799999999999841e+01 1.037800000000000011e+01 8.766000000000000014e+00 -1.076000000000000068e+00
-2.550600000000000023e+01 3.250000000000000000e+00 -6.056000000000000050e+00 -3.132000000000000117e+00
-5.987000000000000099e+00 3.495000000000000107e+00 -4.895999999999999908e+00 -2.826000000000000068e+00
1.506600000000000072e+01 5.222000000000000419e+00 -4.163000000000000256e+00 5.390000000000000346e-01
1.482300000000000040e+01 4.291000000000000369e+00 -8.990999999999999659e+00 4.312000000000000277e+00
-4.498000000000000220e+00 2.306999999999999940e+00 -8.859999999999999432e+00 3.560999999999999943e+00
-2.266499999999999915e+01 1.836000000000000076e+00 1.284999999999999920e+00 -1.925999999999999934e+00
-2.714099999999999824e+01 1.014000000000000012e+00 1.091600000000000037e+01 -6.541000000000000369e+00
-2.212300000000000111e+01 -4.347999999999999865e+00 8.903000000000000469e+00 -6.613000000000000433e+00
-1.532199999999999918e+01 -1.268900000000000006e+01 -6.550000000000000266e-01 -4.685999999999999943e+00
-8.587999999999999190e+00 -1.455799999999999983e+01 -5.160000000000000142e+00 -3.661999999999999922e+00
-3.245999999999999996e+00 -3.996999999999999886e+00 -2.198999999999999844e+00 -1.935000000000000053e+00
-4.631000000000000227e+00 1.067500000000000071e+01 -9.869999999999999885e-01 1.917999999999999927e+00
-1.403899999999999970e+01 1.516000000000000014e+01 -4.937999999999999723e+00 4.943999999999999950e+00
-2.155399999999999849e+01 6.304000000000000270e+00 -7.921000000000000263e+00 4.511999999999999567e+00
-2.014799999999999969e+01 -6.387999999999999901e+00 -9.583000000000000185e+00 2.516000000000000014e+00
-2.114799999999999969e+01 -1.400999999999999979e+01 -1.607999999999999829e+01 1.743000000000000105e+00
-3.561500000000000199e+01 -1.575000000000000000e+01 -2.531700000000000017e+01 2.205000000000000071e+00
-5.127300000000000324e+01 -1.410399999999999920e+01 -2.884199999999999875e+01 3.037999999999999812e+00
-5.021200000000000330e+01 -9.662000000000000810e+00 -2.610600000000000165e+01 4.349999999999999645e+00
-3.419599999999999795e+01 -3.314000000000000057e+00 -2.216799999999999926e+01 5.666000000000000369e+00
-1.682999999999999829e+01 4.440000000000000058e-01 -1.582799999999999940e+01 5.232999999999999652e+00
-3.736000000000000210e+00 -1.834999999999999964e+00 -4.248999999999999666e+00 2.450000000000000178e+00
1.457199999999999918e+01 -5.264999999999999680e+00 6.176999999999999602e+00 -6.310000000000000053e-01
4.621099999999999852e+01 -3.184000000000000163e+00 7.746999999999999886e+00 -1.677000000000000046e+00
6.883299999999999841e+01 -3.300000000000000155e-02 2.819999999999999840e+00 -4.020000000000000240e-01
4.983100000000000307e+01 -3.939999999999999947e+00 -3.847999999999999865e+00 2.733999999999999986e+00
4.349999999999999645e+00 -1.208500000000000085e+01 -1.325099999999999945e+01 7.653999999999999915e+00
-1.901599999999999824e+01 -1.876800000000000068e+01 -2.507100000000000151e+01 1.266900000000000048e+01
-3.248000000000000220e+00 -2.392500000000000071e+01 -3.244599999999999795e+01 1.400000000000000000e+01
3.417699999999999960e+01 -2.193499999999999872e+01 -2.762800000000000011e+01 9.573000000000000398e+00
7.106999999999999318e+01 -4.081000000000000405e+00 -9.660999999999999588e+00 2.033999999999999808e+00
8.285899999999999466e+01 2.166100000000000136e+01 1.086899999999999977e+01 -3.375000000000000000e+00
5.333599999999999852e+01 3.428000000000000114e+01 1.812199999999999989e+01 -4.445999999999999730e+00
-3.684000000000000163e+00 2.448199999999999932e+01 9.771000000000000796e+00 -5.004999999999999893e+00
-5.600399999999999778e+01 4.009000000000000341e+00 3.130000000000000004e-01 -9.602999999999999758e+00
-8.314799999999999613e+01 -8.701000000000000512e+00 -1.028000000000000025e+00 -1.554299999999999926e+01
-8.216200000000000614e+01 -8.545999999999999375e+00 5.869999999999999662e-01 -1.541799999999999926e+01
-5.906300000000000239e+01 -7.267999999999999794e+00 1.338000000000000078e+00 -8.067999999999999616e+00
-2.965099999999999980e+01 -1.465799999999999947e+01 3.608999999999999986e+00 -8.850000000000000089e-01
-1.091099999999999959e+01 -2.380999999999999872e+01 4.894000000000000128e+00 3.950000000000000178e-01
-1.939999999999999947e+00 -2.278800000000000026e+01 -6.760000000000000453e-01 -1.735000000000000098e+00
8.807999999999999829e+00 -1.118399999999999928e+01 -1.037599999999999945e+01 -2.295999999999999819e+00
2.042399999999999949e+01 3.698999999999999844e+00 -1.470100000000000051e+01 -6.149999999999999911e-01
2.357799999999999940e+01 1.635600000000000165e+01 -1.110100000000000087e+01 1.110000000000000098e+00
1.884299999999999997e+01 2.097400000000000020e+01 -7.572000000000000064e+00 1.943999999999999950e+00
1.162899999999999956e+01 1.003200000000000003e+01 -1.129800000000000004e+01 2.402000000000000135e+00
-2.564000000000000057e+00 -1.637099999999999866e+01 -2.121000000000000085e+01 2.576000000000000068e+00
-2.969300000000000139e+01 -4.504099999999999682e+01 -3.289300000000000068e+01 2.237999999999999989e+00
-6.085600000000000165e+01 -6.060499999999999687e+01 -4.236800000000000210e+01 2.137000000000000011e+00
-8.066700000000000159e+01 -5.906700000000000017e+01 -4.510999999999999943e+01 3.298999999999999932e+00
-8.482399999999999807e+01 -4.553399999999999892e+01 -3.723199999999999932e+01 5.301999999999999602e+00
-7.459600000000000364e+01 -2.379400000000000048e+01 -1.655499999999999972e+01 6.934000000000000163e+00
-4.318800000000000239e+01 4.684999999999999609e+00 1.570299999999999940e+01 7.426999999999999602e+00
1.524000000000000021e+01 3.652499999999999858e+01 5.051700000000000301e+01 5.554999999999999716e+00
8.825700000000000500e+01 6.808100000000000307e+01 7.372299999999999898e+01 1.739999999999999880e-01
1.479219999999999970e+02 9.482399999999999807e+01 7.709799999999999898e+01 -6.636000000000000121e+00
1.651119999999999948e+02 1.031569999999999965e+02 6.393999999999999773e+01 -1.061100000000000065e+01
1.239809999999999945e+02 7.527800000000000580e+01 4.540500000000000114e+01 -1.137199999999999989e+01
4.167099999999999937e+01 1.486899999999999977e+01 3.391299999999999670e+01 -1.262199999999999989e+01
-3.095200000000000173e+01 -4.255599999999999739e+01 3.372399999999999665e+01 -1.443999999999999950e+01
-5.113499999999999801e+01 -6.163600000000000279e+01 3.574699999999999989e+01 -1.222799999999999976e+01
-2.355799999999999983e+01 -4.429099999999999682e+01 2.909299999999999997e+01 -5.269999999999999574e+00
1.682400000000000162e+01 -1.980699999999999861e+01 1.540900000000000070e+01 1.120000000000000107e+00
4.909400000000000119e+01 -4.645999999999999908e+00 4.096000000000000085e+00 3.322000000000000064e+00
7.267300000000000182e+01 7.320000000000000284e+00 -8.329999999999999627e-01 3.044000000000000039e+00
8.091100000000000136e+01 1.910300000000000153e+01 -2.221999999999999975e+00 2.946000000000000174e+00
5.824300000000000210e+01 2.086700000000000088e+01 -3.539000000000000146e+00 3.326000000000000068e+00
6.852000000000000313e+00 9.923999999999999488e+00 -6.777000000000000135e+00 3.665999999999999925e+00
-4.355299999999999727e+01 -4.420000000000000040e-01 -1.261100000000000065e+01 4.330000000000000071e+00
-6.233700000000000330e+01 -3.840000000000000080e-01 -1.892299999999999827e+01 5.400999999999999801e+00
-4.856099999999999994e+01 3.698999999999999844e+00 -2.257100000000000151e+01 5.485999999999999766e+00
-2.724099999999999966e+01 3.584000000000000075e+00 -2.295299999999999940e+01 3.539000000000000146e+00
-1.585299999999999976e+01 2.016000000000000014e+00 -2.115099999999999980e+01 8.930000000000000160e-01
-6.878000000000000114e+00 3.529999999999999805e+00 -1.818499999999999872e+01 -3.990000000000000213e-01
9.003999999999999559e+00 5.490000000000000213e+00 -1.461999999999999922e+01 -4.829999999999999849e-01
1.978099999999999881e+01 5.107999999999999652e+00 -1.005000000000000071e+01 -1.161999999999999922e+00
1.014300000000000068e+01 4.687000000000000277e+00 -5.908000000000000362e+00 -2.690999999999999837e+00
-1.199799999999999933e+01 4.370000000000000107e+00 -7.118999999999999773e+00 -3.053999999999999826e+00
-2.636799999999999855e+01 -1.380000000000000115e-01 -1.524200000000000088e+01 -1.250999999999999890e+00
-2.614300000000000068e+01 -7.467999999999999972e+00 -2.396399999999999864e+01 7.560000000000000053e-01
-1.730000000000000071e+01 -7.940000000000000391e+00 -2.560099999999999909e+01 1.076000000000000068e+00
-4.280999999999999694e+00 3.093999999999999861e+00 -1.796600000000000108e+01 7.429999999999999938e-01
8.811999999999999389e+00 1.603300000000000125e+01 -5.266000000000000014e+00 1.754999999999999893e+00
1.319899999999999984e+01 1.754500000000000171e+01 4.368999999999999773e+00 3.826999999999999957e+00
4.104000000000000092e+00 6.224000000000000199e+00 5.647999999999999687e+00 4.445000000000000284e+00
-1.223900000000000077e+01 -8.900000000000000355e+00 2.339999999999999858e+00 2.168000000000000149e+00
-2.617699999999999960e+01 -2.108099999999999952e+01 2.817000000000000171e+00 -7.489999999999999991e-01
-3.364600000000000080e+01 -2.879599999999999937e+01 8.622999999999999332e+00 -8.679999999999999938e-01
-3.642600000000000193e+01 -3.107100000000000151e+01 1.188199999999999967e+01 1.616000000000000103e+00
-3.986399999999999721e+01 -2.899899999999999878e+01 5.602999999999999758e+00 3.541999999999999815e+00
-4.854899999999999949e+01 -2.600600000000000023e+01 -6.160999999999999588e+00 3.412999999999999812e+00
-5.773499999999999943e+01 -2.037399999999999878e+01 -1.124399999999999977e+01 2.289000000000000146e+00
-5.494800000000000040e+01 -7.469999999999999751e+00 -4.012999999999999901e+00 1.620000000000000107e+00
-3.673199999999999932e+01 7.817000000000000171e+00 6.214999999999999858e+00 2.383000000000000007e+00
-1.593099999999999916e+01 1.464499999999999957e+01 6.721000000000000085e+00 4.107999999999999652e+00
-5.341999999999999638e+00 1.288199999999999967e+01 -1.306999999999999940e+00 4.158999999999999808e+00
-2.258999999999999897e+00 1.197000000000000064e+01 -4.467999999999999972e+00 9.669999999999999707e-01
2.810000000000000053e+00 1.386999999999999922e+01 3.490000000000000213e+00 -2.552000000000000046e+00
1.090099999999999980e+01 1.204400000000000048e+01 1.294899999999999984e+01 -2.164000000000000146e+00
1.559900000000000020e+01 6.035000000000000142e+00 1.304499999999999993e+01 1.747999999999999998e+00
1.259399999999999942e+01 9.230000000000000426e-01 4.778999999999999915e+00 3.975000000000000089e+00
7.641000000000000014e+00 -4.599999999999999645e+00 -4.581999999999999851e+00 2.949999999999999845e-01
1.536800000000000033e+01 -1.386899999999999977e+01 -1.032399999999999984e+01 -7.442999999999999616e+00
3.888300000000000267e+01 -2.125300000000000011e+01 -1.191099999999999959e+01 -1.286899999999999977e+01
5.506499999999999773e+01 -1.826099999999999923e+01 -1.169999999999999929e+01 -1.195599999999999952e+01
4.025300000000000011e+01 -6.889000000000000234e+00 -1.186599999999999966e+01 -7.375000000000000000e+00
7.453000000000000291e+00 6.949999999999999512e-01 -1.258900000000000041e+01 -5.067999999999999616e+00
-3.419000000000000039e+00 -1.419999999999999929e+00 -1.281499999999999950e+01 -6.408000000000000362e+00
2.602499999999999858e+01 -7.009999999999999565e-01 -9.239000000000000767e+00 -6.168000000000000149e+00
7.221800000000000352e+01 1.672800000000000153e+01 2.858000000000000096e+00 -7.309999999999999831e-01
1.027849999999999966e+02 4.052499999999999858e+01 2.133200000000000074e+01 5.429999999999999716e+00
1.104419999999999931e+02 4.914500000000000313e+01 3.310099999999999909e+01 6.022999999999999687e+00
1.005430000000000064e+02 4.210999999999999943e+01 2.912900000000000134e+01 2.238999999999999879e+00
6.739199999999999591e+01 3.392699999999999960e+01 2.143599999999999994e+01 7.229999999999999760e-01
9.490000000000000213e+00 2.523199999999999932e+01 2.990899999999999892e+01 4.302999999999999936e+00
-4.660499999999999687e+01 6.931000000000000050e+00 5.103699999999999903e+01 9.481999999999999318e+00
-6.799800000000000466e+01 -1.502299999999999969e+01 5.803399999999999892e+01 1.200300000000000011e+01
-5.618800000000000239e+01 -2.327799999999999869e+01 3.839000000000000057e+01 1.051699999999999946e+01
-4.210099999999999909e+01 -1.512100000000000044e+01 1.132099999999999973e+01 5.996000000000000441e+00
-4.405899999999999750e+01 -7.777999999999999581e+00 -2.589999999999999858e+00 8.920000000000000151e-01
-5.206799999999999784e+01 -1.436400000000000077e+01 -7.392000000000000348e+00 -2.363999999999999879e+00
-5.042900000000000205e+01 -2.640399999999999991e+01 -1.491600000000000037e+01 -3.810999999999999943e+00
-3.472699999999999676e+01 -2.892299999999999827e+01 -2.336599999999999966e+01 -5.756999999999999673e+00
-6.201999999999999957e+00 -2.159799999999999898e+01 -2.575600000000000023e+01 -8.933999999999999275e+00
2.965700000000000003e+01 -1.195299999999999940e+01 -2.347299999999999898e+01 -1.001800000000000068e+01
5.209700000000000131e+01 -6.390000000000000124e-01 -2.155699999999999861e+01 -5.831999999999999851e+00
3.625500000000000256e+01 1.175500000000000078e+01 -1.957400000000000162e+01 9.100000000000000311e-01
-1.151999999999999957e+01 1.622500000000000142e+01 -1.314899999999999913e+01 4.701999999999999957e+00
-5.378600000000000136e+01 7.216999999999999638e+00 -2.415000000000000036e+00 4.641000000000000014e+00
-6.628199999999999648e+01 -5.738999999999999879e+00 5.979000000000000092e+00 3.431999999999999940e+00
-5.841100000000000136e+01 -9.737000000000000099e+00 7.283999999999999808e+00 1.949000000000000066e+00
-4.852400000000000091e+01 -7.041000000000000369e+00 2.213999999999999968e+00 1.700000000000000122e-02
-3.929999999999999716e+01 -9.086999999999999744e+00 -8.603999999999999204e+00 -1.006999999999999895e+00
-2.216900000000000048e+01 -1.497600000000000087e+01 -2.158500000000000085e+01 -2.510000000000000009e-01
3.164000000000000146e+00 -1.180100000000000016e+01 -2.439900000000000091e+01 1.268000000000000016e+00
2.330600000000000094e+01 5.176000000000000156e+00 -8.726000000000000867e+00 2.434000000000000163e+00
2.649200000000000088e+01 2.649899999999999878e+01 1.607799999999999940e+01 2.269000000000000128e+00
1.763599999999999923e+01 4.004599999999999937e+01 3.282500000000000284e+01 -3.180000000000000049e-01
1.384200000000000053e+01 3.868500000000000227e+01 3.241700000000000159e+01 -4.054999999999999716e+00
2.173199999999999932e+01 2.205799999999999983e+01 1.716700000000000159e+01 -5.719000000000000306e+00
2.590099999999999980e+01 -1.131000000000000005e+00 -2.858999999999999986e+00 -5.222000000000000419e+00
1.071899999999999942e+01 -1.848600000000000065e+01 -1.732100000000000151e+01 -5.059000000000000163e+00
-1.657300000000000040e+01 -2.481299999999999883e+01 -2.307600000000000051e+01 -3.862000000000000099e+00
-3.503499999999999659e+01 -2.266499999999999915e+01 -2.231400000000000006e+01 1.872999999999999998e+00
-3.092800000000000082e+01 -1.567500000000000071e+01 -1.703099999999999881e+01 9.518000000000000682e+00
-7.171999999999999709e+00 -6.049999999999999822e+00 -9.737999999999999545e+00 1.190000000000000036e+01
1.792099999999999937e+01 5.150999999999999801e+00 -5.038000000000000256e+00 7.001000000000000334e+00
2.438800000000000168e+01 1.530700000000000038e+01 -6.152999999999999581e+00 -4.050000000000000266e-01
8.250999999999999446e+00 1.715899999999999892e+01 -1.122600000000000087e+01 -6.115000000000000213e+00
-1.930099999999999838e+01 4.482999999999999652e+00 -1.594299999999999962e+01 -1.016200000000000081e+01
-4.903900000000000148e+01 -1.886100000000000065e+01 -1.993199999999999861e+01 -1.319899999999999984e+01
-7.928300000000000125e+01 -4.113600000000000279e+01 -2.608099999999999952e+01 -1.383399999999999963e+01
-1.028319999999999936e+02 -5.193900000000000006e+01 -3.258200000000000074e+01 -1.099699999999999989e+01
-1.017240000000000038e+02 -4.650800000000000267e+01 -3.210399999999999920e+01 -6.051000000000000156e+00
-6.488299999999999557e+01 -2.603500000000000014e+01 -2.068900000000000006e+01 -1.308999999999999941e+00
-2.015000000000000124e+00 3.990000000000000213e+00 -1.193000000000000060e+00 1.812000000000000055e+00
6.717700000000000671e+01 3.576899999999999835e+01 2.160999999999999943e+01 3.226999999999999869e+00
1.222189999999999941e+02 5.767900000000000205e+01 4.031700000000000017e+01 4.173000000000000043e+00
1.396250000000000000e+02 5.790699999999999648e+01 4.389500000000000313e+01 6.052999999999999936e+00
1.102099999999999937e+02 3.725600000000000023e+01 3.082799999999999940e+01 8.439000000000000057e+00
6.126500000000000057e+01 1.088000000000000078e+01 1.513299999999999912e+01 9.122999999999999332e+00
3.397500000000000142e+01 -8.070000000000000284e+00 7.769999999999999574e+00 6.751000000000000334e+00
3.611800000000000210e+01 -1.823400000000000176e+01 5.043999999999999595e+00 2.826999999999999957e+00
3.960799999999999699e+01 -2.189000000000000057e+01 2.540000000000000036e+00 5.030000000000000027e-01
2.745799999999999841e+01 -1.726099999999999923e+01 4.267999999999999794e+00 1.088999999999999968e+00
1.541399999999999970e+01 -4.314000000000000057e+00 1.088199999999999967e+01 2.379999999999999893e+00
1.554400000000000048e+01 8.054000000000000270e+00 1.305599999999999916e+01 1.663000000000000034e+00
1.272400000000000020e+01 1.037800000000000011e+01 4.793000000000000149e+00 -4.869999999999999885e-01
-1.544000000000000039e+00 6.660999999999999588e+00 -6.764999999999999680e+00 -1.298999999999999932e+00
-8.763999999999999346e+00 8.401999999999999247e+00 -1.124200000000000088e+01 1.759999999999999898e-01
-4.660000000000000253e-01 1.488899999999999935e+01 -7.205000000000000071e+00 2.244000000000000217e+00
1.356999999999999984e+00 1.310100000000000087e+01 -3.140000000000000013e-01 3.149999999999999911e+00
-1.883800000000000097e+01 -1.701999999999999957e+00 4.525000000000000355e+00 2.713999999999999968e+00
-4.575399999999999778e+01 -1.826099999999999923e+01 5.176000000000000156e+00 1.764000000000000012e+00
-5.846300000000000097e+01 -2.397800000000000153e+01 5.380000000000000338e-01 1.300000000000000044e+00
-5.397999999999999687e+01 -1.870200000000000173e+01 -8.910000000000000142e+00 1.947000000000000064e+00
-4.015200000000000102e+01 -1.162199999999999989e+01 -1.943100000000000094e+01 3.349000000000000199e+00
-2.369099999999999895e+01 -7.618000000000000327e+00 -2.541100000000000136e+01 4.485999999999999766e+00
-9.330000000000000071e+00 -2.472999999999999865e+00 -2.364199999999999946e+01 4.850999999999999979e+00
-1.125000000000000000e+00 5.400999999999999801e+00 -1.655300000000000082e+01 4.546000000000000263e+00
-3.410000000000000253e-01 8.230000000000000426e+00 -1.067999999999999972e+01 3.366999999999999993e+00
-3.407000000000000028e+00 1.536000000000000032e+00 -1.019299999999999962e+01 1.012000000000000011e+00
-3.988999999999999879e+00 -6.491999999999999993e+00 -1.190300000000000047e+01 -1.469000000000000083e+00
2.697999999999999954e+00 -5.918999999999999595e+00 -8.804999999999999716e+00 -1.413999999999999924e+00
1.668900000000000006e+01 2.567000000000000171e+00 6.209999999999999964e-01 2.544999999999999929e+00
2.637099999999999866e+01 9.605000000000000426e+00 9.605000000000000426e+00 7.264999999999999680e+00
9.789999999999999147e+00 5.588000000000000078e+00 1.248600000000000065e+01 7.302999999999999936e+00
-3.325500000000000256e+01 -9.730999999999999872e+00 1.162700000000000067e+01 1.094999999999999973e+00
-5.813400000000000034e+01 -2.150900000000000034e+01 1.191399999999999970e+01 -7.081999999999999851e+00
-2.215500000000000114e+01 -1.410699999999999932e+01 1.635999999999999943e+01 -1.202699999999999925e+01
5.007300000000000040e+01 4.903999999999999915e+00 2.510699999999999932e+01 -1.336800000000000033e+01
8.883799999999999386e+01 1.203400000000000070e+01 3.000700000000000145e+01 -1.441099999999999959e+01
6.903100000000000591e+01 3.765000000000000124e+00 2.028500000000000014e+01 -1.513899999999999935e+01
3.584000000000000341e+01 1.195000000000000062e+00 6.700000000000000400e-01 -1.126600000000000001e+01
2.956400000000000006e+01 1.141600000000000037e+01 -1.101600000000000001e+01 -2.620000000000000107e+00
3.276299999999999812e+01 1.491000000000000014e+01 -8.351000000000000867e+00 4.187000000000000277e+00
1.572600000000000087e+01 1.473999999999999977e+00 -3.024000000000000021e+00 4.790000000000000036e+00
-1.351200000000000045e+01 -1.391499999999999915e+01 -5.310999999999999943e+00 2.136000000000000121e+00
-3.168199999999999861e+01 -1.818700000000000117e+01 -1.193099999999999916e+01 3.649999999999999911e-01
-3.279299999999999926e+01 -1.306000000000000050e+01 -1.449200000000000088e+01 -1.199999999999999956e-01
-2.006400000000000006e+01 5.099999999999999672e-02 -9.005000000000000782e+00 -3.609999999999999876e-01
9.889999999999999902e-01 2.088700000000000045e+01 1.532999999999999918e+00 -2.859999999999999765e-01
1.451099999999999923e+01 3.723799999999999955e+01 8.007999999999999119e+00 5.520000000000000462e-01
7.608999999999999986e+00 3.289200000000000301e+01 5.272000000000000242e+00 1.832000000000000073e+00
-1.086400000000000077e+01 8.958000000000000185e+00 9.859999999999999876e-01 2.987000000000000099e+00
-2.374599999999999866e+01 -1.491699999999999982e+01 3.431999999999999940e+00 4.522999999999999687e+00
-2.487900000000000134e+01 -2.049299999999999855e+01 8.837999999999999190e+00 7.192000000000000171e+00
-1.720799999999999841e+01 -7.224999999999999645e+00 1.310100000000000087e+01 9.237000000000000099e+00
-1.110899999999999999e+01 1.046299999999999919e+01 2.013899999999999935e+01 7.174000000000000377e+00
-2.069300000000000139e+01 1.823000000000000043e+01 2.733500000000000085e+01 1.024999999999999911e+00
-4.348100000000000165e+01 1.314499999999999957e+01 2.160399999999999920e+01 -4.296999999999999709e+00
-5.880400000000000205e+01 2.592999999999999972e+00 -9.779999999999999805e-01 -4.990000000000000213e+00
-5.683800000000000097e+01 -6.211000000000000298e+00 -2.603900000000000148e+01 -2.975000000000000089e+00
-4.739699999999999847e+01 -1.219899999999999984e+01 -3.582699999999999818e+01 -2.487000000000000099e+00
-3.774600000000000222e+01 -1.366600000000000037e+01 -2.529700000000000060e+01 -3.967999999999999972e+00
-2.179500000000000171e+01 -4.407000000000000028e+00 -3.024999999999999911e+00 -4.192999999999999616e+00
8.696999999999999176e+00 1.545500000000000007e+01 1.824699999999999989e+01 -2.172000000000000153e+00
4.747999999999999687e+01 3.263600000000000279e+01 2.899699999999999989e+01 -1.151000000000000023e+00
6.864100000000000534e+01 3.335799999999999699e+01 2.635399999999999920e+01 -3.862000000000000099e+00
5.456099999999999994e+01 2.053099999999999881e+01 1.828900000000000148e+01 -8.836999999999999744e+00
2.805799999999999983e+01 1.121499999999999986e+01 1.720400000000000063e+01 -1.132199999999999918e+01
2.531899999999999906e+01 1.435999999999999943e+01 2.170799999999999841e+01 -7.456999999999999851e+00
4.356700000000000017e+01 1.943799999999999883e+01 1.767599999999999838e+01 2.790000000000000258e-01
5.169299999999999784e+01 1.470899999999999963e+01 1.885999999999999899e+00 4.918999999999999595e+00
3.911899999999999977e+01 6.024000000000000021e+00 -1.152299999999999969e+01 4.951999999999999957e+00
2.037699999999999889e+01 4.166999999999999815e+00 -1.114600000000000080e+01 5.751999999999999780e+00
5.461999999999999744e+00 4.570999999999999730e+00 -2.206999999999999851e+00 9.022999999999999687e+00
-9.141000000000000014e+00 -3.505999999999999783e+00 3.531000000000000139e+00 9.739000000000000767e+00
-2.895299999999999940e+01 -1.886100000000000065e+01 4.415000000000000036e+00 5.706999999999999851e+00
-5.208899999999999864e+01 -3.492499999999999716e+01 7.485999999999999766e+00 1.750000000000000000e+00
-6.612600000000000477e+01 -5.107600000000000051e+01 1.292999999999999972e+01 1.782999999999999918e+00
-5.836999999999999744e+01 -6.504099999999999682e+01 1.090700000000000003e+01 2.649000000000000021e+00
-3.543500000000000227e+01 -6.756999999999999318e+01 -4.512999999999999901e+00 -4.979999999999999982e-01
-1.999399999999999977e+01 -5.383800000000000097e+01 -2.656299999999999883e+01 -5.541999999999999815e+00
-2.140500000000000114e+01 -3.113800000000000168e+01 -4.388799999999999812e+01 -5.685999999999999943e+00
-2.512399999999999878e+01 -1.177999999999999936e+01 -5.265200000000000102e+01 -1.809999999999999942e-01
-1.759100000000000108e+01 -3.668000000000000149e+00 -5.543699999999999761e+01 4.182999999999999829e+00
-4.152000000000000135e+00 -5.860000000000000320e+00 -5.001500000000000057e+01 3.330000000000000071e+00
7.387999999999999901e+00 -8.372999999999999332e+00 -2.894399999999999906e+01 6.750000000000000444e-01
2.262199999999999989e+01 -1.310000000000000053e-01 5.823000000000000398e+00 5.540000000000000480e-01
4.242499999999999716e+01 1.662800000000000011e+01 3.719800000000000040e+01 2.404999999999999805e+00
4.518200000000000216e+01 2.351899999999999835e+01 4.781199999999999761e+01 2.684000000000000163e+00
1.450900000000000034e+01 7.288000000000000256e+00 3.699600000000000222e+01 -3.000000000000000062e-03
-2.480799999999999983e+01 -1.845700000000000074e+01 2.152100000000000080e+01 -2.509999999999999787e+00
-3.038299999999999912e+01 -2.542699999999999960e+01 1.742299999999999827e+01 -7.660000000000000142e-01
3.571000000000000174e+00 -3.059000000000000163e+00 2.117099999999999937e+01 3.958000000000000185e+00
4.323299999999999699e+01 3.267099999999999937e+01 1.814199999999999946e+01 5.681000000000000050e+00
6.122399999999999665e+01 5.982399999999999807e+01 7.086000000000000298e+00 1.669999999999999929e+00
6.498199999999999932e+01 7.124500000000000455e+01 2.800000000000000058e-02 -3.988999999999999879e+00
7.534000000000000341e+01 7.464199999999999591e+01 1.379000000000000004e+00 -5.865999999999999659e+00
8.877899999999999636e+01 7.434900000000000375e+01 4.778999999999999915e+00 -3.884999999999999787e+00
8.303900000000000148e+01 6.239200000000000301e+01 6.605999999999999872e+00 -3.072999999999999954e+00
5.750099999999999767e+01 3.589500000000000313e+01 6.623999999999999666e+00 -6.174000000000000377e+00
3.283400000000000318e+01 8.298000000000000043e+00 1.774000000000000021e+00 -9.242000000000000881e+00
9.724999999999999645e+00 -1.021499999999999986e+01 -7.772999999999999687e+00 -7.836999999999999744e+00
-3.053699999999999903e+01 -2.527700000000000102e+01 -1.501999999999999957e+01 -3.669999999999999929e+00
-8.138200000000000500e+01 -3.982900000000000063e+01 -1.678999999999999915e+01 -6.830000000000000515e-01
-1.076940000000000026e+02 -4.439399999999999835e+01 -1.930600000000000094e+01 8.159999999999999476e-01
-9.417900000000000205e+01 -3.533700000000000330e+01 -2.880600000000000094e+01 2.318999999999999950e+00
-6.554999999999999716e+01 -2.427899999999999991e+01 -4.266499999999999915e+01 4.049999999999999822e+00
-5.112500000000000000e+01 -2.312699999999999889e+01 -5.260799999999999699e+01 6.185999999999999943e+00
-5.288700000000000045e+01 -3.160300000000000153e+01 -5.212700000000000244e+01 9.002000000000000668e+00
-5.352499999999999858e+01 -3.978099999999999881e+01 -3.728199999999999648e+01 1.081000000000000050e+01
-3.621099999999999852e+01 -3.507300000000000040e+01 -7.461999999999999744e+00 9.317999999999999616e+00
2.802999999999999936e+00 -1.245199999999999996e+01 2.665099999999999980e+01 4.804000000000000270e+00
4.485499999999999687e+01 1.480100000000000016e+01 4.366199999999999903e+01 -5.440000000000000391e-01
5.987500000000000000e+01 2.290399999999999991e+01 3.234499999999999886e+01 -4.879999999999999893e+00
3.909499999999999886e+01 3.833000000000000185e+00 7.818999999999999950e+00 -7.113999999999999879e+00
7.113000000000000433e+00 -2.244399999999999906e+01 -5.211999999999999744e+00 -7.187999999999999723e+00
-8.115000000000000213e+00 -2.899599999999999866e+01 -1.649999999999999911e+00 -6.203000000000000291e+00
-7.884000000000000341e+00 -1.240300000000000047e+01 3.649999999999999911e+00 -4.897999999999999687e+00
-1.121199999999999974e+01 5.910999999999999588e+00 -2.620000000000000107e-01 -2.935000000000000053e+00
-1.945200000000000173e+01 8.737999999999999545e+00 -8.951999999999999957e+00 -5.789999999999999591e-01
-1.628600000000000136e+01 1.989999999999999991e+00 -1.249799999999999933e+01 1.264999999999999902e+00
8.219999999999999529e-01 9.050000000000000266e-01 -8.492000000000000881e+00 3.431000000000000050e+00
1.301600000000000001e+01 9.384999999999999787e+00 -4.155999999999999694e+00 6.868999999999999773e+00
4.826999999999999957e+00 1.894300000000000139e+01 -5.527000000000000135e+00 8.333999999999999631e+00
-1.503400000000000070e+01 2.091799999999999926e+01 -6.636000000000000121e+00 3.915999999999999925e+00
-1.933099999999999952e+01 1.564600000000000080e+01 3.064000000000000057e+00 -2.984999999999999876e+00
6.932000000000000384e+00 1.066999999999999993e+01 2.131200000000000117e+01 -4.950000000000000178e+00
4.209300000000000352e+01 1.086599999999999966e+01 3.357000000000000028e+01 -2.116999999999999993e+00
5.086599999999999966e+01 1.290499999999999936e+01 3.139399999999999835e+01 -1.762000000000000011e+00
3.070299999999999940e+01 1.074600000000000044e+01 2.072500000000000142e+01 -5.293000000000000149e+00
1.226600000000000001e+01 3.736000000000000210e+00 1.090600000000000058e+01 -5.339999999999999858e+00
1.236100000000000065e+01 -4.123999999999999666e+00 2.892999999999999794e+00 1.493999999999999995e+00
1.081099999999999994e+01 -1.128999999999999915e+01 -7.208000000000000185e+00 8.641999999999999460e+00
-1.422100000000000009e+01 -1.826500000000000057e+01 -1.609900000000000020e+01 9.881999999999999673e+00
-4.948799999999999955e+01 -2.125600000000000023e+01 -1.491000000000000014e+01 6.987000000000000099e+00
-6.582399999999999807e+01 -1.625000000000000000e+01 -5.304999999999999716e+00 4.027999999999999581e+00
-5.635499999999999687e+01 -7.442000000000000171e+00 3.170000000000000040e-01 1.445999999999999952e+00
-3.566799999999999926e+01 -2.262999999999999901e+00 -1.052000000000000046e+00 -1.316000000000000059e+00
-1.605799999999999983e+01 -2.761000000000000121e+00 -7.039999999999999591e-01 -2.958000000000000185e+00
-1.147000000000000020e+00 -7.902000000000000135e+00 1.018999999999999906e+00 -2.787999999999999812e+00
5.636000000000000121e+00 -1.726300000000000168e+01 -7.629999999999999893e+00 -1.584999999999999964e+00
7.499999999999999722e-02 -2.796699999999999875e+01 -2.772100000000000009e+01 1.302000000000000046e+00
-1.508000000000000007e+01 -3.318900000000000006e+01 -4.359899999999999665e+01 6.608999999999999986e+00
-2.829799999999999827e+01 -2.670799999999999841e+01 -4.203399999999999892e+01 1.038000000000000078e+01
-2.653200000000000003e+01 -7.315000000000000391e+00 -2.414199999999999946e+01 7.009000000000000341e+00
-6.883000000000000007e+00 1.804200000000000159e+01 -1.024999999999999911e+00 -1.675000000000000044e+00
1.522000000000000064e+01 3.378399999999999892e+01 1.248099999999999987e+01 -7.559999999999999609e+00
2.059199999999999875e+01 2.966300000000000026e+01 9.243999999999999773e+00 -8.419999999999999929e+00
1.305700000000000038e+01 1.848100000000000165e+01 1.379000000000000004e+00 -1.054499999999999993e+01
1.281099999999999994e+01 2.348499999999999943e+01 8.342999999999999972e+00 -1.664499999999999957e+01
2.212300000000000111e+01 4.348499999999999943e+01 3.166799999999999926e+01 -1.999800000000000111e+01
2.136499999999999844e+01 4.926700000000000301e+01 5.277799999999999869e+01 -1.426699999999999946e+01
4.229000000000000092e+00 2.547400000000000020e+01 5.844299999999999784e+01 -2.732000000000000206e+00
-5.524000000000000021e+00 -2.524000000000000021e+00 5.630499999999999972e+01 5.850999999999999979e+00
1.241699999999999982e+01 -4.057999999999999829e+00 5.518699999999999761e+01 7.201999999999999957e+00
4.369599999999999795e+01 1.316300000000000026e+01 4.691799999999999926e+01 4.108999999999999986e+00
6.286399999999999721e+01 2.144300000000000139e+01 2.600100000000000122e+01 1.260999999999999899e+00
6.764199999999999591e+01 1.404400000000000048e+01 7.618999999999999773e+00 1.004000000000000004e+00
6.507999999999999829e+01 1.310999999999999943e+00 5.753999999999999559e+00 3.017999999999999794e+00
4.866299999999999670e+01 -1.098199999999999932e+01 1.058600000000000030e+01 5.216000000000000192e+00
1.906400000000000006e+01 -1.854700000000000060e+01 5.326999999999999957e+00 5.532000000000000028e+00
-1.270999999999999908e+00 -1.508699999999999974e+01 -7.823000000000000398e+00 4.014000000000000234e+00
-4.253000000000000114e+00 -4.666999999999999815e+00 -1.532699999999999996e+01 2.310000000000000053e+00
-1.223199999999999932e+01 -8.960000000000000187e-01 -1.547600000000000087e+01 1.385999999999999899e+00
-3.382999999999999829e+01 -8.132999999999999119e+00 -1.712999999999999901e+01 1.010000000000000009e+00
-4.110999999999999943e+01 -1.598900000000000077e+01 -2.276200000000000045e+01 8.020000000000000462e-01
-1.238599999999999923e+01 -1.456600000000000072e+01 -2.581899999999999906e+01 7.219999999999999751e-01
3.060600000000000165e+01 -5.416999999999999815e+00 -2.102599999999999980e+01 8.780000000000000027e-01
5.041499999999999915e+01 4.283999999999999808e+00 -1.149099999999999966e+01 1.195000000000000062e+00
4.292999999999999972e+01 9.888999999999999346e+00 -6.225999999999999979e+00 1.377000000000000002e+00
3.317199999999999704e+01 8.369999999999999218e+00 -1.057300000000000040e+01 1.475999999999999979e+00
2.913299999999999912e+01 -2.689000000000000057e+00 -2.065599999999999881e+01 1.824000000000000066e+00
1.279499999999999993e+01 -1.978300000000000125e+01 -2.875000000000000000e+01 2.149000000000000021e+00
-2.041600000000000037e+01 -3.275699999999999790e+01 -3.075900000000000034e+01 2.036999999999999922e+00
-4.800500000000000256e+01 -3.424699999999999989e+01 -2.682100000000000151e+01 1.735999999999999988e+00
-5.361800000000000210e+01 -2.550600000000000023e+01 -1.823900000000000077e+01 1.221000000000000085e+00
-4.507800000000000296e+01 -1.071799999999999997e+01 -7.315000000000000391e+00 1.610000000000000042e-01
-3.474900000000000233e+01 6.985000000000000320e+00 1.443000000000000060e+00 -6.059999999999999831e-01
-2.309900000000000020e+01 2.216600000000000037e+01 6.099999999999999645e+00 -1.300000000000000044e-01
-6.309000000000000163e+00 2.837699999999999889e+01 1.154100000000000037e+01 7.660000000000000142e-01
9.227999999999999758e+00 2.434199999999999875e+01 1.984900000000000020e+01 8.169999999999999485e-01
8.176000000000000156e+00 1.333900000000000041e+01 2.259499999999999886e+01 -3.599999999999999867e-01
-1.257699999999999996e+01 -4.219999999999999862e-01 1.460200000000000031e+01 -2.943000000000000060e+00
-3.275399999999999778e+01 -9.881999999999999673e+00 4.950999999999999623e+00 -6.054999999999999716e+00
-3.173300000000000054e+01 -7.405000000000000249e+00 2.007000000000000117e+00 -6.921999999999999709e+00
-1.258999999999999986e+01 4.349000000000000199e+00 1.069999999999999979e-01 -3.970000000000000195e+00
8.768000000000000682e+00 1.101600000000000001e+01 -7.068999999999999950e+00 3.569999999999999840e-01
2.185099999999999909e+01 1.538999999999999924e+00 -1.379700000000000060e+01 2.483000000000000096e+00
1.932700000000000173e+01 -1.836400000000000077e+01 -1.434600000000000009e+01 2.089999999999999858e+00
-1.979000000000000092e+00 -3.143499999999999872e+01 -1.271499999999999986e+01 1.715000000000000080e+00
-2.861199999999999832e+01 -2.782999999999999829e+01 -1.183399999999999963e+01 3.696000000000000174e+00
-3.762800000000000011e+01 -1.393299999999999983e+01 -9.271000000000000796e+00 8.224000000000000199e+00
-2.150100000000000122e+01 -9.939999999999999947e-01 -6.232000000000000206e+00 1.234600000000000009e+01
7.435999999999999943e+00 9.015000000000000568e+00 -4.358999999999999986e+00 1.197000000000000064e+01
3.430899999999999750e+01 2.247400000000000020e+01 2.572999999999999954e+00 6.663999999999999702e+00
4.927900000000000347e+01 3.866899999999999693e+01 1.778300000000000125e+01 2.750000000000000222e-01
4.422599999999999909e+01 4.278399999999999892e+01 2.946600000000000108e+01 -3.761000000000000121e+00
1.864300000000000068e+01 2.623300000000000054e+01 2.432499999999999929e+01 -5.628000000000000114e+00
-1.293200000000000038e+01 3.938000000000000167e+00 7.604000000000000092e+00 -7.871000000000000441e+00
-3.083800000000000097e+01 -4.985999999999999766e+00 -2.077999999999999847e+00 -1.138400000000000034e+01
-2.815399999999999991e+01 -2.889999999999999791e-01 3.951999999999999957e+00 -1.320599999999999952e+01
-1.568399999999999928e+01 6.876999999999999780e+00 1.460500000000000043e+01 -1.065199999999999925e+01
-1.076200000000000045e+01 8.109999999999999432e+00 1.407499999999999929e+01 -6.081000000000000405e+00
-1.940299999999999869e+01 4.969999999999999973e-01 5.420000000000000373e-01 -3.814000000000000057e+00
-2.942000000000000171e+01 -1.109399999999999942e+01 -1.415900000000000070e+01 -4.689000000000000057e+00
-2.744200000000000017e+01 -1.600000000000000000e+01 -1.932700000000000173e+01 -6.533999999999999808e+00
-1.945799999999999841e+01 -1.086700000000000088e+01 -1.418999999999999950e+01 -7.219000000000000306e+00
-2.261199999999999832e+01 -6.144999999999999574e+00 -3.801000000000000156e+00 -5.673000000000000043e+00
-3.828499999999999659e+01 -1.225099999999999945e+01 6.278999999999999915e+00 -2.189999999999999947e+00
-4.657300000000000040e+01 -2.416400000000000148e+01 1.002899999999999991e+01 1.467000000000000082e+00
-3.011199999999999832e+01 -2.802899999999999991e+01 3.886000000000000121e+00 3.404999999999999805e+00
6.785000000000000142e+00 -2.006800000000000139e+01 -7.298000000000000043e+00 3.427000000000000046e+00
4.525000000000000000e+01 -1.003700000000000081e+01 -1.363599999999999923e+01 2.931999999999999940e+00
6.900100000000000477e+01 -5.615000000000000213e+00 -1.091900000000000048e+01 2.947000000000000064e+00
7.202299999999999613e+01 -2.979999999999999982e+00 -3.677999999999999936e+00 3.286999999999999922e+00
5.734300000000000352e+01 2.903999999999999915e+00 7.229999999999999760e-01 3.693000000000000060e+00
3.328900000000000148e+01 7.951999999999999957e+00 -2.386000000000000121e+00 4.299000000000000377e+00
9.202999999999999403e+00 5.929999999999999716e+00 -1.330899999999999928e+01 4.921999999999999709e+00
-8.294999999999999929e+00 -6.009999999999999787e-01 -2.785600000000000165e+01 5.169999999999999929e+00
-1.744900000000000162e+01 -3.263999999999999790e+00 -3.717000000000000171e+01 4.942000000000000171e+00
-2.243599999999999994e+01 3.420000000000000262e-01 -3.120400000000000063e+01 4.099999999999999645e+00
-3.095700000000000074e+01 4.049999999999999822e+00 -8.242000000000000881e+00 2.625000000000000000e+00
-4.349099999999999966e+01 4.395999999999999908e+00 2.041600000000000037e+01 1.159999999999999920e+00
-4.400800000000000267e+01 7.636999999999999567e+00 4.260199999999999676e+01 5.800000000000000294e-02
-1.547600000000000087e+01 1.871699999999999875e+01 5.763600000000000279e+01 -9.919999999999999929e-01
2.931099999999999994e+01 2.979200000000000159e+01 6.540300000000000580e+01 -1.308000000000000052e+00
5.282200000000000273e+01 3.016700000000000159e+01 5.469700000000000273e+01 3.240000000000000102e-01
3.973100000000000165e+01 2.289499999999999957e+01 2.074500000000000099e+01 2.918000000000000149e+00
1.348000000000000043e+01 1.834400000000000119e+01 -1.713800000000000168e+01 3.791999999999999815e+00
-4.679000000000000270e+00 1.473799999999999955e+01 -3.314500000000000313e+01 2.036999999999999922e+00
-1.833200000000000074e+01 3.020000000000000018e+00 -2.292000000000000171e+01 -3.190000000000000058e-01
-2.677400000000000091e+01 -1.098300000000000054e+01 -3.809000000000000163e+00 -5.110000000000000098e-01
-1.717800000000000082e+01 -1.174699999999999989e+01 5.764000000000000234e+00 2.246999999999999886e+00
2.069999999999999840e+00 -8.860000000000000098e-01 1.268999999999999906e+00 5.868999999999999773e+00
5.272999999999999687e+00 5.608999999999999986e+00 -8.086999999999999744e+00 7.290000000000000036e+00
-5.304999999999999716e+00 6.415000000000000036e+00 -9.939000000000000057e+00 5.628999999999999559e+00
-9.040000000000000258e-01 1.459200000000000053e+01 3.000000000000000062e-03 2.748000000000000220e+00
2.278699999999999903e+01 2.761199999999999832e+01 1.389199999999999946e+01 2.320000000000000118e-01
3.550000000000000000e+01 2.539399999999999835e+01 1.701300000000000168e+01 -2.649000000000000021e+00
1.879599999999999937e+01 2.682999999999999829e+00 3.044999999999999929e+00 -7.059999999999999609e+00
-8.816000000000000725e+00 -2.058200000000000074e+01 -1.490700000000000003e+01 -1.147199999999999953e+01
-2.042500000000000071e+01 -2.701500000000000057e+01 -2.012500000000000000e+01 -1.167399999999999949e+01
-1.237100000000000044e+01 -2.070200000000000173e+01 -1.534299999999999997e+01 -5.955000000000000071e+00
8.960000000000000187e-01 -1.388299999999999912e+01 -1.349399999999999977e+01 7.469999999999999973e-01
8.936999999999999389e+00 -1.110999999999999943e+01 -1.612500000000000000e+01 2.297000000000000153e+00
1.138499999999999979e+01 -1.111800000000000033e+01 -1.810399999999999920e+01 -5.400000000000000355e-01
9.782999999999999474e+00 -1.194200000000000017e+01 -1.792500000000000071e+01 -2.301000000000000156e+00
5.745000000000000107e+00 -9.333999999999999631e+00 -1.121899999999999942e+01 -9.900000000000000466e-02
5.238000000000000433e+00 1.153999999999999915e+00 6.211000000000000298e+00 5.134000000000000341e+00
1.427200000000000024e+01 1.641000000000000014e+01 2.301000000000000156e+01 1.038000000000000078e+01
3.164799999999999969e+01 2.695799999999999841e+01 2.277899999999999991e+01 1.119200000000000017e+01
5.259199999999999875e+01 2.689799999999999969e+01 1.096000000000000085e+01 5.328999999999999737e+00
6.901399999999999579e+01 1.571499999999999986e+01 6.703999999999999737e+00 -3.004999999999999893e+00
6.263199999999999790e+01 -6.139999999999999680e+00 1.115700000000000003e+01 -7.525999999999999801e+00
2.399200000000000088e+01 -3.324600000000000222e+01 9.516000000000000014e+00 -8.625000000000000000e+00
-1.933200000000000074e+01 -5.075099999999999767e+01 -4.869999999999999885e-01 -1.118699999999999939e+01
-2.905300000000000082e+01 -4.592499999999999716e+01 -6.644000000000000128e+00 -1.378200000000000003e+01
-8.433999999999999275e+00 -2.347100000000000009e+01 -3.168000000000000149e+00 -9.641999999999999460e+00
7.108999999999999986e+00 -1.350999999999999979e+00 5.163999999999999702e+00 1.000000000000000056e-01
3.109999999999999987e-01 6.333999999999999631e+00 1.175799999999999912e+01 5.511999999999999567e+00
-1.965200000000000102e+01 -2.346000000000000085e+00 1.143800000000000061e+01 2.709000000000000075e+00
-4.251500000000000057e+01 -1.928500000000000014e+01 5.427999999999999936e+00 -1.364000000000000101e+00
-6.167999999999999972e+01 -3.098199999999999932e+01 2.525999999999999801e+00 -7.029999999999999583e-01
-6.818500000000000227e+01 -2.802899999999999991e+01 4.972000000000000419e+00 2.628000000000000114e+00
-6.160900000000000176e+01 -1.606599999999999895e+01 2.318000000000000060e+00 4.352000000000000313e+00
-5.545100000000000051e+01 -1.126900000000000013e+01 -1.155300000000000082e+01 3.955999999999999961e+00
-5.870700000000000074e+01 -2.010399999999999920e+01 -2.762900000000000134e+01 3.240000000000000213e+00
-6.321699999999999875e+01 -3.075700000000000145e+01 -3.488100000000000023e+01 2.966000000000000192e+00
-5.680700000000000216e+01 -2.933899999999999864e+01 -3.270799999999999841e+01 2.620000000000000107e+00
-3.860999999999999943e+01 -1.514400000000000013e+01 -2.482700000000000173e+01 1.838999999999999968e+00
-1.579700000000000060e+01 5.347999999999999865e+00 -1.145299999999999940e+01 9.320000000000000506e-01
3.766999999999999904e+00 2.561199999999999832e+01 3.444999999999999840e+00 3.180000000000000049e-01
9.640000000000000568e+00 3.413400000000000034e+01 6.636999999999999567e+00 -1.350000000000000089e-01
-4.264999999999999680e+00 2.170100000000000051e+01 -7.634999999999999787e+00 -9.979999999999999982e-01
-2.229400000000000048e+01 4.989999999999999991e-01 -2.279400000000000048e+01 -2.185000000000000053e+00
-1.592999999999999972e+01 -3.706999999999999851e+00 -1.902299999999999969e+01 -2.173000000000000043e+00
2.200600000000000023e+01 1.765700000000000003e+01 -1.110000000000000014e-01 7.600000000000000089e-01
6.969700000000000273e+01 4.779699999999999704e+01 1.568200000000000038e+01 5.682000000000000384e+00
1.036359999999999957e+02 6.579300000000000637e+01 2.300100000000000122e+01 8.266000000000000014e+00
1.156839999999999975e+02 6.535500000000000398e+01 2.877400000000000091e+01 5.363999999999999879e+00
1.047819999999999965e+02 5.248400000000000176e+01 3.192000000000000171e+01 -1.160000000000000059e-01
6.983199999999999363e+01 3.160999999999999943e+01 2.468100000000000094e+01 -2.612000000000000099e+00
1.760800000000000054e+01 2.678999999999999826e+00 9.477000000000000313e+00 -1.407000000000000028e+00
-2.893700000000000117e+01 -2.771199999999999974e+01 -3.314999999999999947e+00 4.100000000000000172e-02
-4.101700000000000301e+01 -4.458100000000000307e+01 -9.602999999999999758e+00 5.879999999999999671e-01
-1.381000000000000050e+01 -4.025999999999999801e+01 -1.160899999999999999e+01 1.544000000000000039e+00
1.791700000000000159e+01 -2.392500000000000071e+01 -9.897000000000000242e+00 2.250000000000000000e+00
1.713200000000000145e+01 -9.566000000000000725e+00 -4.025999999999999801e+00 9.659999999999999698e-01
-5.427999999999999936e+00 -9.689999999999999725e-01 2.290000000000000036e+00 -1.302000000000000046e+00
-1.165600000000000058e+01 4.878999999999999559e+00 2.228000000000000203e+00 -2.077999999999999847e+00
3.834000000000000075e+00 6.951999999999999957e+00 -5.804000000000000270e+00 -1.574999999999999956e+00
1.447799999999999976e+01 1.723999999999999977e+00 -1.174000000000000021e+01 -2.095000000000000195e+00
9.442999999999999616e+00 -9.093999999999999417e+00 -2.596000000000000085e+00 -3.637000000000000011e+00
2.774000000000000021e+00 -1.856500000000000128e+01 1.863700000000000045e+01 -3.608000000000000096e+00
3.379999999999999893e+00 -2.074599999999999866e+01 3.191499999999999915e+01 -1.431000000000000050e+00
4.237000000000000099e+00 -1.713800000000000168e+01 2.418599999999999994e+01 -1.449999999999999900e-01
-1.816000000000000059e+00 -1.747899999999999920e+01 4.395999999999999908e+00 -1.983999999999999986e+00
-1.668199999999999861e+01 -2.908299999999999841e+01 -1.130199999999999960e+01 -4.562999999999999723e+00
-4.499900000000000233e+01 -4.586899999999999977e+01 -1.819800000000000040e+01 -3.418000000000000149e+00
-8.541100000000000136e+01 -5.399699999999999989e+01 -2.148999999999999844e+01 2.092000000000000082e+00
-1.137219999999999942e+02 -4.599499999999999744e+01 -2.436700000000000088e+01 7.206999999999999851e+00
-9.822599999999999909e+01 -2.296499999999999986e+01 -2.193599999999999994e+01 7.222000000000000419e+00
-3.719700000000000273e+01 1.322400000000000020e+01 -6.104000000000000092e+00 3.144000000000000128e+00
3.485000000000000142e+01 5.810000000000000142e+01 2.179299999999999926e+01 -3.300000000000000155e-02
8.092499999999999716e+01 9.593099999999999739e+01 4.529200000000000159e+01 -1.789999999999999925e-01
9.198399999999999466e+01 1.090220000000000056e+02 4.696500000000000341e+01 -7.089999999999999636e-01
8.385999999999999943e+01 9.741500000000000625e+01 2.803000000000000114e+01 -4.945999999999999730e+00
7.001000000000000512e+01 7.517900000000000205e+01 7.429000000000000270e+00 -9.990000000000000213e+00
4.461500000000000199e+01 5.017399999999999949e+01 1.352000000000000091e+00 -1.010500000000000043e+01
1.276999999999999913e+00 2.252599999999999980e+01 7.200999999999999623e+00 -5.360999999999999766e+00
-3.929800000000000182e+01 -1.387000000000000011e+00 1.006099999999999994e+01 -1.727000000000000091e+00
-4.471900000000000119e+01 -1.055400000000000027e+01 3.879000000000000004e+00 -2.065999999999999837e+00
-1.709199999999999875e+01 -6.043999999999999595e+00 -2.484999999999999876e+00 -2.701999999999999957e+00
4.971000000000000085e+00 -2.431999999999999940e+00 -2.361000000000000210e+00 -4.169999999999999818e-01
-1.120000000000000107e+00 -8.441000000000000725e+00 -1.322000000000000064e+00 2.729000000000000092e+00
-1.807700000000000173e+01 -1.723699999999999832e+01 -5.243999999999999773e+00 3.765000000000000124e+00
-2.449500000000000099e+01 -2.035200000000000031e+01 -1.109500000000000064e+01 3.458000000000000185e+00
-2.113800000000000168e+01 -1.948499999999999943e+01 -1.501699999999999946e+01 4.089999999999999858e+00
-1.326099999999999923e+01 -1.795299999999999940e+01 -1.817099999999999937e+01 5.238000000000000433e+00
3.829000000000000181e+00 -1.112500000000000000e+01 -2.083599999999999852e+01 4.530000000000000249e+00
3.016700000000000159e+01 6.089000000000000412e+00 -2.056200000000000117e+01 1.667999999999999927e+00
4.941700000000000159e+01 2.789999999999999858e+01 -1.733200000000000074e+01 -1.187000000000000055e+00
4.198400000000000176e+01 4.047200000000000131e+01 -1.350000000000000000e+01 -2.904999999999999805e+00
8.111000000000000654e+00 3.608899999999999864e+01 -9.422000000000000597e+00 -4.214000000000000412e+00
-2.501200000000000045e+01 2.132999999999999829e+01 -3.920999999999999819e+00 -4.597999999999999865e+00
-3.008399999999999963e+01 6.573000000000000398e+00 1.169999999999999929e+00 -1.512000000000000011e+00
-1.602799999999999869e+01 -7.958999999999999631e+00 4.440000000000000058e-01 5.352999999999999758e+00
-1.524600000000000044e+01 -2.369800000000000040e+01 -8.547000000000000597e+00 1.132399999999999984e+01
-3.299300000000000210e+01 -3.096399999999999864e+01 -1.937699999999999889e+01 1.137199999999999989e+01
-4.389000000000000057e+01 -2.405399999999999849e+01 -2.253099999999999881e+01 6.296999999999999709e+00
-3.861699999999999733e+01 -1.556900000000000084e+01 -1.697800000000000153e+01 1.100999999999999979e+00
-3.399399999999999977e+01 -1.684799999999999898e+01 -9.112000000000000099e+00 -2.196000000000000174e+00
-3.584499999999999886e+01 -2.128900000000000148e+01 -1.620000000000000107e+00 -6.068999999999999950e+00
-2.317599999999999838e+01 -1.902299999999999969e+01 8.489000000000000767e+00 -1.105300000000000082e+01
2.345599999999999952e+01 -1.002399999999999913e+01 2.110999999999999943e+01 -1.302399999999999913e+01
8.549699999999999989e+01 -4.879999999999999893e-01 2.778999999999999915e+01 -1.009800000000000075e+01
1.111640000000000015e+02 -3.370000000000000218e-01 1.912399999999999878e+01 -6.538999999999999702e+00
7.361499999999999488e+01 -1.704500000000000171e+01 -4.349999999999999978e-01 -4.926999999999999602e+00
1.314899999999999913e+01 -4.293999999999999773e+01 -1.114600000000000080e+01 -1.546000000000000041e+00
-7.730000000000000426e+00 -6.021699999999999875e+01 -1.606000000000000094e+00 4.934000000000000163e+00
1.905199999999999960e+01 -5.962199999999999989e+01 1.328700000000000081e+01 8.897000000000000242e+00
5.269500000000000028e+01 -4.050300000000000011e+01 1.613400000000000034e+01 6.905999999999999694e+00
7.133799999999999386e+01 -2.638999999999999790e+00 1.825499999999999901e+01 3.087000000000000188e+00
8.281900000000000261e+01 4.142600000000000193e+01 3.729399999999999693e+01 2.105999999999999872e+00
8.034900000000000375e+01 6.128300000000000125e+01 5.549199999999999733e+01 3.249000000000000110e+00
4.875300000000000011e+01 4.106600000000000250e+01 4.127600000000000335e+01 3.626999999999999780e+00
7.892999999999999794e+00 4.623999999999999666e+00 3.694999999999999840e+00 2.806999999999999940e+00
-5.690999999999999837e+00 -1.205799999999999983e+01 -1.790899999999999892e+01 2.107000000000000206e+00
8.124000000000000554e+00 -2.705000000000000071e+00 -1.212599999999999945e+01 1.820999999999999952e+00
1.708099999999999952e+01 8.907000000000000028e+00 -3.976999999999999869e+00 1.312000000000000055e+00
-2.056000000000000050e+00 4.259999999999999898e-01 -9.378000000000000114e+00 9.190000000000000391e-01
-4.800399999999999778e+01 -2.738700000000000045e+01 -1.682199999999999918e+01 1.977000000000000091e+00
-1.016809999999999974e+02 -5.464300000000000068e+01 -1.604799999999999827e+01 4.796999999999999709e+00
-1.373679999999999950e+02 -6.208899999999999864e+01 -1.412899999999999956e+01 7.530000000000000249e+00
-1.412539999999999907e+02 -4.834100000000000108e+01 -1.752799999999999869e+01 7.644000000000000128e+00
-1.208569999999999993e+02 -2.795700000000000074e+01 -2.147500000000000142e+01 4.671000000000000263e+00
-9.152400000000000091e+01 -1.372199999999999953e+01 -2.056099999999999994e+01 1.066999999999999948e+00
-6.252000000000000313e+01 -6.312999999999999723e+00 -1.483399999999999963e+01 -4.729999999999999760e-01
-3.825900000000000034e+01 -5.150000000000000133e-01 -6.089000000000000412e+00 -5.350000000000000311e-01
-2.303500000000000014e+01 6.517999999999999794e+00 2.842000000000000082e+00 -2.416999999999999815e+00
-1.937900000000000134e+01 1.516699999999999982e+01 7.084999999999999964e+00 -6.876999999999999780e+00
-2.066000000000000014e+01 2.642699999999999960e+01 3.898000000000000131e+00 -9.814999999999999503e+00
-1.181600000000000072e+01 4.006400000000000006e+01 -3.387000000000000011e+00 -8.018000000000000682e+00
1.202899999999999991e+01 5.053699999999999903e+01 -8.140000000000000568e+00 -3.525999999999999801e+00
3.657699999999999818e+01 5.144400000000000261e+01 -5.586999999999999744e+00 1.068999999999999950e+00
4.967499999999999716e+01 4.379699999999999704e+01 2.850999999999999979e+00 6.113999999999999879e+00
5.429500000000000171e+01 3.324699999999999989e+01 8.221000000000000085e+00 1.052399999999999913e+01
4.961999999999999744e+01 2.178999999999999915e+01 3.303999999999999826e+00 1.056700000000000017e+01
2.637000000000000099e+01 8.282000000000000028e+00 -6.027000000000000135e+00 5.921999999999999709e+00
-9.742000000000000881e+00 -6.798000000000000043e+00 -8.513999999999999346e+00 1.207999999999999963e+00
-3.828799999999999670e+01 -2.131800000000000139e+01 -3.892999999999999794e+00 -6.490000000000000213e-01
-4.934199999999999875e+01 -3.142200000000000060e+01 5.909999999999999698e-01 -2.266000000000000014e+00
-4.624499999999999744e+01 -3.105699999999999861e+01 3.246999999999999886e+00 -6.878000000000000114e+00
-3.453799999999999670e+01 -1.932700000000000173e+01 5.278999999999999915e+00 -1.225300000000000011e+01
-2.388500000000000156e+01 -6.706000000000000405e+00 4.136000000000000121e+00 -1.325300000000000011e+01
-2.316600000000000037e+01 -5.698000000000000398e+00 -1.096000000000000085e+00 -9.388999999999999346e+00
-2.621000000000000085e+01 -1.643499999999999872e+01 -6.052999999999999936e+00 -4.721000000000000085e+00
-1.894600000000000151e+01 -2.529899999999999949e+01 -7.046000000000000263e+00 -1.254000000000000004e+00
-7.299999999999999545e-02 -1.862199999999999989e+01 -4.232000000000000206e+00 1.830999999999999961e+00
1.647200000000000131e+01 3.569999999999999840e-01 3.180000000000000049e-01 3.878000000000000114e+00
1.767000000000000171e+01 1.240399999999999991e+01 2.971999999999999975e+00 2.879000000000000004e+00
6.806000000000000050e+00 6.894999999999999574e+00 5.540000000000000480e-01 -7.409999999999999920e-01
-7.149999999999999689e-01 -3.329000000000000181e+00 -4.581000000000000405e+00 -3.742999999999999883e+00
1.457999999999999963e+00 -3.505999999999999783e+00 -6.945000000000000284e+00 -3.696000000000000174e+00
5.863999999999999879e+00 3.719999999999999973e-01 -6.695000000000000284e+00 -1.465000000000000080e+00
1.029400000000000048e+01 -2.157000000000000028e+00 -6.357999999999999652e+00 2.069999999999999896e-01
2.342000000000000171e+01 -2.653999999999999915e+00 -1.150000000000000050e-01 4.299999999999999656e-02
4.609599999999999653e+01 1.202100000000000080e+01 1.811400000000000077e+01 -4.380000000000000004e-01
6.057099999999999795e+01 3.419800000000000040e+01 3.757999999999999829e+01 1.459999999999999909e-01
4.904899999999999949e+01 4.314099999999999824e+01 3.955199999999999960e+01 3.230000000000000093e-01
2.184600000000000009e+01 3.015800000000000125e+01 2.298600000000000065e+01 -1.245000000000000107e+00
1.060699999999999932e+01 4.147000000000000242e+00 4.434999999999999609e+00 -2.281000000000000139e+00
2.309499999999999886e+01 -1.996799999999999997e+01 -6.426999999999999602e+00 -1.059999999999999970e-01
2.878800000000000026e+01 -3.118900000000000006e+01 -1.310500000000000043e+01 3.892999999999999794e+00
9.773999999999999133e+00 -2.667000000000000171e+01 -1.672100000000000009e+01 6.163999999999999702e+00
-6.001999999999999780e+00 -1.206199999999999939e+01 -1.366799999999999926e+01 5.322000000000000064e+00
1.047600000000000087e+01 2.205000000000000071e+00 -6.775000000000000355e+00 2.456999999999999851e+00
4.565699999999999648e+01 9.000999999999999446e+00 -2.758000000000000007e+00 -7.059999999999999609e-01
6.913599999999999568e+01 1.076200000000000045e+01 -2.596999999999999975e+00 -2.301000000000000156e+00
7.428400000000000603e+01 1.463499999999999979e+01 -4.216000000000000192e+00 -1.383999999999999897e+00
7.708199999999999363e+01 2.182000000000000028e+01 -5.684999999999999609e+00 8.200000000000000344e-02
8.849800000000000466e+01 2.716400000000000148e+01 -2.451000000000000068e+00 -8.399999999999999689e-01
9.791899999999999693e+01 2.882100000000000151e+01 6.440000000000000391e+00 -3.355999999999999872e+00
8.621500000000000341e+01 2.898999999999999844e+01 1.165099999999999980e+01 -3.790999999999999925e+00
4.826500000000000057e+01 2.253200000000000003e+01 4.926999999999999602e+00 -1.433999999999999941e+00
-3.827999999999999847e+00 -9.500000000000000111e-02 -7.863000000000000433e+00 1.900000000000000022e-01
-5.114999999999999858e+01 -3.084400000000000119e+01 -1.433200000000000074e+01 -1.354999999999999982e+00
-7.825100000000000477e+01 -4.418900000000000006e+01 -9.566000000000000725e+00 -3.904999999999999805e+00
-8.064900000000000091e+01 -2.829400000000000048e+01 4.753000000000000114e+00 -4.320000000000000284e+00
-6.060699999999999932e+01 3.232000000000000206e+00 2.556899999999999906e+01 -2.850000000000000089e+00
-1.731899999999999906e+01 3.339399999999999835e+01 4.322800000000000153e+01 -1.183999999999999941e+00
4.154099999999999682e+01 5.582900000000000063e+01 4.210099999999999909e+01 6.109999999999999876e-01
8.240699999999999648e+01 6.721200000000000330e+01 2.079100000000000037e+01 2.499000000000000110e+00
6.958599999999999852e+01 6.118299999999999983e+01 1.693999999999999950e+00 3.460999999999999854e+00
1.036999999999999922e+01 3.478699999999999903e+01 3.379000000000000004e+00 3.758999999999999897e+00
-4.620900000000000318e+01 -1.046999999999999931e+00 1.372400000000000020e+01 4.732000000000000206e+00
-6.180400000000000205e+01 -2.556899999999999906e+01 9.320999999999999730e+00 6.049999999999999822e+00
-4.646399999999999864e+01 -2.982000000000000028e+01 -9.916999999999999815e+00 6.549999999999999822e+00
-3.551299999999999812e+01 -2.528300000000000125e+01 -2.563500000000000156e+01 7.203000000000000291e+00
-4.044299999999999784e+01 -2.389000000000000057e+01 -2.908399999999999963e+01 9.231999999999999318e+00
-4.225300000000000011e+01 -2.222299999999999898e+01 -2.580699999999999861e+01 1.008900000000000041e+01
-2.931200000000000117e+01 -1.423799999999999955e+01 -2.155399999999999849e+01 6.362000000000000099e+00
-1.778399999999999892e+01 -6.440000000000000391e+00 -1.728900000000000148e+01 4.749999999999999778e-01
-2.948699999999999832e+01 -1.008099999999999952e+01 -1.489300000000000068e+01 -8.499999999999999778e-01
-6.473799999999999955e+01 -2.629599999999999937e+01 -1.999399999999999977e+01 3.923000000000000043e+00
-1.006089999999999947e+02 -4.320400000000000063e+01 -3.349600000000000222e+01 7.738000000000000433e+00
-1.061730000000000018e+02 -4.124799999999999756e+01 -4.082099999999999795e+01 4.211000000000000298e+00
-6.286999999999999744e+01 -6.857999999999999652e+00 -2.198400000000000176e+01 -3.669999999999999929e+00
1.388100000000000023e+01 4.810699999999999932e+01 1.915700000000000003e+01 -8.195000000000000284e+00
7.759799999999999898e+01 8.930899999999999750e+01 4.863700000000000045e+01 -6.708999999999999631e+00
9.042199999999999704e+01 9.111599999999999966e+01 4.128300000000000125e+01 -4.136999999999999567e+00
5.217000000000000171e+01 5.586800000000000210e+01 1.547700000000000031e+01 -7.017000000000000348e+00
-9.066000000000000725e+00 5.780999999999999694e+00 8.503999999999999559e+00 -1.462400000000000055e+01
-5.496300000000000097e+01 -3.080000000000000071e+01 2.442500000000000071e+01 -1.829700000000000060e+01
-5.769500000000000028e+01 -3.636099999999999710e+01 3.179599999999999937e+01 -1.284699999999999953e+01
-2.487500000000000000e+01 -2.057900000000000063e+01 1.208699999999999974e+01 -4.633000000000000007e+00
8.696999999999999176e+00 -8.996999999999999886e+00 -1.705600000000000094e+01 -2.697000000000000064e+00
1.891199999999999903e+01 -1.356900000000000084e+01 -3.049699999999999989e+01 -5.633000000000000007e+00
6.649000000000000021e+00 -2.626699999999999946e+01 -2.339199999999999946e+01 -5.291000000000000369e+00
-1.381300000000000061e+01 -3.343200000000000216e+01 -6.389000000000000234e+00 -4.149999999999999800e-01
-2.316900000000000048e+01 -2.693700000000000117e+01 8.955999999999999517e+00 2.866999999999999993e+00
-1.054199999999999982e+01 -1.388400000000000034e+01 1.591499999999999915e+01 2.071000000000000174e+00
1.109500000000000064e+01 -1.346100000000000030e+01 1.340000000000000036e+01 1.098999999999999977e+00
1.880300000000000082e+01 -3.056899999999999906e+01 6.054000000000000270e+00 2.722999999999999865e+00
7.602999999999999758e+00 -4.662899999999999778e+01 2.025999999999999801e+00 5.115999999999999659e+00
-9.080999999999999517e+00 -4.569500000000000028e+01 5.583999999999999631e+00 6.017999999999999794e+00
-1.823900000000000077e+01 -3.009600000000000009e+01 1.053999999999999915e+01 5.684999999999999609e+00
-1.744999999999999929e+01 -9.865000000000000213e+00 7.780999999999999694e+00 5.187999999999999723e+00
-1.463599999999999923e+01 4.871000000000000441e+00 -2.080999999999999961e+00 4.652999999999999581e+00
-1.924899999999999878e+01 6.828000000000000291e+00 -1.307300000000000040e+01 3.871999999999999886e+00
-2.889300000000000068e+01 -1.449999999999999900e-01 -2.386599999999999966e+01 3.474000000000000199e+00
-3.104700000000000060e+01 -2.593999999999999861e+00 -3.304699999999999704e+01 4.839000000000000412e+00
-2.123900000000000077e+01 6.695000000000000284e+00 -3.483500000000000085e+01 7.985999999999999766e+00
-7.649000000000000021e+00 2.111700000000000088e+01 -2.724399999999999977e+01 9.785000000000000142e+00
6.591999999999999638e+00 3.107300000000000040e+01 -1.516699999999999982e+01 7.152999999999999581e+00
2.826500000000000057e+01 3.431900000000000261e+01 -2.876999999999999780e+00 1.931000000000000050e+00
5.334100000000000108e+01 3.195400000000000063e+01 8.598000000000000753e+00 -1.395999999999999908e+00
6.410500000000000398e+01 2.301899999999999835e+01 1.680600000000000094e+01 -2.230999999999999872e+00
5.795199999999999818e+01 8.371000000000000441e+00 1.805699999999999861e+01 -3.714999999999999858e+00
5.447299999999999898e+01 -5.993999999999999773e+00 1.284900000000000020e+01 -6.501000000000000334e+00
6.416100000000000136e+01 -1.305700000000000038e+01 5.299999999999999822e+00 -7.182999999999999829e+00
7.177100000000000080e+01 -1.254100000000000037e+01 -3.463999999999999968e+00 -4.126999999999999780e+00
5.692000000000000171e+01 -1.417399999999999949e+01 -1.670799999999999841e+01 -6.909999999999999476e-01
1.840299999999999869e+01 -2.672700000000000031e+01 -3.446500000000000341e+01 1.290000000000000036e-01
-2.278399999999999892e+01 -4.328900000000000148e+01 -4.735900000000000176e+01 4.630000000000000226e-01
-4.030899999999999750e+01 -4.777600000000000335e+01 -4.417499999999999716e+01 3.712000000000000188e+00
-2.578800000000000026e+01 -3.417799999999999727e+01 -2.520200000000000173e+01 8.836000000000000298e+00
4.836000000000000298e+00 -6.876999999999999780e+00 -7.389999999999999902e-01 1.131400000000000006e+01
3.188599999999999923e+01 2.976999999999999957e+01 2.184900000000000020e+01 8.922000000000000597e+00
5.176500000000000057e+01 6.495199999999999818e+01 4.010699999999999932e+01 4.613999999999999879e+00
6.550700000000000500e+01 7.689300000000000068e+01 4.780599999999999739e+01 2.544000000000000039e+00
5.784100000000000108e+01 5.525800000000000267e+01 3.750300000000000011e+01 2.210999999999999854e+00
1.119599999999999973e+01 1.783800000000000097e+01 1.545599999999999952e+01 -9.050000000000000266e-01
-5.863000000000000256e+01 -9.067999999999999616e+00 1.213999999999999968e+00 -8.301000000000000156e+00
-1.058499999999999943e+02 -1.652700000000000102e+01 4.751999999999999780e+00 -1.493399999999999928e+01
-1.055100000000000051e+02 -1.364199999999999946e+01 1.514000000000000057e+01 -1.493900000000000006e+01
-8.136199999999999477e+01 -1.389000000000000057e+01 1.774699999999999989e+01 -9.183999999999999275e+00
-6.862900000000000489e+01 -2.286700000000000088e+01 1.100399999999999956e+01 -4.378999999999999559e+00
-6.827200000000000557e+01 -3.368099999999999739e+01 2.039000000000000146e+00 -4.527000000000000135e+00
-5.739600000000000080e+01 -3.590100000000000335e+01 -3.569999999999999840e+00 -6.464999999999999858e+00
-3.068100000000000094e+01 -2.805000000000000071e+01 -3.935000000000000053e+00 -5.769000000000000128e+00
-8.587999999999999190e+00 -1.687999999999999901e+01 -9.099999999999999756e-02 -3.178999999999999826e+00
-6.746999999999999886e+00 -8.252000000000000668e+00 4.019000000000000128e+00 -1.985999999999999988e+00
-1.618599999999999994e+01 -3.879000000000000004e+00 4.551000000000000156e+00 -2.426000000000000156e+00
-1.829400000000000048e+01 -3.680000000000000160e+00 1.625000000000000000e+00 -1.973999999999999977e+00
-5.073000000000000398e+00 -6.174999999999999822e+00 -2.206999999999999851e+00 6.250000000000000000e-01
1.892099999999999937e+01 -7.581999999999999851e+00 -6.166999999999999815e+00 3.960999999999999854e+00
4.414900000000000091e+01 -3.323999999999999844e+00 -9.555999999999999162e+00 6.075999999999999623e+00
6.140200000000000102e+01 8.916999999999999815e+00 -7.799999999999999822e+00 6.381999999999999673e+00
6.167399999999999949e+01 2.591700000000000159e+01 1.096000000000000085e+00 5.229000000000000092e+00
4.126599999999999824e+01 3.900600000000000023e+01 7.687000000000000277e+00 3.273000000000000131e+00
1.496499999999999986e+01 3.957600000000000051e+01 1.919999999999999929e+00 1.743999999999999995e+00
6.815000000000000391e+00 2.480799999999999983e+01 -9.083000000000000185e+00 1.352000000000000091e+00
1.780399999999999849e+01 2.125999999999999890e+00 -1.008000000000000007e+01 9.070000000000000284e-01
2.320700000000000074e+01 -1.257099999999999973e+01 1.049999999999999961e-01 -6.959999999999999520e-01
8.204000000000000625e+00 -1.081400000000000006e+01 1.079400000000000048e+01 -1.818000000000000060e+00
-1.426900000000000013e+01 -3.193999999999999950e+00 1.423900000000000077e+01 -2.399999999999999911e-01
-2.763400000000000034e+01 -5.016000000000000014e+00 6.477999999999999758e+00 2.789000000000000146e+00
-3.454899999999999949e+01 -1.539799999999999969e+01 -1.220599999999999952e+01 3.894000000000000128e+00
-4.119899999999999807e+01 -2.050400000000000134e+01 -2.970100000000000051e+01 2.319999999999999840e+00
-3.344200000000000017e+01 -1.339499999999999957e+01 -3.022599999999999909e+01 4.460000000000000075e-01
5.315000000000000391e+00 -3.729999999999999982e-01 -1.476900000000000013e+01 6.760000000000000453e-01
5.658299999999999841e+01 1.208999999999999986e+01 -7.089999999999999636e-01 3.779999999999999805e+00
8.047899999999999920e+01 2.692500000000000071e+01 1.189000000000000057e+00 7.806000000000000050e+00
7.306900000000000261e+01 4.830599999999999739e+01 -1.227999999999999980e+00 8.335000000000000853e+00
7.249399999999999977e+01 6.962900000000000489e+01 4.980000000000000426e+00 3.636000000000000121e+00
9.589100000000000534e+01 7.693699999999999761e+01 2.127400000000000091e+01 -1.826999999999999957e+00
1.105180000000000007e+02 6.317699999999999960e+01 3.783800000000000097e+01 -3.225999999999999979e+00
8.453799999999999670e+01 3.432699999999999818e+01 4.411999999999999744e+01 -2.287999999999999812e+00
3.098999999999999844e+01 3.028999999999999915e+00 3.745300000000000296e+01 -3.825000000000000178e+00
-1.704400000000000048e+01 -2.091000000000000014e+01 2.510300000000000153e+01 -6.996999999999999886e+00
-4.764800000000000324e+01 -3.539699999999999847e+01 1.692899999999999849e+01 -6.139000000000000234e+00
-6.680299999999999727e+01 -4.424699999999999989e+01 1.330599999999999916e+01 -1.274000000000000021e+00
-7.482699999999999818e+01 -5.117699999999999960e+01 5.267000000000000348e+00 -1.600000000000000033e-02
-6.998099999999999454e+01 -5.410600000000000165e+01 -9.875000000000000000e+00 -5.378000000000000114e+00
-6.163799999999999812e+01 -4.652400000000000091e+01 -2.195899999999999963e+01 -1.004100000000000037e+01
-5.752600000000000335e+01 -2.782600000000000051e+01 -2.257700000000000173e+01 -7.865000000000000213e+00
-5.033800000000000097e+01 -7.871000000000000441e+00 -1.704599999999999937e+01 -2.919000000000000039e+00
-3.285699999999999932e+01 4.653999999999999915e+00 -1.480300000000000082e+01 -1.002000000000000002e+00
-1.000200000000000067e+01 1.166699999999999982e+01 -1.539600000000000080e+01 8.000000000000000167e-02
1.250600000000000023e+01 1.717000000000000171e+01 -1.245500000000000007e+01 5.176999999999999602e+00
3.155300000000000082e+01 1.917200000000000060e+01 -5.644000000000000128e+00 1.261299999999999955e+01
3.995000000000000284e+01 1.840599999999999881e+01 1.510999999999999899e+00 1.576900000000000013e+01
3.625000000000000000e+01 2.330199999999999960e+01 1.043999999999999950e+01 1.089100000000000001e+01
2.958800000000000097e+01 3.402000000000000313e+01 2.197500000000000142e+01 9.549999999999999600e-01
2.026699999999999946e+01 3.397699999999999676e+01 2.584799999999999898e+01 -7.357000000000000206e+00
2.280000000000000082e-01 1.358999999999999986e+01 1.120800000000000018e+01 -1.058600000000000030e+01
-1.876599999999999824e+01 -9.871999999999999886e+00 -1.254199999999999982e+01 -1.142300000000000004e+01
-1.458799999999999919e+01 -1.498199999999999932e+01 -2.309600000000000009e+01 -1.266099999999999959e+01
2.604000000000000092e+00 -4.830000000000000071e+00 -1.480000000000000071e+01 -1.122100000000000009e+01
-2.177999999999999936e+00 6.530999999999999694e+00 -3.017999999999999794e+00 -3.479999999999999982e+00
-3.507800000000000296e+01 1.624099999999999966e+01 3.799999999999999906e-02 6.559999999999999609e+00
-6.406399999999999295e+01 2.133599999999999852e+01 -1.316999999999999948e+00 1.135399999999999920e+01
-6.707500000000000284e+01 1.175399999999999956e+01 3.670999999999999819e+00 9.749000000000000554e+00
-5.452199999999999847e+01 -8.025000000000000355e+00 1.600600000000000023e+01 6.828000000000000291e+00
-3.857399999999999807e+01 -1.835300000000000153e+01 2.417500000000000071e+01 5.842999999999999972e+00
-1.616900000000000048e+01 -1.539199999999999946e+01 1.948100000000000165e+01 5.264000000000000234e+00
1.068800000000000061e+01 -1.605900000000000105e+01 7.094000000000000306e+00 2.807999999999999829e+00
2.899500000000000099e+01 -2.914900000000000091e+01 -4.352999999999999758e+00 -9.429999999999999494e-01
3.589000000000000057e+01 -4.416799999999999926e+01 -1.495400000000000063e+01 -2.758999999999999897e+00
4.401500000000000057e+01 -4.851599999999999824e+01 -2.844200000000000017e+01 -3.260000000000000120e-01
5.818599999999999994e+01 -4.074399999999999977e+01 -4.196200000000000330e+01 3.697000000000000064e+00
6.397399999999999665e+01 -2.810800000000000054e+01 -4.585099999999999909e+01 3.895000000000000018e+00
5.086899999999999977e+01 -1.830300000000000082e+01 -3.325500000000000256e+01 -1.150000000000000050e-01
2.780600000000000094e+01 -1.347400000000000020e+01 -1.048099999999999987e+01 -2.895999999999999908e+00
3.317000000000000171e+00 -8.898999999999999133e+00 7.262999999999999901e+00 -1.822000000000000064e+00
-2.403399999999999892e+01 3.807999999999999829e+00 1.382300000000000040e+01 -8.259999999999999565e-01
-4.380199999999999960e+01 2.522700000000000031e+01 1.633899999999999864e+01 -3.701999999999999957e+00
-3.679099999999999682e+01 3.893099999999999739e+01 1.809900000000000020e+01 -8.243000000000000327e+00
-1.380000000000000071e+01 2.909100000000000108e+01 1.156799999999999962e+01 -9.023999999999999133e+00
-1.169899999999999984e+01 5.424999999999999822e+00 -6.060999999999999943e+00 -4.424999999999999822e+00
-3.703000000000000114e+01 -9.432999999999999829e+00 -2.448799999999999955e+01 9.170000000000000373e-01
-5.424799999999999756e+01 -9.365000000000000213e+00 -3.175000000000000000e+01 2.016000000000000014e+00
-4.007200000000000273e+01 -2.205999999999999961e+00 -2.425100000000000122e+01 -7.000000000000000666e-02
-1.254299999999999926e+01 8.739000000000000767e+00 -6.719000000000000306e+00 -9.250000000000000444e-01
1.502999999999999892e+00 2.346300000000000097e+01 1.062100000000000044e+01 4.510000000000000120e-01
-4.949999999999999956e-01 3.636699999999999733e+01 1.775499999999999901e+01 1.485999999999999988e+00
-6.266000000000000014e+00 3.883200000000000074e+01 1.242200000000000060e+01 9.350000000000000533e-01
-1.216699999999999982e+01 2.655799999999999983e+01 1.302999999999999936e+00 2.720000000000000195e-01
-2.114999999999999858e+01 5.107999999999999652e+00 -7.174000000000000377e+00 6.400000000000000133e-01
-2.811799999999999855e+01 -1.144500000000000028e+01 -9.644000000000000128e+00 1.036999999999999922e+00
-2.508899999999999864e+01 -1.501800000000000068e+01 -7.041000000000000369e+00 2.600000000000000089e-01
-1.403899999999999970e+01 -1.327999999999999936e+01 -1.973999999999999977e+00 -9.180000000000000382e-01
-1.556000000000000050e+00 -1.514000000000000057e+01 7.880000000000000338e-01 -6.879999999999999449e-01
1.092999999999999972e+01 -1.559800000000000075e+01 -2.326999999999999957e+00 1.322999999999999954e+00
2.373999999999999844e+01 -7.804000000000000270e+00 -8.089000000000000412e+00 3.604000000000000092e+00
3.305599999999999739e+01 1.197999999999999954e+00 -1.022000000000000064e+01 4.589999999999999858e+00
3.288300000000000267e+01 6.670000000000000373e-01 -7.451999999999999957e+00 4.217999999999999972e+00
2.211799999999999855e+01 -8.227000000000000313e+00 -3.601999999999999869e+00 3.733000000000000096e+00
8.109999999999999432e+00 -1.830000000000000071e+01 -2.754000000000000004e+00 4.554000000000000270e+00
2.030000000000000138e-01 -2.715800000000000125e+01 -6.336999999999999744e+00 6.809999999999999609e+00
2.179999999999999993e-01 -3.359300000000000352e+01 -1.257300000000000040e+01 8.256000000000000227e+00
9.700000000000000289e-02 -3.466499999999999915e+01 -1.729799999999999827e+01 6.107000000000000206e+00
-1.010500000000000043e+01 -3.105600000000000094e+01 -1.505799999999999983e+01 1.026000000000000023e+00
-2.851399999999999935e+01 -2.496799999999999997e+01 -2.689000000000000057e+00 -2.959999999999999964e+00
-4.127900000000000347e+01 -1.543500000000000050e+01 1.451999999999999957e+01 -3.947000000000000064e+00
-4.133599999999999852e+01 -4.487000000000000099e+00 2.501200000000000045e+01 -4.889999999999999680e+00
-3.372500000000000142e+01 2.209999999999999964e+00 2.453600000000000136e+01 -8.288000000000000256e+00
-1.825700000000000145e+01 7.009999999999999787e+00 2.073199999999999932e+01 -1.085200000000000031e+01
1.052200000000000024e+01 1.722899999999999920e+01 1.994500000000000028e+01 -8.051000000000000156e+00
4.132500000000000284e+01 2.870100000000000051e+01 1.949800000000000111e+01 -1.786999999999999922e+00
4.904999999999999716e+01 3.070100000000000051e+01 1.645400000000000063e+01 2.020999999999999908e+00
2.794800000000000040e+01 2.440599999999999881e+01 1.366699999999999982e+01 1.699000000000000066e+00
4.504999999999999893e+00 1.933999999999999986e+01 1.419800000000000040e+01 4.259999999999999898e-01
9.263999999999999346e+00 1.856599999999999895e+01 1.630099999999999838e+01 2.650000000000000133e-01
4.486999999999999744e+01 2.021300000000000097e+01 1.548499999999999943e+01 2.260000000000000064e-01
8.994799999999999329e+01 2.525799999999999912e+01 9.487000000000000099e+00 -4.550000000000000155e-01
1.282100000000000080e+02 3.523700000000000188e+01 1.564000000000000057e+00 -7.880000000000000338e-01
1.546109999999999900e+02 4.588000000000000256e+01 -1.719999999999999973e+00 -1.429999999999999882e-01
1.549139999999999873e+02 4.795900000000000318e+01 2.246999999999999886e+00 5.659999999999999476e-01
1.128900000000000006e+02 3.710300000000000153e+01 8.294000000000000483e+00 5.100000000000000089e-01
4.339399999999999835e+01 1.926300000000000168e+01 9.455999999999999517e+00 1.519999999999999962e-01
-1.509299999999999997e+01 1.919999999999999929e+00 5.567999999999999616e+00 9.800000000000000377e-02
-4.496300000000000097e+01 -1.425600000000000023e+01 2.161999999999999922e+00 7.599999999999999811e-02
-6.129500000000000171e+01 -3.036599999999999966e+01 1.306000000000000050e+00 1.170000000000000068e-01
-8.024099999999999966e+01 -4.245100000000000051e+01 -1.772000000000000020e+00 1.610000000000000098e+00
-9.567300000000000182e+01 -4.453900000000000148e+01 -1.094200000000000017e+01 4.873000000000000220e+00
-9.124699999999999989e+01 -3.603900000000000148e+01 -2.039600000000000080e+01 6.384000000000000341e+00
-6.369200000000000017e+01 -2.282700000000000173e+01 -1.771900000000000119e+01 2.587000000000000188e+00
-2.768900000000000006e+01 -1.084600000000000009e+01 1.739999999999999880e-01 -3.544999999999999929e+00
-2.935999999999999943e+00 -1.040000000000000036e+00 1.732999999999999829e+01 -5.052999999999999936e+00
3.017999999999999794e+00 9.032000000000000028e+00 1.686299999999999955e+01 -1.177999999999999936e+00
-2.699999999999999969e-02 1.956400000000000006e+01 6.570000000000000284e+00 1.016000000000000014e+00
-1.004999999999999893e+00 2.427100000000000080e+01 6.974999999999999645e+00 -2.092999999999999972e+00
-3.178999999999999826e+00 1.460299999999999976e+01 1.706700000000000017e+01 -4.897999999999999687e+00
-1.602700000000000102e+01 -7.900999999999999801e+00 1.750199999999999889e+01 -2.725000000000000089e+00
-3.708599999999999852e+01 -2.722800000000000153e+01 5.017000000000000348e+00 4.079999999999999738e-01
-5.143500000000000227e+01 -2.864999999999999858e+01 -3.326999999999999957e+00 -4.670000000000000262e-01
-5.040999999999999659e+01 -1.589899999999999913e+01 5.689999999999999503e-01 -3.595000000000000195e+00
-3.980400000000000205e+01 -3.482000000000000206e+00 6.814000000000000057e+00 -4.706999999999999851e+00
-2.440399999999999991e+01 3.168000000000000149e+00 8.031000000000000583e+00 -3.088000000000000078e+00
-1.358999999999999986e+00 8.765000000000000568e+00 7.307999999999999829e+00 -7.810000000000000275e-01
2.211599999999999966e+01 1.416600000000000037e+01 5.171999999999999709e+00 8.659999999999999920e-01
2.678000000000000114e+01 1.362400000000000055e+01 -3.016999999999999904e+00 1.868000000000000105e+00
8.993000000000000327e+00 5.806000000000000050e+00 -1.536800000000000033e+01 2.420999999999999819e+00
-1.163100000000000023e+01 -2.862000000000000099e+00 -2.313700000000000045e+01 2.637999999999999901e+00
-2.045200000000000173e+01 -8.256999999999999673e+00 -2.269000000000000128e+01 2.737999999999999989e+00
-2.260699999999999932e+01 -1.297600000000000087e+01 -1.753000000000000114e+01 2.576000000000000068e+00
-2.447800000000000153e+01 -1.780799999999999983e+01 -1.125900000000000034e+01 1.610000000000000098e+00
-2.065299999999999869e+01 -1.735399999999999920e+01 -6.274000000000000021e+00 -2.740000000000000213e-01
-7.116999999999999993e+00 -8.481999999999999318e+00 -3.557999999999999829e+00 -2.277000000000000135e+00
8.617000000000000881e+00 3.383000000000000007e+00 -7.880000000000000338e-01 -2.811999999999999833e+00
1.758800000000000097e+01 1.036200000000000010e+01 1.816000000000000059e+00 -3.130000000000000004e-01
1.709400000000000119e+01 9.775000000000000355e+00 -2.120000000000000107e+00 4.342999999999999972e+00
8.653999999999999915e+00 4.594000000000000306e+00 -1.375799999999999912e+01 7.035000000000000142e+00
-1.768000000000000016e+00 -2.079999999999999905e-01 -2.251999999999999957e+01 5.815999999999999837e+00
-8.458999999999999631e+00 -3.379999999999999893e+00 -2.053300000000000125e+01 4.937000000000000277e+00
-1.405499999999999972e+01 -8.997999999999999332e+00 -1.459399999999999942e+01 7.538999999999999702e+00
-2.205699999999999861e+01 -1.787000000000000099e+01 -1.468500000000000050e+01 8.451999999999999957e+00
-2.410399999999999920e+01 -2.121099999999999852e+01 -1.725400000000000134e+01 1.820000000000000062e+00
-6.503000000000000114e+00 -9.680999999999999162e+00 -8.875000000000000000e+00 -8.647999999999999687e+00
2.718799999999999883e+01 1.145800000000000018e+01 1.313899999999999935e+01 -1.422400000000000020e+01
4.662400000000000233e+01 2.232900000000000063e+01 3.016000000000000014e+01 -1.250600000000000023e+01
2.914199999999999946e+01 1.268999999999999950e+01 2.229700000000000060e+01 -8.721000000000000085e+00
2.460999999999999854e+00 2.999999999999999889e-02 -2.431999999999999940e+00 -7.261999999999999567e+00
1.085800000000000054e+01 4.900999999999999801e+00 -1.556300000000000061e+01 -6.543999999999999595e+00
4.332399999999999807e+01 1.906099999999999994e+01 -5.887999999999999901e+00 -3.427999999999999936e+00
5.258599999999999852e+01 2.375700000000000145e+01 9.012000000000000455e+00 1.042999999999999927e+00
3.451500000000000057e+01 2.411899999999999977e+01 1.248300000000000054e+01 3.350999999999999979e+00
2.627599999999999980e+01 3.437100000000000222e+01 1.229299999999999926e+01 2.636000000000000121e+00
3.518299999999999983e+01 4.199799999999999756e+01 2.259199999999999875e+01 1.536000000000000032e+00
2.830799999999999983e+01 2.147299999999999898e+01 3.496200000000000330e+01 2.576000000000000068e+00
-5.785999999999999588e+00 -2.065800000000000125e+01 2.874599999999999866e+01 4.671000000000000263e+00
-3.524600000000000222e+01 -4.794100000000000250e+01 4.772999999999999687e+00 4.435999999999999943e+00
-3.691700000000000159e+01 -4.297299999999999898e+01 -1.494200000000000017e+01 1.534999999999999920e+00
-2.903600000000000136e+01 -2.512199999999999989e+01 -1.933399999999999963e+01 -4.129999999999999782e-01
-3.378499999999999659e+01 -1.609600000000000009e+01 -1.831800000000000139e+01 4.620000000000000218e-01
-4.067799999999999727e+01 -1.415600000000000058e+01 -2.080199999999999960e+01 1.983999999999999986e+00
-2.962000000000000099e+01 -1.027699999999999925e+01 -2.177199999999999847e+01 2.399999999999999911e+00
-6.131000000000000227e+00 -7.807999999999999829e+00 -1.498399999999999999e+01 2.696000000000000174e+00
9.023999999999999133e+00 -1.193399999999999928e+01 -5.782000000000000028e+00 3.911000000000000032e+00
1.123499999999999943e+01 -1.406499999999999950e+01 -4.714000000000000412e+00 5.998999999999999666e+00
1.497199999999999953e+01 -2.999000000000000110e+00 -1.216099999999999959e+01 8.679000000000000270e+00
2.936299999999999955e+01 1.581000000000000050e+01 -1.556600000000000072e+01 1.009299999999999997e+01
4.175999999999999801e+01 2.579700000000000060e+01 -4.719000000000000306e+00 7.025999999999999801e+00
3.150100000000000122e+01 2.038200000000000145e+01 1.452999999999999936e+01 -2.429999999999999938e-01
-1.760000000000000009e+00 8.349999999999999645e+00 2.630499999999999972e+01 -6.423000000000000043e+00
-3.407800000000000296e+01 6.700000000000000400e-02 2.268799999999999883e+01 -7.400999999999999801e+00
-4.498299999999999699e+01 -3.209000000000000075e+00 1.157499999999999929e+01 -5.596000000000000085e+00
-3.743999999999999773e+01 -5.437000000000000277e+00 4.722000000000000419e+00 -6.246000000000000441e+00
-2.587600000000000122e+01 -8.358999999999999986e+00 3.766999999999999904e+00 -9.305999999999999162e+00
-1.806400000000000006e+01 -1.129800000000000004e+01 3.751999999999999780e+00 -9.289999999999999147e+00
-1.411700000000000088e+01 -1.272199999999999953e+01 1.838000000000000078e+00 -4.017000000000000348e+00
-1.170100000000000051e+01 -9.506999999999999673e+00 -3.496999999999999886e+00 1.794000000000000039e+00
-1.039700000000000024e+01 -1.747000000000000108e+00 -1.274799999999999933e+01 3.645000000000000018e+00
-1.511400000000000077e+01 2.267999999999999794e+00 -2.213299999999999912e+01 3.032000000000000028e+00
-2.737399999999999878e+01 -3.709999999999999964e+00 -2.701399999999999935e+01 3.899999999999999911e+00
-3.507200000000000273e+01 -1.132199999999999918e+01 -2.749899999999999878e+01 6.448000000000000398e+00
-2.482999999999999829e+01 -6.381999999999999673e+00 -2.615800000000000125e+01 7.084999999999999964e+00
-4.179999999999999827e-01 1.266300000000000026e+01 -2.321000000000000085e+01 4.493000000000000327e+00
2.258899999999999864e+01 3.243500000000000227e+01 -1.810099999999999909e+01 2.216000000000000192e+00
3.407000000000000028e+01 3.870499999999999829e+01 -1.316799999999999926e+01 2.420999999999999819e+00
3.472899999999999920e+01 3.096999999999999886e+01 -9.143000000000000682e+00 1.288000000000000034e+00
3.219500000000000028e+01 2.415899999999999892e+01 9.879999999999999893e-01 -4.748999999999999666e+00
3.388199999999999790e+01 3.166900000000000048e+01 2.247700000000000031e+01 -1.186400000000000077e+01
3.799300000000000210e+01 4.524099999999999966e+01 4.427499999999999858e+01 -1.309500000000000064e+01
3.643599999999999994e+01 4.253399999999999892e+01 4.747699999999999676e+01 -7.402000000000000135e+00
3.178000000000000114e+01 1.995299999999999940e+01 3.008699999999999974e+01 -4.169999999999999818e-01
3.683299999999999841e+01 1.201999999999999957e+00 1.207900000000000063e+01 2.286000000000000032e+00
4.701100000000000279e+01 1.709999999999999964e+00 9.763999999999999346e+00 2.620000000000000107e-01
3.667099999999999937e+01 4.637999999999999901e+00 1.540499999999999936e+01 -2.303999999999999826e+00
2.560000000000000053e-01 -1.004599999999999937e+01 1.291399999999999970e+01 -1.405999999999999917e+00
-3.080199999999999960e+01 -3.180000000000000071e+01 2.408999999999999808e+00 1.877000000000000002e+00
-3.147200000000000131e+01 -3.629500000000000171e+01 -4.948999999999999844e+00 2.411000000000000032e+00
-1.572000000000000064e+01 -2.170799999999999841e+01 -6.764999999999999680e+00 -1.366999999999999993e+00
-8.922000000000000597e+00 -7.099999999999999645e+00 -8.800000000000000711e+00 -3.420999999999999819e+00
-1.225000000000000000e+01 -3.161999999999999922e+00 -1.003599999999999959e+01 1.296999999999999931e+00
-1.026900000000000013e+01 -3.047000000000000153e+00 -3.181000000000000050e+00 7.301000000000000156e+00
1.481999999999999984e+00 3.059999999999999942e-01 1.145800000000000018e+01 5.905999999999999694e+00
1.318599999999999994e+01 3.379000000000000004e+00 2.541799999999999926e+01 -8.910000000000000142e-01
2.155900000000000105e+01 1.580000000000000071e+00 3.325699999999999790e+01 -3.748000000000000220e+00
3.419100000000000250e+01 -3.666999999999999815e+00 3.265899999999999892e+01 -5.010000000000000009e-01
4.725900000000000034e+01 -1.303100000000000058e+01 1.952899999999999991e+01 2.185999999999999943e+00
4.246500000000000341e+01 -3.119600000000000151e+01 -3.140000000000000124e+00 -1.099999999999999936e-02
1.731700000000000017e+01 -5.339600000000000080e+01 -1.951699999999999946e+01 -3.732000000000000206e+00
-2.763999999999999790e+00 -6.394899999999999807e+01 -1.899099999999999966e+01 -3.833000000000000185e+00
5.817000000000000171e+00 -5.569700000000000273e+01 -1.084699999999999953e+01 -4.010000000000000231e-01
3.388100000000000023e+01 -3.844100000000000250e+01 -8.535999999999999588e+00 1.997000000000000108e+00
4.743800000000000239e+01 -2.420700000000000074e+01 -1.179299999999999926e+01 1.108999999999999986e+00
2.649500000000000099e+01 -1.547899999999999920e+01 -1.405300000000000082e+01 -1.400000000000000029e-02
-1.576299999999999990e+01 -9.416000000000000369e+00 -1.390199999999999925e+01 1.858000000000000096e+00
-5.743099999999999739e+01 -4.025000000000000355e+00 -1.184299999999999997e+01 5.386999999999999567e+00
-8.970900000000000318e+01 2.907000000000000028e+00 -6.857999999999999652e+00 7.403999999999999915e+00
-1.071680000000000064e+02 1.371599999999999930e+01 -1.040999999999999925e+00 7.416999999999999815e+00
-1.016719999999999970e+02 2.537999999999999901e+01 1.690000000000000113e-01 6.871000000000000441e+00
-7.410500000000000398e+01 3.158099999999999952e+01 -3.608999999999999986e+00 6.057999999999999829e+00
-3.847599999999999909e+01 3.288400000000000034e+01 -5.035999999999999588e+00 4.067000000000000171e+00
-1.130899999999999928e+01 3.599699999999999989e+01 4.440000000000000058e-01 9.609999999999999654e-01
1.350000000000000089e-01 4.269700000000000273e+01 7.480000000000000426e+00 -2.141000000000000014e+00
3.196000000000000174e+00 4.742799999999999727e+01 1.017600000000000016e+01 -5.323000000000000398e+00
1.532000000000000028e+01 4.553399999999999892e+01 1.101200000000000045e+01 -9.423000000000000043e+00
4.381499999999999773e+01 4.030799999999999983e+01 1.332199999999999918e+01 -1.228599999999999959e+01
6.766400000000000148e+01 3.955100000000000193e+01 1.407399999999999984e+01 -9.644999999999999574e+00
5.696099999999999852e+01 4.137299999999999756e+01 1.154400000000000048e+01 -2.088999999999999968e+00
1.493800000000000061e+01 3.140399999999999991e+01 1.022700000000000031e+01 3.773000000000000131e+00
-1.906500000000000128e+01 5.392000000000000348e+00 1.118800000000000061e+01 3.918000000000000149e+00
-1.948999999999999844e+01 -1.943700000000000117e+01 7.051000000000000156e+00 1.461999999999999966e+00
-8.842999999999999972e+00 -2.876999999999999957e+01 -6.107999999999999652e+00 5.829999999999999627e-01
-2.032499999999999929e+01 -2.909100000000000108e+01 -2.001399999999999935e+01 1.272999999999999909e+00
-4.491100000000000136e+01 -3.124899999999999878e+01 -2.534799999999999898e+01 1.768000000000000016e+00
-4.753000000000000114e+01 -3.449699999999999989e+01 -2.425900000000000034e+01 1.713000000000000078e+00
-2.112900000000000134e+01 -3.457099999999999795e+01 -2.398199999999999932e+01 1.463999999999999968e+00
6.233999999999999986e+00 -3.292499999999999716e+01 -2.526800000000000068e+01 9.090000000000000302e-01
1.169100000000000072e+01 -3.103800000000000026e+01 -2.415700000000000003e+01 7.599999999999999811e-02
2.482000000000000206e+00 -2.646900000000000119e+01 -1.998600000000000065e+01 -4.450000000000000067e-01
-2.391000000000000014e+00 -2.049699999999999989e+01 -1.660800000000000054e+01 -4.179999999999999827e-01
9.389999999999999458e-01 -1.951200000000000045e+01 -1.773600000000000065e+01 -3.619999999999999885e-01
4.272999999999999687e+00 -2.383200000000000074e+01 -2.287000000000000099e+01 -5.610000000000000542e-01
5.490999999999999659e+00 -2.596799999999999997e+01 -2.651899999999999835e+01 -7.269999999999999796e-01
9.964000000000000412e+00 -2.226000000000000156e+01 -2.166100000000000136e+01 -7.419999999999999929e-01
1.981800000000000139e+01 -1.446100000000000030e+01 -7.089999999999999858e+00 -7.790000000000000258e-01
2.953399999999999892e+01 -1.108999999999999986e+00 1.058399999999999963e+01 -1.225999999999999979e+00
3.199099999999999966e+01 1.990800000000000125e+01 2.724200000000000088e+01 -2.298000000000000043e+00
2.672299999999999898e+01 4.150099999999999767e+01 4.427499999999999858e+01 -2.588000000000000078e+00
1.771999999999999886e+01 5.121600000000000108e+01 5.394400000000000261e+01 -2.100000000000000130e-02
6.344999999999999751e+00 4.546200000000000330e+01 4.246399999999999864e+01 3.938000000000000167e+00
-6.636999999999999567e+00 3.154299999999999926e+01 1.654400000000000048e+01 4.823999999999999844e+00
-1.880000000000000071e+01 1.623400000000000176e+01 -4.159999999999999809e-01 2.398000000000000131e+00
-2.913200000000000145e+01 1.078000000000000069e+00 -1.667000000000000037e+00 1.693999999999999950e+00
-3.513900000000000290e+01 -1.257600000000000051e+01 2.740000000000000213e-01 4.174000000000000377e+00
-3.099699999999999989e+01 -2.168199999999999861e+01 -1.213000000000000078e+00 5.094000000000000306e+00
-1.614900000000000091e+01 -2.425000000000000000e+01 -1.429999999999999938e+00 1.774000000000000021e+00
1.641000000000000014e+00 -2.075499999999999901e+01 2.334999999999999964e+00 -2.733000000000000096e+00
1.636599999999999966e+01 -1.269400000000000084e+01 5.514000000000000234e+00 -4.838000000000000078e+00
2.844800000000000040e+01 -2.654999999999999805e+00 3.946000000000000174e+00 -4.445999999999999730e+00
3.565400000000000347e+01 2.814999999999999947e+00 2.451999999999999957e+00 -4.097999999999999865e+00
3.041900000000000048e+01 -1.715000000000000080e+00 9.195999999999999730e+00 -5.546999999999999709e+00
1.343299999999999983e+01 -1.027699999999999925e+01 1.990399999999999991e+01 -6.889999999999999680e+00
-3.596000000000000085e+00 -1.308200000000000074e+01 1.876599999999999824e+01 -4.820999999999999730e+00
-1.918199999999999861e+01 -1.435800000000000054e+01 6.280000000000000027e-01 3.250000000000000111e-01
-4.703600000000000136e+01 -2.586599999999999966e+01 -1.987900000000000134e+01 5.142000000000000348e+00
-8.088400000000000034e+01 -4.229200000000000159e+01 -2.671399999999999864e+01 7.501999999999999780e+00
-7.994299999999999784e+01 -4.027100000000000080e+01 -1.779100000000000037e+01 6.967999999999999972e+00
-2.361100000000000065e+01 -8.625000000000000000e+00 -5.010000000000000009e-01 3.597999999999999865e+00
4.494700000000000273e+01 3.276100000000000279e+01 1.528899999999999970e+01 -1.161999999999999922e+00
7.038500000000000512e+01 5.499000000000000199e+01 2.014399999999999835e+01 -4.910000000000000142e+00
5.552900000000000347e+01 5.069500000000000028e+01 1.249200000000000088e+01 -6.940999999999999837e+00
4.194800000000000040e+01 3.316899999999999693e+01 3.508999999999999897e+00 -8.912000000000000810e+00
4.455899999999999750e+01 1.860099999999999909e+01 5.738999999999999879e+00 -1.119999999999999929e+01
4.257200000000000273e+01 1.634799999999999898e+01 1.585999999999999943e+01 -1.022300000000000075e+01
2.071900000000000119e+01 2.396699999999999875e+01 1.717200000000000060e+01 -3.327999999999999847e+00
-1.137500000000000000e+01 2.881500000000000128e+01 2.190999999999999837e+00 5.647000000000000242e+00
-3.646399999999999864e+01 2.222800000000000153e+01 -1.632700000000000173e+01 1.059800000000000075e+01
-4.464200000000000301e+01 9.455000000000000071e+00 -2.282600000000000051e+01 1.006000000000000050e+01
-3.371699999999999875e+01 3.059999999999999942e-01 -1.776300000000000168e+01 6.541000000000000369e+00
-1.326600000000000001e+01 -4.674000000000000377e+00 -1.164600000000000080e+01 2.903000000000000025e+00
-3.329000000000000181e+00 -1.133300000000000018e+01 -1.053899999999999970e+01 1.002000000000000002e+00
-1.033900000000000041e+01 -1.806500000000000128e+01 -1.378500000000000014e+01 7.199999999999999456e-02
-1.300799999999999912e+01 -1.396700000000000053e+01 -1.623900000000000077e+01 -3.246999999999999886e+00
9.545999999999999375e+00 6.134999999999999787e+00 -1.000500000000000078e+01 -9.454000000000000625e+00
4.487899999999999778e+01 2.853200000000000003e+01 6.399000000000000021e+00 -1.246700000000000053e+01
5.993299999999999983e+01 3.010300000000000153e+01 2.100300000000000011e+01 -6.474999999999999645e+00
4.524199999999999733e+01 8.448999999999999844e+00 2.140899999999999892e+01 5.009999999999999787e+00
2.998300000000000054e+01 -8.493999999999999773e+00 1.293200000000000038e+01 1.263499999999999979e+01
4.099199999999999733e+01 5.879999999999999671e-01 1.096299999999999919e+01 1.208500000000000085e+01
6.042799999999999727e+01 1.902799999999999869e+01 1.772100000000000009e+01 6.679999999999999716e+00
4.786299999999999955e+01 1.733500000000000085e+01 2.007600000000000051e+01 1.471999999999999975e+00
-9.290000000000000480e-01 -5.621999999999999886e+00 9.541000000000000369e+00 -1.993999999999999995e+00
-4.456700000000000017e+01 -2.395499999999999829e+01 -5.692000000000000171e+00 -5.578000000000000291e+00
-4.915699999999999648e+01 -1.873799999999999955e+01 -1.061400000000000077e+01 -9.364000000000000767e+00
-2.672700000000000031e+01 2.028999999999999915e+00 -2.516999999999999904e+00 -9.464999999999999858e+00
-1.271199999999999974e+01 1.757199999999999918e+01 4.733999999999999986e+00 -4.485999999999999766e+00
-2.210399999999999920e+01 1.917200000000000060e+01 -3.109999999999999987e-01 2.419999999999999929e-01
-3.694100000000000250e+01 1.441300000000000026e+01 -1.115499999999999936e+01 -2.800000000000000266e-01
-3.096799999999999997e+01 1.303200000000000003e+01 -1.405300000000000082e+01 -3.601999999999999869e+00
5.320000000000000284e-01 1.606599999999999895e+01 -6.455000000000000071e+00 -3.858999999999999986e+00
3.558599999999999852e+01 1.580700000000000038e+01 1.459000000000000075e+00 2.159999999999999976e-01
4.464800000000000324e+01 3.783999999999999808e+00 -1.362000000000000099e+00 4.735000000000000320e+00
1.698900000000000077e+01 -1.817999999999999972e+01 -1.609900000000000020e+01 6.429999999999999716e+00
-2.612699999999999889e+01 -3.598899999999999721e+01 -3.195899999999999963e+01 5.754999999999999893e+00
-5.175399999999999778e+01 -3.645600000000000307e+01 -3.575300000000000011e+01 4.581999999999999851e+00
-5.151500000000000057e+01 -2.188599999999999923e+01 -2.633800000000000097e+01 3.762999999999999901e+00
-4.423100000000000165e+01 -7.506999999999999673e+00 -1.467399999999999949e+01 3.476999999999999869e+00
-4.411800000000000210e+01 -3.762999999999999901e+00 -7.693999999999999950e+00 3.734999999999999876e+00
-4.589600000000000080e+01 -6.644000000000000128e+00 -1.808999999999999941e+00 3.951999999999999957e+00
-4.082099999999999795e+01 -8.634000000000000341e+00 5.474999999999999645e+00 3.410000000000000142e+00
-2.926399999999999935e+01 -1.065900000000000070e+01 8.923000000000000043e+00 2.383000000000000007e+00
-1.760699999999999932e+01 -1.596700000000000053e+01 3.958000000000000185e+00 1.981000000000000094e+00
-1.527599999999999980e+01 -2.181299999999999883e+01 -5.666000000000000369e+00 2.665999999999999925e+00
-2.952700000000000102e+01 -2.545200000000000173e+01 -1.181499999999999950e+01 3.357000000000000206e+00
-5.285399999999999920e+01 -2.892800000000000082e+01 -1.115099999999999980e+01 2.710999999999999854e+00
-6.332300000000000040e+01 -3.340200000000000102e+01 -7.873999999999999666e+00 1.066999999999999948e+00
-4.682800000000000296e+01 -3.784300000000000352e+01 -7.826999999999999957e+00 -2.419999999999999929e-01
-1.524200000000000088e+01 -4.366100000000000136e+01 -1.327999999999999936e+01 -1.064999999999999947e+00
7.429999999999999716e+00 -5.107600000000000051e+01 -2.355699999999999861e+01 -2.068000000000000060e+00
1.787699999999999889e+01 -5.193099999999999739e+01 -3.475999999999999801e+01 -2.720000000000000195e+00
3.631900000000000261e+01 -3.651899999999999835e+01 -3.728600000000000136e+01 -1.550000000000000044e+00
7.493500000000000227e+01 -6.386000000000000121e+00 -2.059700000000000131e+01 1.713999999999999968e+00
1.235439999999999969e+02 2.771900000000000119e+01 1.534900000000000020e+01 5.533000000000000362e+00
1.599089999999999918e+02 5.418200000000000216e+01 5.412800000000000011e+01 7.884000000000000341e+00
1.619759999999999991e+02 6.306600000000000250e+01 7.239000000000000057e+01 7.358999999999999986e+00
1.330080000000000098e+02 5.401200000000000045e+01 6.275000000000000000e+01 3.751999999999999780e+00
1.104779999999999944e+02 4.132300000000000040e+01 4.312800000000000011e+01 -1.163999999999999924e+00
1.142109999999999985e+02 3.732099999999999795e+01 3.451599999999999824e+01 -4.330000000000000071e+00
1.084489999999999981e+02 3.724900000000000233e+01 3.691599999999999682e+01 -4.500000000000000000e+00
5.397500000000000142e+01 3.062699999999999889e+01 3.469400000000000261e+01 -4.008000000000000007e+00
-3.390100000000000335e+01 1.676099999999999923e+01 1.900400000000000134e+01 -5.506000000000000227e+00
-1.061419999999999959e+02 2.966000000000000192e+00 -1.143999999999999906e+00 -7.554000000000000270e+00
-1.278509999999999991e+02 -3.246999999999999886e+00 -1.058200000000000074e+01 -6.089999999999999858e+00
-9.829900000000000659e+01 2.085999999999999854e+00 -7.142999999999999794e+00 -3.430000000000000271e-01
-5.027300000000000324e+01 1.606400000000000006e+01 -2.366000000000000103e+00 5.490000000000000213e+00
-2.404700000000000060e+01 2.812600000000000122e+01 -4.602999999999999758e+00 7.033999999999999808e+00
-2.622700000000000031e+01 2.875400000000000134e+01 -1.016600000000000037e+01 4.048000000000000043e+00
-3.256099999999999994e+01 1.832600000000000051e+01 -1.115900000000000070e+01 -1.330000000000000071e-01
-3.523199999999999932e+01 1.471000000000000085e+00 -5.735999999999999766e+00 -2.142999999999999794e+00
-5.102000000000000313e+01 -1.951300000000000168e+01 -2.700000000000000178e-01 -2.282000000000000028e+00
-7.735599999999999454e+01 -3.651500000000000057e+01 -3.028000000000000025e+00 -4.282000000000000028e+00
-8.263100000000000023e+01 -3.353199999999999648e+01 -1.218699999999999939e+01 -9.259999999999999787e+00
-5.142199999999999704e+01 -5.786999999999999922e+00 -1.282000000000000028e+01 -1.206499999999999950e+01
-1.053599999999999959e+01 2.562699999999999889e+01 1.963000000000000078e+00 -8.122999999999999332e+00
-2.020000000000000129e-01 2.955499999999999972e+01 1.309299999999999997e+01 -1.387000000000000011e+00
-2.844500000000000028e+01 -1.493000000000000105e+00 7.069999999999999618e-01 8.699999999999999956e-01
-6.025699999999999790e+01 -4.000699999999999790e+01 -2.203600000000000136e+01 -1.225000000000000089e+00
-5.702499999999999858e+01 -5.220700000000000074e+01 -2.840599999999999881e+01 -1.903999999999999915e+00
-2.032600000000000051e+01 -3.310600000000000165e+01 -1.989600000000000080e+01 3.069999999999999951e-01
1.581900000000000084e+01 -7.673000000000000043e+00 -1.683999999999999986e+01 1.536000000000000032e+00
2.672500000000000142e+01 -6.169999999999999929e-01 -1.834199999999999875e+01 -3.140000000000000013e-01
1.519699999999999918e+01 -9.601000000000000867e+00 -5.448000000000000398e+00 -2.568999999999999950e+00
2.095000000000000195e+00 -1.149099999999999966e+01 2.186499999999999844e+01 -1.887000000000000011e+00
1.050500000000000078e+01 5.131999999999999673e+00 4.013600000000000279e+01 1.292000000000000037e+00
3.827600000000000335e+01 2.303600000000000136e+01 3.392399999999999949e+01 3.991999999999999993e+00
4.799199999999999733e+01 1.884299999999999997e+01 1.240199999999999925e+01 5.134000000000000341e+00
1.352599999999999980e+01 -7.725999999999999979e+00 -6.458999999999999631e+00 6.088000000000000078e+00
-3.552799999999999869e+01 -3.549799999999999756e+01 -1.358000000000000007e+01 7.136000000000000121e+00
-4.634700000000000131e+01 -4.220199999999999818e+01 -7.326999999999999957e+00 5.988000000000000433e+00
-6.150000000000000355e+00 -1.943799999999999883e+01 1.077299999999999969e+01 9.429999999999999494e-01
5.096500000000000341e+01 2.005499999999999972e+01 3.165099999999999980e+01 -5.522000000000000242e+00
8.711799999999999500e+01 4.835999999999999943e+01 4.068599999999999994e+01 -8.960000000000000853e+00
8.994400000000000261e+01 4.666599999999999682e+01 2.978999999999999915e+01 -9.204000000000000625e+00
6.912300000000000466e+01 2.530199999999999960e+01 4.833999999999999631e+00 -9.865000000000000213e+00
4.160499999999999687e+01 1.008099999999999952e+01 -1.775600000000000023e+01 -1.059299999999999997e+01
1.743799999999999883e+01 8.433999999999999275e+00 -2.437900000000000134e+01 -7.187000000000000277e+00
-4.915000000000000036e+00 4.597999999999999865e+00 -1.816300000000000026e+01 -4.420000000000000040e-01
-2.730600000000000094e+01 -9.971000000000000085e+00 -1.391200000000000081e+01 3.963999999999999968e+00
-4.342000000000000171e+01 -2.354599999999999937e+01 -1.877299999999999969e+01 4.509000000000000341e+00
-4.793500000000000227e+01 -2.673799999999999955e+01 -2.693599999999999994e+01 4.663000000000000256e+00
-4.356300000000000239e+01 -2.648400000000000176e+01 -3.180499999999999972e+01 5.823000000000000398e+00
-3.303600000000000136e+01 -2.913200000000000145e+01 -3.262800000000000011e+01 5.900999999999999801e+00
-1.518399999999999928e+01 -2.606899999999999906e+01 -2.865700000000000003e+01 4.137999999999999901e+00
7.116999999999999993e+00 -7.447000000000000064e+00 -1.739600000000000080e+01 2.536999999999999922e+00
2.519699999999999918e+01 1.844300000000000139e+01 -2.154999999999999805e+00 2.225000000000000089e+00
3.387800000000000011e+01 3.135000000000000142e+01 8.316000000000000725e+00 1.798999999999999932e+00
3.490299999999999869e+01 2.290399999999999991e+01 9.948999999999999844e+00 2.459999999999999964e-01
2.778800000000000026e+01 4.453000000000000291e+00 3.742999999999999883e+00 -9.080000000000000293e-01
6.352999999999999758e+00 -9.560999999999999943e+00 -1.047100000000000009e+01 6.770000000000000462e-01
-2.634299999999999997e+01 -1.507300000000000040e+01 -2.969999999999999929e+01 5.541000000000000369e+00
-4.977499999999999858e+01 -1.221899999999999942e+01 -4.303399999999999892e+01 1.145800000000000018e+01
-4.581900000000000261e+01 2.299999999999999822e+00 -3.978199999999999648e+01 1.403999999999999915e+01
-1.528999999999999915e+01 2.939499999999999957e+01 -1.745799999999999841e+01 9.836999999999999744e+00
3.070499999999999829e+01 6.005199999999999960e+01 1.798100000000000165e+01 1.094999999999999973e+00
7.404300000000000637e+01 8.063899999999999579e+01 5.146900000000000119e+01 -4.945000000000000284e+00
8.944100000000000250e+01 8.571500000000000341e+01 6.461299999999999955e+01 -4.770999999999999908e+00
6.971599999999999397e+01 7.827700000000000102e+01 5.251599999999999824e+01 -3.471000000000000085e+00
3.832999999999999829e+01 5.789000000000000057e+01 2.887000000000000099e+01 -6.796999999999999709e+00
2.039799999999999969e+01 2.467099999999999937e+01 1.025600000000000023e+01 -1.180599999999999916e+01
2.083299999999999841e+01 -6.384000000000000341e+00 2.580000000000000071e+00 -1.085800000000000054e+01
2.798000000000000043e+01 -1.878699999999999903e+01 2.439000000000000057e+00 -2.987999999999999989e+00
2.224200000000000088e+01 -1.878200000000000003e+01 4.035000000000000142e+00 4.429999999999999716e+00
-3.704000000000000181e+00 -2.330600000000000094e+01 3.915000000000000036e+00 5.253000000000000114e+00
-3.158899999999999864e+01 -3.308700000000000330e+01 1.899999999999999911e+00 9.340000000000000524e-01
-4.322999999999999687e+01 -3.856600000000000250e+01 -2.230999999999999872e+00 -3.321000000000000174e+00
-4.615800000000000125e+01 -4.081600000000000250e+01 -1.049699999999999989e+01 -5.155000000000000249e+00
-5.435300000000000153e+01 -4.758500000000000085e+01 -2.200400000000000134e+01 -6.051000000000000156e+00
-6.244400000000000261e+01 -5.699199999999999733e+01 -3.035000000000000142e+01 -6.913999999999999702e+00
-5.749000000000000199e+01 -5.919500000000000028e+01 -3.021399999999999864e+01 -5.974000000000000199e+00
-4.012899999999999778e+01 -4.947099999999999653e+01 -2.307100000000000151e+01 -2.745999999999999996e+00
-1.692999999999999972e+01 -3.073900000000000077e+01 -1.300799999999999912e+01 2.059999999999999887e-01
1.489600000000000080e+01 -8.005000000000000782e+00 -9.769999999999999796e-01 1.830999999999999961e+00
5.195000000000000284e+01 9.820999999999999730e+00 1.248600000000000065e+01 3.946000000000000174e+00
6.543600000000000705e+01 8.375999999999999446e+00 2.229700000000000060e+01 6.778999999999999915e+00
3.271900000000000119e+01 -1.535999999999999943e+01 2.203699999999999903e+01 8.240000000000000213e+00
-2.093799999999999883e+01 -3.989900000000000091e+01 1.084900000000000020e+01 7.652000000000000135e+00
-5.106400000000000006e+01 -4.392799999999999727e+01 -5.475999999999999979e+00 6.294999999999999929e+00
-5.223199999999999932e+01 -3.567000000000000171e+01 -1.859100000000000108e+01 5.312999999999999723e+00
-5.071099999999999852e+01 -3.425500000000000256e+01 -2.355600000000000094e+01 5.339000000000000412e+00
-5.314999999999999858e+01 -3.610399999999999920e+01 -2.188100000000000023e+01 5.945999999999999730e+00
-3.888499999999999801e+01 -2.466300000000000026e+01 -1.502800000000000047e+01 4.352000000000000313e+00
4.040000000000000258e-01 2.600000000000000089e-01 6.999999999999999556e-01 -1.578000000000000069e+00
3.988199999999999790e+01 2.303300000000000125e+01 2.356599999999999895e+01 -8.148999999999999133e+00
4.858100000000000307e+01 3.259899999999999665e+01 3.948100000000000165e+01 -9.166999999999999815e+00
2.860600000000000165e+01 3.075300000000000011e+01 3.971000000000000085e+01 -5.205000000000000071e+00
1.206799999999999962e+01 2.512399999999999878e+01 3.490999999999999659e+01 -2.483999999999999986e+00
1.322400000000000020e+01 1.822700000000000031e+01 3.546000000000000085e+01 -2.456999999999999851e+00
7.508000000000000007e+00 5.639999999999999680e+00 3.189000000000000057e+01 -9.449999999999999512e-01
-2.340800000000000125e+01 -1.072000000000000064e+01 1.418900000000000006e+01 2.617999999999999883e+00
-5.243099999999999739e+01 -1.590199999999999925e+01 -4.483999999999999986e+00 3.920999999999999819e+00
-4.112700000000000244e+01 -4.329999999999999960e-01 -4.115999999999999659e+00 1.875999999999999890e+00
4.181000000000000050e+00 2.299500000000000099e+01 1.287500000000000000e+01 2.740000000000000213e-01
3.864800000000000324e+01 3.414399999999999835e+01 2.508899999999999864e+01 1.227999999999999980e+00
3.584499999999999886e+01 2.962900000000000134e+01 1.928099999999999881e+01 2.819999999999999840e+00
1.435599999999999987e+01 2.270200000000000173e+01 2.080000000000000071e+00 2.884999999999999787e+00
5.115000000000000213e+00 2.397599999999999909e+01 -1.327399999999999913e+01 1.296999999999999931e+00
1.372499999999999964e+01 3.051000000000000156e+01 -2.056400000000000006e+01 -5.140000000000000124e-01
2.277100000000000080e+01 3.223899999999999721e+01 -2.056500000000000128e+01 -6.490000000000000213e-01
1.644300000000000139e+01 2.354299999999999926e+01 -1.730499999999999972e+01 1.471999999999999975e+00
-3.027000000000000135e+00 7.535999999999999588e+00 -1.518099999999999916e+01 4.266000000000000014e+00
-1.814199999999999946e+01 -7.636999999999999567e+00 -1.506400000000000006e+01 5.605999999999999872e+00
-1.719300000000000139e+01 -1.443099999999999916e+01 -1.422899999999999920e+01 5.059000000000000163e+00
-1.091900000000000048e+01 -1.033000000000000007e+01 -1.101299999999999990e+01 4.168000000000000149e+00
-1.777599999999999980e+01 -7.910000000000000364e-01 -7.187999999999999723e+00 3.943000000000000060e+00
-3.407600000000000051e+01 4.756000000000000227e+00 -4.846000000000000085e+00 2.705999999999999961e+00
-3.638600000000000279e+01 3.164000000000000146e+00 -4.115000000000000213e+00 -1.540000000000000036e+00
-1.968199999999999861e+01 -2.439999999999999947e+00 -6.791000000000000369e+00 -7.070999999999999730e+00
-1.043999999999999950e+01 -1.167399999999999949e+01 -1.677100000000000080e+01 -9.166000000000000369e+00
-2.671600000000000108e+01 -2.366400000000000148e+01 -3.146199999999999974e+01 -5.626000000000000334e+00
-5.007399999999999807e+01 -3.103300000000000125e+01 -3.904699999999999704e+01 -3.770000000000000018e-01
-5.554399999999999693e+01 -2.883999999999999986e+01 -3.043900000000000006e+01 2.650000000000000133e-01
-4.262500000000000000e+01 -1.839999999999999858e+01 -9.461999999999999744e+00 -4.695000000000000284e+00
-2.013700000000000045e+01 8.439999999999999725e-01 1.351699999999999946e+01 -9.814000000000000057e+00
1.239100000000000001e+01 2.791799999999999926e+01 3.321699999999999875e+01 -1.114799999999999969e+01
5.556499999999999773e+01 5.327499999999999858e+01 4.863199999999999790e+01 -1.083399999999999963e+01
9.917199999999999704e+01 6.824699999999999989e+01 5.545700000000000074e+01 -1.145700000000000074e+01
1.211820000000000022e+02 7.123999999999999488e+01 4.703699999999999903e+01 -1.113700000000000045e+01
9.799399999999999977e+01 5.726400000000000290e+01 2.379299999999999926e+01 -7.464000000000000412e+00
3.320100000000000051e+01 2.048900000000000077e+01 -8.070000000000000506e-01 -2.123000000000000220e+00
-3.036299999999999955e+01 -2.352700000000000102e+01 -1.073900000000000077e+01 1.602000000000000091e+00
-4.943399999999999750e+01 -4.221999999999999886e+01 -6.802999999999999936e+00 3.152000000000000135e+00
-2.521399999999999864e+01 -2.687600000000000122e+01 -5.679000000000000270e+00 3.998000000000000220e+00
6.735000000000000320e+00 -6.820000000000000284e+00 -1.604400000000000048e+01 4.822000000000000064e+00
2.268299999999999983e+01 -8.832000000000000739e+00 -2.833599999999999852e+01 5.506000000000000227e+00
2.645299999999999940e+01 -2.432999999999999829e+01 -3.287400000000000233e+01 6.200999999999999623e+00
2.563899999999999935e+01 -3.110200000000000031e+01 -3.249399999999999977e+01 6.628000000000000114e+00
1.971900000000000119e+01 -2.586700000000000088e+01 -3.150900000000000034e+01 6.006000000000000227e+00
1.316799999999999926e+01 -1.692699999999999960e+01 -2.776099999999999923e+01 4.916000000000000369e+00
1.753800000000000026e+01 -2.298999999999999932e+00 -1.821999999999999886e+01 4.642000000000000348e+00
3.580799999999999983e+01 2.308099999999999952e+01 -2.314000000000000057e+00 4.182000000000000384e+00
5.616599999999999682e+01 4.804099999999999682e+01 1.605900000000000105e+01 1.854000000000000092e+00
6.344899999999999807e+01 5.182500000000000284e+01 2.733599999999999852e+01 -9.210000000000000409e-01
5.122599999999999909e+01 2.931299999999999883e+01 2.572899999999999920e+01 -1.889999999999999902e+00
2.135600000000000165e+01 -1.502000000000000002e+00 1.653999999999999915e+01 -1.749000000000000110e+00
-2.154200000000000159e+01 -2.112000000000000099e+01 7.833999999999999631e+00 -1.963999999999999968e+00
-6.815300000000000580e+01 -2.795499999999999829e+01 2.682999999999999829e+00 -1.854999999999999982e+00
-1.016129999999999995e+02 -2.850600000000000023e+01 1.171999999999999931e+00 -5.899999999999999689e-01
-1.054320000000000022e+02 -2.160699999999999932e+01 7.279999999999999805e-01 5.679999999999999494e-01
-7.652899999999999636e+01 -5.503000000000000114e+00 -3.511000000000000121e+00 3.679999999999999938e-01
-3.007799999999999940e+01 1.073000000000000043e+01 -1.220500000000000007e+01 2.600000000000000089e-01
1.067399999999999949e+01 1.466900000000000048e+01 -1.994500000000000028e+01 2.467000000000000082e+00
3.145899999999999963e+01 3.517999999999999794e+00 -2.137199999999999989e+01 6.205000000000000071e+00
3.138299999999999912e+01 -1.414499999999999957e+01 -1.474799999999999933e+01 8.457000000000000739e+00
1.580100000000000016e+01 -2.456400000000000006e+01 -2.164000000000000146e+00 8.095000000000000639e+00
-5.299000000000000377e+00 -1.901899999999999835e+01 1.035399999999999920e+01 6.639000000000000234e+00
-2.019200000000000017e+01 -4.251000000000000334e+00 1.608200000000000074e+01 5.192000000000000171e+00
-2.426300000000000168e+01 2.455999999999999961e+00 1.300000000000000000e+01 3.853000000000000203e+00
-1.996499999999999986e+01 -5.607999999999999652e+00 5.575999999999999623e+00 4.238999999999999879e+00
-1.376500000000000057e+01 -1.735500000000000043e+01 1.539999999999999980e-01 7.969000000000000306e+00
-1.561899999999999977e+01 -2.252899999999999991e+01 -2.060999999999999943e+00 1.154599999999999937e+01
-3.067099999999999937e+01 -2.432700000000000173e+01 -4.647999999999999687e+00 8.387000000000000455e+00
-5.257399999999999807e+01 -2.639399999999999835e+01 -7.668999999999999595e+00 -1.743999999999999995e+00
-6.551399999999999579e+01 -2.085300000000000153e+01 -6.887999999999999901e+00 -1.068999999999999950e+01
-5.080100000000000193e+01 -1.895000000000000018e+00 -3.626999999999999780e+00 -1.225799999999999912e+01
-5.777000000000000135e+00 1.769300000000000139e+01 -3.786999999999999922e+00 -1.038400000000000034e+01
4.164600000000000080e+01 1.937699999999999889e+01 -4.967999999999999972e+00 -1.223900000000000077e+01
5.768800000000000239e+01 5.488000000000000433e+00 9.529999999999999583e-01 -1.562199999999999989e+01
4.311200000000000188e+01 -1.106000000000000094e+00 1.211599999999999966e+01 -1.190900000000000070e+01
2.675499999999999901e+01 1.255100000000000016e+01 1.723199999999999932e+01 -1.877000000000000002e+00
1.957499999999999929e+01 2.945700000000000074e+01 1.192200000000000060e+01 3.536999999999999922e+00
6.628999999999999559e+00 2.545700000000000074e+01 5.532000000000000028e+00 2.190000000000000002e-01
-1.137400000000000055e+01 5.578999999999999737e+00 9.548999999999999488e+00 -4.450999999999999623e+00
-7.576999999999999957e+00 -4.150999999999999801e+00 2.288200000000000145e+01 -5.463000000000000078e+00
2.973199999999999932e+01 5.573000000000000398e+00 3.468599999999999994e+01 -6.134000000000000341e+00
7.744299999999999784e+01 2.436799999999999855e+01 4.134100000000000108e+01 -8.625000000000000000e+00
1.039090000000000060e+02 4.322800000000000153e+01 4.885399999999999920e+01 -8.996999999999999886e+00
9.546399999999999864e+01 5.169299999999999784e+01 5.587500000000000000e+01 -4.517999999999999794e+00
6.152000000000000313e+01 3.565200000000000102e+01 4.980599999999999739e+01 5.639999999999999458e-01
2.223100000000000165e+01 4.819999999999999840e-01 2.559799999999999898e+01 5.120000000000000107e-01
-9.528000000000000469e+00 -2.791700000000000159e+01 -3.802999999999999936e+00 -3.035000000000000142e+00
-2.806099999999999994e+01 -3.664600000000000080e+01 -2.133299999999999841e+01 -3.225000000000000089e+00
-2.740899999999999892e+01 -3.541799999999999926e+01 -2.302299999999999969e+01 1.326999999999999957e+00
-1.226900000000000013e+01 -3.164900000000000091e+01 -1.730300000000000082e+01 5.158999999999999808e+00
-1.344000000000000083e+00 -2.212500000000000000e+01 -1.227299999999999969e+01 5.277999999999999581e+00
-5.955000000000000071e+00 -1.007399999999999984e+01 -9.836999999999999744e+00 4.347999999999999865e+00
-2.167299999999999827e+01 -8.252000000000000668e+00 -1.034299999999999997e+01 4.564000000000000057e+00
-4.109499999999999886e+01 -2.056400000000000006e+01 -1.608800000000000097e+01 4.804999999999999716e+00
-5.600699999999999790e+01 -3.435999999999999943e+01 -2.753099999999999881e+01 4.056000000000000050e+00
-5.492900000000000205e+01 -3.579899999999999949e+01 -3.840999999999999659e+01 3.107000000000000206e+00
-3.614000000000000057e+01 -2.479100000000000037e+01 -3.905199999999999960e+01 2.713999999999999968e+00
-1.500099999999999945e+01 -1.116200000000000081e+01 -2.756800000000000139e+01 2.846000000000000085e+00
-7.586999999999999744e+00 -2.555000000000000160e+00 -1.501900000000000013e+01 3.306999999999999940e+00
-1.394100000000000072e+01 3.190000000000000058e-01 -1.332300000000000040e+01 3.694999999999999840e+00
-2.269500000000000028e+01 7.419999999999999929e-01 -2.020700000000000074e+01 3.641000000000000014e+00
-2.626800000000000068e+01 9.090000000000000302e-01 -2.574500000000000099e+01 3.625000000000000000e+00
-2.650900000000000034e+01 -5.220000000000000195e-01 -2.892299999999999827e+01 4.405999999999999694e+00
-2.670700000000000074e+01 -3.626999999999999780e+00 -3.318099999999999739e+01 5.512999999999999901e+00
-2.274699999999999989e+01 -1.941999999999999948e+00 -3.319899999999999807e+01 5.831000000000000405e+00
-7.791999999999999815e+00 1.080899999999999928e+01 -2.296499999999999986e+01 5.496000000000000441e+00
1.466499999999999915e+01 3.074200000000000088e+01 -8.721999999999999531e+00 5.051000000000000156e+00
3.173000000000000043e+01 4.765500000000000114e+01 1.970000000000000084e-01 3.548000000000000043e+00
3.612599999999999767e+01 5.384100000000000108e+01 5.636999999999999567e+00 1.690000000000000113e-01
2.861799999999999855e+01 4.493999999999999773e+01 1.478899999999999970e+01 -3.504999999999999893e+00
1.107399999999999984e+01 2.321699999999999875e+01 2.528900000000000148e+01 -5.504999999999999893e+00
-6.309000000000000163e+00 3.233000000000000096e+00 2.730600000000000094e+01 -6.262999999999999901e+00
-5.229000000000000092e+00 -5.350000000000000311e-01 2.018299999999999983e+01 -6.453999999999999737e+00
1.708099999999999952e+01 7.533999999999999808e+00 1.448499999999999943e+01 -4.447000000000000064e+00
4.388900000000000290e+01 1.378299999999999947e+01 1.495599999999999952e+01 1.849999999999999978e-01
6.080100000000000193e+01 1.639199999999999946e+01 1.434699999999999953e+01 3.898000000000000131e+00
5.720300000000000296e+01 1.717500000000000071e+01 7.508000000000000007e+00 3.883999999999999897e+00
2.009199999999999875e+01 6.812000000000000277e+00 3.330000000000000182e-01 2.067000000000000171e+00
-4.380899999999999750e+01 -1.880600000000000094e+01 1.239999999999999991e-01 1.707999999999999963e+00
-9.403300000000000125e+01 -4.205899999999999750e+01 4.831000000000000405e+00 2.911999999999999922e+00
-8.864600000000000080e+01 -4.239600000000000080e+01 7.200999999999999623e+00 3.383999999999999897e+00
-2.755799999999999983e+01 -2.150700000000000145e+01 4.538999999999999702e+00 2.053999999999999826e+00
4.351899999999999835e+01 1.260000000000000009e+00 -3.880000000000000115e-01 1.620000000000000051e-01
7.336599999999999966e+01 1.166799999999999926e+01 -4.405000000000000249e+00 -9.809999999999999831e-01
5.132200000000000273e+01 1.099099999999999966e+01 -6.540000000000000036e+00 -1.548000000000000043e+00
1.053400000000000070e+01 6.673000000000000043e+00 -7.442999999999999616e+00 -2.063000000000000167e+00
-1.422499999999999964e+01 1.540999999999999925e+00 -7.429000000000000270e+00 -2.270000000000000018e+00
-2.034600000000000009e+01 -4.493000000000000327e+00 -5.679000000000000270e+00 -1.951000000000000068e+00
-2.423799999999999955e+01 -9.667999999999999261e+00 -2.523000000000000131e+00 -1.838999999999999968e+00
-2.974800000000000111e+01 -1.236800000000000033e+01 2.400000000000000050e-02 -2.645999999999999908e+00
-2.654299999999999926e+01 -1.249900000000000055e+01 2.000999999999999890e+00 -3.568999999999999950e+00
-1.327100000000000080e+01 -9.634999999999999787e+00 5.283000000000000362e+00 -3.032000000000000028e+00
-2.463999999999999968e+00 -4.796999999999999709e+00 8.018000000000000682e+00 -9.559999999999999609e-01
-1.995999999999999996e+00 -2.487999999999999989e+00 5.974000000000000199e+00 9.290000000000000480e-01
-6.370000000000000107e+00 -5.950999999999999623e+00 1.423999999999999932e+00 1.066999999999999948e+00
-6.562999999999999723e+00 -1.180899999999999928e+01 2.234999999999999876e+00 -3.599999999999999867e-01
7.810000000000000275e-01 -1.460399999999999920e+01 8.359999999999999432e+00 -1.782999999999999918e+00
1.224099999999999966e+01 -1.558900000000000041e+01 8.397000000000000242e+00 -2.019000000000000128e+00
1.947100000000000009e+01 -2.055099999999999838e+01 -4.602000000000000313e+00 -1.552000000000000046e+00
1.248600000000000065e+01 -2.976399999999999935e+01 -2.254799999999999827e+01 -1.608999999999999986e+00
-1.228299999999999947e+01 -3.674600000000000222e+01 -3.352199999999999847e+01 -2.455999999999999961e+00
-4.283700000000000330e+01 -3.648599999999999710e+01 -3.515200000000000102e+01 -3.294000000000000039e+00
-5.791499999999999915e+01 -2.861100000000000065e+01 -2.970200000000000173e+01 -3.225000000000000089e+00
-4.676400000000000290e+01 -1.196000000000000085e+01 -1.342800000000000082e+01 -2.032999999999999918e+00
-1.393699999999999939e+01 1.526299999999999990e+01 1.595400000000000063e+01 -5.590000000000000524e-01
3.114999999999999858e+01 4.545799999999999841e+01 4.378199999999999648e+01 6.300000000000000044e-02
7.350199999999999534e+01 6.131499999999999773e+01 4.948899999999999721e+01 -6.500000000000000222e-02
9.206100000000000705e+01 5.312500000000000000e+01 3.611299999999999955e+01 6.450000000000000178e-01
8.065699999999999648e+01 3.034900000000000020e+01 2.759600000000000009e+01 3.721000000000000085e+00
5.858700000000000330e+01 1.076299999999999990e+01 3.276299999999999812e+01 8.503000000000000114e+00
4.556600000000000250e+01 2.576999999999999957e+00 3.582300000000000040e+01 1.147000000000000064e+01
3.778600000000000136e+01 5.350000000000000311e-01 2.643700000000000117e+01 9.095000000000000639e+00
1.726999999999999957e+01 -5.006000000000000227e+00 1.472100000000000009e+01 2.012000000000000011e+00
-2.086899999999999977e+01 -1.796999999999999886e+01 1.171700000000000053e+01 -5.285000000000000142e+00
-5.666499999999999915e+01 -3.174500000000000099e+01 1.381099999999999994e+01 -9.544999999999999929e+00
-6.695900000000000318e+01 -3.469299999999999784e+01 1.205799999999999983e+01 -1.170199999999999996e+01
-5.365899999999999892e+01 -2.375400000000000134e+01 6.275999999999999801e+00 -1.344200000000000017e+01
-3.646099999999999852e+01 -7.386999999999999567e+00 2.641999999999999904e+00 -1.280799999999999983e+01
-2.384400000000000119e+01 7.663000000000000256e+00 1.788999999999999924e+00 -6.809000000000000163e+00
-9.246999999999999886e+00 2.233999999999999986e+01 -1.512999999999999901e+00 1.951000000000000068e+00
9.387000000000000455e+00 3.582399999999999807e+01 -7.293999999999999595e+00 6.304999999999999716e+00
2.400199999999999889e+01 4.246800000000000352e+01 -8.518000000000000682e+00 3.644000000000000128e+00
2.907999999999999829e+01 4.072200000000000131e+01 -2.815999999999999837e+00 -9.060000000000000275e-01
2.730499999999999972e+01 3.537199999999999989e+01 2.040999999999999925e+00 -2.233000000000000096e+00
2.015599999999999881e+01 3.083699999999999974e+01 -6.250000000000000000e-01 -1.439000000000000057e+00
3.709000000000000075e+00 2.808399999999999963e+01 -6.753999999999999559e+00 -1.939999999999999947e+00
-1.774699999999999989e+01 2.440200000000000102e+01 -9.817000000000000171e+00 -3.420999999999999819e+00
-2.764699999999999847e+01 1.497400000000000020e+01 -1.115199999999999925e+01 -3.072000000000000064e+00
-1.935399999999999920e+01 1.366999999999999993e+00 -1.394100000000000072e+01 -5.679999999999999494e-01
-3.875999999999999890e+00 -5.721000000000000085e+00 -1.467300000000000004e+01 1.836999999999999966e+00
1.142399999999999949e+01 -9.729999999999999760e-01 -9.941000000000000725e+00 3.024000000000000021e+00
2.519500000000000028e+01 5.623000000000000220e+00 -5.620000000000000107e+00 3.693000000000000060e+00
2.473100000000000165e+01 2.237000000000000099e+00 -1.002999999999999936e+01 4.157000000000000028e+00
-1.574000000000000066e+00 -9.269999999999999574e+00 -2.123699999999999832e+01 3.935000000000000053e+00
-3.688600000000000279e+01 -1.797299999999999898e+01 -2.894399999999999906e+01 3.120000000000000107e+00
-4.857800000000000296e+01 -1.670299999999999940e+01 -2.715700000000000003e+01 2.479999999999999982e+00
-2.749299999999999855e+01 -6.299000000000000377e+00 -1.838599999999999923e+01 2.447000000000000064e+00
4.469999999999999751e+00 6.182999999999999829e+00 -7.932999999999999829e+00 3.176000000000000156e+00
2.504299999999999926e+01 1.178299999999999947e+01 -6.320000000000000062e-01 4.782000000000000028e+00
3.146900000000000119e+01 7.134999999999999787e+00 4.979999999999999982e-01 6.150000000000000355e+00
2.696999999999999886e+01 -2.899999999999999911e+00 -2.003000000000000114e+00 5.336999999999999744e+00
1.030300000000000082e+01 -1.141699999999999982e+01 -2.291999999999999815e+00 2.744000000000000217e+00
-1.051500000000000057e+01 -1.524499999999999922e+01 7.710000000000000187e-01 9.649999999999999689e-01
-1.678600000000000136e+01 -1.580100000000000016e+01 3.359999999999999876e+00 2.069999999999999896e-01
-5.344000000000000306e+00 -1.737999999999999901e+01 1.641000000000000014e+00 -1.758999999999999897e+00
3.294000000000000039e+00 -2.274099999999999966e+01 -6.839000000000000412e+00 -4.238000000000000433e+00
-3.939999999999999947e+00 -2.905999999999999872e+01 -1.987000000000000099e+01 -3.761000000000000121e+00
-1.239300000000000068e+01 -3.012300000000000111e+01 -2.827799999999999869e+01 -2.780000000000000249e-01
-4.772000000000000242e+00 -2.291100000000000136e+01 -2.469399999999999906e+01 2.439999999999999947e+00
1.337400000000000055e+01 -1.038700000000000045e+01 -1.245800000000000018e+01 2.830999999999999961e+00
2.797100000000000009e+01 2.177000000000000046e+00 -1.189999999999999947e-01 2.755999999999999783e+00
3.635900000000000176e+01 1.172600000000000087e+01 8.958000000000000185e+00 3.053999999999999826e+00
3.963700000000000045e+01 1.715099999999999980e+01 1.575500000000000078e+01 2.741000000000000103e+00
3.183299999999999841e+01 1.476299999999999990e+01 1.815899999999999892e+01 2.112000000000000099e+00
8.753000000000000114e+00 -9.859999999999999876e-01 1.251200000000000045e+01 2.241000000000000103e+00
-2.176200000000000045e+01 -2.567999999999999972e+01 1.741000000000000103e+00 2.456999999999999851e+00
-4.586699999999999733e+01 -3.977000000000000313e+01 -6.166000000000000369e+00 2.157000000000000028e+00
-5.583299999999999841e+01 -2.760999999999999943e+01 -8.814000000000000057e+00 2.560000000000000053e+00
-5.441799999999999926e+01 1.348999999999999977e+00 -9.551999999999999602e+00 3.327999999999999847e+00
-5.068500000000000227e+01 2.236700000000000088e+01 -6.336999999999999744e+00 1.631999999999999895e+00
-5.150300000000000011e+01 2.313899999999999935e+01 4.677999999999999936e+00 -2.560999999999999943e+00
-5.474300000000000210e+01 1.062400000000000055e+01 1.461700000000000088e+01 -4.995000000000000107e+00
-5.328499999999999659e+01 -5.014999999999999680e+00 1.094100000000000072e+01 -3.278000000000000025e+00
-4.672599999999999909e+01 -1.976800000000000068e+01 -1.681000000000000050e+00 -1.069999999999999979e-01
-3.743699999999999761e+01 -2.870899999999999963e+01 -8.048999999999999488e+00 1.635999999999999899e+00
-1.513199999999999967e+01 -2.272500000000000142e+01 -3.588000000000000078e+00 2.560999999999999943e+00
2.694600000000000151e+01 -8.509999999999999787e-01 4.003000000000000114e+00 3.326000000000000068e+00
6.315699999999999648e+01 2.323799999999999955e+01 8.448999999999999844e+00 2.266000000000000014e+00
6.460200000000000387e+01 3.623299999999999699e+01 1.333099999999999952e+01 -1.342999999999999972e+00
4.526800000000000068e+01 3.645300000000000296e+01 2.416000000000000014e+01 -6.049000000000000377e+00
3.217999999999999972e+01 2.599399999999999977e+01 3.353399999999999892e+01 -1.084999999999999964e+01
1.696199999999999974e+01 7.250000000000000000e+00 2.722400000000000020e+01 -1.479299999999999926e+01
-1.542600000000000016e+01 -1.101900000000000013e+01 6.879999999999999893e+00 -1.469800000000000040e+01
-4.393099999999999739e+01 -1.873100000000000165e+01 -9.619999999999999218e+00 -8.112000000000000099e+00
-4.047999999999999687e+01 -1.634700000000000131e+01 -1.024399999999999977e+01 1.435000000000000053e+00
-1.476200000000000045e+01 -1.285599999999999987e+01 1.604999999999999982e+00 6.551000000000000156e+00
3.123000000000000220e+00 -1.282099999999999973e+01 1.458399999999999963e+01 4.530999999999999694e+00
3.823999999999999844e+00 -1.414199999999999946e+01 1.703200000000000003e+01 2.330000000000000127e-01
-4.751999999999999780e+00 -1.905000000000000071e+01 2.592999999999999972e+00 -9.549999999999999600e-01
-2.166600000000000037e+01 -3.313600000000000279e+01 -2.446000000000000085e+01 7.660000000000000142e-01
-4.435900000000000176e+01 -4.789300000000000068e+01 -4.946399999999999864e+01 2.145999999999999908e+00
-5.061099999999999710e+01 -4.117399999999999949e+01 -5.477600000000000335e+01 1.564000000000000057e+00
-1.664000000000000057e+01 -4.554999999999999716e+00 -3.157999999999999829e+01 -2.849999999999999756e-01
5.202100000000000080e+01 4.365800000000000125e+01 1.034800000000000075e+01 -1.629000000000000004e+00
1.224080000000000013e+02 7.906600000000000250e+01 4.725900000000000034e+01 -1.249000000000000110e+00
1.602760000000000105e+02 9.162199999999999989e+01 6.023700000000000188e+01 -7.900000000000000078e-02
1.494279999999999973e+02 8.192700000000000671e+01 4.786599999999999966e+01 -1.049999999999999961e-01
9.781100000000000705e+01 5.218399999999999750e+01 2.247899999999999920e+01 -1.290000000000000036e+00
3.341799999999999926e+01 1.065700000000000003e+01 -3.029999999999999916e-01 -1.647000000000000020e+00
-1.110699999999999932e+01 -2.282600000000000051e+01 -1.117600000000000016e+01 -3.119999999999999996e-01
-1.992699999999999960e+01 -3.026300000000000168e+01 -1.188000000000000078e+01 1.683999999999999941e+00
-6.209999999999999964e+00 -1.625700000000000145e+01 -1.005700000000000038e+01 3.023000000000000131e+00
-5.380000000000000338e-01 -3.785000000000000142e+00 -9.576999999999999957e+00 2.698999999999999844e+00
-1.869800000000000040e+01 -5.883000000000000007e+00 -7.940999999999999837e+00 5.180000000000000160e-01
-3.931600000000000250e+01 -1.223000000000000043e+01 -2.656000000000000139e+00 -1.762999999999999901e+00
-2.639499999999999957e+01 -7.080000000000000071e+00 2.733999999999999986e+00 -1.548999999999999932e+00
1.991300000000000026e+01 9.730000000000000426e+00 2.515000000000000124e+00 1.495999999999999996e+00
5.443599999999999994e+01 2.444699999999999918e+01 -1.637000000000000011e+00 4.636999999999999567e+00
4.451400000000000290e+01 2.576899999999999835e+01 -9.310000000000000497e-01 4.913999999999999702e+00
1.405899999999999928e+01 1.462400000000000055e+01 8.698999999999999844e+00 2.474000000000000199e+00
3.702999999999999847e+00 -3.420000000000000262e-01 1.968799999999999883e+01 4.789999999999999813e-01
1.272000000000000064e+01 -1.143999999999999950e+01 1.989699999999999847e+01 1.189999999999999947e+00
1.523300000000000054e+01 -1.480100000000000016e+01 6.267999999999999794e+00 3.220000000000000195e+00
7.679000000000000270e+00 -1.089700000000000024e+01 -9.925000000000000711e+00 4.113000000000000433e+00
7.467999999999999972e+00 -5.328999999999999737e+00 -1.552699999999999925e+01 3.903000000000000025e+00
2.463200000000000145e+01 -3.887999999999999901e+00 -1.104400000000000048e+01 3.770000000000000018e+00
5.089500000000000313e+01 -6.309000000000000163e+00 -6.886999999999999567e+00 3.201999999999999957e+00
6.257099999999999795e+01 -8.974000000000000199e+00 -7.772999999999999687e+00 1.207999999999999963e+00
3.789000000000000057e+01 -1.077299999999999969e+01 -9.731999999999999318e+00 -1.292999999999999927e+00
-1.633999999999999986e+01 -1.319400000000000084e+01 -1.050000000000000000e+01 -2.744000000000000217e+00
-6.779399999999999693e+01 -1.730900000000000105e+01 -1.362899999999999956e+01 -3.334000000000000075e+00
-9.263100000000000023e+01 -2.103000000000000114e+01 -2.073999999999999844e+01 -3.726999999999999869e+00
-9.067300000000000182e+01 -1.960000000000000142e+01 -2.704899999999999949e+01 -2.960999999999999854e+00
-7.246399999999999864e+01 -1.193699999999999939e+01 -2.769500000000000028e+01 -4.490000000000000102e-01
-5.085600000000000165e+01 -3.903000000000000025e+00 -2.312099999999999866e+01 1.754999999999999893e+00
-3.956799999999999784e+01 -5.300000000000000266e-01 -1.647500000000000142e+01 1.741999999999999993e+00
-4.460000000000000142e+01 3.629999999999999893e-01 -1.061800000000000033e+01 5.040000000000000036e-01
-5.810300000000000153e+01 2.100999999999999979e+00 -6.769999999999999574e+00 -5.839999999999999636e-01
-6.621200000000000330e+01 2.717999999999999972e+00 -2.275999999999999801e+00 -1.872999999999999998e+00
-6.452100000000000080e+01 -1.776999999999999913e+00 4.538000000000000256e+00 -2.995999999999999996e+00
-6.291799999999999926e+01 -1.169999999999999929e+01 6.815999999999999837e+00 -2.197000000000000064e+00
-6.654699999999999704e+01 -2.058899999999999864e+01 -7.199999999999999734e-01 3.089999999999999969e-01
-5.798899999999999721e+01 -1.725900000000000034e+01 -8.055999999999999162e+00 2.049999999999999822e+00
-2.077400000000000091e+01 1.663000000000000034e+00 -2.430000000000000160e+00 1.794999999999999929e+00
2.522899999999999920e+01 2.263299999999999912e+01 1.338000000000000078e+01 1.299999999999999940e-02
4.379899999999999949e+01 2.999099999999999966e+01 2.755399999999999849e+01 -3.270999999999999908e+00
3.085500000000000043e+01 2.554599999999999937e+01 3.355400000000000205e+01 -7.415000000000000036e+00
1.074200000000000088e+01 2.137999999999999901e+01 3.270499999999999829e+01 -8.952999999999999403e+00
-2.587000000000000188e+00 2.019399999999999906e+01 3.032199999999999918e+01 -5.025000000000000355e+00
-9.887000000000000455e+00 1.403500000000000014e+01 2.905099999999999838e+01 1.129999999999999893e+00
-7.437000000000000277e+00 -2.004000000000000004e+00 2.422100000000000009e+01 3.201000000000000068e+00
8.494999999999999218e+00 -2.218599999999999994e+01 1.003200000000000003e+01 3.240000000000000102e-01
2.492299999999999827e+01 -3.622999999999999687e+01 -1.030700000000000038e+01 -2.471999999999999975e+00
2.087399999999999878e+01 -3.909400000000000119e+01 -2.674200000000000088e+01 -1.788999999999999924e+00
-3.718999999999999861e+00 -3.193900000000000006e+01 -3.382000000000000028e+01 8.529999999999999805e-01
-2.286899999999999977e+01 -1.744200000000000017e+01 -3.284100000000000108e+01 2.528000000000000025e+00
-1.673699999999999832e+01 7.930000000000000382e-01 -2.444600000000000151e+01 2.024000000000000021e+00
5.559000000000000163e+00 1.735500000000000043e+01 -8.037000000000000810e+00 -4.800000000000000100e-02
2.449800000000000111e+01 2.873199999999999932e+01 1.192900000000000027e+01 -1.760999999999999899e+00
3.648299999999999699e+01 3.632200000000000273e+01 2.708899999999999864e+01 -1.391999999999999904e+00
4.875699999999999790e+01 4.113300000000000267e+01 3.352199999999999847e+01 2.710000000000000187e-01
5.510999999999999943e+01 3.752700000000000102e+01 3.363499999999999801e+01 9.989999999999999991e-01
3.677199999999999847e+01 1.907100000000000151e+01 3.054899999999999949e+01 6.959999999999999520e-01
-4.198999999999999844e+00 -9.509999999999999787e+00 2.519800000000000040e+01 1.320000000000000062e+00
-3.684000000000000341e+01 -3.249499999999999744e+01 1.676999999999999957e+01 3.740000000000000213e+00
-4.351500000000000057e+01 -3.829999999999999716e+01 4.142000000000000348e+00 6.801000000000000156e+00
-4.022999999999999687e+01 -3.083200000000000074e+01 -9.532999999999999474e+00 8.492000000000000881e+00
-3.589500000000000313e+01 -2.010900000000000176e+01 -1.572400000000000020e+01 7.275999999999999801e+00
-1.047000000000000064e+01 -6.650000000000000355e+00 -9.255000000000000782e+00 3.575000000000000178e+00
4.001299999999999812e+01 1.305499999999999972e+01 3.928999999999999826e+00 -3.079999999999999960e-01
7.568399999999999750e+01 3.029100000000000037e+01 1.165900000000000070e+01 -2.595000000000000195e+00
6.135300000000000153e+01 2.987399999999999878e+01 7.472999999999999865e+00 -3.524999999999999911e+00
1.449099999999999966e+01 1.252100000000000080e+01 -3.895000000000000018e+00 -4.059999999999999609e+00
-1.867599999999999838e+01 -2.540999999999999925e+00 -1.190600000000000058e+01 -4.105999999999999872e+00
-1.510299999999999976e+01 -9.210000000000000409e-01 -1.097799999999999976e+01 -2.918000000000000149e+00
9.291000000000000369e+00 9.554999999999999716e+00 -6.315999999999999837e+00 -8.830000000000000071e-01
2.197700000000000031e+01 9.676999999999999602e+00 -6.334999999999999964e+00 4.570000000000000173e-01
5.740000000000000213e+00 -6.991999999999999993e+00 -1.116699999999999982e+01 1.799999999999999864e-02
-2.504200000000000159e+01 -2.731800000000000139e+01 -1.490700000000000003e+01 -2.310999999999999943e+00
-3.905199999999999960e+01 -3.604200000000000159e+01 -1.544699999999999918e+01 -5.562999999999999723e+00
-2.275700000000000145e+01 -3.285199999999999676e+01 -1.439300000000000068e+01 -7.251999999999999780e+00
5.522000000000000242e+00 -2.783800000000000097e+01 -1.171000000000000085e+01 -5.333999999999999631e+00
2.176899999999999835e+01 -2.506700000000000017e+01 -7.402999999999999581e+00 -1.104999999999999982e+00
2.274200000000000088e+01 -1.835900000000000176e+01 -4.211999999999999744e+00 2.302000000000000046e+00
1.777199999999999847e+01 -3.474000000000000199e+00 -4.024000000000000021e+00 3.705999999999999961e+00
1.301399999999999935e+01 1.379400000000000048e+01 -5.065000000000000391e+00 3.599000000000000199e+00
1.379299999999999926e+01 2.614000000000000057e+01 -4.347999999999999865e+00 2.085999999999999854e+00
2.374599999999999866e+01 3.300699999999999790e+01 -2.080999999999999961e+00 -8.000000000000000167e-02
3.485199999999999676e+01 3.407999999999999829e+01 -2.955000000000000071e+00 -9.769999999999999796e-01
3.300099999999999767e+01 2.379899999999999949e+01 -9.054000000000000270e+00 -5.989999999999999769e-01
1.537500000000000000e+01 7.730000000000000204e-01 -1.288499999999999979e+01 -1.332999999999999963e+00
-5.572000000000000064e+00 -2.258800000000000097e+01 -6.413999999999999702e+00 -3.115000000000000213e+00
-1.521599999999999930e+01 -2.922700000000000031e+01 4.440000000000000391e+00 -2.540000000000000036e+00
-1.179400000000000048e+01 -1.705799999999999983e+01 5.998000000000000220e+00 9.130000000000000338e-01
-7.573999999999999844e+00 -6.640000000000000346e-01 -2.701000000000000068e+00 3.197000000000000064e+00
-1.332499999999999929e+01 8.256000000000000227e+00 -8.230000000000000426e+00 2.079000000000000181e+00
-2.418199999999999861e+01 1.161100000000000065e+01 -3.075000000000000178e+00 -6.099999999999999867e-02
-2.761700000000000088e+01 1.521499999999999986e+01 5.224000000000000199e+00 -6.229999999999999982e-01
-2.079200000000000159e+01 2.019699999999999918e+01 8.941000000000000725e+00 1.590000000000000024e-01
-6.431000000000000050e+00 2.619500000000000028e+01 1.168500000000000050e+01 8.419999999999999707e-01
1.776599999999999824e+01 3.326299999999999812e+01 1.786700000000000088e+01 1.088999999999999968e+00
4.538499999999999801e+01 3.829299999999999926e+01 2.160800000000000054e+01 1.665999999999999925e+00
5.604899999999999949e+01 3.714300000000000068e+01 1.664600000000000080e+01 2.621999999999999886e+00
4.470900000000000318e+01 3.137699999999999889e+01 8.711000000000000298e+00 2.798000000000000043e+00
3.367199999999999704e+01 2.623799999999999955e+01 7.057999999999999829e+00 1.747999999999999998e+00
4.289699999999999847e+01 2.268100000000000094e+01 1.092500000000000071e+01 6.440000000000000169e-01
6.569899999999999807e+01 1.795899999999999963e+01 1.255300000000000082e+01 6.790000000000000480e-01
7.590900000000000603e+01 1.143399999999999928e+01 7.405000000000000249e+00 1.747000000000000108e+00
5.639399999999999835e+01 5.067999999999999616e+00 -2.047000000000000153e+00 2.774999999999999911e+00
2.385300000000000153e+01 1.560000000000000053e+00 -9.051999999999999602e+00 2.706999999999999851e+00
8.358999999999999986e+00 1.530999999999999917e+00 -9.653000000000000469e+00 1.423999999999999932e+00
5.394000000000000128e+00 6.099999999999999867e-02 -6.911999999999999922e+00 -2.900000000000000147e-02
-1.580899999999999928e+01 -7.828999999999999737e+00 -6.046999999999999709e+00 -1.059999999999999970e-01
-5.310199999999999676e+01 -1.820799999999999841e+01 -8.532000000000000028e+00 2.496999999999999886e+00
-7.019700000000000273e+01 -2.364699999999999847e+01 -1.339899999999999913e+01 7.905000000000000249e+00
-6.157600000000000051e+01 -2.516900000000000048e+01 -2.016300000000000026e+01 1.392500000000000071e+01
-6.307300000000000040e+01 -2.963200000000000145e+01 -2.719300000000000139e+01 1.656700000000000017e+01
-8.790500000000000114e+01 -3.822899999999999920e+01 -3.011700000000000088e+01 1.301500000000000057e+01
-1.080559999999999974e+02 -4.627499999999999858e+01 -2.586499999999999844e+01 4.788999999999999702e+00
-1.072560000000000002e+02 -5.189200000000000301e+01 -1.850400000000000134e+01 -3.059000000000000163e+00
-9.938400000000000034e+01 -5.587199999999999989e+01 -1.633500000000000085e+01 -7.613000000000000433e+00
-8.809699999999999420e+01 -5.458299999999999841e+01 -1.885300000000000153e+01 -1.124499999999999922e+01
-5.237599999999999767e+01 -4.167399999999999949e+01 -1.309600000000000009e+01 -1.644200000000000017e+01
1.665299999999999869e+01 -1.697299999999999898e+01 8.983999999999999986e+00 -2.012699999999999889e+01
8.713700000000000045e+01 1.064700000000000024e+01 3.663199999999999790e+01 -1.742800000000000082e+01
1.123110000000000070e+02 2.898000000000000043e+01 5.138100000000000023e+01 -9.589999999999999858e+00
8.618699999999999761e+01 3.132999999999999829e+01 4.611500000000000199e+01 -3.221000000000000085e+00
5.255400000000000205e+01 2.197400000000000020e+01 2.931700000000000017e+01 -1.985000000000000098e+00
4.604399999999999693e+01 1.095100000000000051e+01 1.540499999999999936e+01 -3.753000000000000114e+00
5.063400000000000034e+01 2.479999999999999982e+00 1.173700000000000010e+01 -5.559000000000000163e+00
3.605400000000000205e+01 -6.443999999999999950e+00 1.221400000000000041e+01 -6.235000000000000320e+00
5.211999999999999744e+00 -1.687900000000000134e+01 5.791000000000000369e+00 -4.615000000000000213e+00
-2.158800000000000097e+01 -2.545599999999999952e+01 -8.016999999999999460e+00 -5.859999999999999654e-01
-4.057099999999999795e+01 -2.967999999999999972e+01 -1.744800000000000040e+01 2.665999999999999925e+00
-5.452300000000000324e+01 -2.870100000000000051e+01 -1.328899999999999970e+01 2.387000000000000011e+00
-5.321000000000000085e+01 -2.079500000000000171e+01 -1.529999999999999971e-01 5.889999999999999680e-01
-2.791600000000000037e+01 -5.362000000000000099e+00 9.201000000000000512e+00 7.109999999999999654e-01
6.934000000000000163e+00 1.216399999999999970e+01 7.514000000000000234e+00 2.669000000000000039e+00
2.356899999999999906e+01 2.126599999999999824e+01 -2.170999999999999819e+00 4.134000000000000341e+00
1.215199999999999925e+01 1.664999999999999858e+01 -1.297000000000000064e+01 4.195000000000000284e+00
-8.294000000000000483e+00 5.434000000000000163e+00 -1.930699999999999861e+01 3.729000000000000092e+00
-1.463700000000000045e+01 -5.450000000000000400e-01 -1.630199999999999960e+01 3.616000000000000103e+00
-5.657000000000000028e+00 2.903000000000000025e+00 -3.330000000000000071e+00 3.826999999999999957e+00
3.938000000000000167e+00 1.102399999999999913e+01 1.044599999999999973e+01 3.853000000000000203e+00
7.652999999999999581e+00 1.796300000000000097e+01 1.350200000000000067e+01 3.346000000000000085e+00
1.243599999999999994e+01 2.141300000000000026e+01 5.331999999999999851e+00 2.423000000000000043e+00
1.878600000000000136e+01 2.140700000000000003e+01 -4.932000000000000384e+00 1.762000000000000011e+00
1.402800000000000047e+01 2.055499999999999972e+01 -9.868000000000000327e+00 2.036000000000000032e+00
-3.132000000000000117e+00 2.428000000000000114e+01 -8.023999999999999133e+00 2.810000000000000053e+00
-1.425200000000000067e+01 3.289900000000000091e+01 -2.274000000000000021e+00 2.916999999999999815e+00
-1.200200000000000067e+01 3.613600000000000279e+01 1.961000000000000076e+00 2.563000000000000167e+00
-1.077200000000000024e+01 2.624599999999999866e+01 1.167999999999999927e+00 3.302000000000000046e+00
-1.698100000000000165e+01 1.139899999999999913e+01 -1.981000000000000094e+00 4.657000000000000028e+00
-2.079799999999999827e+01 3.387999999999999901e+00 -2.458000000000000185e+00 3.225999999999999979e+00
-1.805399999999999849e+01 5.160000000000000142e-01 -4.319999999999999951e-01 -1.889000000000000012e+00
-1.307199999999999918e+01 -4.546999999999999709e+00 1.539999999999999980e-01 -5.591000000000000192e+00
-6.421000000000000263e+00 -9.750000000000000000e+00 -5.570000000000000506e-01 -3.104000000000000092e+00
3.451000000000000068e+00 -7.075000000000000178e+00 2.544999999999999929e+00 3.108999999999999986e+00
1.385200000000000031e+01 5.147999999999999687e+00 1.293399999999999928e+01 7.000000000000000000e+00
1.987600000000000122e+01 1.816400000000000148e+01 2.604500000000000171e+01 6.645999999999999908e+00
1.900400000000000134e+01 1.965099999999999980e+01 2.880900000000000105e+01 4.806000000000000050e+00
1.153299999999999947e+01 4.668000000000000149e+00 1.220299999999999940e+01 3.592999999999999972e+00
-1.766000000000000014e+00 -2.006500000000000128e+01 -1.285999999999999943e+01 1.758999999999999897e+00
-1.846600000000000108e+01 -4.089500000000000313e+01 -2.445799999999999841e+01 -2.262000000000000011e+00
-3.174200000000000088e+01 -4.643599999999999994e+01 -1.800400000000000134e+01 -6.932000000000000384e+00
-3.583299999999999841e+01 -3.791700000000000159e+01 -8.912000000000000810e+00 -9.211000000000000298e+00
-3.264999999999999858e+01 -2.742500000000000071e+01 -5.084999999999999964e+00 -8.497999999999999332e+00
-2.359400000000000119e+01 -1.976699999999999946e+01 1.669000000000000039e+00 -6.740000000000000213e+00
-2.217000000000000082e+00 -7.788999999999999702e+00 1.432399999999999984e+01 -5.198999999999999844e+00
3.129799999999999827e+01 8.175000000000000711e+00 2.246099999999999852e+01 -3.411000000000000032e+00
5.964399999999999835e+01 1.616000000000000014e+01 1.873799999999999955e+01 -9.919999999999999929e-01
6.574500000000000455e+01 1.433399999999999963e+01 7.469000000000000306e+00 1.532000000000000028e+00
4.965400000000000347e+01 1.474699999999999989e+01 -3.584999999999999964e+00 3.439999999999999947e+00
2.287300000000000111e+01 2.163400000000000034e+01 -9.092000000000000526e+00 4.469000000000000306e+00
-7.910000000000000364e-01 2.740800000000000125e+01 -7.709999999999999964e+00 5.304999999999999716e+00
-7.655999999999999694e+00 2.958200000000000074e+01 -4.623999999999999666e+00 6.865000000000000213e+00
7.748999999999999666e+00 3.202000000000000313e+01 -5.799999999999999822e+00 8.025999999999999801e+00
3.405700000000000216e+01 3.280199999999999960e+01 -7.950999999999999623e+00 6.150000000000000355e+00
5.178099999999999881e+01 2.670100000000000051e+01 -3.830000000000000071e+00 1.290999999999999925e+00
5.106199999999999761e+01 1.539000000000000057e+01 4.046000000000000263e+00 -3.101999999999999869e+00
3.476200000000000045e+01 3.540999999999999925e+00 5.844999999999999751e+00 -5.046000000000000263e+00
9.412000000000000810e+00 -1.008799999999999919e+01 -1.637999999999999901e+00 -5.964000000000000412e+00
-1.707799999999999940e+01 -2.715500000000000114e+01 -1.227500000000000036e+01 -6.166999999999999815e+00
-3.486699999999999733e+01 -4.055400000000000205e+01 -1.947700000000000031e+01 -3.423999999999999932e+00
-4.021399999999999864e+01 -4.137599999999999767e+01 -2.151200000000000045e+01 1.175999999999999934e+00
-3.773899999999999721e+01 -3.055799999999999983e+01 -1.858800000000000097e+01 2.158999999999999808e+00
-2.900300000000000011e+01 -1.550999999999999979e+01 -1.012500000000000000e+01 -1.931999999999999940e+00
-1.222499999999999964e+01 -1.102000000000000091e+00 1.338999999999999968e+00 -5.921000000000000263e+00
2.573999999999999844e+00 9.579000000000000625e+00 8.099999999999999645e+00 -6.820999999999999730e+00
-2.055000000000000160e+00 1.259200000000000053e+01 5.858999999999999986e+00 -7.416000000000000369e+00
-2.584799999999999898e+01 7.910000000000000142e+00 3.739999999999999991e-01 -8.595000000000000639e+00
-4.978399999999999892e+01 7.570000000000000062e-01 -1.455999999999999961e+00 -6.889999999999999680e+00
-6.154899999999999949e+01 -6.104000000000000092e+00 -8.609999999999999876e-01 -2.044000000000000039e+00
-6.250300000000000011e+01 -1.302899999999999991e+01 -7.459999999999999964e-01 1.278999999999999915e+00
-5.181900000000000261e+01 -1.469400000000000084e+01 8.589999999999999858e-01 1.008000000000000007e+00
-2.227599999999999980e+01 -2.894000000000000128e+00 6.033999999999999808e+00 8.699999999999999400e-02
2.404799999999999827e+01 1.925199999999999889e+01 1.344999999999999929e+01 7.269999999999999796e-01
6.345499999999999829e+01 3.497699999999999676e+01 1.886299999999999955e+01 1.590999999999999970e+00
6.601099999999999568e+01 2.876099999999999923e+01 1.699099999999999966e+01 1.306999999999999940e+00
3.025100000000000122e+01 2.908999999999999808e+00 8.736000000000000654e+00 9.459999999999999520e-01
-8.228999999999999204e+00 -2.246000000000000085e+01 2.350000000000000089e+00 1.760000000000000009e+00
-1.377899999999999991e+01 -3.005799999999999983e+01 1.772999999999999909e+00 2.958000000000000185e+00
1.123799999999999955e+01 -2.224500000000000099e+01 2.696000000000000174e+00 3.241999999999999993e+00
3.496300000000000097e+01 -1.231900000000000084e+01 3.172000000000000153e+00 2.858999999999999986e+00
3.662199999999999989e+01 -7.395999999999999908e+00 6.102999999999999758e+00 2.782000000000000028e+00
2.417299999999999827e+01 -6.591000000000000192e+00 8.951999999999999957e+00 3.221999999999999975e+00
1.223700000000000010e+01 -8.127000000000000668e+00 3.149999999999999911e+00 3.911999999999999922e+00
3.185999999999999943e+00 -1.077299999999999969e+01 -1.344699999999999918e+01 4.750000000000000000e+00
-5.222000000000000419e+00 -1.224300000000000033e+01 -3.204200000000000159e+01 5.464000000000000412e+00
-1.257099999999999973e+01 -1.178500000000000014e+01 -4.207999999999999829e+01 5.392000000000000348e+00
-1.674899999999999878e+01 -1.067800000000000082e+01 -3.976299999999999812e+01 4.078999999999999737e+00
-1.016000000000000014e+01 -6.636000000000000121e+00 -2.763100000000000023e+01 1.703000000000000069e+00
1.242300000000000004e+01 3.451000000000000068e+00 -1.072799999999999976e+01 -1.219000000000000083e+00
3.324099999999999966e+01 1.300900000000000034e+01 4.307000000000000384e+00 -3.947000000000000064e+00
2.219800000000000040e+01 1.203599999999999959e+01 1.075799999999999912e+01 -5.655999999999999694e+00
-2.077400000000000091e+01 3.049999999999999822e+00 8.340999999999999304e+00 -6.128999999999999559e+00
-5.882800000000000296e+01 -4.278999999999999915e+00 5.575999999999999623e+00 -5.653999999999999915e+00
-6.313400000000000034e+01 -7.272000000000000242e+00 1.022100000000000009e+01 -4.133000000000000007e+00
-3.793099999999999739e+01 -3.024999999999999911e+00 2.013599999999999923e+01 -1.364999999999999991e+00
5.033999999999999808e+00 1.967899999999999849e+01 2.818499999999999872e+01 1.778999999999999915e+00
6.113000000000000256e+01 5.904299999999999926e+01 3.277000000000000313e+01 3.093999999999999861e+00
1.093769999999999953e+02 8.240099999999999625e+01 3.689300000000000068e+01 1.219999999999999973e+00
1.107270000000000039e+02 5.805499999999999972e+01 3.828399999999999892e+01 -1.633000000000000007e+00
5.454200000000000159e+01 6.490000000000000213e-01 3.074099999999999966e+01 -2.138999999999999790e+00
-1.339799999999999969e+01 -4.139000000000000057e+01 1.697899999999999920e+01 -1.092999999999999972e+00
-3.699199999999999733e+01 -4.205199999999999960e+01 7.685999999999999943e+00 -1.310000000000000053e+00
-1.692399999999999949e+01 -2.055900000000000105e+01 5.604000000000000092e+00 -1.747999999999999998e+00
-1.157999999999999918e+00 -8.442000000000000171e+00 3.527000000000000135e+00 1.940000000000000058e-01
-1.161500000000000021e+01 -1.148600000000000065e+01 -2.029999999999999805e+00 3.116999999999999993e+00
-2.246999999999999886e+01 -1.324699999999999989e+01 -7.684999999999999609e+00 3.876999999999999780e+00
-1.535399999999999920e+01 -6.011999999999999567e+00 -1.158600000000000030e+01 2.494000000000000217e+00
-7.621999999999999886e+00 9.199999999999999845e-02 -1.516200000000000081e+01 9.589999999999999636e-01
-1.402999999999999936e+01 -2.343999999999999861e+00 -1.901099999999999923e+01 3.920000000000000151e-01
-2.332499999999999929e+01 -7.758000000000000007e+00 -2.238100000000000023e+01 1.993000000000000105e+00
-2.406400000000000006e+01 -9.813000000000000611e+00 -2.466199999999999903e+01 6.911999999999999922e+00
-2.151800000000000068e+01 -1.003899999999999970e+01 -2.633999999999999986e+01 1.248399999999999999e+01
-2.307300000000000040e+01 -1.289499999999999957e+01 -2.884199999999999875e+01 1.256600000000000072e+01
-2.551999999999999957e+01 -1.701099999999999923e+01 -3.063700000000000045e+01 5.118999999999999773e+00
-2.008800000000000097e+01 -1.369400000000000084e+01 -2.570499999999999829e+01 -3.533999999999999808e+00
-6.942999999999999616e+00 1.102000000000000091e+00 -1.200200000000000067e+01 -6.272000000000000242e+00
-1.509999999999999953e-01 1.575000000000000000e+01 1.520000000000000018e+00 -4.764000000000000234e+00
-8.881000000000000227e+00 1.461400000000000077e+01 4.312999999999999723e+00 -6.261000000000000121e+00
-2.115899999999999892e+01 5.190000000000000169e-01 1.690000000000000113e-01 -1.228800000000000026e+01
-2.032499999999999929e+01 -7.482000000000000206e+00 4.482999999999999652e+00 -1.597899999999999920e+01
-5.866999999999999993e+00 -7.700000000000000178e-01 2.119000000000000128e+01 -1.135899999999999999e+01
1.384600000000000009e+01 9.253999999999999559e+00 3.325900000000000034e+01 -1.691000000000000059e+00
3.103800000000000026e+01 1.150300000000000011e+01 2.578800000000000026e+01 4.471000000000000085e+00
3.309499999999999886e+01 9.207000000000000739e+00 7.238000000000000433e+00 4.027000000000000135e+00
1.267900000000000027e+01 9.730000000000000426e+00 -4.714999999999999858e+00 1.417999999999999927e+00
-1.282499999999999929e+01 1.380199999999999960e+01 -7.248000000000000220e+00 7.469999999999999973e-01
-1.824099999999999966e+01 1.797400000000000020e+01 -8.304999999999999716e+00 1.387999999999999901e+00
-5.639000000000000234e+00 1.971399999999999864e+01 -8.202999999999999403e+00 1.566000000000000059e+00
3.145000000000000018e+00 1.949800000000000111e+01 -1.284000000000000030e+00 1.445999999999999952e+00
2.306000000000000050e+00 1.987199999999999989e+01 9.162000000000000810e+00 1.590999999999999970e+00
3.306000000000000050e+00 1.963500000000000156e+01 1.259200000000000053e+01 1.491999999999999993e+00
7.714999999999999858e+00 1.307199999999999918e+01 6.924000000000000377e+00 8.930000000000000160e-01
4.604000000000000092e+00 3.330000000000000182e-01 2.640000000000000124e-01 6.850000000000000533e-01
-6.915000000000000036e+00 -1.004599999999999937e+01 -2.205000000000000071e+00 1.429000000000000048e+00
-9.247999999999999332e+00 -1.312500000000000000e+01 -1.370000000000000107e+00 2.337000000000000188e+00
1.076900000000000013e+01 -1.263000000000000078e+01 2.204000000000000181e+00 2.486000000000000210e+00
3.270700000000000074e+01 -1.392099999999999937e+01 6.562000000000000277e+00 1.983000000000000096e+00
2.031400000000000006e+01 -1.924899999999999878e+01 6.253999999999999559e+00 1.362999999999999989e+00
-2.092800000000000082e+01 -2.821900000000000119e+01 -2.330000000000000127e-01 8.110000000000000542e-01
-4.313799999999999812e+01 -3.805700000000000216e+01 -7.722999999999999865e+00 5.540000000000000480e-01
-2.787199999999999989e+01 -4.382800000000000296e+01 -1.226399999999999935e+01 8.820000000000000062e-01
-9.983000000000000540e+00 -4.227900000000000347e+01 -1.532300000000000040e+01 1.088000000000000078e+00
-1.554599999999999937e+01 -3.569100000000000250e+01 -1.909299999999999997e+01 -1.200000000000000025e-02
-2.421900000000000119e+01 -2.735300000000000153e+01 -2.275700000000000145e+01 -1.685999999999999943e+00
-1.168200000000000038e+01 -1.599799999999999933e+01 -2.490500000000000114e+01 -1.629999999999999893e+00
5.432000000000000384e+00 -1.189999999999999947e+00 -2.630600000000000094e+01 4.789999999999999813e-01
-4.812000000000000277e+00 1.274200000000000088e+01 -2.654100000000000037e+01 2.084000000000000075e+00
-3.239200000000000301e+01 2.440899999999999892e+01 -2.032199999999999918e+01 1.233999999999999986e+00
-3.090800000000000125e+01 3.660300000000000153e+01 -3.607000000000000206e+00 -7.540000000000000036e-01
1.392699999999999960e+01 4.797200000000000131e+01 1.764099999999999824e+01 -1.026999999999999913e+00
6.234799999999999898e+01 5.564699999999999847e+01 3.101999999999999957e+01 1.254000000000000004e+00
7.885200000000000387e+01 6.108200000000000074e+01 3.028099999999999881e+01 4.033000000000000362e+00
6.990900000000000603e+01 6.244200000000000017e+01 1.966199999999999903e+01 5.118000000000000327e+00
5.348499999999999943e+01 5.281600000000000250e+01 5.474000000000000199e+00 5.100999999999999979e+00
3.157000000000000028e+01 3.266199999999999903e+01 -9.381000000000000227e+00 6.636000000000000121e+00
4.894000000000000128e+00 1.068900000000000006e+01 -2.017599999999999838e+01 1.052699999999999925e+01
-1.366099999999999959e+01 -7.360999999999999766e+00 -1.875400000000000134e+01 1.323099999999999987e+01
-1.436999999999999922e+01 -1.832600000000000051e+01 -2.321000000000000174e+00 1.005400000000000027e+01
-5.618999999999999773e+00 -1.584099999999999930e+01 2.084799999999999898e+01 1.540000000000000036e+00
-3.319999999999999840e+00 9.010000000000000231e-01 3.662400000000000233e+01 -5.974000000000000199e+00
-1.325099999999999945e+01 1.613599999999999923e+01 3.574499999999999744e+01 -8.393000000000000682e+00
-2.905000000000000071e+01 1.123000000000000043e+01 2.208500000000000085e+01 -9.179000000000000270e+00
-3.760699999999999932e+01 -9.192000000000000171e+00 9.455999999999999517e+00 -1.259200000000000053e+01
-2.442299999999999827e+01 -2.103200000000000003e+01 7.830000000000000071e+00 -1.579400000000000048e+01
1.204800000000000004e+01 -1.364600000000000080e+01 1.572300000000000075e+01 -1.419500000000000028e+01
4.981099999999999994e+01 -2.103000000000000203e+00 2.501200000000000045e+01 -1.028400000000000070e+01
5.973499999999999943e+01 -3.591000000000000192e+00 2.703099999999999881e+01 -9.384000000000000341e+00
3.346800000000000352e+01 -1.778000000000000114e+01 1.786499999999999844e+01 -1.084600000000000009e+01
-7.631000000000000227e+00 -3.244100000000000250e+01 4.171999999999999709e+00 -1.101399999999999935e+01
-3.002400000000000091e+01 -3.624199999999999733e+01 -2.845000000000000195e+00 -1.000300000000000011e+01
-2.135200000000000031e+01 -2.757199999999999918e+01 -3.144000000000000128e+00 -8.612000000000000099e+00
-3.729999999999999982e+00 -1.694399999999999906e+01 -6.639999999999999680e+00 -4.876000000000000334e+00
-8.429999999999999716e-01 -1.542399999999999949e+01 -1.461700000000000088e+01 6.340000000000000080e-01
-5.339999999999999858e+00 -2.086499999999999844e+01 -1.765800000000000125e+01 3.466000000000000192e+00
7.209999999999999742e-01 -2.308800000000000097e+01 -1.332099999999999973e+01 2.725999999999999979e+00
1.131400000000000006e+01 -1.879100000000000037e+01 -9.676000000000000156e+00 2.557999999999999829e+00
8.423999999999999488e+00 -1.361899999999999977e+01 -1.159900000000000020e+01 5.206999999999999851e+00
-4.908000000000000362e+00 -1.317699999999999960e+01 -1.621300000000000097e+01 8.923999999999999488e+00
-9.727000000000000313e+00 -1.691199999999999903e+01 -1.870100000000000051e+01 1.170400000000000063e+01
-2.068999999999999950e+00 -1.855499999999999972e+01 -1.515300000000000047e+01 1.227100000000000080e+01
3.616999999999999993e+00 -1.220800000000000018e+01 -4.581999999999999851e+00 9.580999999999999517e+00
-2.536999999999999922e+00 -1.213999999999999968e+00 7.613000000000000433e+00 4.740999999999999659e+00
-1.761700000000000088e+01 1.695000000000000062e+00 1.178100000000000058e+01 9.130000000000000338e-01
-3.655100000000000193e+01 -1.122700000000000031e+01 2.797000000000000153e+00 -8.239999999999999547e-01
-5.353699999999999903e+01 -3.086899999999999977e+01 -1.348499999999999943e+01 -2.839999999999999858e+00
-5.583400000000000318e+01 -3.957999999999999829e+01 -2.446600000000000108e+01 -6.036999999999999922e+00
-3.443299999999999983e+01 -2.914499999999999957e+01 -2.250199999999999889e+01 -6.942999999999999616e+00
-1.711999999999999966e+00 -6.214999999999999858e+00 -1.114199999999999946e+01 -3.245000000000000107e+00
1.635200000000000031e+01 1.622899999999999920e+01 1.019999999999999934e-01 1.485999999999999988e+00
8.782999999999999474e+00 2.750499999999999901e+01 4.794999999999999929e+00 2.888999999999999790e+00
-7.758000000000000007e+00 2.376300000000000168e+01 3.733999999999999986e+00 1.919999999999999929e+00
-8.384000000000000341e+00 1.096700000000000053e+01 2.867999999999999883e+00 1.826000000000000068e+00
1.236100000000000065e+01 1.713999999999999968e+00 7.299000000000000377e+00 2.734999999999999876e+00
3.695000000000000284e+01 3.700000000000000178e+00 1.577200000000000024e+01 2.870999999999999996e+00
4.651800000000000068e+01 1.315499999999999936e+01 2.176999999999999957e+01 2.148000000000000131e+00
3.845100000000000051e+01 2.275600000000000023e+01 2.130399999999999849e+01 1.816999999999999948e+00
1.972599999999999909e+01 2.944600000000000151e+01 1.702899999999999991e+01 2.451000000000000068e+00
-5.621999999999999886e+00 3.160900000000000176e+01 1.224699999999999989e+01 3.665000000000000036e+00
-2.949099999999999966e+01 2.767299999999999827e+01 5.756999999999999673e+00 4.602000000000000313e+00
-3.392900000000000205e+01 1.989799999999999969e+01 -2.478000000000000203e+00 4.416999999999999815e+00
-1.303700000000000081e+01 1.399799999999999933e+01 -6.344999999999999751e+00 3.259999999999999787e+00
1.266600000000000037e+01 1.427999999999999936e+01 -1.191000000000000059e+00 2.412999999999999812e+00
2.190500000000000114e+01 1.814999999999999858e+01 7.381999999999999673e+00 2.623000000000000220e+00
1.685200000000000031e+01 1.646399999999999864e+01 8.474000000000000199e+00 3.197999999999999954e+00
9.458000000000000185e+00 6.072000000000000064e+00 -9.120000000000000329e-01 3.346999999999999975e+00
3.271999999999999797e+00 -2.592999999999999972e+00 -1.159399999999999942e+01 2.986000000000000210e+00
4.979999999999999982e-01 -3.009999999999999898e-01 -1.358799999999999919e+01 2.213999999999999968e+00
7.892999999999999794e+00 7.011999999999999567e+00 -8.412000000000000810e+00 1.481000000000000094e+00
2.081700000000000017e+01 8.759999999999999787e+00 -5.139000000000000234e+00 1.491000000000000103e+00
1.958399999999999963e+01 4.209999999999999964e+00 -7.788999999999999702e+00 1.903999999999999915e+00
-1.288000000000000034e+00 -2.192000000000000171e+00 -1.357499999999999929e+01 1.493000000000000105e+00
-2.262199999999999989e+01 -1.134999999999999964e+01 -2.050900000000000034e+01 -9.099999999999999756e-02
-3.378199999999999648e+01 -2.559799999999999898e+01 -2.751399999999999935e+01 -2.144000000000000128e+00
-4.676400000000000290e+01 -3.900699999999999790e+01 -2.884700000000000131e+01 -4.222999999999999865e+00
-6.603799999999999670e+01 -4.212800000000000011e+01 -2.022400000000000020e+01 -6.136999999999999567e+00
-7.235500000000000398e+01 -3.280199999999999960e+01 -7.714000000000000412e+00 -7.056000000000000050e+00
-4.652100000000000080e+01 -1.283500000000000085e+01 2.765000000000000124e+00 -6.243000000000000327e+00
4.982999999999999652e+00 1.640599999999999881e+01 1.610600000000000165e+01 -4.250000000000000000e+00
5.672200000000000131e+01 4.593999999999999773e+01 3.340800000000000125e+01 -1.735000000000000098e+00
9.239600000000000080e+01 6.170900000000000318e+01 4.094599999999999795e+01 1.514000000000000012e+00
1.086099999999999994e+02 5.930499999999999972e+01 2.882700000000000173e+01 4.153999999999999915e+00
9.343200000000000216e+01 4.226299999999999812e+01 7.540000000000000036e+00 3.052999999999999936e+00
4.010000000000000142e+01 1.487199999999999989e+01 -5.421000000000000263e+00 -1.284000000000000030e+00
-1.842800000000000082e+01 -1.135299999999999976e+01 -6.027999999999999581e+00 -3.435999999999999943e+00
-3.641799999999999926e+01 -2.165700000000000003e+01 -3.436999999999999833e+00 -4.660000000000000253e-01
-1.415700000000000003e+01 -1.695400000000000063e+01 -4.402999999999999581e+00 4.110999999999999766e+00
7.918999999999999595e+00 -1.326999999999999957e+01 -3.886000000000000121e+00 5.883000000000000007e+00
3.369000000000000217e+00 -1.919200000000000017e+01 5.548000000000000043e+00 5.251000000000000334e+00
-1.723900000000000077e+01 -2.532199999999999918e+01 1.831700000000000017e+01 6.123999999999999666e+00
-2.770299999999999940e+01 -1.902299999999999969e+01 2.213100000000000023e+01 1.018900000000000006e+01
-1.711499999999999844e+01 -9.869999999999999885e-01 1.803800000000000026e+01 1.341399999999999970e+01
-6.590000000000000302e-01 1.856700000000000017e+01 1.774699999999999989e+01 1.005199999999999960e+01
7.339999999999999858e-01 3.222599999999999909e+01 2.358599999999999852e+01 3.230000000000000093e-01
-1.241499999999999915e+01 3.694500000000000028e+01 2.488700000000000045e+01 -9.153999999999999915e+00
-2.292200000000000060e+01 3.149399999999999977e+01 1.127999999999999936e+01 -1.351900000000000013e+01
-2.394600000000000151e+01 1.913599999999999923e+01 -1.508099999999999952e+01 -1.498399999999999999e+01
-2.297500000000000142e+01 8.144000000000000128e+00 -3.764999999999999858e+01 -1.811599999999999966e+01
-2.235099999999999909e+01 6.171000000000000263e+00 -3.982600000000000051e+01 -2.193900000000000006e+01
-1.699800000000000111e+01 1.350900000000000034e+01 -2.373000000000000043e+01 -2.034100000000000108e+01
-1.213299999999999912e+01 1.964999999999999858e+01 -7.708999999999999631e+00 -1.107600000000000051e+01
-2.043400000000000105e+01 1.028299999999999947e+01 -4.491999999999999993e+00 -7.459999999999999964e-01
-3.688300000000000267e+01 -1.563799999999999990e+01 -9.974000000000000199e+00 2.532000000000000028e+00
-3.989900000000000091e+01 -4.062299999999999756e+01 -1.443999999999999950e+01 -8.599999999999999867e-01
-2.226500000000000057e+01 -4.737800000000000011e+01 -1.579700000000000060e+01 -3.609999999999999876e+00
2.277000000000000135e+00 -3.648599999999999710e+01 -1.727599999999999980e+01 -1.284000000000000030e+00
2.351000000000000156e+01 -2.053200000000000003e+01 -1.922400000000000020e+01 4.142000000000000348e+00
4.120199999999999818e+01 -9.647000000000000242e+00 -2.012199999999999989e+01 8.567000000000000171e+00
4.866400000000000148e+01 -8.439999999999999503e+00 -2.067200000000000060e+01 8.894000000000000128e+00
3.451700000000000301e+01 -1.691199999999999903e+01 -1.865800000000000125e+01 4.464000000000000412e+00
5.687000000000000277e+00 -2.489799999999999969e+01 -4.065000000000000391e+00 -8.639999999999999902e-01
-1.006700000000000017e+01 -1.543699999999999939e+01 2.757700000000000173e+01 -1.461000000000000076e+00
9.060000000000000275e-01 1.281700000000000017e+01 5.713499999999999801e+01 2.387000000000000011e+00
1.547000000000000064e+01 3.566700000000000159e+01 5.779099999999999682e+01 3.907999999999999918e+00
8.413000000000000256e+00 3.013899999999999935e+01 3.377100000000000080e+01 -1.829999999999999960e-01
-9.377000000000000668e+00 3.003000000000000114e+00 1.540099999999999980e+01 -4.506000000000000227e+00
-1.321700000000000053e+01 -1.982300000000000040e+01 1.252899999999999991e+01 -3.696000000000000174e+00
-2.173999999999999932e+00 -2.510500000000000043e+01 7.211000000000000298e+00 -3.830000000000000071e-01
7.629999999999999893e+00 -2.061199999999999832e+01 -8.173000000000000043e+00 4.219999999999999862e-01
7.966999999999999638e+00 -1.600100000000000122e+01 -2.018799999999999883e+01 -5.080000000000000071e-01
2.008000000000000007e+00 -1.159699999999999953e+01 -2.001399999999999935e+01 4.969999999999999973e-01
-6.408999999999999808e+00 -7.006999999999999673e+00 -1.446400000000000041e+01 2.991000000000000103e+00
-1.766000000000000014e+01 -5.958000000000000185e+00 -1.298199999999999932e+01 3.781000000000000139e+00
-2.968799999999999883e+01 -9.792999999999999261e+00 -1.676599999999999824e+01 2.773000000000000131e+00
-3.165899999999999892e+01 -1.425900000000000034e+01 -1.963899999999999935e+01 2.798000000000000043e+00
-1.522199999999999953e+01 -1.424300000000000033e+01 -1.684299999999999997e+01 5.153999999999999915e+00
9.795999999999999375e+00 -1.000399999999999956e+01 -1.212599999999999945e+01 8.257999999999999119e+00
2.505399999999999849e+01 -6.205000000000000071e+00 -1.080499999999999972e+01 9.502000000000000668e+00
2.702799999999999869e+01 -3.869000000000000217e+00 -9.460000000000000853e+00 7.581999999999999851e+00
2.705099999999999838e+01 -3.340000000000000191e-01 -3.047000000000000153e+00 3.886000000000000121e+00
3.020299999999999940e+01 2.105999999999999872e+00 3.903000000000000025e+00 8.960000000000000187e-01
2.882000000000000028e+01 -9.859999999999999876e-01 4.687000000000000277e+00 -9.499999999999999556e-01
1.882700000000000173e+01 -4.963000000000000078e+00 1.864999999999999991e+00 -3.137999999999999901e+00
8.768000000000000682e+00 -2.730000000000000204e-01 1.951000000000000068e+00 -5.955000000000000071e+00
9.839000000000000412e+00 1.239400000000000013e+01 4.576999999999999957e+00 -7.230999999999999872e+00
2.945200000000000173e+01 2.242299999999999827e+01 4.394999999999999574e+00 -4.730000000000000426e+00
6.857699999999999818e+01 2.521199999999999974e+01 1.169000000000000039e+00 1.034999999999999920e+00
1.080799999999999983e+02 2.626099999999999923e+01 1.594999999999999973e+00 6.774000000000000021e+00
1.148730000000000047e+02 2.852599999999999980e+01 1.037700000000000067e+01 8.881000000000000227e+00
8.274699999999999989e+01 2.892899999999999849e+01 2.353099999999999881e+01 6.501999999999999780e+00
4.293500000000000227e+01 2.570400000000000063e+01 3.121999999999999886e+01 2.503000000000000114e+00
1.825499999999999901e+01 1.673600000000000065e+01 2.585099999999999909e+01 -2.069999999999999896e-01
-1.798999999999999932e+00 -1.243000000000000105e+00 8.987000000000000099e+00 -2.551000000000000156e+00
-2.858200000000000074e+01 -2.171099999999999852e+01 -8.814000000000000057e+00 -6.354000000000000092e+00
-5.078099999999999881e+01 -2.860200000000000031e+01 -1.729500000000000171e+01 -9.300000000000000711e+00
-5.594599999999999795e+01 -1.583500000000000085e+01 -1.630600000000000094e+01 -7.556000000000000050e+00
-5.024199999999999733e+01 2.208000000000000185e+00 -1.393699999999999939e+01 -2.388999999999999790e+00
-4.637199999999999989e+01 6.269999999999999574e+00 -1.501999999999999957e+01 1.127000000000000002e+00
-4.738799999999999812e+01 -5.868999999999999773e+00 -1.568999999999999950e+01 1.548999999999999932e+00
-4.925999999999999801e+01 -1.931700000000000017e+01 -1.076600000000000001e+01 1.804000000000000048e+00
-5.013199999999999790e+01 -2.243799999999999883e+01 -2.088000000000000078e+00 3.009999999999999787e+00
-5.068800000000000239e+01 -1.812600000000000122e+01 5.238000000000000433e+00 3.036000000000000032e+00
-4.710000000000000142e+01 -1.225500000000000078e+01 1.144699999999999918e+01 1.096000000000000085e+00
-3.128399999999999892e+01 -2.665999999999999925e+00 1.851800000000000068e+01 -8.020000000000000462e-01
-4.160000000000000142e+00 1.316699999999999982e+01 2.118299999999999983e+01 -1.106999999999999984e+00
1.974800000000000111e+01 2.875600000000000023e+01 1.347799999999999976e+01 -2.710000000000000187e-01
2.780900000000000105e+01 3.422999999999999687e+01 1.548999999999999932e+00 7.429999999999999938e-01
2.021000000000000085e+01 2.742800000000000082e+01 -3.313000000000000167e+00 1.427999999999999936e+00
3.552000000000000046e+00 1.545199999999999996e+01 -1.010000000000000009e+00 1.584999999999999964e+00
-1.485800000000000054e+01 6.046000000000000263e+00 1.387000000000000011e+00 1.215000000000000080e+00
-2.553000000000000114e+01 1.080000000000000071e+00 4.277000000000000135e+00 4.689999999999999725e-01
-2.159199999999999875e+01 -8.219999999999999529e-01 1.113100000000000023e+01 -3.549999999999999822e-01
-9.455000000000000071e+00 -2.137999999999999901e+00 1.540000000000000036e+01 -9.080000000000000293e-01
-5.315999999999999837e+00 -8.095000000000000639e+00 7.399000000000000021e+00 -1.135999999999999899e+00
-1.312100000000000044e+01 -1.997299999999999898e+01 -8.548000000000000043e+00 -1.266000000000000014e+00
-1.642800000000000082e+01 -2.776500000000000057e+01 -1.708299999999999841e+01 -1.264000000000000012e+00
-5.628999999999999559e+00 -2.167699999999999960e+01 -1.168299999999999983e+01 -6.850000000000000533e-01
1.659000000000000030e+00 -6.524000000000000021e+00 -9.449999999999999512e-01 7.910000000000000364e-01
-1.304599999999999937e+01 4.426999999999999602e+00 4.509999999999999787e+00 2.801000000000000156e+00
-3.946000000000000085e+01 2.986000000000000210e+00 1.754000000000000004e+00 4.391000000000000014e+00
-5.486599999999999966e+01 -8.596999999999999531e+00 -5.402000000000000135e+00 5.081999999999999851e+00
-5.282999999999999829e+01 -1.858699999999999974e+01 -9.336000000000000298e+00 5.570999999999999730e+00
-3.970600000000000307e+01 -1.541799999999999926e+01 -4.862000000000000099e+00 6.411999999999999922e+00
-1.899299999999999855e+01 2.320000000000000118e-01 3.935000000000000053e+00 6.809999999999999609e+00
5.844999999999999751e+00 1.880499999999999972e+01 8.105000000000000426e+00 5.679000000000000270e+00
2.473300000000000054e+01 3.435999999999999943e+01 4.633000000000000007e+00 2.428999999999999826e+00
2.795599999999999952e+01 4.404399999999999693e+01 -2.419000000000000039e+00 -3.196000000000000174e+00
1.378500000000000014e+01 4.090500000000000114e+01 -9.403000000000000469e+00 -9.877000000000000668e+00
-1.008999999999999986e+01 2.161499999999999844e+01 -1.392099999999999937e+01 -1.456400000000000006e+01
-2.766900000000000048e+01 -1.883000000000000007e+00 -1.092800000000000082e+01 -1.592300000000000004e+01
-2.663599999999999923e+01 -1.284099999999999930e+01 1.439999999999999891e-01 -1.535800000000000054e+01
-1.313400000000000034e+01 -9.153000000000000469e+00 7.644000000000000128e+00 -1.287599999999999945e+01
-5.294999999999999929e+00 -1.768000000000000016e+00 1.788000000000000034e+00 -6.641000000000000014e+00
-1.282699999999999996e+01 -1.078000000000000069e+00 -7.794999999999999929e+00 1.530000000000000027e+00
-2.809499999999999886e+01 -1.115600000000000058e+01 -5.256999999999999673e+00 5.964000000000000412e+00
-3.532699999999999818e+01 -2.587699999999999889e+01 7.225999999999999979e+00 4.713000000000000078e+00
-2.742200000000000060e+01 -2.947700000000000031e+01 1.690800000000000125e+01 2.555000000000000160e+00
-1.035299999999999976e+01 -1.278700000000000081e+01 2.282600000000000051e+01 4.128000000000000114e+00
8.694000000000000838e+00 1.299499999999999922e+01 3.092599999999999838e+01 7.344999999999999751e+00
2.542000000000000171e+01 2.644699999999999918e+01 3.600000000000000000e+01 6.737000000000000099e+00
3.136400000000000077e+01 1.673600000000000065e+01 2.778900000000000148e+01 1.639999999999999902e+00
1.982300000000000040e+01 -8.826999999999999957e+00 9.377000000000000668e+00 -3.100999999999999979e+00
-1.032000000000000028e+00 -3.320100000000000051e+01 -6.450000000000000178e+00 -4.224000000000000199e+00
-1.367600000000000016e+01 -4.313000000000000256e+01 -1.369899999999999984e+01 -3.613999999999999879e+00
-5.514999999999999680e+00 -3.765599999999999881e+01 -1.487899999999999956e+01 -3.923000000000000043e+00
2.678399999999999892e+01 -2.440200000000000102e+01 -1.447000000000000064e+01 -4.190999999999999837e+00
7.299899999999999523e+01 -8.689999999999999503e+00 -1.623999999999999844e+01 -2.068000000000000060e+00
1.088850000000000051e+02 9.246000000000000441e+00 -1.890500000000000114e+01 1.877000000000000002e+00
1.168949999999999960e+02 2.813400000000000034e+01 -1.542699999999999960e+01 4.639000000000000234e+00
1.049369999999999976e+02 4.276400000000000290e+01 -3.580000000000000071e+00 4.506999999999999673e+00
9.017100000000000648e+01 4.592900000000000205e+01 7.602000000000000313e+00 2.653999999999999915e+00
7.162399999999999523e+01 3.268399999999999750e+01 8.730999999999999872e+00 1.241000000000000103e+00
4.011299999999999955e+01 8.393000000000000682e+00 2.717000000000000082e+00 7.620000000000000107e-01
7.610999999999999766e+00 -9.993000000000000327e+00 -8.239999999999999547e-01 3.830000000000000071e-01
-4.480000000000000426e+00 -1.016099999999999959e+01 -8.499999999999999778e-01 7.339999999999999858e-01
-1.280999999999999917e+00 6.740000000000000435e-01 -5.171999999999999709e+00 3.367999999999999883e+00
-6.525000000000000355e+00 6.429999999999999716e+00 -1.475900000000000034e+01 6.677999999999999936e+00
-2.399699999999999989e+01 3.359999999999999876e+00 -1.928200000000000003e+01 6.902999999999999581e+00
-3.543599999999999994e+01 -3.489999999999999769e-01 -1.328500000000000014e+01 4.671999999999999709e+00
-3.560099999999999909e+01 -3.456999999999999851e+00 -6.264000000000000234e+00 4.775000000000000355e+00
-4.408899999999999864e+01 -1.626699999999999946e+01 -1.046499999999999986e+01 7.522000000000000242e+00
-7.007899999999999352e+01 -4.002799999999999869e+01 -2.388899999999999935e+01 7.004999999999999893e+00
-8.652700000000000102e+01 -5.517300000000000182e+01 -3.088599999999999923e+01 7.520000000000000018e-01
-6.411199999999999477e+01 -4.374000000000000199e+01 -2.195599999999999952e+01 -5.525999999999999801e+00
-1.106600000000000072e+01 -1.193599999999999994e+01 -5.355000000000000426e+00 -6.809999999999999609e+00
4.451100000000000279e+01 2.026500000000000057e+01 9.012999999999999901e+00 -6.557999999999999829e+00
8.365300000000000580e+01 3.827100000000000080e+01 2.293599999999999994e+01 -1.036800000000000033e+01
9.151200000000000045e+01 3.742900000000000205e+01 3.597299999999999898e+01 -1.627499999999999858e+01
6.146300000000000097e+01 2.335699999999999932e+01 3.752100000000000080e+01 -1.756400000000000006e+01
1.612900000000000134e+01 8.961000000000000298e+00 2.467899999999999849e+01 -1.260899999999999999e+01
-1.018099999999999916e+01 3.096999999999999975e+00 1.002100000000000080e+01 -5.809000000000000163e+00
-1.313100000000000023e+01 4.213000000000000078e+00 3.045999999999999819e+00 -7.019999999999999574e-01
-1.368999999999999950e+01 7.025999999999999801e+00 -6.640000000000000346e-01 2.305000000000000160e+00
-1.827299999999999969e+01 1.035999999999999943e+01 -6.998000000000000220e+00 3.193000000000000060e+00
-1.460899999999999999e+01 1.532399999999999984e+01 -1.374399999999999977e+01 1.868000000000000105e+00
-2.653999999999999915e+00 1.900100000000000122e+01 -1.721799999999999997e+01 -4.839999999999999858e-01
5.430000000000000382e-01 1.575000000000000000e+01 -1.834900000000000020e+01 -1.905999999999999917e+00
-1.126800000000000068e+01 5.721000000000000085e+00 -1.948000000000000043e+01 -1.141000000000000014e+00
-2.255600000000000094e+01 -3.053999999999999826e+00 -2.154299999999999926e+01 1.709000000000000075e+00
-1.649699999999999989e+01 -3.535000000000000142e+00 -2.414399999999999835e+01 5.431000000000000050e+00
4.737000000000000099e+00 1.806000000000000050e+00 -2.337000000000000099e+01 8.541999999999999815e+00
2.154899999999999949e+01 3.068000000000000060e+00 -1.291099999999999959e+01 9.920999999999999375e+00
1.732400000000000162e+01 -4.557000000000000384e+00 6.419999999999999929e+00 9.118000000000000327e+00
-3.104999999999999982e+00 -1.264100000000000001e+01 2.228399999999999892e+01 6.746000000000000441e+00
-1.970799999999999841e+01 -1.092200000000000060e+01 2.401899999999999835e+01 4.173000000000000043e+00
-1.866300000000000026e+01 -1.477000000000000091e+00 1.723400000000000176e+01 2.422000000000000153e+00
-3.669999999999999929e+00 6.608999999999999986e+00 1.523000000000000043e+01 1.663999999999999924e+00
8.874000000000000554e+00 7.472999999999999865e+00 1.874899999999999878e+01 1.723000000000000087e+00
7.057000000000000384e+00 -2.479999999999999982e-01 1.720400000000000063e+01 2.487000000000000099e+00
-3.625000000000000000e+00 -1.222199999999999953e+01 8.085000000000000853e+00 3.367999999999999883e+00
-1.095299999999999940e+01 -2.026300000000000168e+01 8.719999999999999973e-01 3.150999999999999801e+00
-1.202100000000000080e+01 -2.073699999999999832e+01 2.129999999999999893e+00 1.612999999999999989e+00
-9.122999999999999332e+00 -1.597199999999999953e+01 9.048000000000000043e+00 1.900000000000000022e-01
-3.494000000000000217e+00 -9.057000000000000384e+00 1.622200000000000131e+01 -2.800000000000000266e-01
-2.802000000000000046e+00 -4.028999999999999915e+00 1.910000000000000142e+01 -6.540000000000000258e-01
-1.810399999999999920e+01 -5.259000000000000341e+00 1.467200000000000060e+01 -1.048000000000000043e+00
-4.549799999999999756e+01 -1.130799999999999983e+01 4.766000000000000014e+00 4.359999999999999987e-01
-6.466800000000000637e+01 -1.582799999999999940e+01 -6.262999999999999901e+00 4.780000000000000249e+00
-6.160600000000000165e+01 -1.526500000000000057e+01 -1.630900000000000105e+01 9.371999999999999886e+00
-4.774600000000000222e+01 -1.021899999999999942e+01 -2.198999999999999844e+01 1.013100000000000023e+01
-4.668999999999999773e+01 -1.518000000000000016e+00 -1.688899999999999935e+01 5.956999999999999851e+00
-5.724099999999999966e+01 9.759999999999999787e+00 -1.022999999999999909e+00 -2.670000000000000151e-01
-5.269899999999999807e+01 1.753300000000000125e+01 1.358600000000000030e+01 -5.285999999999999588e+00
-2.917099999999999937e+01 1.088000000000000078e+01 1.449300000000000033e+01 -8.789999999999999147e+00
-1.697299999999999898e+01 -1.257699999999999996e+01 4.700000000000000178e+00 -1.170100000000000051e+01
-2.614300000000000068e+01 -3.531700000000000017e+01 -8.080000000000000515e-01 -1.232300000000000040e+01
-2.419500000000000028e+01 -3.541100000000000136e+01 2.895999999999999908e+00 -8.393000000000000682e+00
7.195000000000000284e+00 -1.514600000000000080e+01 3.329000000000000181e+00 -2.899999999999999911e+00
3.303499999999999659e+01 2.200000000000000011e-01 -7.560999999999999943e+00 -1.300000000000000044e+00
1.641400000000000148e+01 -4.487000000000000099e+00 -1.968700000000000117e+01 -2.427000000000000046e+00
-2.142099999999999937e+01 -1.778099999999999881e+01 -2.330499999999999972e+01 4.299999999999999656e-02
-3.198400000000000176e+01 -2.221399999999999864e+01 -2.311100000000000065e+01 6.522000000000000242e+00
-5.315000000000000391e+00 -1.490900000000000070e+01 -2.388400000000000034e+01 9.702999999999999403e+00
3.212800000000000011e+01 -8.319999999999999618e-01 -2.023799999999999955e+01 5.240000000000000213e+00
5.939300000000000068e+01 1.856800000000000139e+01 -8.615000000000000213e+00 -2.111000000000000210e+00
7.276000000000000512e+01 4.138400000000000034e+01 5.402000000000000135e+00 -5.817999999999999616e+00
7.541700000000000159e+01 6.024699999999999989e+01 1.678200000000000003e+01 -6.363999999999999879e+00
7.068800000000000239e+01 6.735200000000000387e+01 2.607900000000000063e+01 -8.260999999999999233e+00
6.293200000000000216e+01 5.983400000000000318e+01 3.217199999999999704e+01 -1.126999999999999957e+01
5.993399999999999750e+01 4.059599999999999653e+01 3.065200000000000102e+01 -1.039700000000000024e+01
6.034199999999999875e+01 1.744099999999999895e+01 2.150199999999999889e+01 -4.113999999999999879e+00
4.445900000000000318e+01 -2.052000000000000046e+00 1.044500000000000028e+01 2.626999999999999780e+00
8.930000000000000160e-01 -1.563599999999999923e+01 1.800999999999999934e+00 4.993999999999999773e+00
-4.636200000000000188e+01 -2.301899999999999835e+01 -4.525999999999999801e+00 3.983999999999999986e+00
-5.951400000000000290e+01 -2.321900000000000119e+01 -9.362000000000000099e+00 3.338999999999999968e+00
-2.969000000000000128e+01 -1.899800000000000111e+01 -1.235800000000000054e+01 3.879000000000000004e+00
1.300900000000000034e+01 -1.522100000000000009e+01 -1.394800000000000040e+01 3.753000000000000114e+00
3.125900000000000034e+01 -1.039300000000000068e+01 -1.493699999999999939e+01 2.318000000000000060e+00
2.107900000000000063e+01 2.251999999999999780e+00 -1.343399999999999928e+01 1.024999999999999911e+00
1.309800000000000075e+01 2.342699999999999960e+01 -6.714000000000000412e+00 1.022000000000000020e+00
2.863299999999999912e+01 4.295199999999999818e+01 3.838999999999999968e+00 1.526000000000000023e+00
5.256600000000000250e+01 4.936099999999999710e+01 1.362899999999999956e+01 9.050000000000000266e-01
6.105599999999999739e+01 4.236699999999999733e+01 1.805600000000000094e+01 -9.399999999999999467e-01
5.539000000000000057e+01 3.099899999999999878e+01 1.413599999999999923e+01 -2.168000000000000149e+00
5.221600000000000108e+01 2.063299999999999912e+01 5.006999999999999673e+00 -1.540000000000000036e+00
5.443099999999999739e+01 1.046899999999999942e+01 -6.069999999999999840e-01 -6.900000000000000577e-02
4.850399999999999778e+01 1.612999999999999989e+00 -2.630000000000000115e-01 7.770000000000000240e-01
2.766499999999999915e+01 -3.301000000000000156e+00 -1.893000000000000016e+00 8.020000000000000462e-01
5.251999999999999780e+00 -5.703999999999999737e+00 -9.942000000000000171e+00 2.059999999999999887e-01
-1.840999999999999970e+00 -8.214000000000000412e+00 -1.709100000000000108e+01 -8.669999999999999929e-01
4.299999999999999822e+00 -9.230000000000000426e+00 -1.559099999999999930e+01 -1.385000000000000009e+00
7.546999999999999709e+00 -5.616999999999999993e+00 -7.860999999999999766e+00 -5.160000000000000142e-01
-1.403000000000000025e+00 2.399999999999999911e-01 -1.064000000000000057e+00 4.739999999999999769e-01
-2.148799999999999955e+01 2.650000000000000133e-01 2.728000000000000203e+00 6.400000000000000133e-02
-4.984899999999999665e+01 -1.028299999999999947e+01 6.134999999999999787e+00 -5.829999999999999627e-01
-7.880100000000000193e+01 -2.599099999999999966e+01 7.958000000000000185e+00 6.540000000000000258e-01
-9.372499999999999432e+01 -3.647699999999999676e+01 2.568999999999999950e+00 3.095000000000000195e+00
-8.890500000000000114e+01 -3.770400000000000063e+01 -8.785000000000000142e+00 4.025000000000000355e+00
-7.418399999999999750e+01 -3.446399999999999864e+01 -1.513000000000000078e+01 2.668000000000000149e+00
-5.713900000000000290e+01 -3.151599999999999824e+01 -9.692000000000000171e+00 7.540000000000000036e-01
-3.743900000000000006e+01 -2.923699999999999832e+01 8.669999999999999929e-01 -2.010000000000000120e-01
-2.465200000000000102e+01 -2.937900000000000134e+01 5.195999999999999730e+00 1.069999999999999979e-01
-3.611099999999999710e+01 -3.460399999999999920e+01 9.260000000000000453e-01 1.314999999999999947e+00
-6.739700000000000557e+01 -4.029699999999999704e+01 -3.983999999999999986e+00 2.202999999999999847e+00
-8.875199999999999534e+01 -3.860199999999999676e+01 -3.616999999999999993e+00 1.495999999999999996e+00
-8.182699999999999818e+01 -3.139399999999999835e+01 -3.850999999999999979e+00 -2.500000000000000000e-01
-5.995100000000000051e+01 -2.832400000000000162e+01 -1.408600000000000030e+01 -1.262999999999999901e+00
-4.213900000000000290e+01 -3.147299999999999898e+01 -3.038500000000000156e+01 -9.100000000000000311e-01
-2.554100000000000037e+01 -3.043700000000000117e+01 -3.585699999999999932e+01 9.800000000000000377e-02
1.657999999999999918e+00 -1.635500000000000043e+01 -2.178900000000000148e+01 8.329999999999999627e-01
3.280599999999999739e+01 4.799999999999999822e+00 5.999999999999999778e-02 9.489999999999999547e-01
4.852700000000000102e+01 2.057300000000000040e+01 1.337899999999999956e+01 1.481000000000000094e+00
4.589099999999999824e+01 2.779500000000000171e+01 1.693700000000000117e+01 3.226999999999999869e+00
4.492600000000000193e+01 3.085699999999999932e+01 1.856700000000000017e+01 3.761000000000000121e+00
6.468999999999999773e+01 3.323599999999999710e+01 1.974899999999999878e+01 1.950000000000000067e-01
9.706100000000000705e+01 3.701899999999999835e+01 1.882499999999999929e+01 -5.072000000000000064e+00
1.093449999999999989e+02 4.019599999999999795e+01 1.980099999999999838e+01 -7.051000000000000156e+00
8.394599999999999795e+01 3.604299999999999926e+01 2.610300000000000153e+01 -5.950999999999999623e+00
4.410799999999999699e+01 2.465099999999999980e+01 3.273700000000000188e+01 -5.618000000000000327e+00
2.043100000000000094e+01 1.483099999999999952e+01 3.200000000000000000e+01 -5.786999999999999922e+00
1.228700000000000081e+01 8.621000000000000441e+00 2.284299999999999997e+01 -3.482000000000000206e+00
6.051999999999999602e+00 -3.190000000000000058e-01 1.118900000000000006e+01 1.300000000000000044e-01
4.562999999999999723e+00 -1.041000000000000014e+01 3.036999999999999922e+00 1.483999999999999986e+00
1.034900000000000020e+01 -1.193699999999999939e+01 -5.540000000000000480e-01 3.719999999999999973e-01
6.152000000000000135e+00 -4.387999999999999901e+00 -3.065999999999999837e+00 -9.479999999999999538e-01
-1.910200000000000031e+01 2.107000000000000206e+00 -8.580999999999999517e+00 -9.709999999999999742e-01
-4.822299999999999898e+01 3.971999999999999975e+00 -1.742299999999999827e+01 1.066999999999999948e+00
-6.126899999999999835e+01 8.470000000000000639e+00 -2.614499999999999957e+01 4.746999999999999886e+00
-6.126599999999999824e+01 1.797599999999999909e+01 -3.118499999999999872e+01 7.189000000000000057e+00
-6.047699999999999676e+01 2.374200000000000088e+01 -3.043700000000000117e+01 5.727999999999999758e+00
-6.088600000000000279e+01 1.989999999999999858e+01 -2.387999999999999901e+01 1.862999999999999989e+00
-6.042399999999999949e+01 1.031499999999999950e+01 -1.581300000000000061e+01 -7.790000000000000258e-01
-6.363700000000000045e+01 -1.469000000000000083e+00 -1.212800000000000011e+01 -1.818999999999999950e+00
-6.999399999999999977e+01 -1.461100000000000065e+01 -1.151999999999999957e+01 -3.636000000000000121e+00
-5.865699999999999648e+01 -2.181400000000000006e+01 -5.491999999999999993e+00 -5.955000000000000071e+00
-8.135999999999999233e+00 -1.320500000000000007e+01 8.794000000000000483e+00 -5.592999999999999972e+00
6.292099999999999937e+01 5.849000000000000199e+00 2.189799999999999969e+01 -1.977000000000000091e+00
9.841800000000000637e+01 1.293299999999999983e+01 2.153600000000000136e+01 1.401999999999999913e+00
6.740399999999999636e+01 -4.596000000000000085e+00 6.907000000000000028e+00 1.352000000000000091e+00
9.778000000000000469e+00 -2.578399999999999892e+01 -6.112000000000000099e+00 -2.008000000000000007e+00
-5.899000000000000021e+00 -1.485399999999999920e+01 6.899999999999999467e-01 -5.325999999999999623e+00
3.609100000000000108e+01 3.297999999999999687e+01 2.406700000000000017e+01 -3.951999999999999957e+00
8.858199999999999363e+01 8.053499999999999659e+01 4.080299999999999727e+01 2.976999999999999869e+00
1.069210000000000065e+02 9.055500000000000682e+01 3.750500000000000256e+01 9.608000000000000540e+00
9.138899999999999579e+01 6.513200000000000500e+01 2.348100000000000165e+01 9.928000000000000824e+00
6.775100000000000477e+01 3.349000000000000199e+01 1.188899999999999935e+01 5.650999999999999801e+00
5.188499999999999801e+01 1.190399999999999991e+01 6.373000000000000220e+00 2.641000000000000014e+00
3.758200000000000074e+01 -6.633000000000000007e+00 6.149000000000000021e+00 2.008999999999999897e+00
1.255300000000000082e+01 -2.717800000000000082e+01 7.753000000000000114e+00 2.690000000000000169e-01
-1.706599999999999895e+01 -3.818200000000000216e+01 5.121999999999999886e+00 -3.400999999999999801e+00
-2.841300000000000026e+01 -2.887199999999999989e+01 -1.465999999999999970e+00 -5.448000000000000398e+00
-1.387500000000000000e+01 -8.930999999999999162e+00 -4.745000000000000107e+00 -3.652000000000000135e+00
5.453999999999999737e+00 1.449000000000000066e+00 -3.552999999999999936e+00 -1.930000000000000049e-01
1.035599999999999987e+01 -3.226999999999999869e+00 -5.386000000000000121e+00 2.015000000000000124e+00
5.168000000000000149e+00 -1.233900000000000041e+01 -1.325799999999999912e+01 2.544000000000000039e+00
-3.141999999999999904e+00 -1.950100000000000122e+01 -1.987900000000000134e+01 2.220000000000000195e+00
-1.802899999999999991e+01 -2.747800000000000153e+01 -1.882999999999999829e+01 1.590000000000000080e+00
-3.594800000000000040e+01 -3.549099999999999966e+01 -1.500300000000000011e+01 1.008000000000000007e+00
-4.559000000000000341e+01 -3.877000000000000313e+01 -1.772200000000000131e+01 5.190000000000000169e-01
-4.747099999999999653e+01 -3.894700000000000273e+01 -2.690500000000000114e+01 -2.240000000000000047e-01
-4.921900000000000119e+01 -4.069800000000000040e+01 -3.320600000000000307e+01 -1.147999999999999909e+00
-4.734300000000000352e+01 -4.016299999999999670e+01 -3.091100000000000136e+01 -1.048999999999999932e+00
-3.620799999999999841e+01 -2.989399999999999835e+01 -2.352499999999999858e+01 1.622000000000000108e+00
-2.517200000000000060e+01 -1.511500000000000021e+01 -1.553500000000000014e+01 6.913999999999999702e+00
-2.719000000000000128e+01 -1.015099999999999980e+01 -7.054999999999999716e+00 1.263100000000000023e+01
-3.917099999999999937e+01 -1.496799999999999997e+01 3.330000000000000182e-01 1.531300000000000061e+01
-4.622899999999999920e+01 -1.191699999999999982e+01 2.028999999999999915e+00 1.210800000000000054e+01
-3.782200000000000273e+01 7.764999999999999680e+00 -1.322000000000000064e+00 3.673000000000000043e+00
-1.663200000000000145e+01 2.953600000000000136e+01 -3.265000000000000124e+00 -4.714999999999999858e+00
-8.219999999999999529e-01 3.271699999999999875e+01 -2.398000000000000131e+00 -8.307999999999999829e+00
-1.201699999999999946e+01 1.233300000000000018e+01 -4.251999999999999780e+00 -9.137000000000000455e+00
-4.675699999999999790e+01 -1.513599999999999923e+01 -9.252000000000000668e+00 -1.236999999999999922e+01
-6.849500000000000455e+01 -2.349800000000000111e+01 -8.380000000000000782e+00 -1.660699999999999932e+01
-4.577100000000000080e+01 -1.522999999999999909e+00 4.429000000000000270e+00 -1.493599999999999994e+01
8.093999999999999417e+00 3.217300000000000182e+01 2.099699999999999989e+01 -7.089000000000000412e+00
5.022699999999999676e+01 4.817799999999999727e+01 2.598799999999999955e+01 -1.987000000000000099e+00
6.026700000000000301e+01 4.062100000000000222e+01 1.611499999999999844e+01 -4.615999999999999659e+00
6.017099999999999937e+01 3.036100000000000065e+01 5.333999999999999631e+00 -8.548999999999999488e+00
7.804000000000000625e+01 3.347800000000000153e+01 5.766000000000000014e+00 -6.030000000000000249e+00
1.093250000000000028e+02 4.242900000000000205e+01 1.243999999999999950e+01 1.296999999999999931e+00
1.250250000000000057e+02 4.111800000000000210e+01 1.438299999999999912e+01 6.224999999999999645e+00
1.055280000000000058e+02 2.482600000000000051e+01 1.148799999999999955e+01 5.709999999999999964e+00
5.438600000000000279e+01 1.885000000000000009e+00 1.175000000000000000e+01 2.806000000000000050e+00
-1.173799999999999955e+01 -1.760500000000000043e+01 1.753300000000000125e+01 1.207999999999999963e+00
-7.195399999999999352e+01 -3.126699999999999946e+01 2.192599999999999838e+01 1.159999999999999920e+00
-1.047990000000000066e+02 -4.161800000000000210e+01 1.771699999999999875e+01 9.100000000000000311e-01
-1.002980000000000018e+02 -4.721200000000000330e+01 6.323999999999999844e+00 -1.439999999999999891e-01
-7.018899999999999295e+01 -4.352799999999999869e+01 -3.552000000000000046e+00 -1.018999999999999906e+00
-3.545799999999999841e+01 -3.111199999999999832e+01 -5.379999999999999893e+00 -6.059999999999999831e-01
-4.849999999999999645e+00 -1.600300000000000011e+01 -3.300000000000000155e-01 1.171000000000000041e+00
2.291600000000000037e+01 -4.217999999999999972e+00 5.750000000000000000e+00 3.253000000000000114e+00
3.849000000000000199e+01 -8.830000000000000071e-01 5.934999999999999609e+00 4.496999999999999886e+00
2.606099999999999994e+01 -9.032999999999999474e+00 -4.426000000000000156e+00 4.820999999999999730e+00
-6.394999999999999574e+00 -2.347599999999999909e+01 -2.085000000000000142e+01 4.815999999999999837e+00
-2.690299999999999869e+01 -3.147500000000000142e+01 -3.057300000000000040e+01 4.464000000000000412e+00
-1.694800000000000040e+01 -2.364699999999999847e+01 -2.627199999999999847e+01 3.170999999999999819e+00
1.133600000000000030e+01 -3.407000000000000028e+00 -1.412899999999999956e+01 1.106000000000000094e+00
3.414399999999999835e+01 1.321700000000000053e+01 -5.149000000000000021e+00 -5.220000000000000195e-01
3.601100000000000279e+01 1.144400000000000084e+01 -2.498000000000000220e+00 -5.709999999999999520e-01
1.704899999999999949e+01 -4.764000000000000234e+00 -2.400000000000000050e-02 1.334000000000000075e+00
-9.375999999999999446e+00 -1.751200000000000045e+01 8.313000000000000611e+00 4.230000000000000426e+00
-2.989799999999999969e+01 -1.757900000000000063e+01 2.064600000000000080e+01 5.490000000000000213e+00
-4.163499999999999801e+01 -9.499000000000000554e+00 2.892599999999999838e+01 3.067000000000000171e+00
-4.432200000000000273e+01 4.139999999999999791e-01 2.660999999999999943e+01 -1.425999999999999934e+00
-3.092899999999999849e+01 7.139999999999999680e+00 1.475300000000000011e+01 -4.147000000000000242e+00
1.280000000000000027e+00 7.357000000000000206e+00 1.473000000000000087e+00 -4.107999999999999652e+00
3.881499999999999773e+01 6.378000000000000114e+00 -4.993000000000000327e+00 -3.919000000000000039e+00
6.298100000000000165e+01 1.376500000000000057e+01 -3.552999999999999936e+00 -4.320000000000000284e+00
6.580200000000000671e+01 2.824699999999999989e+01 9.120000000000000329e-01 -2.775999999999999801e+00
5.246099999999999852e+01 3.866799999999999926e+01 5.192000000000000171e+00 6.440000000000000169e-01
3.466499999999999915e+01 4.034000000000000341e+01 8.348000000000000753e+00 2.286000000000000032e+00
1.912900000000000134e+01 3.783599999999999852e+01 6.762999999999999901e+00 1.245000000000000107e+00
3.447000000000000064e+00 3.286299999999999955e+01 -2.224000000000000199e+00 3.920000000000000151e-01
-1.320800000000000018e+01 2.359499999999999886e+01 -1.320700000000000074e+01 1.137000000000000011e+00
-2.419699999999999918e+01 1.425500000000000078e+01 -1.734199999999999875e+01 2.088000000000000078e+00
-2.304599999999999937e+01 1.246499999999999986e+01 -1.283300000000000018e+01 2.130999999999999783e+00
-8.153999999999999915e+00 1.827199999999999847e+01 -5.038000000000000256e+00 1.592999999999999972e+00
1.748600000000000065e+01 2.350499999999999901e+01 7.029999999999999583e-01 8.810000000000000053e-01
4.213600000000000279e+01 2.113400000000000034e+01 8.209999999999999520e-01 -1.950000000000000067e-01
4.691400000000000148e+01 1.119299999999999962e+01 -6.375000000000000000e+00 -1.788000000000000034e+00
2.435200000000000031e+01 -1.292999999999999927e+00 -1.617200000000000060e+01 -3.410000000000000142e+00
-8.103999999999999204e+00 -9.961000000000000298e+00 -1.907900000000000063e+01 -4.193999999999999950e+00
-2.507000000000000028e+01 -1.076699999999999946e+01 -1.226800000000000068e+01 -3.890000000000000124e+00
-1.938200000000000145e+01 -5.980999999999999872e+00 -3.286999999999999922e+00 -3.091000000000000192e+00
-3.137000000000000011e+00 -1.320000000000000062e+00 1.451000000000000068e+00 -2.148000000000000131e+00
7.551999999999999602e+00 1.120000000000000107e+00 3.767999999999999794e+00 -8.840000000000000080e-01
2.274000000000000021e+00 1.463000000000000078e+00 4.636000000000000121e+00 4.089999999999999747e-01
-1.696199999999999974e+01 -3.132000000000000117e+00 -1.100999999999999979e+00 9.849999999999999867e-01
-3.420799999999999841e+01 -1.435800000000000054e+01 -1.352399999999999913e+01 7.379999999999999893e-01
-3.592499999999999716e+01 -2.694800000000000040e+01 -2.269900000000000162e+01 1.459999999999999909e-01
-2.758299999999999841e+01 -3.337800000000000011e+01 -2.168100000000000094e+01 -6.460000000000000187e-01
-2.039600000000000080e+01 -2.995700000000000074e+01 -1.312100000000000044e+01 -1.612000000000000099e+00
-8.435000000000000497e+00 -1.594200000000000017e+01 -6.630000000000000338e-01 -2.011000000000000121e+00
2.041300000000000026e+01 5.403999999999999915e+00 1.390399999999999991e+01 -1.080000000000000071e+00
5.250000000000000000e+01 2.346099999999999852e+01 2.530999999999999872e+01 4.919999999999999929e-01
5.049799999999999756e+01 2.664399999999999835e+01 2.735800000000000054e+01 1.114999999999999991e+00
1.046000000000000041e+00 1.421100000000000030e+01 2.081500000000000128e+01 5.180000000000000160e-01
-5.718999999999999773e+01 -3.569999999999999840e+00 1.319400000000000084e+01 2.550000000000000044e-01
-7.794499999999999318e+01 -1.698100000000000165e+01 9.862999999999999545e+00 1.574999999999999956e+00
-6.486799999999999500e+01 -2.453399999999999892e+01 7.897999999999999687e+00 3.638999999999999790e+00
-5.413100000000000023e+01 -2.902299999999999969e+01 2.174999999999999822e+00 4.439000000000000057e+00
-5.519500000000000028e+01 -3.009400000000000119e+01 -4.828999999999999737e+00 3.213999999999999968e+00
-4.644700000000000273e+01 -2.507300000000000040e+01 -6.756000000000000227e+00 1.252000000000000002e+00
-2.231099999999999994e+01 -1.633399999999999963e+01 -4.774000000000000021e+00 1.499999999999999944e-02
-7.674000000000000377e+00 -1.265099999999999980e+01 -5.961999999999999744e+00 -6.450000000000000178e-01
-2.100799999999999912e+01 -1.990899999999999892e+01 -1.133999999999999986e+01 -1.774000000000000021e+00
-4.807800000000000296e+01 -3.244299999999999784e+01 -1.458300000000000018e+01 -3.471000000000000085e+00
-6.000999999999999801e+01 -3.765299999999999869e+01 -1.213199999999999967e+01 -4.355999999999999872e+00
-4.374799999999999756e+01 -2.814199999999999946e+01 -6.365000000000000213e+00 -3.116999999999999993e+00
-1.005799999999999983e+01 -7.475999999999999979e+00 -4.689999999999999725e-01 -5.739999999999999547e-01
1.974299999999999855e+01 1.269899999999999984e+01 3.021999999999999797e+00 8.309999999999999609e-01
3.211699999999999733e+01 2.174299999999999855e+01 2.184000000000000163e+00 3.649999999999999911e-01
2.701099999999999923e+01 1.867899999999999849e+01 -1.707000000000000073e+00 2.979999999999999871e-01
6.402999999999999581e+00 9.112999999999999545e+00 -5.674999999999999822e+00 2.569999999999999840e+00
-2.726000000000000156e+01 -1.445000000000000062e+00 -9.121999999999999886e+00 5.924000000000000377e+00
-5.437100000000000222e+01 -4.248000000000000220e+00 -1.161100000000000065e+01 7.674999999999999822e+00
-4.590500000000000114e+01 1.074900000000000055e+01 -8.961999999999999744e+00 6.679000000000000270e+00
-3.840000000000000080e-01 3.981199999999999761e+01 2.500999999999999890e+00 3.787999999999999812e+00
5.239300000000000068e+01 6.481499999999999773e+01 1.905900000000000105e+01 7.039999999999999591e-01
9.021800000000000352e+01 7.331900000000000261e+01 3.094699999999999918e+01 -1.187999999999999945e+00
1.133259999999999934e+02 6.711499999999999488e+01 3.037399999999999878e+01 -1.705999999999999961e+00
1.220759999999999934e+02 5.139399999999999835e+01 1.807400000000000162e+01 -2.138999999999999790e+00
1.124200000000000017e+02 2.973799999999999955e+01 3.504999999999999893e+00 -3.912999999999999812e+00
9.467000000000000171e+01 1.012599999999999945e+01 -2.170999999999999819e+00 -6.168000000000000149e+00
8.757500000000000284e+01 2.555000000000000160e+00 4.767000000000000348e+00 -6.107000000000000206e+00
9.084600000000000364e+01 7.549000000000000377e+00 1.763400000000000034e+01 -3.257000000000000117e+00
8.751800000000000068e+01 1.576299999999999990e+01 2.535399999999999920e+01 -7.099999999999999645e-01
7.277200000000000557e+01 1.931599999999999895e+01 2.181400000000000006e+01 -3.400000000000000244e-01
5.644599999999999795e+01 1.647299999999999898e+01 1.035800000000000054e+01 -6.939999999999999503e-01
4.053199999999999648e+01 7.783999999999999808e+00 -6.430000000000000160e-01 -8.820000000000000062e-01
1.828999999999999915e+01 -5.612000000000000099e+00 -7.038000000000000256e+00 -1.794000000000000039e+00
-8.055999999999999162e+00 -2.055000000000000071e+01 -1.133600000000000030e+01 -2.984999999999999876e+00
-2.735600000000000165e+01 -3.192699999999999960e+01 -1.566399999999999970e+01 -2.630999999999999783e+00
-3.282399999999999807e+01 -3.517499999999999716e+01 -1.762500000000000000e+01 -5.470000000000000417e-01
-2.603099999999999881e+01 -3.002700000000000102e+01 -1.462700000000000067e+01 1.659000000000000030e+00
-1.507099999999999973e+01 -2.247899999999999920e+01 -8.573999999999999844e+00 2.794999999999999929e+00
-1.198099999999999987e+01 -2.001999999999999957e+01 -4.437999999999999723e+00 2.693999999999999950e+00
-2.231899999999999906e+01 -2.239300000000000068e+01 -4.825999999999999623e+00 1.776000000000000023e+00
-3.659100000000000108e+01 -2.123199999999999932e+01 -7.772000000000000242e+00 1.010999999999999899e+00
-4.292000000000000171e+01 -1.288400000000000034e+01 -1.073799999999999955e+01 1.141000000000000014e+00
-4.516100000000000136e+01 -5.105000000000000426e+00 -1.344200000000000017e+01 1.649999999999999911e+00
-5.393699999999999761e+01 -5.508000000000000007e+00 -1.459600000000000009e+01 1.663000000000000034e+00
-6.463200000000000500e+01 -1.181300000000000061e+01 -1.116300000000000026e+01 1.368000000000000105e+00
-6.022399999999999665e+01 -1.879100000000000037e+01 -4.168999999999999595e+00 1.096000000000000085e+00
-3.701299999999999812e+01 -2.592399999999999949e+01 2.270000000000000073e-01 3.089999999999999969e-01
-2.180300000000000082e+01 -3.538100000000000023e+01 -2.322999999999999954e+00 -8.499999999999999778e-01
-5.007999999999999829e+01 -4.789200000000000301e+01 -1.101900000000000013e+01 -9.449999999999999512e-01
-1.126550000000000011e+02 -5.808500000000000085e+01 -2.221300000000000097e+01 4.279999999999999916e-01
-1.470389999999999873e+02 -5.495499999999999829e+01 -2.983500000000000085e+01 1.931000000000000050e+00
-1.090280000000000058e+02 -3.486899999999999977e+01 -2.721499999999999986e+01 2.662999999999999812e+00
-2.453500000000000014e+01 -9.292999999999999261e+00 -1.302599999999999980e+01 2.657000000000000028e+00
5.159499999999999886e+01 8.015000000000000568e+00 7.786999999999999922e+00 1.483000000000000096e+00
9.165000000000000568e+01 1.681099999999999994e+01 2.851800000000000068e+01 -9.819999999999999840e-01
9.352800000000000580e+01 2.603600000000000136e+01 4.164699999999999847e+01 -2.806000000000000050e+00
6.127799999999999869e+01 3.440400000000000347e+01 3.965800000000000125e+01 -2.096999999999999975e+00
9.763999999999999346e+00 2.965399999999999991e+01 2.262199999999999989e+01 -5.540000000000000480e-01
-3.087399999999999878e+01 1.307099999999999973e+01 2.435999999999999943e+00 -1.342999999999999972e+00
-3.668599999999999994e+01 4.043000000000000149e+00 -6.967999999999999972e+00 -3.830000000000000071e+00
-1.328700000000000081e+01 1.343200000000000038e+01 -2.160000000000000142e+00 -4.560999999999999943e+00
1.290300000000000047e+01 3.255400000000000205e+01 1.042900000000000027e+01 -2.827999999999999847e+00
2.260500000000000043e+01 4.769800000000000040e+01 2.311499999999999844e+01 -1.034000000000000030e+00
1.320199999999999996e+01 4.860900000000000176e+01 2.974699999999999989e+01 -3.380000000000000226e-01
-8.769999999999999574e+00 3.174200000000000088e+01 2.571499999999999986e+01 3.390000000000000235e-01
-2.838899999999999935e+01 9.009999999999999787e+00 1.292399999999999949e+01 1.467999999999999972e+00
-2.744300000000000139e+01 8.800000000000000044e-01 7.850000000000000311e-01 1.901000000000000023e+00
-6.017000000000000348e+00 1.088199999999999967e+01 -3.129000000000000004e+00 1.088000000000000078e+00
1.123199999999999932e+01 1.950600000000000023e+01 -1.779999999999999916e-01 3.659999999999999920e-01
3.141999999999999904e+00 1.025200000000000067e+01 3.250999999999999890e+00 9.160000000000000364e-01
-2.149800000000000111e+01 -9.592000000000000526e+00 2.934000000000000163e+00 1.868000000000000105e+00
-3.514600000000000080e+01 -2.090800000000000125e+01 -7.510000000000000009e-01 1.786000000000000032e+00
-2.455000000000000071e+01 -1.754899999999999949e+01 -4.741999999999999993e+00 7.590000000000000080e-01
-2.769000000000000128e+00 -1.072400000000000020e+01 -6.786999999999999922e+00 -7.900000000000000078e-02
1.070700000000000074e+01 -1.085500000000000043e+01 -7.618999999999999773e+00 -1.350000000000000089e-01
1.100799999999999912e+01 -1.535500000000000043e+01 -9.163000000000000256e+00 2.439999999999999947e-01
6.184999999999999609e+00 -1.710800000000000054e+01 -1.142800000000000082e+01 4.189999999999999836e-01
3.157000000000000028e+00 -1.444999999999999929e+01 -1.291600000000000037e+01 9.800000000000000377e-02
1.997000000000000108e+00 -9.669000000000000483e+00 -1.293900000000000006e+01 -5.370000000000000329e-01
1.534999999999999920e+00 -6.184000000000000163e+00 -1.219999999999999929e+01 -1.028999999999999915e+00
4.084999999999999964e+00 -6.628999999999999559e+00 -1.176399999999999935e+01 -9.230000000000000426e-01
1.306700000000000017e+01 -8.494999999999999218e+00 -1.092699999999999960e+01 -2.670000000000000151e-01
2.879400000000000048e+01 -6.035000000000000142e+00 -7.583999999999999631e+00 3.119999999999999996e-01
4.480599999999999739e+01 2.600000000000000089e-01 -3.236000000000000210e+00 6.169999999999999929e-01
4.888300000000000267e+01 2.721999999999999975e+00 -1.983000000000000096e+00 1.169000000000000039e+00
3.706700000000000017e+01 -1.318999999999999950e+00 -1.872999999999999998e+00 1.862000000000000099e+00
2.263200000000000145e+01 -4.847000000000000419e+00 2.753000000000000114e+00 1.641000000000000014e+00
1.822899999999999920e+01 -2.596000000000000085e+00 9.249000000000000554e+00 2.560000000000000053e-01
1.895499999999999829e+01 1.911000000000000032e+00 8.486000000000000654e+00 -9.919999999999999929e-01
1.371199999999999974e+01 2.634999999999999787e+00 -1.181999999999999940e+00 -9.719999999999999751e-01
1.481000000000000094e+00 -2.242999999999999883e+00 -1.050999999999999979e+01 -3.099999999999999978e-01
-8.538000000000000256e+00 -8.343999999999999417e+00 -1.104800000000000004e+01 -2.899999999999999800e-01
-6.993999999999999773e+00 -8.583999999999999631e+00 -5.192000000000000171e+00 -6.029999999999999805e-01
6.453999999999999737e+00 -1.877999999999999892e+00 -5.360000000000000320e-01 1.499999999999999944e-02
2.442099999999999937e+01 5.575999999999999623e+00 1.822999999999999954e+00 1.125000000000000000e+00
3.695400000000000063e+01 9.762000000000000455e+00 4.945999999999999730e+00 1.211000000000000076e+00
3.300099999999999767e+01 1.256000000000000050e+01 6.491999999999999993e+00 5.869999999999999662e-01
8.462999999999999190e+00 1.528400000000000070e+01 2.658999999999999808e+00 8.559999999999999831e-01
-2.524299999999999855e+01 1.571700000000000053e+01 -3.214999999999999858e+00 2.447999999999999954e+00
-4.691899999999999693e+01 1.266000000000000014e+01 -6.192000000000000171e+00 4.591000000000000192e+00
-3.754299999999999926e+01 8.994999999999999218e+00 -7.355000000000000426e+00 5.892000000000000348e+00
3.903999999999999915e+00 8.688000000000000611e+00 -7.825999999999999623e+00 4.532000000000000028e+00
4.755499999999999972e+01 1.189300000000000068e+01 -4.411999999999999922e+00 4.159999999999999809e-01
5.640200000000000102e+01 1.398799999999999955e+01 1.661000000000000032e+00 -3.500000000000000000e+00
3.067099999999999937e+01 1.051500000000000057e+01 2.600999999999999979e+00 -4.764000000000000234e+00
3.505999999999999783e+00 3.694999999999999840e+00 -3.144000000000000128e+00 -5.145999999999999908e+00
-5.987000000000000099e+00 1.445999999999999952e+00 -6.293999999999999595e+00 -7.246000000000000441e+00
-7.738999999999999879e+00 7.605999999999999872e+00 -2.020000000000000129e-01 -8.864000000000000767e+00
-1.307699999999999996e+01 1.614000000000000057e+01 8.872999999999999332e+00 -6.176000000000000156e+00
-1.573000000000000043e+01 1.779299999999999926e+01 1.010899999999999999e+01 -1.012999999999999901e+00
-2.988999999999999879e+00 1.038599999999999923e+01 2.762999999999999901e+00 1.536000000000000032e+00
2.565299999999999869e+01 9.379999999999999449e-01 -2.782000000000000028e+00 8.890000000000000124e-01
5.906000000000000227e+01 -1.870000000000000107e+00 1.231000000000000094e+00 5.749999999999999556e-01
8.911199999999999477e+01 3.705999999999999961e+00 1.002299999999999969e+01 2.166999999999999815e+00
1.112969999999999970e+02 1.197799999999999976e+01 1.416499999999999915e+01 3.870999999999999996e+00
1.126919999999999931e+02 1.557399999999999984e+01 1.242900000000000027e+01 3.806999999999999940e+00
7.611599999999999966e+01 1.031900000000000084e+01 9.474000000000000199e+00 2.116000000000000103e+00
1.631000000000000005e+00 -2.254000000000000004e+00 5.663000000000000256e+00 1.189999999999999947e-01
-8.103900000000000148e+01 -1.589499999999999957e+01 -1.457000000000000073e+00 -1.201999999999999957e+00
-1.298940000000000055e+02 -2.526500000000000057e+01 -9.619999999999999218e+00 -1.766999999999999904e+00
-1.291390000000000100e+02 -3.031700000000000017e+01 -1.499600000000000044e+01 -2.347999999999999865e+00
-1.023020000000000067e+02 -3.381400000000000006e+01 -1.814600000000000080e+01 -3.778999999999999915e+00
-8.052299999999999613e+01 -3.634400000000000119e+01 -1.928099999999999881e+01 -5.285000000000000142e+00
-7.391599999999999682e+01 -3.621900000000000119e+01 -1.555899999999999928e+01 -4.636000000000000121e+00
-7.380700000000000216e+01 -3.214600000000000080e+01 -8.746999999999999886e+00 -1.437000000000000055e+00
-6.345100000000000051e+01 -2.376999999999999957e+01 -5.663000000000000256e+00 1.594000000000000083e+00
-3.367900000000000205e+01 -1.303599999999999959e+01 -8.023999999999999133e+00 2.293000000000000149e+00
-8.159999999999999476e-01 -5.163000000000000256e+00 -9.837999999999999190e+00 1.981999999999999984e+00
2.813000000000000167e+00 -3.809000000000000163e+00 -6.498000000000000220e+00 3.322999999999999954e+00
-3.573499999999999943e+01 -7.145999999999999908e+00 -1.860000000000000098e+00 6.397999999999999687e+00
-8.963700000000000045e+01 -1.108699999999999974e+01 -1.804999999999999938e+00 8.217000000000000526e+00
-1.143439999999999941e+02 -1.209699999999999953e+01 -3.130999999999999783e+00 6.639999999999999680e+00
-9.202800000000000580e+01 -5.807999999999999829e+00 2.273000000000000131e+00 3.464999999999999858e+00
-4.296999999999999886e+01 1.186700000000000088e+01 1.460399999999999920e+01 1.705000000000000071e+00
8.573999999999999844e+00 3.971399999999999864e+01 2.761100000000000065e+01 9.469999999999999529e-01
5.514600000000000080e+01 6.799399999999999977e+01 3.806799999999999784e+01 -1.824999999999999956e+00
8.621999999999999886e+01 8.026600000000000534e+01 4.407699999999999818e+01 -6.697000000000000064e+00
8.212699999999999534e+01 6.357099999999999795e+01 4.063799999999999812e+01 -9.243999999999999773e+00
4.871099999999999852e+01 2.458399999999999963e+01 2.655499999999999972e+01 -6.815999999999999837e+00
2.660200000000000031e+01 -9.993000000000000327e+00 1.009200000000000053e+01 -2.862999999999999989e+00
3.535300000000000153e+01 -2.055799999999999983e+01 -4.279999999999999916e-01 -1.223999999999999977e+00
3.877600000000000335e+01 -1.547000000000000064e+01 -6.410000000000000142e+00 -7.550000000000000044e-01
4.974999999999999645e+00 -1.335899999999999999e+01 -1.244999999999999929e+01 5.669999999999999485e-01
-3.281099999999999994e+01 -1.574900000000000055e+01 -1.683399999999999963e+01 1.693999999999999950e+00
-2.227899999999999991e+01 -1.224099999999999966e+01 -1.601999999999999957e+01 1.735999999999999988e+00
3.077700000000000102e+01 -2.509999999999999787e+00 -1.233500000000000085e+01 2.092000000000000082e+00
7.365900000000000603e+01 3.495000000000000107e+00 -1.053299999999999947e+01 3.384999999999999787e+00
7.371800000000000352e+01 2.115000000000000213e+00 -1.016099999999999959e+01 3.983999999999999986e+00
4.334899999999999665e+01 -1.211000000000000076e+00 -6.934000000000000163e+00 2.656000000000000139e+00
1.216399999999999970e+01 -3.846999999999999975e+00 -1.520999999999999908e+00 3.310000000000000164e-01
-2.154999999999999805e+00 -8.451000000000000512e+00 -7.239999999999999769e-01 -1.368000000000000105e+00
-2.800000000000000266e-01 -1.358099999999999952e+01 -6.812999999999999723e+00 -2.172000000000000153e+00
7.198999999999999844e+00 -1.316900000000000048e+01 -1.163299999999999912e+01 -2.777000000000000135e+00
1.290900000000000070e+01 -5.945999999999999730e+00 -5.833999999999999631e+00 -2.846999999999999975e+00
1.636899999999999977e+01 2.716000000000000192e+00 8.467999999999999972e+00 -1.532000000000000028e+00
1.566699999999999982e+01 8.263999999999999346e+00 1.867999999999999972e+01 1.270000000000000018e-01
8.137999999999999901e+00 1.235100000000000087e+01 1.749399999999999977e+01 4.309999999999999942e-01
1.989999999999999991e+00 2.007799999999999940e+01 1.139600000000000080e+01 1.849999999999999978e-01
1.266999999999999993e+01 3.315100000000000335e+01 8.458999999999999631e+00 1.383999999999999897e+00
4.233400000000000318e+01 4.815800000000000125e+01 7.951999999999999957e+00 3.684000000000000163e+00
7.130500000000000682e+01 5.769599999999999795e+01 7.310999999999999943e+00 4.764999999999999680e+00
7.498499999999999943e+01 5.083500000000000085e+01 7.524000000000000021e+00 3.599000000000000199e+00
4.806600000000000250e+01 2.410800000000000054e+01 8.701000000000000512e+00 1.562999999999999945e+00
7.812000000000000277e+00 -7.342999999999999972e+00 9.180999999999999162e+00 1.960000000000000075e-01
-2.603699999999999903e+01 -2.614799999999999969e+01 7.863000000000000433e+00 -5.799999999999999600e-01
-4.317600000000000193e+01 -3.342799999999999727e+01 3.439999999999999947e+00 -1.118000000000000105e+00
-3.449900000000000233e+01 -3.568500000000000227e+01 -3.512999999999999901e+00 -6.400000000000000133e-01
3.064999999999999947e+00 -2.845299999999999940e+01 -7.724000000000000199e+00 1.294999999999999929e+00
4.322500000000000142e+01 -1.183000000000000007e+01 -5.608999999999999986e+00 3.138999999999999790e+00
4.412100000000000222e+01 -1.872999999999999998e+00 -1.713000000000000078e+00 2.826999999999999957e+00
3.873000000000000220e+00 -9.025999999999999801e+00 -2.520000000000000018e+00 5.600000000000000533e-01
-3.353699999999999903e+01 -2.142399999999999949e+01 -7.838000000000000078e+00 -1.197999999999999954e+00
-4.077499999999999858e+01 -2.234799999999999898e+01 -1.266300000000000026e+01 -7.540000000000000036e-01
-3.496999999999999886e+01 -1.243800000000000061e+01 -1.390300000000000047e+01 8.950000000000000178e-01
-3.925800000000000267e+01 -5.578999999999999737e+00 -1.199600000000000044e+01 1.693999999999999950e+00
-5.308599999999999852e+01 -1.050300000000000011e+01 -8.638999999999999346e+00 1.018999999999999906e+00
-6.281400000000000006e+01 -2.350300000000000011e+01 -6.134999999999999787e+00 -1.719999999999999862e-01
-6.055100000000000193e+01 -3.456000000000000227e+01 -7.081999999999999851e+00 -8.629999999999999893e-01
-5.101500000000000057e+01 -3.661500000000000199e+01 -1.177699999999999925e+01 -9.130000000000000338e-01
-4.894500000000000028e+01 -3.362899999999999778e+01 -1.731500000000000128e+01 -6.700000000000000400e-01
-6.544499999999999318e+01 -3.742099999999999937e+01 -2.087999999999999901e+01 -3.009999999999999898e-01
-8.958599999999999852e+01 -4.912199999999999989e+01 -2.190399999999999991e+01 -2.999999999999999889e-02
-9.444299999999999784e+01 -5.407000000000000028e+01 -2.083200000000000074e+01 -4.590000000000000191e-01
-6.828400000000000603e+01 -4.417300000000000182e+01 -1.854899999999999949e+01 -1.614999999999999991e+00
-2.736799999999999855e+01 -2.842899999999999849e+01 -1.600700000000000145e+01 -2.365000000000000213e+00
4.503999999999999559e+00 -1.443500000000000050e+01 -1.258600000000000030e+01 -1.842999999999999972e+00
2.124500000000000099e+01 3.360000000000000209e-01 -6.479000000000000092e+00 -6.530000000000000249e-01
3.866100000000000136e+01 1.574399999999999977e+01 3.483999999999999986e+00 -6.500000000000000222e-02
6.699899999999999523e+01 2.485500000000000043e+01 1.534500000000000064e+01 -7.580000000000000071e-01
8.385099999999999909e+01 2.431200000000000117e+01 2.209499999999999886e+01 -2.124000000000000110e+00
6.313000000000000256e+01 2.095400000000000063e+01 1.877199999999999847e+01 -2.762999999999999901e+00
2.330900000000000105e+01 2.465800000000000125e+01 1.085399999999999920e+01 -2.435000000000000053e+00
4.850999999999999979e+00 3.258200000000000074e+01 6.250000000000000000e+00 -2.287999999999999812e+00
1.426900000000000013e+01 3.070700000000000074e+01 5.810999999999999943e+00 -2.882000000000000117e+00
3.541700000000000159e+01 1.953900000000000148e+01 8.935000000000000497e+00 -3.853000000000000203e+00
6.881000000000000227e+01 1.896399999999999864e+01 1.516999999999999993e+01 -4.613999999999999879e+00
1.073349999999999937e+02 3.325699999999999790e+01 1.857000000000000028e+01 -4.150999999999999801e+00
1.080769999999999982e+02 3.503699999999999903e+01 1.488199999999999967e+01 -1.909000000000000030e+00
4.824099999999999966e+01 4.503000000000000114e+00 8.964000000000000412e+00 9.389999999999999458e-01
-2.646600000000000108e+01 -3.574300000000000210e+01 4.182000000000000384e+00 2.556999999999999940e+00
-5.977400000000000091e+01 -4.721000000000000085e+01 -3.589999999999999858e+00 2.443000000000000060e+00
-5.178499999999999659e+01 -2.276899999999999835e+01 -1.350999999999999979e+01 1.981000000000000094e+00
-3.366400000000000148e+01 1.091099999999999959e+01 -1.626800000000000068e+01 3.261000000000000121e+00
-1.883899999999999864e+01 2.775100000000000122e+01 -9.689000000000000057e+00 6.336000000000000298e+00
-9.157999999999999474e+00 2.313500000000000156e+01 -4.620000000000000107e+00 7.706999999999999851e+00
-1.633500000000000085e+01 5.714000000000000412e+00 -1.060399999999999920e+01 4.016000000000000014e+00
-4.758299999999999841e+01 -1.539300000000000068e+01 -2.420100000000000051e+01 -2.583000000000000185e+00
-8.342199999999999704e+01 -3.106800000000000139e+01 -3.278699999999999903e+01 -6.185999999999999943e+00
-9.053000000000000114e+01 -3.151599999999999824e+01 -2.580199999999999960e+01 -4.876999999999999780e+00
-5.351299999999999812e+01 -1.344899999999999984e+01 -3.734999999999999876e+00 -2.521999999999999797e+00
1.309099999999999930e+01 1.472799999999999976e+01 2.155199999999999960e+01 -1.655999999999999917e+00
7.436599999999999966e+01 3.693599999999999994e+01 3.676599999999999824e+01 -2.909999999999999809e-01
9.540900000000000603e+01 4.097399999999999665e+01 3.857600000000000051e+01 2.346000000000000085e+00
7.075499999999999545e+01 3.095499999999999829e+01 3.408200000000000074e+01 3.853000000000000203e+00
3.403799999999999670e+01 2.384700000000000131e+01 3.107900000000000063e+01 3.293000000000000149e+00
2.055799999999999983e+01 2.661400000000000077e+01 3.021600000000000108e+01 1.409999999999999920e+00
2.658299999999999841e+01 2.583500000000000085e+01 2.579500000000000171e+01 -1.534999999999999920e+00
2.497700000000000031e+01 1.077599999999999980e+01 1.358699999999999974e+01 -3.963000000000000078e+00
6.996000000000000441e+00 -7.131999999999999673e+00 -2.213999999999999968e+00 -3.798000000000000043e+00
-1.532900000000000063e+01 -1.244899999999999984e+01 -1.295299999999999940e+01 -2.604999999999999982e+00
-3.323499999999999943e+01 -7.357000000000000206e+00 -1.614000000000000057e+01 -3.822000000000000064e+00
-4.518699999999999761e+01 -2.120999999999999996e+00 -1.642800000000000082e+01 -7.189000000000000057e+00
-4.686399999999999721e+01 1.254000000000000004e+00 -1.573600000000000065e+01 -8.717999999999999972e+00
-3.116100000000000136e+01 7.453000000000000291e+00 -9.196999999999999176e+00 -5.498999999999999666e+00
4.947000000000000064e+00 2.012399999999999878e+01 6.517000000000000348e+00 1.600000000000000089e+00
5.449000000000000199e+01 3.835499999999999687e+01 2.426200000000000045e+01 9.153000000000000469e+00
9.540999999999999659e+01 5.391199999999999903e+01 2.942800000000000082e+01 1.341000000000000014e+01
9.851000000000000512e+01 5.460000000000000142e+01 1.570299999999999940e+01 1.200500000000000078e+01
5.554500000000000171e+01 3.840500000000000114e+01 -4.926000000000000156e+00 5.806000000000000050e+00
-5.815000000000000391e+00 1.916700000000000159e+01 -1.717500000000000071e+01 -8.669999999999999929e-01
-4.815999999999999659e+01 9.708999999999999631e+00 -2.258200000000000074e+01 -4.102000000000000313e+00
-5.992399999999999949e+01 6.807000000000000384e+00 -3.086700000000000088e+01 -4.540000000000000036e+00
-5.701400000000000290e+01 7.129999999999999671e-01 -3.899399999999999977e+01 -5.402999999999999581e+00
-5.566700000000000159e+01 -9.047000000000000597e+00 -3.603600000000000136e+01 -6.685999999999999943e+00
-5.520199999999999818e+01 -1.502399999999999913e+01 -2.202100000000000080e+01 -4.969999999999999751e+00
-4.894700000000000273e+01 -1.392200000000000060e+01 -7.668999999999999595e+00 1.069999999999999979e-01
-3.709300000000000352e+01 -1.047300000000000075e+01 8.799999999999999489e-02 3.911999999999999922e+00
-2.055000000000000071e+01 -8.634999999999999787e+00 4.644999999999999574e+00 3.665000000000000036e+00
3.633999999999999897e+00 -4.174999999999999822e+00 1.271499999999999986e+01 2.327999999999999847e+00
3.374799999999999756e+01 8.791000000000000369e+00 2.293900000000000006e+01 2.975000000000000089e+00
5.844899999999999807e+01 2.503800000000000026e+01 2.605600000000000094e+01 3.998000000000000220e+00
6.031000000000000227e+01 2.813100000000000023e+01 1.765500000000000114e+01 2.809000000000000163e+00
2.723100000000000165e+01 7.705000000000000071e+00 2.761000000000000121e+00 5.030000000000000027e-01
-2.887800000000000011e+01 -2.526300000000000168e+01 -1.207099999999999973e+01 -2.670000000000000151e-01
-7.167000000000000171e+01 -4.648299999999999699e+01 -2.234100000000000108e+01 4.650000000000000244e-01
-7.139700000000000557e+01 -4.234199999999999875e+01 -2.490399999999999991e+01 1.338999999999999968e+00
-2.960500000000000043e+01 -2.013800000000000168e+01 -2.007900000000000063e+01 3.434000000000000163e+00
3.042999999999999972e+01 5.426999999999999602e+00 -9.974999999999999645e+00 8.218999999999999417e+00
8.258400000000000318e+01 2.532100000000000151e+01 5.221000000000000085e+00 1.271199999999999974e+01
1.040550000000000068e+02 3.352900000000000347e+01 2.353099999999999881e+01 1.177500000000000036e+01
8.281199999999999761e+01 2.498600000000000065e+01 3.649399999999999977e+01 5.339999999999999858e+00
3.132799999999999940e+01 1.604999999999999982e+00 3.468500000000000227e+01 -1.183999999999999941e+00
-1.857900000000000063e+01 -2.722100000000000009e+01 1.933800000000000097e+01 -4.304000000000000270e+00
-4.518900000000000006e+01 -5.022500000000000142e+01 4.280000000000000249e+00 -5.958999999999999631e+00
-5.342300000000000182e+01 -5.843399999999999750e+01 9.719999999999999751e-01 -7.975999999999999979e+00
-5.781300000000000239e+01 -5.061699999999999733e+01 4.679999999999999716e+00 -7.862000000000000099e+00
-6.028199999999999648e+01 -3.626700000000000301e+01 2.636000000000000121e+00 -4.174999999999999822e+00
-5.167900000000000205e+01 -2.669500000000000028e+01 -7.549999999999999822e+00 -8.539999999999999813e-01
-2.943299999999999983e+01 -2.282000000000000028e+01 -1.609600000000000009e+01 -9.649999999999999689e-01
-4.323000000000000398e+00 -1.774200000000000088e+01 -1.582900000000000063e+01 -1.850999999999999979e+00
1.231300000000000061e+01 -1.113499999999999979e+01 -1.046299999999999919e+01 -6.540000000000000258e-01
1.760900000000000176e+01 -1.249000000000000021e+01 -7.232999999999999652e+00 1.340000000000000080e+00
1.214300000000000068e+01 -2.591400000000000148e+01 -8.105999999999999872e+00 2.265000000000000124e+00
1.370000000000000107e+00 -4.012400000000000233e+01 -1.069100000000000072e+01 2.455999999999999961e+00
-3.137000000000000011e+00 -4.216700000000000159e+01 -1.333300000000000018e+01 2.645999999999999908e+00
-3.270000000000000129e-01 -3.389099999999999824e+01 -1.604799999999999827e+01 2.765000000000000124e+00
-3.512999999999999901e+00 -2.458999999999999986e+01 -1.692999999999999972e+01 2.629999999999999893e+00
-1.821399999999999864e+01 -1.742500000000000071e+01 -1.197700000000000031e+01 1.963000000000000078e+00
-3.725399999999999778e+01 -1.439000000000000057e+01 -2.362000000000000099e+00 9.099999999999999756e-02
-5.649000000000000199e+01 -2.004799999999999827e+01 3.888999999999999790e+00 -3.012999999999999901e+00
-6.686199999999999477e+01 -2.781500000000000128e+01 4.126999999999999780e+00 -5.509000000000000341e+00
-3.864200000000000301e+01 -1.764499999999999957e+01 6.668000000000000149e+00 -5.092999999999999972e+00
4.449499999999999744e+01 1.810600000000000165e+01 1.568699999999999939e+01 -1.997999999999999998e+00
1.379590000000000032e+02 5.564099999999999824e+01 2.187600000000000122e+01 8.149999999999999467e-01
1.727949999999999875e+02 6.336299999999999955e+01 1.833399999999999963e+01 9.449999999999999512e-01
1.413540000000000134e+02 4.138499999999999801e+01 1.223700000000000010e+01 -6.870000000000000551e-01
9.412300000000000466e+01 1.798199999999999932e+01 1.051399999999999935e+01 -1.139999999999999902e+00
5.449399999999999977e+01 9.140000000000000568e+00 8.339000000000000412e+00 3.029999999999999916e-01
-6.159999999999999920e-01 5.339000000000000412e+00 6.250000000000000000e-01 6.949999999999999512e-01
-7.065399999999999636e+01 -2.112999999999999989e+00 -7.463000000000000078e+00 -2.109999999999999876e+00
-1.084479999999999933e+02 -6.320999999999999730e+00 -8.771000000000000796e+00 -5.482000000000000206e+00
-8.989799999999999613e+01 -1.532000000000000028e+00 -5.554999999999999716e+00 -5.528999999999999915e+00
-5.408400000000000318e+01 3.495000000000000107e+00 -5.274000000000000021e+00 -2.737000000000000099e+00
-4.550000000000000000e+01 -2.011000000000000121e+00 -7.793000000000000149e+00 -4.339999999999999969e-01
-5.721399999999999864e+01 -1.414600000000000080e+01 -7.020999999999999908e+00 5.929999999999999716e-01
-5.934599999999999653e+01 -1.919399999999999906e+01 -4.383000000000000007e+00 1.729000000000000092e+00
-4.723700000000000188e+01 -1.107799999999999940e+01 -6.443999999999999950e+00 2.531000000000000139e+00
-3.223599999999999710e+01 3.077999999999999847e+00 -1.076900000000000013e+01 1.735000000000000098e+00
-1.579899999999999949e+01 1.178200000000000003e+01 -9.705000000000000071e+00 8.169999999999999485e-01
6.380000000000000115e-01 8.967000000000000526e+00 -4.706999999999999851e+00 1.991000000000000103e+00
3.033999999999999808e+00 -2.181999999999999940e+00 -3.274000000000000021e+00 4.453999999999999737e+00
-1.408500000000000085e+01 -1.253999999999999915e+01 -5.527000000000000135e+00 6.490999999999999659e+00
-2.686700000000000088e+01 -1.493599999999999994e+01 -4.144000000000000128e+00 8.121999999999999886e+00
-9.881000000000000227e+00 -8.718999999999999417e+00 3.306999999999999940e+00 8.548000000000000043e+00
2.053800000000000026e+01 1.844000000000000083e+00 9.711000000000000298e+00 5.453000000000000291e+00
2.662399999999999878e+01 1.065399999999999991e+01 1.013899999999999935e+01 -5.779999999999999583e-01
8.548999999999999488e+00 1.363100000000000023e+01 9.531000000000000583e+00 -5.136000000000000121e+00
4.380000000000000004e-01 1.341600000000000037e+01 1.152500000000000036e+01 -5.967999999999999972e+00
1.706599999999999895e+01 1.793400000000000105e+01 1.379499999999999993e+01 -6.761000000000000121e+00
4.515200000000000102e+01 3.144000000000000128e+01 1.995599999999999952e+01 -1.141499999999999915e+01
6.844799999999999329e+01 4.899000000000000199e+01 3.453300000000000125e+01 -1.662800000000000011e+01
7.360899999999999466e+01 6.075500000000000256e+01 4.481099999999999994e+01 -1.585599999999999987e+01
5.909000000000000341e+01 5.945400000000000063e+01 3.311999999999999744e+01 -1.021100000000000030e+01
4.980899999999999750e+01 4.483700000000000330e+01 5.746999999999999886e+00 -7.934999999999999609e+00
6.994100000000000250e+01 2.585600000000000165e+01 -1.385800000000000054e+01 -1.128899999999999970e+01
1.005049999999999955e+02 1.577500000000000036e+01 -1.724399999999999977e+01 -1.239700000000000024e+01
1.013310000000000031e+02 1.908800000000000097e+01 -1.524099999999999966e+01 -5.969999999999999751e+00
7.304300000000000637e+01 2.728099999999999881e+01 -1.431099999999999994e+01 2.407999999999999918e+00
5.042799999999999727e+01 2.958399999999999963e+01 -1.033399999999999963e+01 5.586999999999999744e+00
3.314000000000000057e+01 2.100100000000000122e+01 -4.477999999999999758e+00 4.456000000000000405e+00
-1.524499999999999922e+01 2.842000000000000082e+00 -4.152999999999999581e+00 3.513999999999999790e+00
-8.792900000000000205e+01 -1.574000000000000021e+01 -7.576999999999999957e+00 3.596000000000000085e+00
-1.243970000000000056e+02 -2.208399999999999963e+01 -5.310999999999999943e+00 3.302999999999999936e+00
-9.918399999999999750e+01 -1.361500000000000021e+01 2.342999999999999972e+00 3.080000000000000071e+00
-5.652300000000000324e+01 -1.669000000000000039e+00 4.209999999999999964e+00 4.163999999999999702e+00
-3.924799999999999756e+01 2.487000000000000099e+00 -4.160999999999999588e+00 5.924999999999999822e+00
-3.995000000000000284e+01 -1.010999999999999899e+00 -1.425200000000000067e+01 6.857999999999999652e+00
-3.628399999999999892e+01 -6.338000000000000078e+00 -1.841100000000000136e+01 6.759000000000000341e+00
-2.870799999999999841e+01 -1.096899999999999942e+01 -1.817000000000000171e+01 6.219999999999999751e+00
-2.707499999999999929e+01 -1.427100000000000080e+01 -1.611599999999999966e+01 5.376999999999999780e+00
-2.826300000000000168e+01 -1.470899999999999963e+01 -1.085800000000000054e+01 4.509999999999999787e+00
-2.326500000000000057e+01 -1.324900000000000055e+01 -2.887000000000000011e+00 4.358999999999999986e+00
-1.300099999999999945e+01 -1.411899999999999977e+01 3.072000000000000064e+00 4.546000000000000263e+00
-4.791000000000000369e+00 -1.927799999999999869e+01 3.206999999999999851e+00 3.595000000000000195e+00
7.570000000000000062e-01 -2.539300000000000068e+01 -1.510000000000000009e+00 1.760000000000000009e+00
1.046299999999999919e+01 -2.603900000000000148e+01 -4.887999999999999901e+00 1.129000000000000004e+00
2.857799999999999940e+01 -1.437700000000000067e+01 9.190000000000000391e-01 1.945999999999999952e+00
5.040699999999999648e+01 9.555999999999999162e+00 1.536400000000000077e+01 2.144000000000000128e+00
6.399799999999999756e+01 2.991100000000000136e+01 2.510099999999999909e+01 1.040999999999999925e+00
5.890800000000000125e+01 2.798400000000000176e+01 1.859700000000000131e+01 2.500000000000000000e-01
3.891799999999999926e+01 9.291999999999999815e+00 1.098999999999999977e+00 9.889999999999999902e-01
2.341300000000000026e+01 -1.697999999999999954e+00 -1.301900000000000013e+01 2.692000000000000171e+00
2.796499999999999986e+01 4.123000000000000220e+00 -1.591000000000000014e+01 4.036999999999999922e+00
4.782600000000000051e+01 1.450099999999999945e+01 -8.506999999999999673e+00 4.431000000000000050e+00
6.454099999999999682e+01 2.099299999999999855e+01 4.240999999999999659e+00 4.528999999999999915e+00
5.730700000000000216e+01 2.240899999999999892e+01 1.486100000000000065e+01 4.836999999999999744e+00
1.382300000000000040e+01 1.082300000000000040e+01 1.687000000000000099e+01 4.339999999999999858e+00
-4.875800000000000267e+01 -1.546499999999999986e+01 1.089499999999999957e+01 2.209999999999999964e+00
-8.787800000000000011e+01 -3.600900000000000034e+01 2.745000000000000107e+00 -1.489999999999999936e-01
-8.193899999999999295e+01 -3.255499999999999972e+01 -4.573999999999999844e+00 -8.120000000000000551e-01
-5.407300000000000040e+01 -1.671199999999999974e+01 -1.191000000000000014e+01 2.680000000000000160e-01
-3.753099999999999881e+01 -1.083399999999999963e+01 -1.798900000000000077e+01 1.818999999999999950e+00
-3.777900000000000347e+01 -1.349900000000000055e+01 -1.705600000000000094e+01 2.553999999999999826e+00
-3.750300000000000011e+01 -7.674000000000000377e+00 -5.863000000000000433e+00 1.927999999999999936e+00
-2.487999999999999901e+01 5.455000000000000071e+00 8.746999999999999886e+00 7.149999999999999689e-01
-4.849999999999999645e+00 9.603999999999999204e+00 1.708299999999999841e+01 -1.640000000000000069e-01
1.518999999999999950e+01 5.418999999999999595e+00 1.983099999999999952e+01 -1.086999999999999966e+00
3.256199999999999761e+01 6.580000000000000071e+00 2.249899999999999878e+01 -2.238999999999999879e+00
3.591400000000000148e+01 8.436999999999999389e+00 2.083299999999999841e+01 -2.596999999999999975e+00
1.447000000000000064e+01 -4.594000000000000306e+00 6.894999999999999574e+00 -2.500000000000000000e+00
-1.014499999999999957e+01 -2.647800000000000153e+01 -1.373399999999999999e+01 -3.870000000000000107e+00
-3.040000000000000036e+00 -3.620799999999999841e+01 -2.456700000000000017e+01 -6.016000000000000014e+00
2.787300000000000111e+01 -2.922400000000000020e+01 -1.791199999999999903e+01 -5.759000000000000341e+00
4.053799999999999670e+01 -2.003000000000000114e+01 -4.153999999999999915e+00 -2.837000000000000188e+00
2.018299999999999983e+01 -2.146900000000000119e+01 7.119999999999999662e-01 -3.800000000000000044e-01
-9.221000000000000085e+00 -3.238300000000000267e+01 -6.551999999999999602e+00 2.969999999999999862e-01
-2.623400000000000176e+01 -4.057600000000000051e+01 -1.492699999999999960e+01 1.241000000000000103e+00
-2.982499999999999929e+01 -3.471600000000000108e+01 -1.410699999999999932e+01 3.576000000000000068e+00
-2.360300000000000153e+01 -1.486599999999999966e+01 -3.802999999999999936e+00 4.634999999999999787e+00
-1.070700000000000074e+01 7.493999999999999773e+00 9.557000000000000384e+00 1.627000000000000002e+00
-1.677999999999999936e+00 1.823499999999999943e+01 1.729299999999999926e+01 -3.459000000000000075e+00
-7.357999999999999652e+00 1.176600000000000001e+01 1.370299999999999940e+01 -6.168000000000000149e+00
-2.469999999999999929e+01 -3.379000000000000004e+00 2.641000000000000014e+00 -6.105000000000000426e+00
-4.156400000000000006e+01 -1.340499999999999936e+01 -6.464000000000000412e+00 -7.168999999999999595e+00
-5.262599999999999767e+01 -1.375300000000000011e+01 -9.819000000000000838e+00 -1.081300000000000061e+01
-6.127900000000000347e+01 -8.961999999999999744e+00 -1.022799999999999976e+01 -1.298900000000000077e+01
-6.803799999999999670e+01 -2.060999999999999943e+00 -1.011599999999999966e+01 -1.004299999999999926e+01
-6.548600000000000421e+01 8.025999999999999801e+00 -1.011599999999999966e+01 -4.434999999999999609e+00
-4.646200000000000330e+01 2.235099999999999909e+01 -1.052800000000000047e+01 -1.108000000000000096e+00
-1.414100000000000001e+01 3.861800000000000210e+01 -1.019500000000000028e+01 -8.080000000000000515e-01
1.726000000000000156e+01 5.019200000000000017e+01 -7.810999999999999943e+00 -6.450000000000000178e-01
3.488400000000000034e+01 5.241400000000000148e+01 -3.686999999999999833e+00 7.510000000000000009e-01
4.133700000000000330e+01 4.902799999999999869e+01 3.116999999999999993e+00 2.024000000000000021e+00
4.797200000000000131e+01 4.532999999999999829e+01 1.359399999999999942e+01 2.067000000000000171e+00
5.484400000000000119e+01 4.067099999999999937e+01 2.170100000000000051e+01 1.518999999999999906e+00
5.246999999999999886e+01 3.462100000000000222e+01 1.803999999999999915e+01 1.312000000000000055e+00
4.124799999999999756e+01 3.117599999999999838e+01 4.084999999999999964e+00 1.479000000000000092e+00
3.054899999999999949e+01 3.054700000000000060e+01 -7.578999999999999737e+00 1.627000000000000002e+00
2.030900000000000105e+01 2.491400000000000148e+01 -9.273999999999999133e+00 1.443000000000000060e+00
1.524999999999999911e+00 8.002000000000000668e+00 -4.429999999999999716e+00 6.999999999999999556e-01
-2.271699999999999875e+01 -1.450600000000000023e+01 9.409999999999999476e-01 -2.419999999999999929e-01
-3.156899999999999906e+01 -2.866600000000000037e+01 3.900999999999999801e+00 -3.330000000000000182e-01
-1.132099999999999973e+01 -2.725900000000000034e+01 4.971000000000000085e+00 7.209999999999999742e-01
2.267599999999999838e+01 -1.816100000000000136e+01 7.237000000000000099e+00 1.645999999999999908e+00
4.272399999999999665e+01 -1.420500000000000007e+01 1.079800000000000004e+01 1.409999999999999920e+00
4.236800000000000210e+01 -1.681700000000000017e+01 1.088700000000000045e+01 7.620000000000000107e-01
3.684199999999999875e+01 -1.693900000000000006e+01 6.003000000000000114e+00 7.640000000000000124e-01
3.468699999999999761e+01 -1.165000000000000036e+01 5.600000000000000533e-01 1.147999999999999909e+00
2.667399999999999949e+01 -1.026099999999999923e+01 -2.692000000000000171e+00 1.296000000000000041e+00
1.274000000000000021e+00 -2.147299999999999898e+01 -4.610999999999999766e+00 1.453999999999999959e+00
-3.666400000000000148e+01 -4.053499999999999659e+01 -5.133000000000000007e+00 1.943000000000000060e+00
-6.458799999999999386e+01 -5.332999999999999829e+01 -3.902000000000000135e+00 2.190999999999999837e+00
-6.745999999999999375e+01 -5.241100000000000136e+01 -2.709000000000000075e+00 1.489000000000000101e+00
-5.751100000000000279e+01 -4.355199999999999960e+01 -2.266999999999999904e+00 1.980000000000000093e-01
-5.240100000000000335e+01 -3.526400000000000290e+01 -7.199999999999999734e-01 -5.649999999999999467e-01
-4.723299999999999699e+01 -2.907799999999999940e+01 1.891000000000000014e+00 -2.099999999999999922e-01
-2.690299999999999869e+01 -2.259299999999999997e+01 3.305000000000000160e+00 9.140000000000000346e-01
5.057999999999999829e+00 -1.680799999999999983e+01 2.982000000000000206e+00 2.033999999999999808e+00
2.496099999999999852e+01 -1.644999999999999929e+01 1.102000000000000091e+00 2.564000000000000057e+00
1.730099999999999838e+01 -2.181800000000000139e+01 -2.092999999999999972e+00 2.702999999999999847e+00
-2.500000000000000000e+00 -2.433800000000000097e+01 -3.362000000000000099e+00 3.281000000000000139e+00
-6.269000000000000128e+00 -1.664999999999999858e+01 -7.369999999999999885e-01 4.591000000000000192e+00
9.096999999999999531e+00 -4.245000000000000107e+00 4.219999999999999862e-01 6.068999999999999950e+00
2.151300000000000168e+01 8.259999999999999565e-01 -4.519000000000000128e+00 6.969000000000000306e+00
1.765299999999999869e+01 -4.407000000000000028e+00 -1.047499999999999964e+01 6.418999999999999595e+00
4.565000000000000391e+00 -1.226200000000000045e+01 -1.186200000000000010e+01 3.669000000000000039e+00
-8.599999999999999645e+00 -1.643700000000000117e+01 -1.180799999999999983e+01 -9.969999999999999973e-01
-1.824800000000000111e+01 -1.641199999999999903e+01 -1.322899999999999920e+01 -6.049999999999999822e+00
-1.912900000000000134e+01 -1.025600000000000023e+01 -1.260999999999999943e+01 -9.382999999999999119e+00
-1.080700000000000038e+01 5.035999999999999588e+00 -9.332000000000000739e+00 -9.667999999999999261e+00
-5.910999999999999588e+00 2.350600000000000023e+01 -9.073000000000000398e+00 -7.458000000000000185e+00
-1.218599999999999994e+01 3.310699999999999932e+01 -1.382099999999999973e+01 -4.120000000000000107e+00
-1.729299999999999926e+01 3.127599999999999980e+01 -1.716400000000000148e+01 -3.509999999999999787e-01
-8.000000000000000000e+00 2.655000000000000071e+01 -1.158500000000000085e+01 2.890000000000000124e+00
1.173199999999999932e+01 2.530300000000000082e+01 1.879999999999999893e+00 3.596999999999999975e+00
3.361299999999999955e+01 2.707900000000000063e+01 1.384399999999999942e+01 9.789999999999999813e-01
5.547200000000000131e+01 3.017099999999999937e+01 1.853800000000000026e+01 -2.652000000000000135e+00
7.052299999999999613e+01 3.309700000000000131e+01 1.932100000000000151e+01 -4.378000000000000114e+00
6.908700000000000330e+01 3.456600000000000250e+01 2.043299999999999983e+01 -4.491999999999999993e+00
5.598799999999999955e+01 3.696300000000000097e+01 2.304400000000000048e+01 -5.214999999999999858e+00
4.673799999999999955e+01 4.254800000000000182e+01 2.808200000000000074e+01 -5.594999999999999751e+00
4.858599999999999852e+01 4.463499999999999801e+01 3.219500000000000028e+01 -2.274000000000000021e+00
5.693699999999999761e+01 3.467600000000000193e+01 2.698499999999999943e+01 3.496999999999999886e+00
6.214099999999999824e+01 1.890500000000000114e+01 1.220299999999999940e+01 5.907000000000000028e+00
5.634400000000000119e+01 1.317500000000000071e+01 -3.069999999999999951e-01 3.346000000000000085e+00
4.179500000000000171e+01 2.091900000000000048e+01 -2.315999999999999837e+00 4.410000000000000031e-01
2.954100000000000037e+01 3.029100000000000037e+01 1.826999999999999957e+00 6.199999999999999956e-02
2.577100000000000080e+01 3.059700000000000131e+01 3.500000000000000000e+00 -1.990000000000000102e-01
2.560900000000000176e+01 1.886899999999999977e+01 -1.779999999999999916e-01 -2.064000000000000057e+00
2.253999999999999915e+01 -2.791999999999999815e+00 -3.818999999999999950e+00 -2.765000000000000124e+00
1.863100000000000023e+01 -2.316600000000000037e+01 4.199999999999999845e-01 3.410000000000000253e-01
1.974099999999999966e+01 -2.526899999999999835e+01 1.316999999999999993e+01 5.261999999999999567e+00
1.999099999999999966e+01 -7.708999999999999631e+00 2.425499999999999901e+01 7.847999999999999865e+00
3.246999999999999886e+00 7.830000000000000071e+00 2.052400000000000091e+01 6.570999999999999730e+00
-3.260199999999999676e+01 2.487999999999999989e+00 8.999999999999999667e-02 3.741999999999999993e+00
-6.761400000000000432e+01 -1.606800000000000139e+01 -2.235500000000000043e+01 2.809000000000000163e+00
-8.227200000000000557e+01 -2.389699999999999847e+01 -2.877499999999999858e+01 4.232999999999999652e+00
-7.651000000000000512e+01 -8.820000000000000284e+00 -1.539400000000000013e+01 4.802999999999999936e+00
-6.555500000000000682e+01 1.653399999999999892e+01 5.232999999999999652e+00 2.342000000000000082e+00
-6.129899999999999949e+01 3.010099999999999909e+01 1.716499999999999915e+01 -1.006999999999999895e+00
-5.971500000000000341e+01 2.519000000000000128e+01 1.407799999999999940e+01 -2.443999999999999950e+00
-5.168500000000000227e+01 1.443200000000000038e+01 1.925999999999999934e+00 -2.633999999999999897e+00
-3.741400000000000148e+01 1.178700000000000081e+01 -7.804999999999999716e+00 -3.125000000000000000e+00
-2.055099999999999838e+01 1.714499999999999957e+01 -7.974999999999999645e+00 -2.979999999999999982e+00
-2.064999999999999947e+00 1.932400000000000162e+01 -2.202999999999999847e+00 -1.189000000000000057e+00
1.364799999999999969e+01 1.103100000000000058e+01 -4.279999999999999916e-01 9.170000000000000373e-01
1.884600000000000009e+01 -3.398000000000000131e+00 -5.982000000000000206e+00 1.955999999999999961e+00
9.894000000000000128e+00 -1.593099999999999916e+01 -1.192200000000000060e+01 1.943999999999999950e+00
-9.148999999999999133e+00 -2.399299999999999855e+01 -1.216799999999999926e+01 9.130000000000000338e-01
-2.841300000000000026e+01 -2.830699999999999861e+01 -8.958000000000000185e+00 -8.299999999999999600e-01
-3.950999999999999801e+01 -2.757300000000000040e+01 -7.488999999999999879e+00 -1.768000000000000016e+00
-4.053799999999999670e+01 -1.976500000000000057e+01 -9.244999999999999218e+00 -1.012999999999999901e+00
-3.345199999999999818e+01 -7.568999999999999950e+00 -1.226600000000000001e+01 1.900000000000000022e-01
-2.440599999999999881e+01 -3.890000000000000124e-01 -1.563499999999999979e+01 4.159999999999999809e-01
-2.369500000000000028e+01 -6.536999999999999922e+00 -2.156400000000000006e+01 3.899999999999999994e-02
-3.414800000000000324e+01 -2.226399999999999935e+01 -3.208299999999999841e+01 1.100000000000000006e-01
-4.660900000000000176e+01 -3.635900000000000176e+01 -4.501500000000000057e+01 5.869999999999999662e-01
-5.308200000000000074e+01 -4.579399999999999693e+01 -5.463300000000000267e+01 8.010000000000000453e-01
-5.106700000000000017e+01 -5.393399999999999750e+01 -5.540200000000000102e+01 7.439999999999999947e-01
-3.534499999999999886e+01 -5.534799999999999898e+01 -4.428000000000000114e+01 6.500000000000000222e-01
-3.613999999999999879e+00 -3.886899999999999977e+01 -2.072700000000000031e+01 1.280000000000000027e-01
3.311500000000000199e+01 -3.876999999999999780e+00 1.277999999999999936e+01 -6.870000000000000551e-01
6.164000000000000057e+01 3.708599999999999852e+01 4.775600000000000023e+01 -6.830000000000000515e-01
8.110999999999999943e+01 6.658599999999999852e+01 7.045600000000000307e+01 -4.129999999999999782e-01
9.492900000000000205e+01 7.078000000000000114e+01 7.225300000000000011e+01 -2.047000000000000153e+00
9.785999999999999943e+01 5.051299999999999812e+01 5.638100000000000023e+01 -4.738999999999999879e+00
8.201300000000000523e+01 2.411299999999999955e+01 3.186499999999999844e+01 -4.729000000000000092e+00
4.959799999999999898e+01 9.327999999999999403e+00 8.448999999999999844e+00 -1.443000000000000060e+00
1.182900000000000063e+01 4.674999999999999822e+00 -5.378000000000000114e+00 1.715999999999999970e+00
-2.128099999999999881e+01 -3.903000000000000025e+00 -8.766000000000000014e+00 3.298999999999999932e+00
-4.439699999999999847e+01 -2.125499999999999901e+01 -8.012000000000000455e+00 5.331999999999999851e+00
-5.347200000000000131e+01 -3.580100000000000193e+01 -6.258000000000000007e+00 7.966000000000000192e+00
-4.703099999999999881e+01 -3.530299999999999727e+01 -6.790000000000000480e-01 7.560999999999999943e+00
-3.026200000000000045e+01 -2.241499999999999915e+01 9.893000000000000682e+00 2.319999999999999840e+00
-8.201000000000000512e+00 -7.368999999999999773e+00 2.109700000000000131e+01 -4.206000000000000405e+00
2.309799999999999898e+01 7.706999999999999851e+00 2.751699999999999946e+01 -7.421000000000000263e+00
6.410500000000000398e+01 2.538800000000000168e+01 2.681899999999999906e+01 -6.373000000000000220e+00
9.251699999999999591e+01 3.887899999999999778e+01 1.881800000000000139e+01 -3.261000000000000121e+00
8.015099999999999625e+01 3.573599999999999710e+01 5.408999999999999808e+00 -3.539999999999999813e-01
3.564099999999999824e+01 1.680000000000000071e+01 -7.009999999999999787e+00 2.361000000000000210e+00
4.000000000000000222e-01 -2.117999999999999883e+00 -1.126600000000000001e+01 5.714000000000000412e+00
-8.391999999999999460e+00 -1.237500000000000000e+01 -7.527000000000000135e+00 7.604000000000000092e+00
-1.274600000000000044e+01 -2.151099999999999923e+01 -3.334000000000000075e+00 4.626999999999999780e+00
-2.377299999999999969e+01 -3.345300000000000296e+01 -5.450000000000000178e+00 -2.520999999999999908e+00
-2.346099999999999852e+01 -3.819700000000000273e+01 -1.329800000000000004e+01 -9.910000000000000142e+00
-6.847000000000000419e+00 -3.169999999999999929e+01 -2.003099999999999881e+01 -1.561899999999999977e+01
5.699999999999999512e-01 -2.765599999999999881e+01 -2.040899999999999892e+01 -1.984499999999999886e+01
-1.835099999999999909e+01 -3.560600000000000165e+01 -1.641499999999999915e+01 -2.106299999999999883e+01
-4.448299999999999699e+01 -4.242399999999999949e+01 -1.367800000000000082e+01 -1.665299999999999869e+01
-4.637700000000000244e+01 -3.070599999999999952e+01 -1.360899999999999999e+01 -8.128000000000000114e+00
-1.859700000000000131e+01 -4.453999999999999737e+00 -1.068200000000000038e+01 -1.167999999999999927e+00
1.387299999999999933e+01 1.804400000000000048e+01 -1.970000000000000084e-01 1.651000000000000023e+00
2.595400000000000063e+01 2.717500000000000071e+01 1.235100000000000087e+01 3.130999999999999783e+00
1.569800000000000040e+01 2.398699999999999832e+01 1.682100000000000151e+01 4.983999999999999986e+00
-5.395999999999999908e+00 1.037800000000000011e+01 1.177100000000000080e+01 5.358999999999999986e+00
-2.879500000000000171e+01 -8.118000000000000327e+00 3.136000000000000121e+00 3.857000000000000206e+00
-4.696999999999999886e+01 -1.958299999999999841e+01 -5.940999999999999837e+00 2.884999999999999787e+00
-5.044800000000000040e+01 -1.823300000000000054e+01 -1.443399999999999928e+01 3.468999999999999861e+00
-3.796099999999999852e+01 -1.222499999999999964e+01 -1.913700000000000045e+01 4.243000000000000327e+00
-1.988100000000000023e+01 -1.040399999999999991e+01 -1.832199999999999918e+01 4.298000000000000043e+00
-6.504999999999999893e+00 -9.412000000000000810e+00 -1.413400000000000034e+01 4.049999999999999822e+00
-1.802999999999999936e+00 -2.410000000000000142e+00 -9.035999999999999588e+00 3.845000000000000195e+00
-6.360000000000000320e+00 7.450999999999999623e+00 -3.600000000000000089e+00 3.512999999999999901e+00
-1.589100000000000001e+01 1.108399999999999963e+01 2.524000000000000021e+00 3.077999999999999847e+00
-2.045799999999999841e+01 5.870000000000000107e+00 7.940000000000000391e+00 3.285000000000000142e+00
-1.196799999999999997e+01 -1.643999999999999906e+00 7.633000000000000007e+00 5.333999999999999631e+00
7.958999999999999631e+00 -3.472999999999999865e+00 -2.310000000000000053e+00 9.226000000000000867e+00
2.520799999999999841e+01 1.088000000000000078e+00 -1.704200000000000159e+01 1.219299999999999962e+01
2.203500000000000014e+01 5.182000000000000384e+00 -2.543900000000000006e+01 1.101699999999999946e+01
-8.970000000000000195e-01 3.508999999999999897e+00 -2.169399999999999906e+01 6.668000000000000149e+00
-2.007700000000000173e+01 -7.580000000000000071e-01 -1.094299999999999962e+01 3.520000000000000018e+00
-1.857300000000000040e+01 -6.760000000000000453e-01 -2.541999999999999815e+00 2.698999999999999844e+00
-5.756999999999999673e+00 5.078999999999999737e+00 1.461999999999999966e+00 2.540000000000000036e-01
1.530999999999999917e+00 1.184900000000000020e+01 8.121999999999999886e+00 -5.548000000000000043e+00
1.256999999999999895e+00 1.727599999999999980e+01 2.051699999999999946e+01 -9.771000000000000796e+00
2.883000000000000007e+00 2.459700000000000131e+01 2.961799999999999855e+01 -7.894999999999999574e+00
1.478400000000000070e+01 3.672999999999999687e+01 2.783699999999999974e+01 -3.184000000000000163e+00
3.626299999999999812e+01 4.982999999999999829e+01 2.230600000000000094e+01 -2.084999999999999964e+00
5.295199999999999818e+01 5.282500000000000284e+01 2.239000000000000057e+01 -5.384000000000000341e+00
4.714999999999999858e+01 3.666400000000000148e+01 2.332999999999999829e+01 -7.996000000000000441e+00
2.089199999999999946e+01 7.804999999999999716e+00 1.611799999999999855e+01 -5.772999999999999687e+00
-3.557999999999999829e+00 -1.516600000000000037e+01 4.626999999999999780e+00 6.900000000000000577e-02
-1.163100000000000023e+01 -2.196799999999999997e+01 1.385999999999999899e+00 4.934999999999999609e+00
-7.373000000000000220e+00 -1.643499999999999872e+01 1.160100000000000087e+01 5.991999999999999993e+00
4.097000000000000419e+00 -4.475999999999999979e+00 2.634100000000000108e+01 4.482000000000000206e+00
1.961100000000000065e+01 7.653999999999999915e+00 3.072100000000000009e+01 3.116999999999999993e+00
2.544500000000000028e+01 1.051299999999999990e+01 1.907600000000000051e+01 2.742999999999999883e+00
9.170999999999999375e+00 2.120000000000000107e+00 -2.000000000000000042e-02 2.508000000000000007e+00
-1.900000000000000000e+01 -8.365000000000000213e+00 -1.460200000000000031e+01 1.949000000000000066e+00
-3.609499999999999886e+01 -1.411700000000000088e+01 -2.048000000000000043e+01 1.381000000000000005e+00
-3.098499999999999943e+01 -1.518599999999999994e+01 -2.026800000000000068e+01 9.759999999999999787e-01
-7.969000000000000306e+00 -1.031400000000000006e+01 -1.662199999999999989e+01 7.139999999999999680e-01
2.183999999999999986e+01 2.318000000000000060e+00 -1.024099999999999966e+01 6.860000000000000542e-01
4.247399999999999665e+01 1.707100000000000151e+01 -2.642999999999999794e+00 6.360000000000000098e-01
4.318999999999999773e+01 2.428399999999999892e+01 2.713999999999999968e+00 -1.519999999999999962e-01
3.650500000000000256e+01 2.228699999999999903e+01 2.636000000000000121e+00 -1.657999999999999918e+00
4.212800000000000011e+01 1.491600000000000037e+01 -3.087000000000000188e+00 -2.367999999999999883e+00
4.642300000000000182e+01 -2.994000000000000217e+00 -1.006199999999999939e+01 -7.790000000000000258e-01
1.598900000000000077e+01 -3.821699999999999875e+01 -1.184999999999999964e+01 2.343999999999999861e+00
-4.035799999999999699e+01 -7.531499999999999773e+01 -7.735999999999999766e+00 4.280999999999999694e+00
-7.006999999999999318e+01 -8.571399999999999864e+01 -5.628000000000000114e+00 3.428999999999999826e+00
-4.877600000000000335e+01 -6.464000000000000057e+01 -1.157499999999999929e+01 1.270999999999999908e+00
-8.714999999999999858e+00 -3.546200000000000330e+01 -1.901500000000000057e+01 3.340000000000000191e-01
1.491399999999999970e+01 -1.586700000000000088e+01 -1.588499999999999979e+01 9.110000000000000320e-01
2.437500000000000000e+01 -1.062000000000000055e+00 -7.229999999999999760e-01 1.435999999999999943e+00
3.434199999999999875e+01 1.756700000000000017e+01 1.501399999999999935e+01 1.227000000000000091e+00
3.871000000000000085e+01 3.492600000000000193e+01 1.939999999999999858e+01 4.510000000000000120e-01
1.693100000000000094e+01 3.944700000000000273e+01 1.019400000000000084e+01 -1.320999999999999952e+00
-3.793200000000000216e+01 2.842699999999999960e+01 -5.427999999999999936e+00 -3.846000000000000085e+00
-1.019159999999999968e+02 1.169400000000000084e+01 -1.709600000000000009e+01 -5.073999999999999844e+00
-1.327539999999999907e+02 4.447000000000000064e+00 -1.847800000000000153e+01 -3.557999999999999829e+00
-1.072129999999999939e+02 1.499000000000000021e+01 -1.149600000000000044e+01 -5.819999999999999618e-01
-4.464000000000000057e+01 3.532300000000000040e+01 -2.617999999999999883e+00 1.548999999999999932e+00
1.430300000000000082e+01 4.876899999999999835e+01 4.692000000000000171e+00 2.007000000000000117e+00
4.829099999999999682e+01 4.920100000000000051e+01 1.035100000000000087e+01 1.233000000000000096e+00
6.482299999999999329e+01 4.508100000000000307e+01 1.440099999999999980e+01 -2.590000000000000080e-01
7.713500000000000512e+01 4.349199999999999733e+01 1.910600000000000165e+01 -1.826000000000000068e+00
8.813200000000000500e+01 4.059599999999999653e+01 2.666300000000000026e+01 -2.815999999999999837e+00
9.359300000000000352e+01 3.292799999999999727e+01 3.131099999999999994e+01 -3.689000000000000057e+00
8.824500000000000455e+01 2.773999999999999844e+01 2.572400000000000020e+01 -5.493000000000000327e+00
7.109900000000000375e+01 3.012600000000000122e+01 1.412500000000000000e+01 -7.371999999999999886e+00
4.903399999999999892e+01 2.792599999999999838e+01 5.894000000000000128e+00 -6.777000000000000135e+00
2.828900000000000148e+01 7.536999999999999922e+00 1.542999999999999927e+00 -3.282000000000000028e+00
7.461999999999999744e+00 -2.077499999999999858e+01 -4.136999999999999567e+00 3.200000000000000067e-01
-1.083300000000000018e+01 -3.397899999999999920e+01 -1.145199999999999996e+01 1.814000000000000057e+00
-1.407300000000000040e+01 -2.777599999999999980e+01 -1.509999999999999964e+01 1.941999999999999948e+00
4.479000000000000092e+00 -1.672700000000000031e+01 -1.061200000000000010e+01 1.971999999999999975e+00
3.390400000000000347e+01 -1.024200000000000088e+01 1.250000000000000000e-01 1.290999999999999925e+00
4.835099999999999909e+01 -8.823999999999999844e+00 8.553000000000000824e+00 -1.092999999999999972e+00
1.994999999999999929e+01 -1.501099999999999923e+01 6.052999999999999936e+00 -4.358999999999999986e+00
-5.198199999999999932e+01 -2.838700000000000045e+01 -7.349000000000000199e+00 -6.514999999999999680e+00
-1.227180000000000035e+02 -3.804099999999999682e+01 -2.160600000000000165e+01 -6.168999999999999595e+00
-1.379039999999999964e+02 -3.550000000000000000e+01 -2.694500000000000028e+01 -3.737999999999999989e+00
-9.145699999999999363e+01 -2.721399999999999864e+01 -2.453900000000000148e+01 -1.598999999999999977e+00
-2.724099999999999966e+01 -2.262099999999999866e+01 -2.075600000000000023e+01 -1.362000000000000099e+00
1.900000000000000000e+01 -2.019900000000000162e+01 -1.370199999999999996e+01 -1.314000000000000057e+00
5.152900000000000347e+01 -1.738299999999999912e+01 2.172000000000000153e+00 3.439999999999999725e-01
7.876099999999999568e+01 -2.019999999999999929e+01 1.979799999999999827e+01 2.004999999999999893e+00
8.869400000000000261e+01 -2.761199999999999832e+01 2.443400000000000105e+01 2.109999999999999876e+00
8.122799999999999443e+01 -2.340200000000000102e+01 1.512599999999999945e+01 1.979999999999999982e+00
7.270900000000000318e+01 -2.153000000000000025e+00 4.448999999999999844e+00 2.233000000000000096e+00
5.133200000000000074e+01 1.482799999999999940e+01 -1.235999999999999988e+00 1.447000000000000064e+00
-1.136400000000000077e+01 9.153999999999999915e+00 -5.024000000000000021e+00 -6.099999999999999867e-02
-9.523000000000000398e+01 -6.113999999999999879e+00 -6.908000000000000362e+00 -6.500000000000000222e-02
-1.407069999999999936e+02 -6.650999999999999801e+00 -3.016000000000000014e+00 1.578000000000000069e+00
-1.303110000000000070e+02 8.035000000000000142e+00 4.208000000000000185e+00 2.782999999999999918e+00
-1.056530000000000058e+02 1.629400000000000048e+01 6.121000000000000441e+00 2.786000000000000032e+00
-1.010270000000000010e+02 2.615000000000000213e+00 -1.217999999999999972e+00 2.748000000000000220e+00
-1.083089999999999975e+02 -2.730300000000000082e+01 -1.274900000000000055e+01 3.233000000000000096e+00
-1.075939999999999941e+02 -5.418800000000000239e+01 -2.195799999999999841e+01 3.431000000000000050e+00
-9.390399999999999636e+01 -6.195000000000000284e+01 -2.869600000000000151e+01 2.720000000000000195e+00
-7.190600000000000591e+01 -5.038100000000000023e+01 -3.609499999999999886e+01 1.637000000000000011e+00
-4.618200000000000216e+01 -3.015800000000000125e+01 -4.067300000000000182e+01 1.516000000000000014e+00
-1.852599999999999980e+01 -5.873000000000000220e+00 -3.376700000000000301e+01 3.521999999999999797e+00
1.078800000000000026e+01 2.444600000000000151e+01 -1.603200000000000003e+01 6.937000000000000277e+00
3.767600000000000193e+01 5.385600000000000165e+01 1.431000000000000050e+00 8.426999999999999602e+00
5.218599999999999994e+01 6.604900000000000659e+01 1.394699999999999918e+01 5.134999999999999787e+00
4.697699999999999676e+01 5.333200000000000074e+01 2.587500000000000000e+01 -1.036000000000000032e+00
2.797800000000000153e+01 2.696199999999999974e+01 3.464600000000000080e+01 -4.876999999999999780e+00
1.260899999999999999e+01 6.600999999999999979e+00 3.080900000000000105e+01 -4.804000000000000270e+00
1.457699999999999996e+01 2.051000000000000156e+00 1.630399999999999849e+01 -4.737000000000000099e+00
3.125400000000000134e+01 7.333999999999999631e+00 5.184000000000000163e+00 -6.580000000000000071e+00
4.882800000000000296e+01 9.890000000000000568e+00 4.496999999999999886e+00 -6.402999999999999581e+00
5.773199999999999932e+01 2.241999999999999993e+00 7.900000000000000355e+00 -2.338999999999999968e+00
5.914500000000000313e+01 -1.186100000000000065e+01 7.306000000000000050e+00 9.959999999999999964e-01
6.096200000000000330e+01 -2.028300000000000125e+01 1.822000000000000064e+00 6.909999999999999476e-01
6.801500000000000057e+01 -1.678900000000000148e+01 -4.870000000000000107e+00 4.969999999999999973e-01
7.088500000000000512e+01 -1.045899999999999963e+01 -1.193099999999999916e+01 4.256000000000000227e+00
5.538900000000000290e+01 -1.125200000000000067e+01 -2.044399999999999906e+01 1.056000000000000050e+01
2.788800000000000168e+01 -1.340799999999999947e+01 -2.486199999999999832e+01 1.511800000000000033e+01
8.358000000000000540e+00 -6.879999999999999893e+00 -1.636499999999999844e+01 1.463799999999999990e+01
-1.423000000000000043e+00 4.623999999999999666e+00 3.205999999999999961e+00 8.766000000000000014e+00
-1.455599999999999916e+01 1.007600000000000051e+01 2.147599999999999909e+01 3.870000000000000107e-01
-3.121099999999999852e+01 5.697000000000000064e+00 2.971399999999999864e+01 -6.705000000000000071e+00
-4.022500000000000142e+01 -4.041000000000000369e+00 2.917599999999999838e+01 -1.145400000000000063e+01
-3.845199999999999818e+01 -1.183500000000000085e+01 2.471600000000000108e+01 -1.546199999999999974e+01
-3.067999999999999972e+01 -1.299200000000000088e+01 1.857700000000000173e+01 -1.875100000000000122e+01
-1.780999999999999872e+01 -8.653999999999999915e+00 1.190499999999999936e+01 -1.849399999999999977e+01
4.793999999999999595e+00 -1.433999999999999941e+00 7.450999999999999623e+00 -1.335399999999999920e+01
3.643399999999999750e+01 8.599000000000000199e+00 6.381000000000000227e+00 -6.270999999999999908e+00
6.618200000000000216e+01 2.060099999999999909e+01 6.387999999999999901e+00 -1.096999999999999975e+00
8.957800000000000296e+01 3.246000000000000085e+01 6.958999999999999631e+00 1.588999999999999968e+00
1.107379999999999995e+02 4.243099999999999739e+01 9.808999999999999275e+00 3.419000000000000039e+00
1.081550000000000011e+02 4.467900000000000205e+01 1.087599999999999945e+01 4.647999999999999687e+00
4.642999999999999972e+01 3.256000000000000227e+01 2.718999999999999861e+00 4.277999999999999581e+00
-4.972899999999999920e+01 1.209800000000000075e+01 -1.193399999999999928e+01 2.830999999999999961e+00
-1.036310000000000002e+02 -1.885000000000000009e+00 -2.149299999999999855e+01 2.138999999999999790e+00
-8.917600000000000193e+01 -3.983999999999999986e+00 -2.151000000000000156e+01 2.830999999999999961e+00
-4.893800000000000239e+01 1.391000000000000014e+00 -1.671300000000000097e+01 4.070999999999999730e+00
-1.412199999999999989e+01 1.019500000000000028e+01 -1.002699999999999925e+01 4.887999999999999901e+00
1.575300000000000011e+01 1.675600000000000023e+01 -2.096999999999999975e+00 4.641000000000000014e+00
3.030099999999999838e+01 1.482900000000000063e+01 3.399000000000000021e+00 3.603000000000000203e+00
1.494500000000000028e+01 8.686999999999999389e+00 4.072000000000000064e+00 3.196000000000000174e+00
-1.377899999999999991e+01 7.482000000000000206e+00 2.884999999999999787e+00 4.144000000000000128e+00
-2.764699999999999847e+01 7.812000000000000277e+00 1.745000000000000107e+00 4.961999999999999744e+00
-2.667500000000000071e+01 -5.090000000000000080e-01 -2.496999999999999886e+00 3.648000000000000131e+00
-2.902599999999999980e+01 -1.572700000000000031e+01 -1.116000000000000014e+01 5.849999999999999645e-01
-3.974499999999999744e+01 -2.763899999999999935e+01 -1.941499999999999915e+01 -1.312999999999999945e+00
-5.235300000000000153e+01 -3.350200000000000244e+01 -2.314499999999999957e+01 -1.360000000000000098e-01
-6.350099999999999767e+01 -3.808700000000000330e+01 -2.360600000000000165e+01 2.189999999999999947e+00
-6.809999999999999432e+01 -4.207300000000000040e+01 -2.063500000000000156e+01 2.430000000000000160e+00
-5.603999999999999915e+01 -3.880400000000000205e+01 -9.160999999999999588e+00 4.420000000000000040e-01
-2.752899999999999991e+01 -2.365800000000000125e+01 1.091200000000000081e+01 -1.324999999999999956e+00
3.169999999999999929e+00 -9.110000000000000320e-01 2.885500000000000043e+01 -1.596000000000000085e+00
2.697500000000000142e+01 2.235699999999999932e+01 3.504299999999999926e+01 -9.350000000000000533e-01
4.561200000000000188e+01 4.083599999999999852e+01 3.222500000000000142e+01 1.859999999999999987e-01
5.554999999999999716e+01 4.575300000000000011e+01 2.740099999999999980e+01 1.499000000000000110e+00
4.805199999999999960e+01 3.039900000000000091e+01 2.099599999999999866e+01 2.166999999999999815e+00
2.774399999999999977e+01 5.410000000000000142e+00 1.161200000000000010e+01 2.008999999999999897e+00
1.143099999999999916e+01 -9.114000000000000767e+00 2.302999999999999936e+00 2.295999999999999819e+00
6.453999999999999737e+00 -8.567999999999999616e+00 -4.064000000000000057e+00 3.486000000000000210e+00
5.605000000000000426e+00 -4.323999999999999844e+00 -8.909000000000000696e+00 3.729000000000000092e+00
4.323999999999999844e+00 -2.212000000000000188e+00 -1.356600000000000072e+01 1.568999999999999950e+00
7.881000000000000227e+00 2.278000000000000025e+00 -1.551500000000000057e+01 -1.560999999999999943e+00
1.754400000000000048e+01 9.718999999999999417e+00 -1.266399999999999970e+01 -3.564999999999999947e+00
2.368400000000000105e+01 1.353400000000000070e+01 -8.326000000000000512e+00 -4.794999999999999929e+00
1.899399999999999977e+01 1.173799999999999955e+01 -7.246000000000000441e+00 -6.602000000000000313e+00
7.496000000000000441e+00 8.868000000000000327e+00 -8.112000000000000099e+00 -7.865999999999999659e+00
-5.602999999999999758e+00 4.448999999999999844e+00 -5.325999999999999623e+00 -6.009000000000000341e+00
-2.155999999999999872e+01 -6.746999999999999886e+00 1.842000000000000082e+00 -1.497000000000000108e+00
-3.586099999999999710e+01 -1.994200000000000017e+01 6.911999999999999922e+00 2.033999999999999808e+00
-3.215500000000000114e+01 -2.194099999999999895e+01 4.331000000000000405e+00 2.819999999999999840e+00
-4.089000000000000412e+00 -1.111999999999999922e+01 -2.887999999999999901e+00 2.701999999999999957e+00
2.929400000000000048e+01 4.159999999999999809e-01 -6.139999999999999680e+00 3.173000000000000043e+00
4.349499999999999744e+01 5.214000000000000412e+00 -1.991999999999999993e+00 3.277000000000000135e+00
3.344700000000000273e+01 5.291000000000000369e+00 2.745000000000000107e+00 2.255999999999999783e+00
1.195299999999999940e+01 1.163999999999999924e+00 -1.455000000000000071e+00 8.990000000000000213e-01
-6.317000000000000171e+00 -9.263999999999999346e+00 -1.538100000000000023e+01 -3.649999999999999911e-01
-1.435100000000000087e+01 -2.249599999999999866e+01 -2.914099999999999824e+01 -1.633999999999999897e+00
-1.375399999999999956e+01 -3.062900000000000134e+01 -3.301800000000000068e+01 -1.836000000000000076e+00
-1.020899999999999963e+01 -2.960099999999999909e+01 -2.711499999999999844e+01 8.000000000000000167e-03
-6.344999999999999751e+00 -1.997700000000000031e+01 -1.635600000000000165e+01 2.104999999999999982e+00
-3.240000000000000213e+00 -4.201999999999999957e+00 -3.391999999999999904e+00 1.385999999999999899e+00
-7.822000000000000064e+00 1.067900000000000027e+01 7.160999999999999588e+00 -2.468999999999999861e+00
-2.272200000000000131e+01 1.586400000000000077e+01 8.946999999999999176e+00 -6.855999999999999872e+00
-2.855699999999999861e+01 1.265199999999999925e+01 5.974000000000000199e+00 -1.000999999999999979e+01
1.980000000000000093e-01 1.341000000000000014e+01 1.244500000000000028e+01 -1.218699999999999939e+01
5.770799999999999841e+01 2.741499999999999915e+01 3.316400000000000148e+01 -1.277200000000000024e+01
1.034309999999999974e+02 4.823700000000000188e+01 5.370799999999999841e+01 -1.003100000000000058e+01
9.948099999999999454e+01 5.566400000000000148e+01 5.668800000000000239e+01 -4.926000000000000156e+00
4.683800000000000097e+01 3.711399999999999721e+01 4.100900000000000034e+01 -1.082999999999999963e+00
-1.405899999999999928e+01 6.027999999999999581e+00 1.950300000000000011e+01 1.789999999999999925e-01
-4.595799999999999841e+01 -1.573199999999999932e+01 3.387999999999999901e+00 1.092000000000000082e+00
-5.456900000000000261e+01 -2.700300000000000011e+01 -5.032000000000000028e+00 3.319999999999999840e+00
-6.492900000000000205e+01 -3.811399999999999721e+01 -8.361000000000000654e+00 5.748000000000000220e+00
-7.348199999999999932e+01 -4.488100000000000023e+01 -9.249000000000000554e+00 6.567000000000000171e+00
-6.062899999999999778e+01 -3.694299999999999784e+01 -9.772000000000000242e+00 5.477999999999999758e+00
-3.378799999999999670e+01 -2.036499999999999844e+01 -1.174900000000000055e+01 3.694999999999999840e+00
-1.882000000000000028e+01 -9.795999999999999375e+00 -1.519100000000000072e+01 2.601999999999999869e+00
-2.093599999999999994e+01 -7.780000000000000249e+00 -1.761299999999999955e+01 2.482000000000000206e+00
-2.226899999999999835e+01 -6.344999999999999751e+00 -1.666000000000000014e+01 2.688000000000000167e+00
-1.098600000000000065e+01 -1.661000000000000032e+00 -1.391799999999999926e+01 2.847999999999999865e+00
4.796000000000000263e+00 1.683000000000000052e+00 -1.507000000000000028e+01 3.048000000000000043e+00
1.252399999999999913e+01 -1.429999999999999882e-01 -2.225100000000000122e+01 3.016999999999999904e+00
1.279499999999999993e+01 -3.244000000000000217e+00 -2.796799999999999997e+01 2.375999999999999890e+00
1.260100000000000087e+01 -4.216000000000000192e+00 -2.477199999999999847e+01 1.881000000000000005e+00
1.188700000000000045e+01 -6.839999999999999858e+00 -1.689499999999999957e+01 3.107000000000000206e+00
1.161899999999999977e+01 -1.066099999999999959e+01 -1.187800000000000011e+01 5.924999999999999822e+00
2.289999999999999858e+01 -5.089000000000000412e+00 -6.240000000000000213e+00 7.375000000000000000e+00
5.035799999999999699e+01 1.578400000000000070e+01 9.489000000000000767e+00 4.817000000000000171e+00
7.580200000000000671e+01 4.376599999999999824e+01 3.314300000000000068e+01 -4.030000000000000249e-01
7.202700000000000102e+01 6.184000000000000341e+01 4.821200000000000330e+01 -4.391000000000000014e+00
3.309499999999999886e+01 5.302000000000000313e+01 4.438000000000000256e+01 -5.791000000000000369e+00
-1.209800000000000075e+01 1.934100000000000108e+01 3.167099999999999937e+01 -6.850999999999999979e+00
-2.751200000000000045e+01 -9.660999999999999588e+00 2.406099999999999994e+01 -8.429000000000000270e+00
-1.175600000000000023e+01 -1.194100000000000072e+01 2.077199999999999847e+01 -7.538000000000000256e+00
7.628999999999999559e+00 -2.516999999999999904e+00 1.410899999999999999e+01 -2.491999999999999993e+00
1.383699999999999974e+01 -3.178999999999999826e+00 2.778999999999999915e+00 3.200000000000000178e+00
9.300000000000000711e+00 -9.086000000000000298e+00 -8.743999999999999773e+00 5.459999999999999964e+00
-2.472999999999999865e+00 -8.476000000000000867e+00 -1.460100000000000087e+01 4.972999999999999865e+00
-1.960999999999999943e+01 -6.291999999999999815e+00 -1.146199999999999974e+01 5.054000000000000270e+00
-3.370199999999999818e+01 -9.154999999999999361e+00 -2.003000000000000114e+00 6.644000000000000128e+00
-3.455799999999999983e+01 -1.080799999999999983e+01 7.967999999999999972e+00 7.293999999999999595e+00
-2.279100000000000037e+01 -6.272999999999999687e+00 1.322499999999999964e+01 4.139999999999999680e+00
-9.256999999999999673e+00 -3.520000000000000018e+00 9.500999999999999446e+00 -2.321000000000000174e+00
-1.362000000000000099e+00 -1.064100000000000001e+01 -2.306999999999999940e+00 -7.766000000000000014e+00
2.612000000000000099e+00 -2.200900000000000034e+01 -1.408399999999999963e+01 -9.099000000000000199e+00
6.193999999999999950e+00 -2.613299999999999912e+01 -1.954899999999999949e+01 -8.317999999999999616e+00
1.041499999999999915e+01 -2.021699999999999875e+01 -2.080300000000000082e+01 -7.879999999999999893e+00
1.648499999999999943e+01 -8.859999999999999432e+00 -2.145499999999999829e+01 -5.918999999999999595e+00
2.460900000000000176e+01 4.328999999999999737e+00 -1.982900000000000063e+01 -1.024000000000000021e+00
2.886400000000000077e+01 1.487599999999999945e+01 -1.352800000000000047e+01 3.338999999999999968e+00
2.119399999999999906e+01 1.519999999999999929e+01 -6.227999999999999758e+00 3.980999999999999872e+00
4.160999999999999588e+00 4.126000000000000334e+00 -4.748999999999999666e+00 2.390000000000000124e+00
-8.544999999999999929e+00 -7.161999999999999922e+00 -9.461999999999999744e+00 1.028999999999999915e+00
-1.054800000000000004e+01 -7.269000000000000128e+00 -1.316300000000000026e+01 8.300000000000000433e-02
-1.464600000000000080e+01 5.560000000000000497e-01 -1.222799999999999976e+01 -5.130000000000000115e-01
-3.444200000000000017e+01 4.666999999999999815e+00 -1.140000000000000036e+01 1.549999999999999989e-01
-5.765899999999999892e+01 4.019000000000000128e+00 -1.324300000000000033e+01 2.395000000000000018e+00
-5.949300000000000210e+01 5.809999999999999609e+00 -1.314899999999999913e+01 5.333999999999999631e+00
-4.188700000000000045e+01 4.980999999999999872e+00 -9.980999999999999872e+00 7.442000000000000171e+00
-2.909900000000000020e+01 -1.058600000000000030e+01 -9.162000000000000810e+00 7.084999999999999964e+00
-2.617299999999999827e+01 -3.262299999999999756e+01 -1.058900000000000041e+01 4.160000000000000142e+00
-1.582000000000000028e+01 -3.669400000000000261e+01 -7.022999999999999687e+00 9.320000000000000506e-01
4.546999999999999709e+00 -1.918199999999999861e+01 2.439000000000000057e+00 -4.139999999999999791e-01
1.307799999999999940e+01 -6.562000000000000277e+00 9.599999999999999645e+00 -3.970000000000000195e-01
-3.270000000000000018e+00 -1.769999999999999929e+01 9.823999999999999844e+00 -1.207999999999999963e+00
-2.625799999999999912e+01 -3.594200000000000017e+01 7.426000000000000156e+00 -3.646999999999999797e+00
-2.907400000000000162e+01 -3.437800000000000011e+01 6.326999999999999957e+00 -5.783999999999999808e+00
-9.973000000000000753e+00 -1.371199999999999974e+01 4.200999999999999623e+00 -5.092999999999999972e+00
8.766000000000000014e+00 3.323999999999999844e+00 -1.334999999999999964e+00 -2.024999999999999911e+00
8.643000000000000682e+00 5.201999999999999957e+00 -8.634000000000000341e+00 2.590000000000000080e-01
-9.146000000000000796e+00 2.068999999999999950e+00 -1.640800000000000125e+01 4.359999999999999987e-01
-3.407600000000000051e+01 5.583999999999999631e+00 -2.471600000000000108e+01 4.869999999999999885e-01
-6.154800000000000182e+01 1.259699999999999953e+01 -3.039600000000000080e+01 1.993999999999999995e+00
-8.883700000000000330e+01 1.443800000000000061e+01 -2.764900000000000091e+01 4.575999999999999623e+00
-1.027120000000000033e+02 1.392099999999999937e+01 -1.285100000000000087e+01 7.746999999999999886e+00
-8.675199999999999534e+01 2.436100000000000065e+01 1.306000000000000050e+01 1.040199999999999925e+01
-3.864800000000000324e+01 5.263700000000000045e+01 4.338600000000000279e+01 1.010299999999999976e+01
3.171600000000000108e+01 8.972799999999999443e+01 6.792100000000000648e+01 6.189000000000000057e+00
1.093539999999999992e+02 1.179519999999999982e+02 7.915900000000000603e+01 1.143999999999999906e+00
1.659819999999999993e+02 1.206889999999999930e+02 7.360699999999999932e+01 -2.775999999999999801e+00
1.707570000000000050e+02 9.079699999999999704e+01 5.074799999999999756e+01 -5.878000000000000114e+00
1.315260000000000105e+02 4.195300000000000296e+01 1.831400000000000006e+01 -9.782000000000000028e+00
9.800400000000000489e+01 3.400999999999999801e+00 -7.107000000000000206e+00 -1.482099999999999973e+01
1.021149999999999949e+02 -9.311999999999999389e+00 -1.399499999999999922e+01 -1.830000000000000071e+01
1.192969999999999970e+02 -9.019000000000000128e+00 -6.397000000000000242e+00 -1.680499999999999972e+01
1.069419999999999931e+02 -1.383399999999999963e+01 4.533999999999999808e+00 -1.113799999999999990e+01
6.214399999999999835e+01 -2.376699999999999946e+01 1.179299999999999926e+01 -5.679999999999999716e+00
1.929299999999999926e+01 -3.032799999999999940e+01 1.100999999999999979e+01 -2.483999999999999986e+00
-8.369999999999999662e-01 -3.306199999999999761e+01 -4.650000000000000244e-01 -6.199999999999999956e-02
-1.001500000000000057e+01 -3.475399999999999778e+01 -1.618199999999999861e+01 2.491999999999999993e+00
-2.098100000000000165e+01 -3.353399999999999892e+01 -2.367599999999999838e+01 4.067000000000000171e+00
-2.857799999999999940e+01 -2.818700000000000117e+01 -1.977799999999999869e+01 3.821000000000000174e+00
-2.613700000000000045e+01 -2.109199999999999875e+01 -1.228599999999999959e+01 2.509999999999999787e+00
-1.813599999999999923e+01 -1.388100000000000023e+01 -6.520999999999999908e+00 1.562999999999999945e+00
-1.227299999999999969e+01 -8.984999999999999432e+00 -2.245999999999999996e+00 1.733000000000000096e+00
-9.487999999999999545e+00 -1.128100000000000058e+01 -1.687999999999999945e+00 2.721999999999999975e+00
-7.264000000000000234e+00 -1.996600000000000108e+01 -8.548999999999999488e+00 3.681000000000000050e+00
-9.660000000000000142e+00 -2.686599999999999966e+01 -1.953099999999999881e+01 3.940999999999999837e+00
-2.413899999999999935e+01 -2.842699999999999960e+01 -2.461299999999999955e+01 3.508999999999999897e+00
-4.585999999999999943e+01 -2.835900000000000176e+01 -1.710000000000000142e+01 3.008000000000000007e+00
-5.884100000000000108e+01 -2.775900000000000034e+01 -1.548999999999999932e+00 2.940999999999999837e+00
-5.792199999999999704e+01 -2.502799999999999869e+01 9.881000000000000227e+00 3.129999999999999893e+00
-5.400000000000000000e+01 -2.180300000000000082e+01 1.042500000000000071e+01 3.132000000000000117e+00
-5.448499999999999943e+01 -2.011599999999999966e+01 5.288000000000000256e+00 2.827999999999999847e+00
-5.538400000000000034e+01 -2.015899999999999892e+01 2.564000000000000057e+00 2.189000000000000057e+00
-5.364699999999999847e+01 -2.269800000000000040e+01 2.927000000000000046e+00 1.125000000000000000e+00
-5.272599999999999909e+01 -2.628699999999999903e+01 2.323999999999999844e+00 2.100000000000000130e-02
-5.490899999999999892e+01 -2.585399999999999920e+01 -6.089999999999999858e-01 -3.539999999999999813e-01
-5.596099999999999852e+01 -1.934900000000000020e+01 -4.125000000000000000e+00 1.209999999999999964e-01
-4.902799999999999869e+01 -1.011200000000000010e+01 -7.562999999999999723e+00 7.389999999999999902e-01
-3.346500000000000341e+01 -1.784000000000000030e+00 -1.291000000000000014e+01 1.008999999999999897e+00
-1.848900000000000077e+01 3.954000000000000181e+00 -2.130099999999999838e+01 1.104000000000000092e+00
-1.336899999999999977e+01 6.628999999999999559e+00 -2.928399999999999892e+01 1.256999999999999895e+00
-1.362400000000000055e+01 6.943999999999999950e+00 -3.180499999999999972e+01 1.495999999999999996e+00
-5.567999999999999616e+00 6.615999999999999659e+00 -2.728399999999999892e+01 1.729000000000000092e+00
1.347300000000000075e+01 9.112000000000000099e+00 -1.633599999999999852e+01 1.497000000000000108e+00
3.010800000000000054e+01 1.678600000000000136e+01 -7.960000000000000409e-01 3.420000000000000262e-01
3.090599999999999881e+01 2.259299999999999997e+01 1.296000000000000085e+01 -1.032999999999999918e+00
1.653099999999999881e+01 1.512800000000000011e+01 1.845499999999999829e+01 -1.090999999999999970e+00
2.608999999999999986e+00 -1.524999999999999911e+00 1.769500000000000028e+01 5.250000000000000222e-01
4.548000000000000043e+00 -8.994999999999999218e+00 1.626500000000000057e+01 2.315999999999999837e+00
1.816600000000000037e+01 -3.059999999999999942e-01 1.402599999999999980e+01 2.640000000000000124e+00
2.832799999999999940e+01 1.463799999999999990e+01 9.974999999999999645e+00 1.550000000000000044e+00
3.522999999999999687e+01 2.848000000000000043e+01 8.974999999999999645e+00 6.239999999999999991e-01
4.751299999999999812e+01 3.939699999999999847e+01 1.299000000000000021e+01 8.810000000000000053e-01
5.630400000000000205e+01 3.952400000000000091e+01 1.323099999999999987e+01 1.399000000000000021e+00
4.849699999999999989e+01 2.439999999999999858e+01 3.748000000000000220e+00 9.150000000000000355e-01
3.623899999999999721e+01 8.367000000000000881e+00 -4.139999999999999680e+00 3.899999999999999994e-02
4.078799999999999670e+01 9.057999999999999829e+00 4.043000000000000149e+00 2.069999999999999896e-01
5.681099999999999994e+01 2.346099999999999852e+01 2.265899999999999892e+01 9.899999999999999911e-01
5.935699999999999932e+01 3.483899999999999864e+01 3.232399999999999807e+01 6.129999999999999893e-01
3.788700000000000045e+01 3.365800000000000125e+01 2.648400000000000176e+01 -5.170000000000000151e-01
3.180000000000000160e+00 2.196499999999999986e+01 1.646300000000000097e+01 3.009999999999999898e-01
-3.094900000000000162e+01 6.977000000000000313e+00 1.119400000000000084e+01 2.577999999999999847e+00
-5.387400000000000233e+01 -3.249000000000000110e+00 8.217999999999999972e+00 1.564000000000000057e+00
-5.554399999999999693e+01 -3.830999999999999961e+00 6.035000000000000142e+00 -3.646999999999999797e+00
-3.954399999999999693e+01 1.838000000000000078e+00 7.535999999999999588e+00 -7.503000000000000114e+00
-3.107199999999999918e+01 2.013999999999999790e+00 9.371999999999999886e+00 -7.408000000000000362e+00
-4.811200000000000188e+01 -1.156099999999999994e+01 5.299000000000000377e+00 -7.506000000000000227e+00
-7.090500000000000114e+01 -2.977799999999999869e+01 -2.081999999999999851e+00 -9.560999999999999943e+00
-6.501699999999999591e+01 -3.347699999999999676e+01 -6.660999999999999588e+00 -8.686999999999999389e+00
-2.726699999999999946e+01 -1.721999999999999886e+01 -7.905999999999999694e+00 -2.321000000000000174e+00
1.661799999999999855e+01 4.238999999999999879e+00 -6.889000000000000234e+00 3.810999999999999943e+00
4.920700000000000074e+01 1.475600000000000023e+01 -4.282000000000000028e+00 3.544999999999999929e+00
7.098699999999999477e+01 1.368599999999999994e+01 -4.562000000000000277e+00 -9.539999999999999591e-01
8.151500000000000057e+01 1.081400000000000006e+01 -1.164000000000000057e+01 -3.286999999999999922e+00
7.169599999999999795e+01 7.791000000000000369e+00 -2.072500000000000142e+01 -2.504000000000000004e+00
3.774399999999999977e+01 -4.346000000000000085e+00 -2.325100000000000122e+01 -2.751999999999999780e+00
-5.370000000000000107e+00 -2.333699999999999974e+01 -1.959199999999999875e+01 -4.416999999999999815e+00
-3.700999999999999801e+01 -3.137300000000000111e+01 -1.898699999999999832e+01 -3.201999999999999957e+00
-5.334700000000000131e+01 -2.335800000000000054e+01 -2.480900000000000105e+01 1.592999999999999972e+00
-5.448400000000000176e+01 -1.392699999999999960e+01 -2.932100000000000151e+01 5.870000000000000107e+00
-2.489600000000000080e+01 -9.102999999999999758e+00 -2.738299999999999912e+01 7.418999999999999595e+00
3.436899999999999977e+01 8.659999999999999920e-01 -2.322599999999999909e+01 6.956000000000000405e+00
7.966100000000000136e+01 1.838400000000000034e+01 -1.919300000000000139e+01 4.918999999999999595e+00
7.673000000000000398e+01 3.416499999999999915e+01 -1.128100000000000058e+01 2.229999999999999982e+00
4.757600000000000051e+01 4.309899999999999665e+01 2.489999999999999991e-01 8.780000000000000027e-01
2.595499999999999829e+01 4.257600000000000051e+01 7.395999999999999908e+00 8.000000000000000444e-01
4.032000000000000028e+00 2.343900000000000006e+01 5.419999999999999929e+00 -9.419999999999999485e-01
-3.756199999999999761e+01 -1.576099999999999923e+01 -1.950000000000000067e-01 -5.733999999999999986e+00
-7.909900000000000375e+01 -5.334400000000000119e+01 -8.369999999999999662e-01 -9.867000000000000881e+00
-8.093099999999999739e+01 -6.198599999999999710e+01 6.325000000000000178e+00 -8.548999999999999488e+00
-3.694200000000000017e+01 -3.808500000000000085e+01 1.860300000000000153e+01 -2.685999999999999943e+00
1.833599999999999852e+01 -2.866000000000000103e+00 3.097700000000000031e+01 2.524000000000000021e+00
4.726500000000000057e+01 2.111799999999999855e+01 3.608299999999999841e+01 4.506999999999999673e+00
3.972800000000000153e+01 2.572500000000000142e+01 2.932700000000000173e+01 4.192000000000000171e+00
1.306099999999999994e+01 1.583000000000000007e+01 1.798600000000000065e+01 2.396999999999999797e+00
-8.867000000000000881e+00 3.327999999999999847e+00 1.436500000000000021e+01 -1.179999999999999938e-01
-1.517699999999999960e+01 -1.312000000000000055e+00 1.736499999999999844e+01 -1.564000000000000057e+00
-9.737000000000000099e+00 1.118999999999999995e+00 1.443099999999999916e+01 -1.592999999999999972e+00
6.000000000000000125e-03 2.236000000000000210e+00 2.584999999999999964e+00 -2.068000000000000060e+00
8.446999999999999176e+00 1.350000000000000089e-01 -7.264000000000000234e+00 -3.177999999999999936e+00
1.015700000000000003e+01 1.280000000000000027e-01 -7.963000000000000078e+00 -2.486000000000000210e+00
6.466999999999999638e+00 4.655999999999999694e+00 -4.206000000000000405e+00 5.520000000000000462e-01
9.913000000000000256e+00 1.152100000000000080e+01 -1.145000000000000018e+00 3.184000000000000163e+00
2.671799999999999997e+01 1.680099999999999838e+01 1.538000000000000034e+00 3.544000000000000039e+00
3.987500000000000000e+01 1.523499999999999943e+01 1.316999999999999948e+00 2.741999999999999993e+00
2.560500000000000043e+01 4.241999999999999993e+00 -6.918999999999999595e+00 2.266999999999999904e+00
-1.434999999999999964e+01 -1.099699999999999989e+01 -1.909600000000000009e+01 2.040999999999999925e+00
-5.111999999999999744e+01 -2.133999999999999986e+01 -2.392500000000000071e+01 1.530000000000000027e+00
-6.186899999999999977e+01 -2.296699999999999875e+01 -1.826399999999999935e+01 1.127000000000000002e+00
-5.166400000000000148e+01 -1.989999999999999858e+01 -1.063599999999999923e+01 1.790999999999999925e+00
-4.006600000000000250e+01 -1.744699999999999918e+01 -9.519999999999999574e+00 3.887000000000000011e+00
-3.782699999999999818e+01 -1.697400000000000020e+01 -1.364199999999999946e+01 6.562999999999999723e+00
-4.053799999999999670e+01 -1.804400000000000048e+01 -1.518099999999999916e+01 8.185999999999999943e+00
-3.929800000000000182e+01 -2.073000000000000043e+01 -1.103800000000000026e+01 7.721000000000000085e+00
-3.226899999999999835e+01 -2.344099999999999895e+01 -6.315999999999999837e+00 5.649000000000000021e+00
-2.423300000000000054e+01 -2.269900000000000162e+01 -5.610999999999999766e+00 3.157999999999999918e+00
-1.780499999999999972e+01 -1.789499999999999957e+01 -6.924000000000000377e+00 1.054000000000000048e+00
-8.371999999999999886e+00 -1.345199999999999996e+01 -6.113999999999999879e+00 -4.359999999999999987e-01
8.592999999999999972e+00 -1.326500000000000057e+01 -3.507000000000000117e+00 -1.969999999999999973e+00
2.380199999999999960e+01 -1.471400000000000041e+01 -3.525999999999999801e+00 -4.448999999999999844e+00
2.138100000000000023e+01 -1.172400000000000020e+01 -7.089999999999999858e+00 -6.687999999999999723e+00
7.660000000000000142e+00 -2.861000000000000210e+00 -8.083999999999999631e+00 -5.905000000000000249e+00
9.103999999999999204e+00 7.397000000000000242e+00 -1.832999999999999963e+00 -2.037999999999999812e+00
3.022599999999999909e+01 1.387299999999999933e+01 7.216000000000000192e+00 1.183000000000000052e+00
4.110600000000000165e+01 1.264300000000000068e+01 1.184600000000000009e+01 8.120000000000000551e-01
1.791799999999999926e+01 1.877999999999999892e+00 1.127800000000000047e+01 -1.810999999999999943e+00
-2.649899999999999878e+01 -1.247600000000000087e+01 8.605000000000000426e+00 -3.084999999999999964e+00
-6.138400000000000034e+01 -1.784100000000000108e+01 4.533999999999999808e+00 -1.282999999999999918e+00
-7.210999999999999943e+01 -1.017699999999999960e+01 -1.320000000000000062e+00 2.130999999999999783e+00
-6.361800000000000210e+01 2.149999999999999967e-01 -5.897000000000000242e+00 4.342999999999999972e+00
-3.983299999999999841e+01 6.141000000000000014e+00 -1.977000000000000091e+00 3.660000000000000142e+00
-1.820000000000000062e+00 1.438599999999999923e+01 1.463000000000000078e+01 9.040000000000000258e-01
3.582900000000000063e+01 2.879299999999999926e+01 3.487899999999999778e+01 -1.675000000000000044e+00
5.172200000000000131e+01 3.647099999999999653e+01 4.164000000000000057e+01 -3.146999999999999797e+00
4.277300000000000324e+01 2.511599999999999966e+01 2.893299999999999983e+01 -4.224000000000000199e+00
2.562099999999999866e+01 2.592000000000000082e+00 7.599999999999999645e+00 -4.974000000000000199e+00
1.640099999999999980e+01 -1.326399999999999935e+01 -7.628000000000000114e+00 -4.519999999999999574e+00
2.027599999999999980e+01 -1.312800000000000011e+01 -9.750999999999999446e+00 -2.871999999999999886e+00
3.176800000000000068e+01 1.606000000000000094e+00 -3.057999999999999829e+00 -1.020999999999999908e+00
3.737700000000000244e+01 2.177899999999999991e+01 7.780000000000000249e-01 3.029999999999999916e-01
2.905600000000000094e+01 3.433299999999999841e+01 -4.543000000000000149e+00 9.160000000000000364e-01
1.792299999999999827e+01 3.468800000000000239e+01 -1.168500000000000050e+01 9.370000000000000551e-01
2.163500000000000156e+01 3.212100000000000222e+01 -1.000099999999999945e+01 6.550000000000000266e-01
4.001299999999999812e+01 3.594400000000000261e+01 -5.500000000000000028e-02 3.230000000000000093e-01
5.719800000000000040e+01 4.275600000000000023e+01 9.686999999999999389e+00 2.349999999999999867e-01
6.104800000000000182e+01 4.113499999999999801e+01 1.515600000000000058e+01 7.209999999999999742e-01
4.835699999999999932e+01 2.508299999999999841e+01 1.654799999999999827e+01 1.602000000000000091e+00
2.403099999999999881e+01 2.056999999999999940e+00 1.239199999999999946e+01 2.064000000000000057e+00
1.860000000000000098e+00 -1.496899999999999942e+01 2.668000000000000149e+00 1.901000000000000023e+00
-9.077999999999999403e+00 -2.439999999999999858e+01 -8.601000000000000867e+00 2.688000000000000167e+00
-1.529899999999999949e+01 -3.519899999999999807e+01 -1.855699999999999861e+01 5.916999999999999815e+00
-2.357100000000000151e+01 -4.709400000000000119e+01 -2.622400000000000020e+01 9.320000000000000284e+00
-2.858099999999999952e+01 -4.628799999999999670e+01 -2.784799999999999898e+01 8.044999999999999929e+00
-2.700000000000000000e+01 -2.675900000000000034e+01 -2.055799999999999983e+01 1.179000000000000048e+00
-2.593799999999999883e+01 -2.841000000000000192e+00 -1.105599999999999916e+01 -5.935999999999999943e+00
-2.752700000000000102e+01 7.508000000000000007e+00 -1.116200000000000081e+01 -7.894000000000000128e+00
-2.295200000000000173e+01 2.588000000000000078e+00 -2.184400000000000119e+01 -5.565999999999999837e+00
-8.253999999999999559e+00 -6.020999999999999908e+00 -3.002700000000000102e+01 -3.790000000000000036e+00
9.808999999999999275e+00 -7.160999999999999588e+00 -2.528800000000000026e+01 -3.907000000000000028e+00
2.471099999999999852e+01 3.387999999999999901e+00 -1.072799999999999976e+01 -2.931000000000000050e+00
3.519200000000000017e+01 2.145100000000000051e+01 7.535999999999999588e+00 -1.499999999999999944e-01
3.916599999999999682e+01 3.418099999999999739e+01 2.951500000000000057e+01 1.377999999999999892e+00
2.860900000000000176e+01 2.671199999999999974e+01 5.330199999999999960e+01 5.070000000000000062e-01
1.390000000000000124e-01 -8.060000000000000497e-01 6.982899999999999352e+01 -1.034000000000000030e+00
-2.760600000000000165e+01 -2.488800000000000168e+01 7.233700000000000330e+01 -3.430000000000000160e+00
-2.695599999999999952e+01 -2.108899999999999864e+01 6.386899999999999977e+01 -7.958000000000000185e+00
4.165000000000000036e+00 7.764999999999999680e+00 5.174699999999999989e+01 -1.146599999999999930e+01
4.015400000000000347e+01 3.663499999999999801e+01 3.921200000000000330e+01 -9.057000000000000384e+00
5.656000000000000227e+01 4.400099999999999767e+01 2.487900000000000134e+01 -2.583000000000000185e+00
4.794700000000000273e+01 2.720899999999999963e+01 8.211999999999999744e+00 1.189999999999999947e+00
2.695400000000000063e+01 1.500000000000000000e+00 -6.179000000000000270e+00 5.999999999999999778e-01
1.079499999999999993e+01 -1.479499999999999993e+01 -1.199699999999999989e+01 -2.989999999999999880e-01
3.571000000000000174e+00 -1.727499999999999858e+01 -1.034699999999999953e+01 2.730000000000000204e-01
-3.677000000000000046e+00 -1.475799999999999912e+01 -1.013000000000000078e+01 4.289999999999999925e-01
-1.639199999999999946e+01 -1.418299999999999983e+01 -1.626200000000000045e+01 -2.790000000000000258e-01
-3.089399999999999835e+01 -1.385100000000000087e+01 -2.373199999999999932e+01 -4.289999999999999925e-01
-4.357099999999999795e+01 -1.113799999999999990e+01 -2.594600000000000151e+01 -5.010000000000000009e-01
-5.367600000000000193e+01 -8.387999999999999901e+00 -2.299599999999999866e+01 -2.053999999999999826e+00
-5.752199999999999847e+01 -6.972000000000000419e+00 -1.949899999999999878e+01 -3.561999999999999833e+00
-5.197200000000000131e+01 -3.387000000000000011e+00 -1.820599999999999952e+01 -1.705999999999999961e+00
-4.455499999999999972e+01 1.820000000000000062e+00 -1.860099999999999909e+01 3.133999999999999897e+00
-4.940400000000000347e+01 -3.210000000000000075e-01 -2.076899999999999835e+01 6.756000000000000227e+00
-7.079300000000000637e+01 -1.462299999999999933e+01 -2.708399999999999963e+01 6.594000000000000306e+00
-9.535599999999999454e+01 -3.187300000000000111e+01 -3.808100000000000307e+01 4.402000000000000135e+00
-1.002789999999999964e+02 -3.720799999999999841e+01 -4.765200000000000102e+01 3.603000000000000203e+00
-7.234499999999999886e+01 -2.512199999999999989e+01 -4.660799999999999699e+01 5.612000000000000099e+00
-2.626200000000000045e+01 -5.836000000000000298e+00 -3.471699999999999875e+01 8.458000000000000185e+00
4.251999999999999780e+00 4.144999999999999574e+00 -2.110500000000000043e+01 8.663999999999999702e+00
4.695000000000000284e+00 7.449999999999999956e-01 -7.125000000000000000e+00 5.134999999999999787e+00
-3.482000000000000206e+00 -5.352000000000000313e+00 1.389300000000000068e+01 6.410000000000000142e-01
7.115999999999999659e+00 -7.852999999999999758e+00 3.398599999999999710e+01 -1.342000000000000082e+00
3.874300000000000210e+01 -1.099900000000000055e+01 3.371600000000000108e+01 -7.560000000000000053e-01
7.312999999999999545e+01 -1.258600000000000030e+01 1.414600000000000080e+01 -1.052000000000000046e+00
9.501300000000000523e+01 -6.229999999999999982e-01 -6.470000000000000195e-01 -3.950000000000000178e+00
1.040849999999999937e+02 2.605600000000000094e+01 2.962000000000000188e+00 -5.346000000000000085e+00
1.045289999999999964e+02 4.960999999999999943e+01 1.409999999999999964e+01 -1.062999999999999945e+00
9.196200000000000330e+01 5.181900000000000261e+01 1.956899999999999906e+01 4.791000000000000369e+00
6.068099999999999739e+01 3.209700000000000131e+01 2.282199999999999918e+01 4.714999999999999858e+00
1.517500000000000071e+01 4.583999999999999631e+00 3.245100000000000051e+01 -3.870000000000000107e-01
-3.405299999999999727e+01 -1.710699999999999932e+01 4.103000000000000114e+01 -2.712000000000000188e+00
-7.362999999999999545e+01 -2.786599999999999966e+01 3.213799999999999812e+01 3.180000000000000049e-01
-8.622899999999999920e+01 -2.690700000000000003e+01 8.352999999999999758e+00 3.440999999999999837e+00
-6.606399999999999295e+01 -1.661799999999999855e+01 -8.627000000000000668e+00 2.714999999999999858e+00
-3.265500000000000114e+01 -6.317000000000000171e+00 -9.791000000000000369e+00 3.340000000000000191e-01
-1.203599999999999959e+01 -5.195999999999999730e+00 -9.073000000000000398e+00 -4.020000000000000240e-01
-1.041200000000000081e+01 -1.155400000000000027e+01 -1.741700000000000159e+01 4.079999999999999738e-01
-1.697899999999999920e+01 -1.677799999999999869e+01 -2.772100000000000009e+01 1.229999999999999982e+00
-2.242200000000000060e+01 -1.663200000000000145e+01 -3.070799999999999841e+01 2.041999999999999815e+00
-2.485500000000000043e+01 -1.388899999999999935e+01 -2.801999999999999957e+01 3.261000000000000121e+00
-2.236299999999999955e+01 -1.110399999999999920e+01 -2.381400000000000006e+01 3.541999999999999815e+00
-7.456000000000000405e+00 -3.900999999999999801e+00 -1.587599999999999945e+01 1.249000000000000110e+00
2.380799999999999983e+01 1.217800000000000082e+01 -2.451000000000000068e+00 -2.424999999999999822e+00
5.832099999999999795e+01 2.805699999999999861e+01 8.669999999999999929e+00 -4.376999999999999780e+00
7.676399999999999579e+01 2.884299999999999997e+01 7.299999999999999822e+00 -3.460999999999999854e+00
7.915800000000000125e+01 1.740299999999999869e+01 -4.097999999999999865e+00 -1.491000000000000103e+00
8.060599999999999454e+01 9.237999999999999545e+00 -1.182099999999999973e+01 -6.680000000000000382e-01
8.164400000000000546e+01 4.689000000000000057e+00 -8.757999999999999119e+00 -1.243999999999999995e+00
6.137299999999999756e+01 -6.876000000000000334e+00 -2.609999999999999876e+00 -1.741000000000000103e+00
4.105999999999999872e+00 -2.126899999999999835e+01 -3.430000000000000160e+00 -1.122000000000000108e+00
-7.193999999999999773e+01 -2.542599999999999838e+01 -1.037100000000000044e+01 -1.320000000000000062e-01
-1.202039999999999935e+02 -1.920599999999999952e+01 -1.581000000000000050e+01 5.800000000000000294e-02
-1.122630000000000052e+02 -1.038700000000000045e+01 -1.643799999999999883e+01 -5.769999999999999574e-01
-7.020199999999999818e+01 -3.549999999999999822e-01 -1.473199999999999932e+01 -1.578000000000000069e+00
-3.609899999999999665e+01 1.208300000000000018e+01 -1.404299999999999926e+01 -2.653999999999999915e+00
-2.398499999999999943e+01 2.434799999999999898e+01 -1.575500000000000078e+01 -2.871999999999999886e+00
-1.766600000000000037e+01 3.460900000000000176e+01 -1.821000000000000085e+01 -1.280999999999999917e+00
4.749999999999999778e-01 4.310399999999999920e+01 -1.721999999999999886e+01 1.139000000000000012e+00
3.082199999999999918e+01 4.682600000000000051e+01 -1.039600000000000080e+01 2.140000000000000124e+00
5.795199999999999818e+01 4.299499999999999744e+01 -7.740000000000000213e-01 9.419999999999999485e-01
6.694899999999999807e+01 3.761599999999999966e+01 7.743999999999999773e+00 -1.114999999999999991e+00
5.735099999999999909e+01 3.823499999999999943e+01 1.692999999999999972e+01 -2.206999999999999851e+00
3.764300000000000068e+01 4.007600000000000051e+01 2.979500000000000171e+01 -1.747999999999999998e+00
1.376200000000000045e+01 3.310000000000000142e+01 4.082699999999999818e+01 -1.002999999999999892e+00
-8.874000000000000554e+00 1.856400000000000006e+01 3.953799999999999670e+01 -1.493999999999999995e+00
-1.996499999999999986e+01 5.894999999999999574e+00 2.645400000000000063e+01 -2.524999999999999911e+00
-1.448499999999999943e+01 -2.564000000000000057e+00 1.589300000000000068e+01 -1.814999999999999947e+00
-5.626000000000000334e+00 -1.288000000000000078e+01 1.583500000000000085e+01 9.939999999999999947e-01
-1.132499999999999929e+01 -2.602400000000000091e+01 1.550600000000000023e+01 3.451000000000000068e+00
-2.941900000000000048e+01 -3.418999999999999773e+01 3.452999999999999847e+00 3.830999999999999961e+00
-4.240500000000000114e+01 -3.526200000000000045e+01 -1.316200000000000081e+01 3.597999999999999865e+00
-4.207500000000000284e+01 -3.775200000000000244e+01 -2.049399999999999977e+01 5.099999999999999645e+00
-3.490899999999999892e+01 -4.388300000000000267e+01 -1.816199999999999903e+01 8.617000000000000881e+00
-2.510699999999999932e+01 -4.164900000000000091e+01 -1.238400000000000034e+01 1.222899999999999920e+01
-4.339999999999999858e+00 -2.192500000000000071e+01 6.550000000000000266e-01 1.255400000000000027e+01
3.230100000000000193e+01 7.565999999999999837e+00 2.796199999999999974e+01 6.750000000000000000e+00
7.056300000000000239e+01 3.204299999999999926e+01 6.304599999999999937e+01 -3.474000000000000199e+00
9.204600000000000648e+01 4.295100000000000051e+01 8.844700000000000273e+01 -1.204100000000000037e+01
8.886400000000000432e+01 3.488600000000000279e+01 8.997299999999999898e+01 -1.520299999999999940e+01
5.642499999999999716e+01 4.408999999999999808e+00 6.500499999999999545e+01 -1.576099999999999923e+01
4.550000000000000155e-01 -3.585199999999999676e+01 2.583899999999999864e+01 -1.805799999999999983e+01
-4.985300000000000153e+01 -5.941899999999999693e+01 -5.820999999999999730e+00 -2.028200000000000003e+01
-6.749599999999999511e+01 -5.667099999999999937e+01 -1.822400000000000020e+01 -1.639300000000000068e+01
-5.739099999999999824e+01 -4.437800000000000011e+01 -1.996300000000000097e+01 -6.471000000000000085e+00
-3.716799999999999926e+01 -3.616799999999999926e+01 -2.244500000000000028e+01 1.469000000000000083e+00
-1.119500000000000028e+01 -2.846099999999999852e+01 -2.275100000000000122e+01 2.452999999999999847e+00
1.766700000000000159e+01 -1.862800000000000011e+01 -1.644900000000000162e+01 4.410000000000000031e-01
3.948599999999999710e+01 -9.731999999999999318e+00 -1.289000000000000057e+01 9.360000000000000542e-01
5.253799999999999670e+01 1.475000000000000089e+00 -1.915599999999999881e+01 3.688000000000000167e+00
6.086099999999999710e+01 1.847599999999999909e+01 -2.297700000000000031e+01 5.137999999999999901e+00
5.730400000000000205e+01 3.191300000000000026e+01 -1.294699999999999918e+01 4.363999999999999879e+00
3.458299999999999841e+01 2.921900000000000119e+01 -1.272000000000000020e+00 3.697999999999999954e+00
4.865999999999999659e+00 1.201900000000000013e+01 -4.222999999999999865e+00 4.551000000000000156e+00
-1.460800000000000054e+01 -6.652999999999999581e+00 -1.433099999999999952e+01 5.633000000000000007e+00
-2.394600000000000151e+01 -1.782999999999999829e+01 -1.429499999999999993e+01 5.828000000000000291e+00
-3.082000000000000028e+01 -2.146099999999999852e+01 -6.115999999999999659e+00 6.216000000000000192e+00
-3.157300000000000040e+01 -1.887900000000000134e+01 -4.209999999999999964e+00 7.831999999999999851e+00
-1.804299999999999926e+01 -9.737000000000000099e+00 -8.808999999999999275e+00 9.211000000000000298e+00
4.735000000000000320e+00 2.237999999999999989e+00 -8.115000000000000213e+00 7.971000000000000085e+00
2.005300000000000082e+01 8.962999999999999190e+00 -1.308999999999999941e+00 4.190999999999999837e+00
1.732000000000000028e+01 6.897000000000000242e+00 1.660000000000000087e-01 4.510000000000000120e-01
6.470000000000000195e-01 1.235999999999999988e+00 -8.522000000000000242e+00 -1.862000000000000099e+00
-2.014900000000000091e+01 -5.989999999999999769e-01 -1.973199999999999932e+01 -4.415000000000000036e+00
-3.933599999999999852e+01 2.337000000000000188e+00 -2.392699999999999960e+01 -8.236000000000000654e+00
-5.313300000000000267e+01 3.978000000000000203e+00 -1.809100000000000108e+01 -1.015300000000000047e+01
-5.355199999999999960e+01 1.340000000000000080e+00 -7.520999999999999908e+00 -6.660999999999999588e+00
-3.213600000000000279e+01 2.169999999999999984e-01 -3.112999999999999989e+00 8.500000000000000611e-02
4.391000000000000014e+00 3.505999999999999783e+00 -1.157000000000000028e+01 4.421999999999999709e+00
2.772200000000000131e+01 2.962000000000000188e+00 -2.605300000000000082e+01 4.293999999999999595e+00
1.627299999999999969e+01 -6.583999999999999631e+00 -3.260699999999999932e+01 2.505999999999999783e+00
-1.181199999999999939e+01 -1.602199999999999847e+01 -2.695799999999999841e+01 1.915000000000000036e+00
-2.076099999999999923e+01 -1.503800000000000026e+01 -1.783800000000000097e+01 2.572000000000000064e+00
-7.062000000000000277e+00 -6.118000000000000327e+00 -1.398900000000000077e+01 3.298999999999999932e+00
2.851999999999999869e+00 1.467000000000000082e+00 -1.572700000000000031e+01 3.588000000000000078e+00
-3.363999999999999879e+00 4.565000000000000391e+00 -1.802899999999999991e+01 3.837000000000000188e+00
-8.882999999999999119e+00 8.548000000000000043e+00 -1.500799999999999912e+01 5.261000000000000121e+00
6.182999999999999829e+00 1.885900000000000176e+01 -3.157000000000000028e+00 8.470000000000000639e+00
3.614200000000000301e+01 3.313199999999999790e+01 1.433799999999999919e+01 1.076600000000000001e+01
5.338700000000000045e+01 4.461800000000000210e+01 2.956500000000000128e+01 7.878000000000000114e+00
4.532300000000000040e+01 5.042699999999999960e+01 4.069700000000000273e+01 1.769999999999999907e-01
2.870100000000000051e+01 4.826100000000000279e+01 5.189999999999999858e+01 -6.395999999999999908e+00
1.103700000000000081e+01 2.962199999999999989e+01 5.708599999999999852e+01 -7.767999999999999794e+00
-2.248400000000000176e+01 -6.863000000000000433e+00 4.299900000000000233e+01 -7.219000000000000306e+00
-6.113900000000000290e+01 -3.818200000000000216e+01 1.627700000000000102e+01 -9.683999999999999275e+00
-6.516100000000000136e+01 -3.802499999999999858e+01 1.512000000000000011e+00 -1.248499999999999943e+01
-3.297099999999999653e+01 -1.557600000000000051e+01 4.839000000000000412e+00 -9.054999999999999716e+00
-1.181799999999999962e+01 -4.756999999999999673e+00 6.650999999999999801e+00 -1.102000000000000091e+00
-2.511599999999999966e+01 -1.556700000000000017e+01 -4.716999999999999638e+00 3.000999999999999890e+00
-4.399300000000000210e+01 -2.680199999999999960e+01 -1.863800000000000168e+01 1.288999999999999924e+00
-4.243399999999999750e+01 -2.459499999999999886e+01 -2.503500000000000014e+01 -7.680000000000000160e-01
-3.276899999999999835e+01 -1.742999999999999972e+01 -2.769999999999999929e+01 -5.729999999999999538e-01
-3.247200000000000131e+01 -1.301399999999999935e+01 -3.055000000000000071e+01 -2.979999999999999871e-01
-3.186499999999999844e+01 -4.179999999999999716e+00 -2.935200000000000031e+01 -2.969999999999999862e-01
-1.317699999999999960e+01 1.778099999999999881e+01 -2.146999999999999886e+01 1.538000000000000034e+00
1.902700000000000102e+01 4.751899999999999835e+01 -1.082000000000000028e+01 4.479000000000000092e+00
4.453300000000000125e+01 6.964600000000000080e+01 -5.000000000000000278e-02 4.746000000000000441e+00
5.411800000000000210e+01 7.522100000000000364e+01 1.307799999999999940e+01 1.201000000000000068e+00
5.369800000000000040e+01 6.795499999999999829e+01 2.809199999999999875e+01 -2.259999999999999787e+00
4.694200000000000017e+01 5.441599999999999682e+01 3.614699999999999847e+01 -1.542000000000000037e+00
2.964199999999999946e+01 3.563499999999999801e+01 2.908099999999999952e+01 1.977000000000000091e+00
6.500000000000000000e+00 1.234999999999999964e+01 1.342500000000000071e+01 3.294000000000000039e+00
-1.082000000000000073e+00 -6.900999999999999801e+00 4.971000000000000085e+00 1.151999999999999913e+00
1.811400000000000077e+01 -1.223700000000000010e+01 7.413000000000000256e+00 -5.430000000000000382e-01
3.959599999999999653e+01 -8.208000000000000185e+00 8.849000000000000199e+00 3.649999999999999911e-01
2.689300000000000068e+01 -1.265499999999999936e+01 1.504999999999999893e+00 1.171999999999999931e+00
-1.958399999999999963e+01 -3.161700000000000088e+01 -8.627000000000000668e+00 -1.209999999999999964e-01
-5.299000000000000199e+01 -4.404399999999999693e+01 -1.303299999999999947e+01 -1.439000000000000057e+00
-2.829899999999999949e+01 -2.610500000000000043e+01 -8.945999999999999730e+00 -7.630000000000000115e-01
4.466100000000000136e+01 1.398700000000000010e+01 2.523000000000000131e+00 8.739999999999999991e-01
1.100400000000000063e+02 4.161299999999999955e+01 1.689199999999999946e+01 1.719999999999999973e+00
1.220960000000000036e+02 3.294200000000000017e+01 2.788299999999999912e+01 1.342999999999999972e+00
7.424699999999999989e+01 -5.628999999999999559e+00 3.180300000000000082e+01 2.079999999999999905e-01
-9.486000000000000654e+00 -4.771999999999999886e+01 2.729700000000000060e+01 -8.349999999999999645e-01
-8.496500000000000341e+01 -6.845099999999999341e+01 1.414700000000000024e+01 -1.125999999999999890e+00
-1.116419999999999959e+02 -6.347399999999999665e+01 -4.304999999999999716e+00 -8.159999999999999476e-01
-8.831399999999999295e+01 -4.774499999999999744e+01 -2.115500000000000114e+01 -2.949999999999999845e-01
-4.822699999999999676e+01 -3.366299999999999670e+01 -3.047700000000000031e+01 5.969999999999999751e-01
-1.481799999999999962e+01 -2.153300000000000125e+01 -3.078999999999999915e+01 1.820999999999999952e+00
1.695400000000000063e+01 -1.130000000000000071e+01 -2.459100000000000108e+01 2.376999999999999780e+00
5.415599999999999881e+01 -6.355999999999999872e+00 -1.622700000000000031e+01 1.671999999999999931e+00
8.093500000000000227e+01 -5.230999999999999872e+00 -9.416000000000000369e+00 5.330000000000000293e-01
7.489300000000000068e+01 -2.916999999999999815e+00 -4.886999999999999567e+00 -5.070000000000000062e-01
4.147699999999999676e+01 1.830999999999999961e+00 -7.660000000000000142e-01 -1.836000000000000076e+00
1.115300000000000047e+01 7.764999999999999680e+00 3.013999999999999790e+00 -2.572999999999999954e+00
2.111000000000000210e+00 1.405599999999999916e+01 1.689999999999999947e+00 -8.679999999999999938e-01
5.806000000000000050e+00 1.889699999999999847e+01 -7.977000000000000313e+00 2.540000000000000036e+00
8.445999999999999730e+00 2.074299999999999855e+01 -1.887600000000000122e+01 4.286999999999999922e+00
5.674000000000000377e+00 2.051800000000000068e+01 -1.993299999999999983e+01 2.898000000000000131e+00
-4.456000000000000405e+00 1.875400000000000134e+01 -1.136599999999999966e+01 4.060000000000000275e-01
-2.321499999999999986e+01 1.418299999999999983e+01 -2.947000000000000064e+00 -1.316999999999999948e+00
-4.269800000000000040e+01 6.823000000000000398e+00 1.667000000000000037e+00 -3.283999999999999808e+00
-4.928300000000000125e+01 -2.587000000000000188e+00 6.459999999999999964e+00 -6.905000000000000249e+00
-3.835699999999999932e+01 -1.332000000000000028e+01 1.029199999999999982e+01 -1.029700000000000060e+01
-1.946600000000000108e+01 -2.100199999999999889e+01 5.641000000000000014e+00 -9.621000000000000441e+00
-7.815999999999999837e+00 -2.159499999999999886e+01 -8.759000000000000341e+00 -4.237000000000000099e+00
-1.029299999999999926e+01 -1.932499999999999929e+01 -2.441600000000000037e+01 1.941000000000000059e+00
-1.701399999999999935e+01 -1.969600000000000151e+01 -3.354200000000000159e+01 5.134000000000000341e+00
-1.473399999999999999e+01 -1.834600000000000009e+01 -3.323700000000000188e+01 5.669999999999999929e+00
-5.506000000000000227e+00 -6.668999999999999595e+00 -1.954799999999999827e+01 6.131000000000000227e+00
5.333999999999999631e+00 1.633299999999999841e+01 8.538999999999999702e+00 6.950000000000000178e+00
2.311799999999999855e+01 4.065800000000000125e+01 3.878000000000000114e+01 5.248000000000000220e+00
4.143399999999999750e+01 4.989999999999999858e+01 5.585600000000000165e+01 -1.066999999999999948e+00
3.378099999999999881e+01 3.542499999999999716e+01 6.006199999999999761e+01 -8.372999999999999332e+00
-7.996000000000000441e+00 8.778000000000000469e+00 5.932000000000000028e+01 -1.034600000000000009e+01
-5.618900000000000006e+01 -1.031000000000000050e+01 5.191899999999999693e+01 -7.237000000000000099e+00
-8.130299999999999727e+01 -1.671699999999999875e+01 3.557300000000000040e+01 -6.004999999999999893e+00
-7.473399999999999466e+01 -1.788899999999999935e+01 2.021000000000000085e+01 -8.916999999999999815e+00
-4.124300000000000210e+01 -1.619000000000000128e+01 1.509500000000000064e+01 -9.885999999999999233e+00
-1.562000000000000055e+00 -1.016300000000000026e+01 1.536299999999999955e+01 -5.100999999999999979e+00
1.216799999999999926e+01 -5.511999999999999567e+00 1.144999999999999929e+01 9.679999999999999716e-01
-7.463000000000000078e+00 -8.590999999999999304e+00 1.951999999999999957e+00 3.492999999999999883e+00
-3.165899999999999892e+01 -1.514799999999999969e+01 -9.095000000000000639e+00 3.801000000000000156e+00
-3.539399999999999835e+01 -1.635900000000000176e+01 -2.000400000000000134e+01 4.610999999999999766e+00
-2.406599999999999895e+01 -1.041399999999999970e+01 -2.927799999999999869e+01 4.932999999999999829e+00
-1.361599999999999966e+01 -1.872999999999999998e+00 -3.149699999999999989e+01 3.322000000000000064e+00
-8.516000000000000014e+00 5.193999999999999950e+00 -2.515200000000000102e+01 1.566000000000000059e+00
-6.373999999999999666e+00 8.663000000000000256e+00 -1.944099999999999895e+01 1.554999999999999938e+00
-7.407000000000000028e+00 6.907000000000000028e+00 -2.242899999999999849e+01 1.715000000000000080e+00
-1.054899999999999949e+01 7.560000000000000053e-01 -2.820599999999999952e+01 1.299999999999999940e-02
-8.753999999999999559e+00 -5.512999999999999901e+00 -2.610600000000000165e+01 -1.681000000000000050e+00
1.564999999999999947e+00 -9.157000000000000028e+00 -1.706500000000000128e+01 -2.379999999999999893e-01
1.057799999999999940e+01 -1.255899999999999928e+01 -1.195299999999999940e+01 3.060999999999999943e+00
7.407000000000000028e+00 -1.859799999999999898e+01 -1.578899999999999970e+01 3.967000000000000082e+00
-7.810000000000000275e-01 -2.480900000000000105e+01 -2.039799999999999969e+01 1.540000000000000036e+00
7.800000000000000266e-01 -2.583500000000000085e+01 -1.480700000000000038e+01 -9.909999999999999920e-01
9.977000000000000313e+00 -2.090099999999999980e+01 7.950000000000000400e-01 -1.054000000000000048e+00
1.733099999999999952e+01 -1.439899999999999913e+01 1.554899999999999949e+01 4.149999999999999800e-01
3.030600000000000094e+01 -8.679999999999999716e+00 2.160999999999999943e+01 1.050000000000000044e+00
5.578300000000000125e+01 -2.232000000000000206e+00 2.060200000000000031e+01 5.669999999999999485e-01
7.281100000000000705e+01 4.722000000000000419e+00 1.443999999999999950e+01 9.749999999999999778e-01
6.068500000000000227e+01 1.021400000000000041e+01 1.756999999999999895e+00 3.391000000000000014e+00
3.703300000000000125e+01 1.573099999999999987e+01 -1.166099999999999959e+01 6.485999999999999766e+00
3.397399999999999665e+01 2.399399999999999977e+01 -1.369500000000000028e+01 8.314000000000000057e+00
5.533700000000000330e+01 3.448899999999999721e+01 -2.987000000000000099e+00 7.939000000000000057e+00
8.060999999999999943e+01 4.829699999999999704e+01 8.807000000000000384e+00 5.666999999999999815e+00
8.944899999999999807e+01 6.776999999999999602e+01 1.425099999999999945e+01 3.016999999999999904e+00
7.054699999999999704e+01 8.303199999999999648e+01 1.534800000000000075e+01 1.161000000000000032e+00
2.776099999999999923e+01 7.515500000000000114e+01 1.270400000000000063e+01 -1.235999999999999988e+00
-1.893700000000000117e+01 4.183700000000000330e+01 4.389000000000000234e+00 -5.955000000000000071e+00
-4.756099999999999994e+01 4.469000000000000306e+00 -4.732000000000000206e+00 -1.058999999999999986e+01
-4.547800000000000153e+01 -1.394699999999999918e+01 -5.056000000000000050e+00 -1.000999999999999979e+01
-1.686499999999999844e+01 -9.189999999999999503e+00 3.994000000000000217e+00 -3.708000000000000185e+00
1.325000000000000000e+01 2.645000000000000018e+00 1.105400000000000027e+01 2.532999999999999918e+00
2.006599999999999895e+01 2.625000000000000000e+00 7.514999999999999680e+00 4.049999999999999822e+00
5.288000000000000256e+00 -9.228999999999999204e+00 -2.027000000000000135e+00 2.346000000000000085e+00
-1.256400000000000006e+01 -1.731299999999999883e+01 -8.167999999999999261e+00 1.141000000000000014e+00
-2.532199999999999918e+01 -1.522600000000000087e+01 -8.576999999999999957e+00 1.296000000000000041e+00
-3.812899999999999778e+01 -1.229899999999999949e+01 -7.405999999999999694e+00 1.544000000000000039e+00
-5.125600000000000023e+01 -1.582900000000000063e+01 -7.950000000000000178e+00 1.489000000000000101e+00
-5.343500000000000227e+01 -2.194999999999999929e+01 -9.433999999999999275e+00 1.758999999999999897e+00
-4.004399999999999693e+01 -2.496900000000000119e+01 -1.035899999999999999e+01 2.358000000000000096e+00
-2.794200000000000017e+01 -2.469200000000000017e+01 -1.175399999999999956e+01 2.460999999999999854e+00
-3.535699999999999932e+01 -2.312900000000000134e+01 -1.325300000000000011e+01 1.721999999999999975e+00
-5.300999999999999801e+01 -2.079700000000000060e+01 -1.014300000000000068e+01 8.379999999999999671e-01
-5.537100000000000222e+01 -1.767500000000000071e+01 -7.459999999999999964e-01 5.350000000000000311e-01
-3.596099999999999852e+01 -1.501099999999999923e+01 8.028000000000000469e+00 5.270000000000000240e-01
-1.296100000000000030e+01 -1.505700000000000038e+01 8.673000000000000043e+00 1.049999999999999961e-01
-2.555000000000000160e+00 -1.774899999999999878e+01 2.669000000000000039e+00 -6.360000000000000098e-01
-2.040000000000000036e+00 -1.918599999999999994e+01 -2.682999999999999829e+00 -9.469999999999999529e-01
-2.489999999999999991e-01 -1.677400000000000091e+01 -4.514999999999999680e+00 -4.510000000000000120e-01
7.160999999999999588e+00 -1.262100000000000044e+01 -6.059000000000000163e+00 5.600000000000000533e-01
1.634700000000000131e+01 -9.250000000000000000e+00 -8.855000000000000426e+00 1.602000000000000091e+00
2.189199999999999946e+01 -6.378000000000000114e+00 -1.031099999999999994e+01 2.769000000000000128e+00
2.187199999999999989e+01 -1.907000000000000028e+00 -9.070000000000000284e+00 4.681000000000000050e+00
1.860300000000000153e+01 7.282000000000000028e+00 -5.463000000000000078e+00 6.532000000000000028e+00
1.482000000000000028e+01 2.113599999999999923e+01 1.125000000000000000e+00 5.419999999999999929e+00
9.663000000000000256e+00 3.077199999999999847e+01 8.772999999999999687e+00 2.550000000000000044e-01
-1.899999999999999953e-02 2.643700000000000117e+01 1.204599999999999937e+01 -5.258000000000000007e+00
-1.346799999999999997e+01 1.288000000000000078e+01 8.336999999999999744e+00 -6.910999999999999588e+00
-2.400000000000000000e+01 4.078999999999999737e+00 3.190000000000000058e-01 -5.852999999999999758e+00
-2.720700000000000074e+01 3.262999999999999901e+00 -6.883000000000000007e+00 -6.533999999999999808e+00
-2.502400000000000091e+01 3.291999999999999815e+00 -8.492000000000000881e+00 -9.205999999999999517e+00
-1.659799999999999898e+01 3.504000000000000004e+00 -4.137999999999999901e+00 -8.957000000000000739e+00
3.279999999999999805e+00 9.631000000000000227e+00 1.754000000000000004e+00 -3.761000000000000121e+00
3.149699999999999989e+01 2.017800000000000082e+01 6.405999999999999694e+00 1.612999999999999989e+00
5.337400000000000233e+01 2.626399999999999935e+01 1.092099999999999937e+01 2.577999999999999847e+00
5.550999999999999801e+01 2.342599999999999838e+01 1.630300000000000082e+01 3.910000000000000142e-01
3.897299999999999898e+01 1.582499999999999929e+01 2.314000000000000057e+01 -1.506000000000000005e+00
2.012699999999999889e+01 9.093999999999999417e+00 3.101999999999999957e+01 -1.953000000000000069e+00
1.384999999999999964e+01 3.331999999999999851e+00 3.405700000000000216e+01 -1.618000000000000105e+00
1.536500000000000021e+01 -4.905000000000000249e+00 2.567599999999999838e+01 -1.481999999999999984e+00
9.358000000000000540e+00 -1.567500000000000071e+01 9.763999999999999346e+00 -2.141000000000000014e+00
-4.068999999999999950e+00 -2.393599999999999994e+01 -2.936999999999999833e+00 -3.289000000000000146e+00
-8.775999999999999801e+00 -2.505699999999999861e+01 -7.788999999999999702e+00 -4.041999999999999815e+00
1.014000000000000012e+00 -1.996399999999999864e+01 -7.376999999999999780e+00 -3.738999999999999879e+00
1.251900000000000013e+01 -1.378400000000000070e+01 -3.908999999999999808e+00 -2.269000000000000128e+00
1.752599999999999980e+01 -9.781000000000000583e+00 3.241999999999999993e+00 -7.199999999999999456e-02
2.241300000000000026e+01 -6.362000000000000099e+00 1.258799999999999919e+01 2.028000000000000025e+00
2.754500000000000171e+01 -2.318999999999999950e+00 1.611299999999999955e+01 3.193999999999999950e+00
2.185099999999999909e+01 -8.429999999999999716e-01 7.491999999999999993e+00 3.057999999999999829e+00
7.528999999999999915e+00 -2.157000000000000028e+00 -5.889999999999999680e+00 2.067000000000000171e+00
2.781000000000000139e+00 1.000000000000000056e-01 -1.155700000000000038e+01 9.429999999999999494e-01
9.680999999999999162e+00 6.328999999999999737e+00 -9.223000000000000753e+00 -2.000000000000000111e-01
6.302999999999999936e+00 6.049999999999999822e+00 -6.407000000000000028e+00 -1.308999999999999941e+00
-1.812999999999999901e+01 -4.975999999999999979e+00 -4.418000000000000149e+00 -1.413999999999999924e+00
-4.291599999999999682e+01 -1.468699999999999939e+01 -4.100000000000000172e-02 1.260000000000000009e-01
-4.255499999999999972e+01 -1.066399999999999970e+01 5.647000000000000242e+00 2.044999999999999929e+00
-1.922299999999999898e+01 2.802000000000000046e+00 7.405999999999999694e+00 2.862999999999999989e+00
1.925000000000000044e+00 1.097199999999999953e+01 2.467000000000000082e+00 3.116000000000000103e+00
3.032000000000000028e+00 7.333999999999999631e+00 -5.434999999999999609e+00 3.728000000000000203e+00
-9.766000000000000014e+00 -5.849999999999999645e-01 -9.782000000000000028e+00 3.810999999999999943e+00
-1.998799999999999955e+01 -3.263999999999999790e+00 -9.157999999999999474e+00 2.479999999999999982e+00
-2.283599999999999852e+01 -6.119999999999999885e-01 -8.938000000000000611e+00 1.024999999999999911e+00
-2.514499999999999957e+01 8.980000000000000204e-01 -1.447100000000000009e+01 1.193999999999999950e+00
-2.881800000000000139e+01 -2.213999999999999968e+00 -2.435000000000000142e+01 2.821000000000000174e+00
-2.814699999999999847e+01 -7.693999999999999950e+00 -3.094099999999999895e+01 4.230999999999999872e+00
-2.147400000000000020e+01 -1.102399999999999913e+01 -2.774699999999999989e+01 4.094999999999999751e+00
-1.199799999999999933e+01 -7.440000000000000391e+00 -1.586599999999999966e+01 2.593999999999999861e+00
8.199999999999999512e-01 5.400999999999999801e+00 -1.778000000000000025e+00 6.229999999999999982e-01
1.932600000000000051e+01 2.228900000000000148e+01 9.550000000000000711e+00 -1.957999999999999963e+00
3.775000000000000000e+01 3.108500000000000085e+01 1.597400000000000020e+01 -5.788999999999999702e+00
4.205599999999999739e+01 2.262800000000000011e+01 1.530199999999999960e+01 -9.842000000000000526e+00
2.455300000000000082e+01 1.566000000000000059e+00 7.240999999999999659e+00 -1.150699999999999967e+01
-3.636000000000000121e+00 -1.518399999999999928e+01 -3.168000000000000149e+00 -9.021000000000000796e+00
-2.255000000000000071e+01 -1.584900000000000020e+01 -8.554000000000000270e+00 -3.717999999999999972e+00
-2.512399999999999878e+01 -6.766000000000000014e+00 -5.418999999999999595e+00 4.769999999999999796e-01
-1.998799999999999955e+01 -9.929999999999999938e-01 2.694999999999999840e+00 1.131999999999999895e+00
-1.368500000000000050e+01 2.560000000000000053e-01 9.028999999999999915e+00 -1.829999999999999960e-01
-4.149999999999999800e-01 4.378000000000000114e+00 1.201200000000000045e+01 -8.739999999999999991e-01
2.476699999999999946e+01 1.129199999999999982e+01 1.581099999999999994e+01 -3.739999999999999991e-01
4.773599999999999710e+01 1.283900000000000041e+01 2.109799999999999898e+01 1.044999999999999929e+00
4.496600000000000108e+01 5.613999999999999879e+00 2.136799999999999855e+01 3.547000000000000153e+00
1.536899999999999977e+01 -5.620000000000000107e+00 1.145100000000000051e+01 6.302999999999999936e+00
-1.496000000000000085e+01 -1.601800000000000068e+01 -4.269999999999999574e+00 7.169999999999999929e+00
-2.489399999999999835e+01 -2.319500000000000028e+01 -1.566900000000000048e+01 5.483999999999999986e+00
-1.611499999999999844e+01 -2.247500000000000142e+01 -1.718799999999999883e+01 3.314000000000000057e+00
8.800000000000000044e-01 -1.017800000000000082e+01 -1.195299999999999940e+01 2.309000000000000163e+00
1.682499999999999929e+01 6.573000000000000398e+00 -6.918000000000000149e+00 1.171999999999999931e+00
2.170100000000000051e+01 1.321899999999999942e+01 -5.014999999999999680e+00 -1.602000000000000091e+00
1.069400000000000084e+01 4.724999999999999645e+00 -2.906000000000000139e+00 -4.009999999999999787e+00
-8.715999999999999304e+00 -7.480000000000000426e+00 1.679999999999999938e+00 -2.709000000000000075e+00
-2.455399999999999849e+01 -9.400000000000000355e+00 4.073000000000000398e+00 1.497000000000000108e+00
-3.271000000000000085e+01 -1.300999999999999934e+00 -3.790000000000000036e-01 4.009999999999999787e+00
-3.599499999999999744e+01 4.636000000000000121e+00 -7.703999999999999737e+00 2.767999999999999794e+00
-3.479200000000000159e+01 2.168000000000000149e+00 -1.065199999999999925e+01 4.169999999999999818e-01
-2.648199999999999932e+01 -1.625000000000000000e+00 -8.853999999999999204e+00 -5.530000000000000471e-01
-1.163299999999999912e+01 1.949000000000000066e+00 -5.379999999999999893e+00 -9.120000000000000329e-01
5.975999999999999979e+00 1.304800000000000004e+01 2.245999999999999996e+00 -1.606999999999999984e+00
2.072100000000000009e+01 2.439300000000000068e+01 1.504599999999999937e+01 -1.366000000000000103e+00
2.487500000000000000e+01 2.666300000000000026e+01 2.276699999999999946e+01 3.459999999999999742e-01
1.837500000000000000e+01 1.930300000000000082e+01 1.789600000000000080e+01 1.300999999999999934e+00
1.276399999999999935e+01 1.391699999999999982e+01 9.821999999999999176e+00 1.260000000000000009e-01
1.089100000000000001e+01 1.478599999999999959e+01 9.131999999999999673e+00 -8.549999999999999822e-01
8.830000000000000071e-01 9.928000000000000824e+00 1.248099999999999987e+01 7.870000000000000329e-01
-1.650499999999999901e+01 -4.216000000000000192e+00 1.354199999999999982e+01 3.440999999999999837e+00
-2.266900000000000048e+01 -1.274799999999999933e+01 1.234200000000000053e+01 3.738999999999999879e+00
-1.254100000000000037e+01 -8.651999999999999247e+00 8.846000000000000085e+00 1.467999999999999972e+00
-2.323999999999999844e+00 -3.083000000000000185e+00 9.419999999999999485e-01 -6.009999999999999787e-01
-3.250000000000000000e+00 -3.826000000000000068e+00 -9.904999999999999361e+00 -9.469999999999999529e-01
-1.058399999999999963e+01 -6.227000000000000313e+00 -1.881099999999999994e+01 -1.026999999999999913e+00
-1.529800000000000004e+01 -6.107999999999999652e+00 -2.196799999999999997e+01 -2.654999999999999805e+00
-1.213899999999999935e+01 -5.708999999999999631e+00 -1.859199999999999875e+01 -4.831999999999999851e+00
-1.864000000000000101e+00 -6.961000000000000298e+00 -1.124600000000000044e+01 -4.661999999999999922e+00
1.029499999999999993e+01 -7.217999999999999972e+00 -4.158000000000000362e+00 -1.631000000000000005e+00
2.332999999999999829e+01 -2.915999999999999925e+00 -1.899999999999999953e-02 1.427000000000000046e+00
3.899699999999999989e+01 4.564000000000000057e+00 1.539999999999999980e-01 2.350999999999999979e+00
4.756400000000000006e+01 8.573000000000000398e+00 -4.326999999999999957e+00 1.852999999999999980e+00
3.536699999999999733e+01 4.852000000000000313e+00 -1.170299999999999940e+01 1.288000000000000034e+00
1.038700000000000045e+01 -2.149000000000000021e+00 -1.647700000000000031e+01 8.850000000000000089e-01
-3.523000000000000131e+00 -4.706000000000000405e+00 -1.475900000000000034e+01 5.420000000000000373e-01
1.624000000000000110e+00 -1.477000000000000091e+00 -9.295999999999999375e+00 5.160000000000000142e-01
1.132199999999999918e+01 2.419000000000000039e+00 -5.480999999999999872e+00 9.020000000000000240e-01
1.036400000000000077e+01 1.312000000000000055e+00 -5.493000000000000327e+00 1.191000000000000059e+00
-1.131000000000000005e+00 -7.448999999999999844e+00 -9.122999999999999332e+00 7.510000000000000009e-01
-1.188100000000000023e+01 -2.048400000000000176e+01 -1.561500000000000021e+01 -2.059999999999999887e-01
-1.422499999999999964e+01 -2.884299999999999997e+01 -2.190099999999999980e+01 -5.610000000000000542e-01
-1.115399999999999991e+01 -2.708200000000000074e+01 -2.247500000000000142e+01 1.849999999999999978e-01
-6.706000000000000405e+00 -1.911100000000000065e+01 -1.428599999999999959e+01 1.012000000000000011e+00
2.605999999999999872e+00 -1.066600000000000037e+01 -6.840000000000000524e-01 1.082999999999999963e+00
1.468500000000000050e+01 -3.112999999999999989e+00 1.276299999999999990e+01 1.183000000000000052e+00
8.839999999999999858e+00 2.488999999999999879e+00 2.400600000000000023e+01 1.671000000000000041e+00
-2.901999999999999957e+01 4.586999999999999744e+00 3.183599999999999852e+01 7.630000000000000115e-01
-7.162300000000000466e+01 4.527000000000000135e+00 3.288900000000000290e+01 -2.274999999999999911e+00
-7.313299999999999557e+01 4.581999999999999851e+00 2.715299999999999869e+01 -4.421000000000000263e+00
-2.772400000000000020e+01 6.724000000000000199e+00 2.069900000000000162e+01 -3.024999999999999911e+00
2.480000000000000071e+01 1.320299999999999940e+01 1.728399999999999892e+01 -9.400000000000000022e-02
4.932000000000000028e+01 2.175300000000000011e+01 1.254899999999999949e+01 1.000000000000000000e+00
4.526599999999999824e+01 2.578999999999999915e+01 2.759999999999999787e+00 3.119999999999999996e-01
3.119200000000000017e+01 2.333200000000000074e+01 -5.905999999999999694e+00 -7.199999999999999456e-02
1.858699999999999974e+01 1.622800000000000153e+01 -5.522999999999999687e+00 3.830000000000000071e-01
4.150000000000000355e+00 2.930000000000000160e+00 5.590000000000000524e-01 7.730000000000000204e-01
-1.447000000000000064e+01 -1.524399999999999977e+01 2.447999999999999954e+00 5.949999999999999734e-01
-2.599599999999999866e+01 -2.717999999999999972e+01 -2.572999999999999954e+00 -1.400000000000000029e-02
-2.065700000000000003e+01 -2.448300000000000054e+01 -9.028999999999999915e+00 -6.899999999999999467e-01
-7.663000000000000256e+00 -1.358200000000000074e+01 -1.209299999999999997e+01 -1.014999999999999902e+00
-4.105999999999999872e+00 -5.283999999999999808e+00 -1.168500000000000050e+01 -1.213999999999999968e+00
-1.320899999999999963e+01 -6.229999999999999982e-01 -9.962999999999999190e+00 -2.133999999999999897e+00
-2.315099999999999980e+01 4.378000000000000114e+00 -8.140000000000000568e+00 -3.486000000000000210e+00
-2.660200000000000031e+01 6.961999999999999744e+00 -6.261000000000000121e+00 -3.451999999999999957e+00
-3.057700000000000173e+01 3.990000000000000213e-01 -5.309000000000000163e+00 -1.316999999999999948e+00
-3.925000000000000000e+01 -1.335399999999999920e+01 -6.522000000000000242e+00 1.104000000000000092e+00
-4.308599999999999852e+01 -2.306299999999999883e+01 -7.695000000000000284e+00 1.866000000000000103e+00
-3.647500000000000142e+01 -2.153300000000000125e+01 -4.769999999999999574e+00 1.209999999999999964e+00
-2.452100000000000080e+01 -1.103299999999999947e+01 2.519000000000000128e+00 5.909999999999999698e-01
-5.652999999999999581e+00 4.078000000000000291e+00 1.087599999999999945e+01 8.469999999999999751e-01
2.592699999999999960e+01 1.935900000000000176e+01 1.623499999999999943e+01 1.530000000000000027e+00
5.855700000000000216e+01 2.606400000000000006e+01 1.437199999999999989e+01 8.790000000000000036e-01
7.053400000000000603e+01 1.825000000000000000e+01 5.618000000000000327e+00 -2.170999999999999819e+00
5.991599999999999682e+01 4.600999999999999979e+00 -2.794999999999999929e+00 -5.240999999999999659e+00
4.639600000000000080e+01 -1.270000000000000018e-01 -5.290000000000000036e+00 -4.778999999999999915e+00
4.624000000000000199e+01 5.725999999999999979e+00 -2.113999999999999879e+00 -1.443000000000000060e+00
5.845000000000000284e+01 1.423700000000000010e+01 7.424000000000000377e+00 3.850000000000000089e-01
6.990699999999999648e+01 2.380300000000000082e+01 2.469500000000000028e+01 -1.417999999999999927e+00
6.914799999999999613e+01 3.403900000000000148e+01 4.286299999999999955e+01 -3.866999999999999993e+00
5.756799999999999784e+01 3.502600000000000335e+01 4.916100000000000136e+01 -2.402000000000000135e+00
4.303499999999999659e+01 2.058399999999999963e+01 3.957600000000000051e+01 3.415000000000000036e+00
2.706700000000000017e+01 2.846000000000000085e+00 2.342299999999999827e+01 8.864000000000000767e+00
9.130000000000000782e+00 -2.371999999999999886e+00 1.130700000000000038e+01 9.484999999999999432e+00
-5.243999999999999773e+00 2.416999999999999815e+00 5.429999999999999716e+00 5.801000000000000156e+00
-1.277200000000000024e+01 2.028000000000000025e+00 1.137000000000000011e+00 1.620999999999999996e+00
-1.953000000000000114e+01 -8.362000000000000099e+00 -6.674000000000000377e+00 -6.969999999999999529e-01
-3.168100000000000094e+01 -1.887600000000000122e+01 -1.643599999999999994e+01 -2.103000000000000203e+00
-4.564800000000000324e+01 -2.146399999999999864e+01 -2.062099999999999866e+01 -4.326999999999999957e+00
-5.014200000000000301e+01 -1.740099999999999980e+01 -1.619900000000000162e+01 -6.705000000000000071e+00
-3.774699999999999989e+01 -9.272000000000000242e+00 -8.666000000000000369e+00 -6.937000000000000277e+00
-1.616700000000000159e+01 1.649000000000000021e+00 -4.892000000000000348e+00 -4.541000000000000369e+00
-2.737000000000000099e+00 1.027899999999999991e+01 -7.113000000000000433e+00 -2.028999999999999915e+00
-3.829000000000000181e+00 1.135500000000000043e+01 -1.228100000000000058e+01 -2.517999999999999794e+00
-6.685999999999999943e+00 8.006999999999999673e+00 -1.484299999999999997e+01 -5.959999999999999964e+00
1.298000000000000043e+00 7.331000000000000405e+00 -1.233799999999999919e+01 -7.998000000000000220e+00
1.240499999999999936e+01 8.641000000000000014e+00 -8.510999999999999233e+00 -5.046000000000000263e+00
1.069400000000000084e+01 5.346000000000000085e+00 -8.772000000000000242e+00 3.830000000000000071e-01
-7.169999999999999707e-01 -2.232000000000000206e+00 -1.313100000000000023e+01 3.830000000000000071e+00
-4.799999999999999822e-01 -5.299999999999999822e+00 -1.677899999999999991e+01 5.972999999999999865e+00
2.269000000000000128e+01 8.880000000000000115e-01 -1.786700000000000088e+01 9.814000000000000057e+00
4.939699999999999847e+01 9.006000000000000227e+00 -1.980399999999999849e+01 1.384699999999999953e+01
3.912800000000000011e+01 6.584999999999999964e+00 -2.382799999999999940e+01 1.354800000000000004e+01
-2.702799999999999869e+01 -8.210000000000000853e+00 -2.559299999999999997e+01 7.894999999999999574e+00
-1.086929999999999978e+02 -2.050499999999999901e+01 -2.231099999999999994e+01 1.056000000000000050e+00
-1.388209999999999980e+02 -1.607700000000000173e+01 -1.562100000000000044e+01 -2.563000000000000167e+00
-1.017860000000000014e+02 -1.038000000000000034e+00 -6.394000000000000128e+00 -3.615000000000000213e+00
-4.581000000000000227e+01 5.706000000000000405e+00 2.553999999999999826e+00 -5.814000000000000057e+00
-1.893499999999999872e+01 -7.083000000000000185e+00 1.872999999999999998e+00 -9.009999999999999787e+00
-3.051599999999999824e+01 -3.694700000000000273e+01 -1.160200000000000031e+01 -8.869999999999999218e+00
-6.509099999999999397e+01 -6.953300000000000125e+01 -2.417200000000000060e+01 -4.250000000000000000e+00
-9.570699999999999363e+01 -8.258499999999999375e+01 -2.188800000000000168e+01 4.949999999999999956e-01
-9.512600000000000477e+01 -6.392199999999999704e+01 -7.532000000000000028e+00 1.875999999999999890e+00
-5.990100000000000335e+01 -2.616700000000000159e+01 1.071700000000000053e+01 1.022000000000000020e+00
-1.435800000000000054e+01 7.793999999999999595e+00 3.190599999999999881e+01 1.529999999999999971e-01
1.713299999999999912e+01 2.746099999999999852e+01 5.139999999999999858e+01 -9.299999999999999933e-02
3.492199999999999704e+01 3.648199999999999932e+01 5.501599999999999824e+01 8.639999999999999902e-01
6.051400000000000290e+01 4.283299999999999841e+01 3.829699999999999704e+01 3.406000000000000139e+00
1.059800000000000040e+02 5.055799999999999983e+01 1.613599999999999923e+01 5.790000000000000036e+00
1.482210000000000036e+02 5.450000000000000000e+01 2.125000000000000000e+00 5.783000000000000362e+00
1.481100000000000136e+02 4.492699999999999960e+01 -4.915000000000000036e+00 3.605999999999999872e+00
9.676800000000000068e+01 2.051599999999999824e+01 -8.444000000000000838e+00 1.207999999999999963e+00
2.676000000000000156e+01 -7.317999999999999616e+00 -7.346000000000000085e+00 8.899999999999999578e-02
-2.426699999999999946e+01 -2.573100000000000165e+01 -2.855999999999999872e+00 5.390000000000000346e-01
-4.328600000000000136e+01 -3.186799999999999855e+01 2.048000000000000043e+00 1.568000000000000060e+00
-3.278999999999999915e+01 -2.977899999999999991e+01 7.358999999999999986e+00 1.909000000000000030e+00
7.510000000000000009e-01 -2.244399999999999906e+01 1.206499999999999950e+01 1.713999999999999968e+00
3.461099999999999710e+01 -1.261100000000000065e+01 1.045100000000000051e+01 2.049999999999999822e+00
3.450000000000000000e+01 -5.392000000000000348e+00 -5.899999999999999689e-01 2.790000000000000036e+00
-5.604000000000000092e+00 -3.358999999999999986e+00 -1.391600000000000037e+01 2.797000000000000153e+00
-5.136599999999999966e+01 -2.737999999999999989e+00 -1.981899999999999906e+01 2.061999999999999833e+00
-7.078100000000000591e+01 7.930000000000000382e-01 -1.907300000000000040e+01 1.796000000000000041e+00
-6.306000000000000227e+01 5.844999999999999751e+00 -1.889199999999999946e+01 2.376999999999999780e+00
-3.939399999999999835e+01 9.118999999999999773e+00 -1.898199999999999932e+01 2.775999999999999801e+00
-7.839000000000000412e+00 1.091300000000000026e+01 -1.356000000000000050e+01 2.105999999999999872e+00
1.690200000000000102e+01 1.094299999999999962e+01 -4.211999999999999744e+00 6.470000000000000195e-01
2.012999999999999901e+01 4.713000000000000078e+00 1.530999999999999917e+00 -6.700000000000000400e-01
9.509000000000000341e+00 -7.442999999999999616e+00 1.697000000000000064e+00 -1.252999999999999892e+00
8.143000000000000682e+00 -1.381799999999999962e+01 1.469000000000000083e+00 -1.370999999999999996e+00
2.599899999999999878e+01 -3.178999999999999826e+00 5.943999999999999950e+00 -1.455999999999999961e+00
5.196200000000000330e+01 2.010399999999999920e+01 1.526299999999999990e+01 -1.141000000000000014e+00
6.563200000000000500e+01 3.900000000000000000e+01 2.526699999999999946e+01 -1.590000000000000024e-01
4.897299999999999898e+01 4.075900000000000034e+01 2.985300000000000153e+01 6.029999999999999805e-01
6.280000000000000027e-01 2.841900000000000048e+01 2.398300000000000054e+01 4.289999999999999925e-01
-5.185600000000000165e+01 1.587899999999999956e+01 1.017099999999999937e+01 -3.340000000000000191e-01
-6.873399999999999466e+01 1.211899999999999977e+01 -1.205999999999999961e+00 -1.518999999999999906e+00
-4.038900000000000290e+01 1.164300000000000068e+01 -4.828999999999999737e+00 -3.495999999999999996e+00
-4.089999999999999747e-01 3.819999999999999840e+00 -6.088000000000000078e+00 -6.073000000000000398e+00
1.785900000000000176e+01 -1.028899999999999970e+01 -8.532000000000000028e+00 -8.090999999999999304e+00
2.020499999999999829e+01 -1.876599999999999824e+01 -7.732000000000000206e+00 -8.233999999999999986e+00
2.754500000000000171e+01 -1.650900000000000034e+01 -2.486000000000000210e+00 -6.349000000000000199e+00
3.626299999999999812e+01 -1.072199999999999953e+01 4.400000000000000022e-01 -3.670999999999999819e+00
2.957999999999999829e+01 -8.144000000000000128e+00 -3.048999999999999932e+00 -1.512000000000000011e+00
9.191000000000000725e+00 -9.013999999999999346e+00 -8.679999999999999716e+00 -4.139999999999999791e-01
-7.613999999999999879e+00 -1.216900000000000048e+01 -1.080100000000000016e+01 -3.310000000000000164e-01
-9.003000000000000114e+00 -1.441799999999999926e+01 -8.775000000000000355e+00 -6.680000000000000382e-01
4.993999999999999773e+00 -9.919999999999999929e+00 -5.865000000000000213e+00 -5.490000000000000435e-01
2.514900000000000091e+01 -5.040000000000000036e-01 -5.783000000000000362e+00 3.260000000000000120e-01
3.650200000000000244e+01 2.930000000000000160e+00 -1.042399999999999949e+01 1.362000000000000099e+00
2.848499999999999943e+01 -1.979999999999999982e+00 -1.638200000000000145e+01 1.766000000000000014e+00
4.761000000000000121e+00 -5.251000000000000334e+00 -1.484299999999999997e+01 1.322000000000000064e+00
-2.034900000000000020e+01 -3.682999999999999829e+00 -2.696000000000000174e+00 3.589999999999999858e-01
-3.222200000000000131e+01 -2.427999999999999936e+00 1.050500000000000078e+01 -8.239999999999999547e-01
-2.066600000000000037e+01 2.947999999999999954e+00 1.709100000000000108e+01 -2.061999999999999833e+00
1.661499999999999844e+01 2.083899999999999864e+01 2.305399999999999849e+01 -2.749000000000000110e+00
6.433700000000000330e+01 4.196800000000000352e+01 3.175600000000000023e+01 -2.126999999999999780e+00
8.924699999999999989e+01 4.623100000000000165e+01 2.929599999999999937e+01 -8.309999999999999609e-01
7.032800000000000296e+01 3.063299999999999912e+01 5.693999999999999950e+00 -5.629999999999999449e-01
2.705300000000000082e+01 1.203100000000000058e+01 -2.010800000000000054e+01 -1.094999999999999973e+00
-6.246000000000000441e+00 9.210000000000000409e-01 -2.085099999999999909e+01 1.759999999999999898e-01
-2.197800000000000153e+01 -8.705000000000000071e+00 -2.710000000000000187e-01 4.408999999999999808e+00
-3.102199999999999847e+01 -2.035800000000000054e+01 1.382000000000000028e+01 9.053000000000000824e+00
-3.514999999999999858e+01 -2.589399999999999835e+01 1.191799999999999926e+01 1.026399999999999935e+01
-2.859900000000000020e+01 -1.953600000000000136e+01 1.150799999999999912e+01 6.855000000000000426e+00
-9.756999999999999673e+00 -5.943999999999999950e+00 2.325000000000000000e+01 1.669999999999999929e+00
1.484999999999999964e+01 6.173000000000000043e+00 3.460300000000000153e+01 -1.612000000000000099e+00
2.913299999999999912e+01 9.521000000000000796e+00 3.080699999999999861e+01 -2.968999999999999861e+00
1.992099999999999937e+01 2.552000000000000046e+00 1.221100000000000030e+01 -5.088000000000000078e+00
-3.490000000000000213e+00 -6.807999999999999829e+00 -1.035299999999999976e+01 -7.580000000000000071e+00
-1.932999999999999829e+01 -9.875000000000000000e+00 -2.454100000000000037e+01 -6.467999999999999972e+00
-2.398900000000000077e+01 -9.128000000000000114e+00 -2.305900000000000105e+01 -1.278999999999999915e+00
-2.964699999999999847e+01 -1.009099999999999930e+01 -8.942000000000000171e+00 2.902000000000000135e+00
-3.456799999999999784e+01 -7.384999999999999787e+00 6.942999999999999616e+00 3.244000000000000217e+00
-2.805999999999999872e+01 3.176000000000000156e+00 1.544800000000000040e+01 2.975000000000000089e+00
-2.077599999999999980e+01 7.410999999999999588e+00 1.410599999999999987e+01 4.426999999999999602e+00
-3.093700000000000117e+01 -7.378999999999999559e+00 4.586000000000000298e+00 4.394000000000000128e+00
-4.684499999999999886e+01 -2.636100000000000065e+01 -9.099999999999999645e+00 1.079999999999999988e-01
-4.392000000000000171e+01 -2.880900000000000105e+01 -2.150600000000000023e+01 -5.032000000000000028e+00
-2.791900000000000048e+01 -2.134799999999999898e+01 -3.051200000000000045e+01 -6.150000000000000355e+00
-2.372800000000000153e+01 -2.355399999999999849e+01 -3.868399999999999750e+01 -4.413999999999999702e+00
-3.480400000000000205e+01 -3.545400000000000063e+01 -4.618099999999999739e+01 -4.655999999999999694e+00
-4.338400000000000034e+01 -4.009499999999999886e+01 -4.708500000000000085e+01 -6.693999999999999950e+00
-3.985000000000000142e+01 -2.832100000000000151e+01 -3.681900000000000261e+01 -5.511999999999999567e+00
-3.101899999999999835e+01 -7.195999999999999730e+00 -1.941199999999999903e+01 -4.079999999999999738e-01
-2.532000000000000028e+01 1.079400000000000048e+01 -4.091999999999999638e+00 3.212000000000000188e+00
-2.324599999999999866e+01 1.731800000000000139e+01 3.374000000000000110e+00 2.193000000000000060e+00
-1.978999999999999915e+01 1.125399999999999956e+01 4.549999999999999822e+00 -5.100000000000000089e-01
-1.107900000000000063e+01 -6.000000000000000125e-03 4.314000000000000057e+00 -6.740000000000000435e-01
-2.725999999999999979e+00 -6.475999999999999979e+00 4.083999999999999631e+00 2.646999999999999797e+00
-8.832000000000000739e+00 -7.639999999999999680e+00 1.624000000000000110e+00 6.472000000000000419e+00
-3.353000000000000114e+01 -1.328200000000000003e+01 -3.366000000000000103e+00 6.506999999999999673e+00
-5.686299999999999955e+01 -2.701899999999999835e+01 -6.942999999999999616e+00 2.277000000000000135e+00
-5.099399999999999977e+01 -3.428300000000000125e+01 -3.814000000000000057e+00 -1.625000000000000000e+00
-1.287899999999999956e+01 -1.685099999999999909e+01 5.902000000000000135e+00 -1.141999999999999904e+00
3.456199999999999761e+01 2.340800000000000125e+01 1.524600000000000044e+01 2.878000000000000114e+00
7.938700000000000045e+01 6.592900000000000205e+01 2.369800000000000040e+01 6.261999999999999567e+00
1.270250000000000057e+02 9.219799999999999329e+01 4.044200000000000017e+01 5.716999999999999638e+00
1.598160000000000025e+02 9.730100000000000193e+01 6.256799999999999784e+01 2.201000000000000068e+00
1.414869999999999948e+02 8.647799999999999443e+01 7.088100000000000023e+01 -4.939999999999999947e-01
8.003400000000000603e+01 6.660200000000000387e+01 5.691100000000000136e+01 -8.729999999999999982e-01
3.161899999999999977e+01 4.203000000000000114e+01 3.154400000000000048e+01 -9.250000000000000444e-01
2.344500000000000028e+01 1.628399999999999892e+01 6.793999999999999595e+00 -2.750999999999999890e+00
2.336700000000000088e+01 -7.559000000000000163e+00 -1.093699999999999939e+01 -6.112000000000000099e+00
2.423000000000000043e+00 -2.730699999999999861e+01 -1.673300000000000054e+01 -8.092000000000000526e+00
-2.096600000000000108e+01 -3.901700000000000301e+01 -1.218699999999999939e+01 -5.692000000000000171e+00
-2.044099999999999895e+01 -3.896600000000000108e+01 -7.041000000000000369e+00 -3.629999999999999893e-01
-5.344999999999999751e+00 -3.116600000000000037e+01 -7.657000000000000028e+00 2.919000000000000039e+00
9.230000000000000426e-01 -2.519300000000000139e+01 -1.133300000000000018e+01 2.390000000000000124e+00
-3.775999999999999801e+00 -2.395200000000000173e+01 -1.430000000000000071e+01 1.120999999999999996e+00
-1.533000000000000007e+01 -2.176500000000000057e+01 -1.686199999999999832e+01 1.385999999999999899e+00
-4.570100000000000051e+01 -1.536299999999999955e+01 -1.937600000000000122e+01 2.028999999999999915e+00
-9.388599999999999568e+01 -7.907000000000000028e+00 -2.011599999999999966e+01 1.810999999999999943e+00
-1.218780000000000001e+02 -2.396999999999999797e+00 -1.835500000000000043e+01 1.520000000000000018e+00
-9.967400000000000659e+01 9.869999999999999885e-01 -1.584900000000000020e+01 2.134999999999999787e+00
-5.042600000000000193e+01 1.629000000000000004e+00 -1.466900000000000048e+01 3.290999999999999925e+00
-1.795700000000000074e+01 -1.112000000000000099e+00 -1.432600000000000051e+01 4.153999999999999915e+00
-1.068299999999999983e+01 -4.533999999999999808e+00 -1.211500000000000021e+01 4.546999999999999709e+00
-4.312000000000000277e+00 -4.443999999999999950e+00 -7.264000000000000234e+00 4.653999999999999915e+00
1.587700000000000067e+01 -6.019999999999999796e-01 -2.403999999999999915e+00 4.277999999999999581e+00
4.208100000000000307e+01 3.834000000000000075e+00 5.949999999999999734e-01 2.994000000000000217e+00
6.419499999999999318e+01 7.697000000000000064e+00 2.658999999999999808e+00 8.249999999999999556e-01
7.633599999999999852e+01 1.105300000000000082e+01 2.781000000000000139e+00 -1.282999999999999918e+00
6.903300000000000125e+01 1.031000000000000050e+01 -3.744000000000000217e+00 -1.943999999999999950e+00
3.790999999999999659e+01 1.104000000000000092e+00 -1.697100000000000009e+01 -1.171000000000000041e+00
-3.361000000000000210e+00 -1.445899999999999963e+01 -2.723199999999999932e+01 -8.239999999999999547e-01
-3.286500000000000199e+01 -2.820200000000000173e+01 -2.526899999999999835e+01 -1.907999999999999918e+00
-4.165200000000000102e+01 -3.343999999999999773e+01 -1.426200000000000045e+01 -3.225000000000000089e+00
-3.702600000000000335e+01 -3.053999999999999915e+01 -5.775999999999999801e+00 -3.580999999999999961e+00
-2.535800000000000054e+01 -2.407799999999999940e+01 -4.935999999999999943e+00 -3.003000000000000114e+00
-3.342999999999999972e+00 -1.524200000000000088e+01 -6.019000000000000128e+00 -1.750000000000000000e+00
3.192399999999999949e+01 5.510000000000000453e-01 -2.657999999999999918e+00 8.699999999999999400e-02
7.673900000000000432e+01 2.571300000000000097e+01 6.059000000000000163e+00 2.491000000000000103e+00
1.202999999999999972e+02 4.892799999999999727e+01 1.887900000000000134e+01 4.987000000000000099e+00
1.392249999999999943e+02 5.159499999999999886e+01 3.090099999999999980e+01 5.974000000000000199e+00
1.070300000000000011e+02 3.262400000000000233e+01 3.135500000000000043e+01 4.261999999999999567e+00
2.463299999999999912e+01 1.080799999999999983e+01 1.689900000000000091e+01 7.359999999999999876e-01
-6.635699999999999932e+01 -1.191999999999999948e+00 4.307999999999999829e+00 -2.716000000000000192e+00
-1.143780000000000001e+02 -6.200999999999999623e+00 1.214799999999999969e+01 -4.277000000000000135e+00
-1.046809999999999974e+02 -9.324999999999999289e+00 3.187999999999999901e+01 -2.914000000000000146e+00
-6.736599999999999966e+01 -1.160899999999999999e+01 3.763700000000000045e+01 -3.320000000000000173e-01
-4.009199999999999875e+01 -1.283399999999999963e+01 2.232900000000000063e+01 -1.620000000000000051e-01
-3.602300000000000324e+01 -1.334900000000000020e+01 3.053999999999999826e+00 -3.375000000000000000e+00
-4.506900000000000261e+01 -1.418900000000000006e+01 -6.330000000000000071e+00 -6.714000000000000412e+00
-5.101400000000000290e+01 -1.542300000000000004e+01 -8.670999999999999375e+00 -6.676000000000000156e+00
-4.489600000000000080e+01 -1.505199999999999960e+01 -1.090399999999999991e+01 -3.424999999999999822e+00
-2.722500000000000142e+01 -1.167999999999999972e+01 -1.322799999999999976e+01 -7.299999999999999545e-02
-3.115000000000000213e+00 -6.543999999999999595e+00 -1.326800000000000068e+01 9.869999999999999885e-01
1.986199999999999832e+01 -1.145999999999999908e+00 -1.153400000000000070e+01 1.290000000000000036e-01
3.128900000000000148e+01 2.680000000000000160e+00 -9.601000000000000867e+00 -7.880000000000000338e-01
2.169699999999999918e+01 -7.369999999999999885e-01 -8.464000000000000412e+00 -6.889999999999999458e-01
-7.134999999999999787e+00 -1.515799999999999947e+01 -9.721999999999999531e+00 -1.970000000000000084e-01
-3.481400000000000006e+01 -3.130499999999999972e+01 -1.384800000000000075e+01 -5.689999999999999503e-01
-3.547500000000000142e+01 -3.367000000000000171e+01 -1.690599999999999881e+01 -1.782000000000000028e+00
-2.846999999999999975e+00 -1.964900000000000091e+01 -1.309099999999999930e+01 -2.325000000000000178e+00
4.544500000000000028e+01 6.770000000000000462e-01 -1.596999999999999975e+00 -1.235000000000000098e+00
8.472499999999999432e+01 1.958999999999999986e+01 1.156799999999999962e+01 5.789999999999999591e-01
9.581000000000000227e+01 3.132799999999999940e+01 1.729599999999999937e+01 1.534999999999999920e+00
7.312999999999999545e+01 2.605999999999999872e+01 8.663000000000000256e+00 1.304999999999999938e+00
3.267300000000000182e+01 4.176000000000000156e+00 -1.156400000000000006e+01 1.264000000000000012e+00
1.782999999999999918e+00 -1.292900000000000027e+01 -3.101200000000000045e+01 3.072999999999999954e+00
-4.899000000000000021e+00 -5.508000000000000007e+00 -4.058800000000000097e+01 6.301999999999999602e+00
7.684999999999999609e+00 2.043499999999999872e+01 -3.901500000000000057e+01 7.902000000000000135e+00
2.610699999999999932e+01 4.414099999999999824e+01 -2.276500000000000057e+01 5.564000000000000057e+00
3.813499999999999801e+01 5.288799999999999812e+01 1.197700000000000031e+01 8.780000000000000027e-01
3.997200000000000131e+01 4.676400000000000290e+01 5.216400000000000148e+01 -3.061999999999999833e+00
3.808800000000000097e+01 3.333200000000000074e+01 7.108199999999999363e+01 -6.017000000000000348e+00
3.748899999999999721e+01 2.175199999999999889e+01 5.890299999999999869e+01 -9.089999999999999858e+00
3.075499999999999901e+01 1.515300000000000047e+01 3.390800000000000125e+01 -1.014000000000000057e+01
7.455000000000000071e+00 9.855999999999999872e+00 1.522799999999999976e+01 -6.413000000000000256e+00
-2.716799999999999926e+01 5.046999999999999709e+00 4.150999999999999801e+00 -1.137000000000000011e+00
-5.140200000000000102e+01 6.687999999999999723e+00 -1.647999999999999909e+00 8.999999999999999320e-03
-4.710799999999999699e+01 1.655799999999999983e+01 2.184000000000000163e+00 -1.957000000000000073e+00
-1.999599999999999866e+01 2.332000000000000028e+01 1.475699999999999967e+01 -1.514999999999999902e+00
2.088999999999999968e+00 1.457900000000000063e+01 2.431400000000000006e+01 2.172000000000000153e+00
2.794000000000000039e+00 -2.039000000000000146e+00 2.290800000000000125e+01 5.133000000000000007e+00
7.883000000000000007e+00 -3.309000000000000163e+00 1.734299999999999997e+01 5.357999999999999652e+00
5.070300000000000296e+01 1.719099999999999895e+01 1.769500000000000028e+01 4.860999999999999766e+00
1.022920000000000016e+02 3.485099999999999909e+01 2.086799999999999855e+01 5.730000000000000426e+00
8.361499999999999488e+01 2.112600000000000122e+01 1.452200000000000024e+01 6.565000000000000391e+00
-3.474000000000000199e+01 -2.421000000000000085e+01 -5.612000000000000099e+00 4.299999999999999822e+00
-1.827769999999999868e+02 -7.130100000000000193e+01 -3.009799999999999898e+01 -8.609999999999999876e-01
-2.619619999999999891e+02 -8.960399999999999920e+01 -4.652700000000000102e+01 -5.139000000000000234e+00
-2.465989999999999895e+02 -8.074899999999999523e+01 -5.224099999999999966e+01 -6.371999999999999886e+00
-1.885509999999999877e+02 -7.090999999999999659e+01 -5.460999999999999943e+01 -6.333999999999999631e+00
-1.303410000000000082e+02 -6.831300000000000239e+01 -5.662599999999999767e+01 -6.479000000000000092e+00
-6.256499999999999773e+01 -5.342300000000000182e+01 -4.865599999999999881e+01 -4.767000000000000348e+00
2.369699999999999918e+01 -1.555499999999999972e+01 -2.283099999999999952e+01 2.750000000000000222e-01
9.864300000000000068e+01 2.796399999999999864e+01 1.138199999999999967e+01 5.322000000000000064e+00
1.278529999999999944e+02 5.300099999999999767e+01 3.535099999999999909e+01 6.041999999999999815e+00
1.092009999999999934e+02 5.150500000000000256e+01 4.047200000000000131e+01 2.684000000000000163e+00
7.087399999999999523e+01 3.441700000000000159e+01 3.283599999999999852e+01 -1.250999999999999890e+00
4.896699999999999875e+01 1.856599999999999895e+01 2.168700000000000117e+01 -3.053999999999999826e+00
5.501599999999999824e+01 7.955000000000000071e+00 9.156000000000000583e+00 -1.336999999999999966e+00
6.307600000000000051e+01 -6.605000000000000426e+00 -6.496000000000000441e+00 3.982000000000000206e+00
5.077000000000000313e+01 -2.505399999999999849e+01 -2.036299999999999955e+01 9.992000000000000881e+00
4.302499999999999858e+01 -3.005799999999999983e+01 -2.102700000000000102e+01 1.185100000000000087e+01
7.513200000000000500e+01 -1.189000000000000057e+01 -4.738999999999999879e+00 7.588000000000000078e+00
1.132920000000000016e+02 1.176999999999999957e+01 1.635399999999999920e+01 5.450000000000000400e-01
6.835399999999999920e+01 1.556300000000000061e+01 2.429700000000000060e+01 -4.219000000000000306e+00
-7.708700000000000330e+01 -1.170000000000000068e-01 1.264100000000000001e+01 -5.578999999999999737e+00
-2.066719999999999970e+02 -1.053999999999999915e+01 -7.342999999999999972e+00 -6.673000000000000043e+00
-2.004149999999999920e+02 -6.600000000000000311e-01 -2.010699999999999932e+01 -9.044999999999999929e+00
-9.028900000000000148e+01 1.588199999999999967e+01 -2.223999999999999844e+01 -9.733000000000000540e+00
-9.384000000000000341e+00 1.519400000000000084e+01 -1.887600000000000122e+01 -6.591000000000000192e+00
-1.412800000000000011e+01 -6.716999999999999638e+00 -1.104499999999999993e+01 -2.661000000000000032e+00
-3.939900000000000091e+01 -2.726599999999999824e+01 2.495999999999999996e+00 -1.368000000000000105e+00
-1.731299999999999883e+01 -2.206700000000000017e+01 1.606599999999999895e+01 -9.979999999999999982e-01
3.928799999999999670e+01 6.190000000000000391e+00 1.981500000000000128e+01 1.542999999999999927e+00
8.268699999999999761e+01 3.064499999999999957e+01 1.229499999999999993e+01 5.089000000000000412e+00
9.774899999999999523e+01 3.328000000000000114e+01 4.581000000000000405e+00 6.908999999999999808e+00
9.457999999999999829e+01 2.273499999999999943e+01 7.552999999999999936e+00 7.440999999999999837e+00
7.266700000000000159e+01 1.351800000000000068e+01 1.865299999999999869e+01 7.932000000000000384e+00
3.132400000000000162e+01 5.391000000000000014e+00 2.588200000000000145e+01 7.032000000000000028e+00
-3.274000000000000021e+00 -7.105999999999999872e+00 2.028300000000000125e+01 4.032000000000000028e+00
-2.939000000000000057e+00 -2.173900000000000077e+01 1.770999999999999908e+00 1.332999999999999963e+00
1.804899999999999949e+01 -3.167500000000000071e+01 -2.094099999999999895e+01 -1.739999999999999880e-01
2.233399999999999963e+01 -3.155000000000000071e+01 -3.481499999999999773e+01 -2.942000000000000171e+00
6.413999999999999702e+00 -2.112500000000000000e+01 -3.173199999999999932e+01 -6.692000000000000171e+00
-5.620000000000000551e-01 -5.761000000000000121e+00 -1.362299999999999933e+01 -6.831000000000000405e+00
1.236599999999999966e+01 8.327999999999999403e+00 9.804000000000000270e+00 -2.124000000000000110e+00
2.354599999999999937e+01 1.561800000000000033e+01 2.407499999999999929e+01 2.136000000000000121e+00
1.407900000000000063e+01 1.139400000000000013e+01 1.825499999999999901e+01 1.802999999999999936e+00
-5.528999999999999915e+00 5.470000000000000417e-01 -5.879999999999999671e-01 -4.329999999999999960e-01
-1.096899999999999942e+01 -1.368999999999999995e+00 -1.141099999999999959e+01 -1.489999999999999936e-01
3.369000000000000217e+00 1.051600000000000001e+01 -6.501999999999999780e+00 2.153999999999999915e+00
1.964799999999999969e+01 1.926500000000000057e+01 -7.650000000000000133e-01 2.995999999999999996e+00
2.235300000000000153e+01 1.053800000000000026e+01 -6.945000000000000284e+00 1.620999999999999996e+00
1.372600000000000087e+01 -6.214000000000000412e+00 -1.878699999999999903e+01 2.069999999999999896e-01
2.975999999999999979e+00 -1.375699999999999967e+01 -2.454899999999999949e+01 -7.599999999999999811e-02
-2.738999999999999879e+00 -8.612999999999999545e+00 -2.129599999999999937e+01 -4.699999999999999734e-01
3.745999999999999996e+00 3.233000000000000096e+00 -1.152599999999999980e+01 -2.411000000000000032e+00
2.221699999999999875e+01 1.617399999999999949e+01 1.102999999999999980e+00 -4.820999999999999730e+00
3.663799999999999812e+01 2.343100000000000094e+01 9.433999999999999275e+00 -4.657000000000000028e+00
3.172400000000000020e+01 1.987900000000000134e+01 7.044999999999999929e+00 -1.239000000000000101e+00
1.315300000000000047e+01 9.837999999999999190e+00 -3.994000000000000217e+00 2.162999999999999812e+00
-5.091000000000000192e+00 6.079999999999999849e-01 -1.675100000000000122e+01 3.306999999999999940e+00
-2.348600000000000065e+01 -9.076000000000000512e+00 -2.707799999999999940e+01 4.479000000000000092e+00
-4.664900000000000091e+01 -2.177499999999999858e+01 -3.246399999999999864e+01 7.876000000000000334e+00
-5.897200000000000131e+01 -2.785800000000000054e+01 -2.854500000000000171e+01 1.044200000000000017e+01
-3.819800000000000040e+01 -1.483699999999999974e+01 -1.288400000000000034e+01 7.581000000000000405e+00
4.576999999999999957e+00 1.071000000000000085e+01 6.621000000000000441e+00 6.029999999999999805e-01
2.607400000000000162e+01 2.528500000000000014e+01 1.376900000000000013e+01 -4.251000000000000334e+00
1.985999999999999988e+00 1.624599999999999866e+01 3.025999999999999801e+00 -4.839999999999999858e+00
-4.405700000000000216e+01 -3.326999999999999957e+00 -1.029199999999999982e+01 -5.932999999999999829e+00
-7.029699999999999704e+01 -1.188700000000000045e+01 -8.666000000000000369e+00 -1.008399999999999963e+01
-5.813499999999999801e+01 -3.532000000000000028e+00 7.336999999999999744e+00 -1.208799999999999919e+01
-1.835200000000000031e+01 1.006700000000000017e+01 2.498300000000000054e+01 -7.788999999999999702e+00
2.673699999999999832e+01 1.647899999999999920e+01 3.542000000000000171e+01 -1.784999999999999920e+00
5.528099999999999881e+01 1.304199999999999982e+01 3.584000000000000341e+01 -3.240000000000000102e-01
5.292799999999999727e+01 2.645999999999999908e+00 2.464499999999999957e+01 -2.334000000000000075e+00
2.694200000000000017e+01 -9.090999999999999304e+00 5.613000000000000433e+00 -2.766999999999999904e+00
4.107999999999999652e+00 -1.322100000000000009e+01 -9.795999999999999375e+00 -4.570000000000000173e-01
-3.097999999999999865e+00 -7.224999999999999645e+00 -1.480599999999999916e+01 2.069999999999999840e+00
-1.152999999999999936e+01 -1.397999999999999909e+00 -1.434900000000000020e+01 4.011999999999999567e+00
-3.265100000000000335e+01 -3.754000000000000004e+00 -1.358000000000000007e+01 6.650999999999999801e+00
-4.939200000000000301e+01 -7.623000000000000220e+00 -9.656000000000000583e+00 9.035999999999999588e+00
-4.409599999999999653e+01 -3.415000000000000036e+00 1.199999999999999956e+00 8.246999999999999886e+00
-2.417099999999999937e+01 7.322000000000000064e+00 1.636700000000000088e+01 4.628000000000000114e+00
-9.692000000000000171e+00 1.400900000000000034e+01 2.744900000000000162e+01 2.661000000000000032e+00
-1.247400000000000020e+01 7.931000000000000050e+00 2.526699999999999946e+01 5.214999999999999858e+00
-2.717999999999999972e+01 -7.261999999999999567e+00 8.526999999999999247e+00 9.086999999999999744e+00
-3.446500000000000341e+01 -1.662099999999999866e+01 -1.096100000000000030e+01 8.044999999999999929e+00
-1.795499999999999829e+01 -8.734999999999999432e+00 -1.823799999999999955e+01 2.220000000000000029e-01
2.054400000000000048e+01 1.620200000000000173e+01 -1.080100000000000016e+01 -9.396000000000000796e+00
6.392300000000000182e+01 5.023499999999999943e+01 2.529999999999999805e+00 -1.475000000000000000e+01
8.938700000000000045e+01 7.575600000000000023e+01 1.414700000000000024e+01 -1.538000000000000078e+01
7.778300000000000125e+01 6.860599999999999454e+01 2.096699999999999875e+01 -1.532900000000000063e+01
3.008800000000000097e+01 2.572200000000000131e+01 2.494699999999999918e+01 -1.552399999999999913e+01
-2.532799999999999940e+01 -1.936400000000000077e+01 3.464500000000000313e+01 -1.183900000000000041e+01
-5.630799999999999983e+01 -3.314900000000000091e+01 5.108700000000000330e+01 -3.483999999999999986e+00
-5.795300000000000296e+01 -2.375300000000000011e+01 5.677499999999999858e+01 3.346000000000000085e+00
-5.078399999999999892e+01 -2.227100000000000080e+01 3.868299999999999983e+01 4.179000000000000270e+00
-5.038499999999999801e+01 -3.603600000000000136e+01 1.108399999999999963e+01 1.983999999999999986e+00
-5.135199999999999676e+01 -4.571200000000000330e+01 -4.479000000000000092e+00 1.393999999999999906e+00
-4.420799999999999841e+01 -3.828999999999999915e+01 -8.292999999999999261e+00 2.721000000000000085e+00
-3.342799999999999727e+01 -2.017899999999999849e+01 -1.356300000000000061e+01 3.564000000000000057e+00
-2.909700000000000131e+01 -3.678999999999999826e+00 -2.167000000000000171e+01 2.854000000000000092e+00
-3.166199999999999903e+01 4.496999999999999886e+00 -2.390200000000000102e+01 1.614000000000000101e+00
-3.367799999999999727e+01 6.027000000000000135e+00 -1.864099999999999824e+01 1.189999999999999947e+00
-2.932400000000000162e+01 8.830000000000000071e+00 -1.127999999999999936e+01 1.947000000000000064e+00
-1.788400000000000034e+01 1.723499999999999943e+01 -3.504999999999999893e+00 3.399000000000000021e+00
-2.547000000000000153e+00 2.490500000000000114e+01 4.668999999999999595e+00 4.825999999999999623e+00
1.317099999999999937e+01 2.335000000000000142e+01 8.391000000000000014e+00 5.496000000000000441e+00
2.671099999999999852e+01 1.355799999999999983e+01 3.907999999999999918e+00 4.929999999999999716e+00
3.333599999999999852e+01 2.444999999999999840e+00 -5.233999999999999986e+00 3.637999999999999901e+00
2.988400000000000034e+01 -7.288999999999999702e+00 -1.435899999999999999e+01 2.783999999999999808e+00
2.243499999999999872e+01 -1.631899999999999906e+01 -2.169600000000000151e+01 2.553999999999999826e+00
2.029599999999999937e+01 -2.248199999999999932e+01 -2.391700000000000159e+01 2.104000000000000092e+00
2.464099999999999824e+01 -2.257600000000000051e+01 -1.798900000000000077e+01 1.312999999999999945e+00
2.941199999999999903e+01 -1.758500000000000085e+01 -7.669999999999999929e+00 9.529999999999999583e-01
2.918700000000000117e+01 -1.232900000000000063e+01 -7.560000000000000053e-01 1.122999999999999998e+00
2.536799999999999855e+01 -1.123000000000000043e+01 -1.667999999999999927e+00 1.064000000000000057e+00
2.707000000000000028e+01 -1.433099999999999952e+01 -8.576000000000000512e+00 6.250000000000000000e-01
4.150500000000000256e+01 -1.580300000000000082e+01 -1.512299999999999933e+01 6.440000000000000169e-01
6.430200000000000671e+01 -8.192999999999999616e+00 -1.627299999999999969e+01 1.594000000000000083e+00
8.584199999999999875e+01 8.403999999999999915e+00 -1.247600000000000087e+01 2.790999999999999925e+00
1.022549999999999955e+02 2.227599999999999980e+01 -6.200000000000000178e+00 3.322999999999999954e+00
1.093559999999999945e+02 2.035300000000000153e+01 4.169999999999999818e-01 2.971999999999999975e+00
8.676800000000000068e+01 2.838999999999999968e+00 2.017999999999999794e+00 1.915000000000000036e+00
1.032199999999999918e+01 -1.811400000000000077e+01 -6.355000000000000426e+00 3.300000000000000155e-01
-9.836599999999999966e+01 -3.237500000000000000e+01 -1.919699999999999918e+01 -1.375999999999999890e+00
-1.635279999999999916e+02 -3.696800000000000352e+01 -2.459700000000000131e+01 -2.761000000000000121e+00
-1.393019999999999925e+02 -3.137199999999999989e+01 -1.899800000000000111e+01 -3.849000000000000199e+00
-7.157399999999999807e+01 -1.695200000000000173e+01 -8.887999999999999901e+00 -4.548000000000000043e+00
-3.176200000000000045e+01 5.180000000000000160e-01 -1.014999999999999902e+00 -4.214999999999999858e+00
-2.963299999999999912e+01 1.277200000000000024e+01 1.739999999999999991e+00 -3.021999999999999797e+00
-3.388199999999999790e+01 1.426099999999999923e+01 -3.840000000000000080e-01 -2.419000000000000039e+00
-2.964499999999999957e+01 8.567999999999999616e+00 -2.892999999999999794e+00 -2.734999999999999876e+00
-1.171000000000000085e+01 8.926999999999999602e+00 6.850000000000000533e-01 -2.008999999999999897e+00
3.097599999999999909e+01 2.397599999999999909e+01 1.079800000000000004e+01 1.241999999999999993e+00
8.384799999999999898e+01 4.520400000000000063e+01 2.089600000000000080e+01 5.881999999999999673e+00
1.024210000000000065e+02 5.603099999999999881e+01 2.701699999999999946e+01 9.747999999999999332e+00
6.990600000000000591e+01 4.767199999999999704e+01 3.003900000000000148e+01 1.110399999999999920e+01
2.389000000000000057e+01 2.398999999999999844e+01 2.721999999999999886e+01 8.894999999999999574e+00
4.320000000000000284e+00 -2.148000000000000131e+00 1.355199999999999960e+01 4.823000000000000398e+00
5.948999999999999844e+00 -1.853000000000000114e+01 -6.312999999999999723e+00 3.161999999999999922e+00
3.080000000000000071e+00 -2.265700000000000003e+01 -1.874699999999999989e+01 4.506999999999999673e+00
-6.631999999999999673e+00 -1.966400000000000148e+01 -1.553899999999999970e+01 3.281000000000000139e+00
-9.166999999999999815e+00 -1.456199999999999939e+01 -1.299999999999999940e-02 -4.317000000000000171e+00
-5.161999999999999922e+00 -9.932999999999999829e+00 1.902599999999999980e+01 -1.390600000000000058e+01
-7.483999999999999986e+00 -7.334999999999999964e+00 3.151999999999999957e+01 -1.830600000000000094e+01
-1.733699999999999974e+01 -7.033000000000000362e+00 2.838800000000000168e+01 -1.662800000000000011e+01
-2.475400000000000134e+01 -8.585000000000000853e+00 1.018699999999999939e+01 -1.447000000000000064e+01
-2.762900000000000134e+01 -1.264199999999999946e+01 -8.714000000000000412e+00 -1.479100000000000037e+01
-3.089799999999999969e+01 -1.790099999999999980e+01 -1.439300000000000068e+01 -1.318299999999999983e+01
-3.152100000000000080e+01 -1.782100000000000151e+01 -9.074999999999999289e+00 -6.416000000000000369e+00
-2.146300000000000097e+01 -7.974999999999999645e+00 -5.227000000000000313e+00 3.890000000000000124e-01
-1.917000000000000037e+00 5.240999999999999659e+00 -8.137999999999999901e+00 1.635999999999999899e+00
1.803500000000000014e+01 1.225900000000000034e+01 -1.116900000000000048e+01 -1.310000000000000053e-01
3.306199999999999761e+01 1.379100000000000037e+01 -7.479000000000000092e+00 4.719999999999999751e-01
4.141499999999999915e+01 1.588000000000000078e+01 -5.929999999999999716e-01 3.314000000000000057e+00
3.894200000000000017e+01 1.662000000000000099e+01 1.310999999999999943e+00 4.541999999999999815e+00
2.683899999999999864e+01 1.208000000000000007e+01 -1.784000000000000030e+00 3.071000000000000174e+00
1.919800000000000040e+01 8.602000000000000313e+00 -2.291999999999999815e+00 1.504999999999999893e+00
2.571499999999999986e+01 1.210399999999999920e+01 2.165000000000000036e+00 1.881000000000000005e+00
3.271699999999999875e+01 1.388199999999999967e+01 4.807000000000000384e+00 3.205999999999999961e+00
2.083200000000000074e+01 4.551000000000000156e+00 1.320000000000000062e+00 3.491000000000000103e+00
-3.911000000000000032e+00 -8.618999999999999773e+00 -2.955000000000000071e+00 2.504999999999999893e+00
-1.806899999999999906e+01 -1.346599999999999930e+01 -3.056999999999999940e+00 1.584000000000000075e+00
-1.541999999999999993e+01 -1.112100000000000044e+01 -2.412999999999999812e+00 1.681000000000000050e+00
-1.187100000000000044e+01 -1.086800000000000033e+01 -4.868000000000000327e+00 2.604000000000000092e+00
-1.871699999999999875e+01 -1.622299999999999898e+01 -9.826000000000000512e+00 3.666999999999999815e+00
-3.134900000000000020e+01 -2.514000000000000057e+01 -1.856599999999999895e+01 4.506999999999999673e+00
-4.508200000000000074e+01 -3.589600000000000080e+01 -3.252199999999999847e+01 5.689000000000000057e+00
-6.278699999999999903e+01 -4.395499999999999829e+01 -4.519899999999999807e+01 8.217999999999999972e+00
-7.856999999999999318e+01 -4.046000000000000085e+01 -4.725900000000000034e+01 1.133699999999999974e+01
-7.158599999999999852e+01 -2.223300000000000054e+01 -3.739000000000000057e+01 1.182399999999999984e+01
-2.904299999999999926e+01 4.615000000000000213e+00 -1.908699999999999974e+01 7.610999999999999766e+00
3.785499999999999687e+01 3.446000000000000085e+01 8.029999999999999361e+00 1.195000000000000062e+00
1.033829999999999956e+02 6.147399999999999665e+01 4.036599999999999966e+01 -3.275999999999999801e+00
1.382829999999999870e+02 7.112699999999999534e+01 6.079099999999999682e+01 -5.847000000000000419e+00
1.235879999999999939e+02 5.386800000000000210e+01 5.763799999999999812e+01 -9.583000000000000185e+00
7.101099999999999568e+01 2.338500000000000156e+01 4.447399999999999665e+01 -1.304700000000000060e+01
1.467399999999999949e+01 1.278999999999999915e+00 3.761200000000000188e+01 -1.071599999999999930e+01
-2.304899999999999949e+01 -7.490999999999999659e+00 2.972800000000000153e+01 -3.093999999999999861e+00
-4.073299999999999699e+01 -8.398999999999999133e+00 1.100900000000000034e+01 1.957000000000000073e+00
-4.117699999999999960e+01 -1.564000000000000057e+00 -3.763999999999999790e+00 6.710000000000000409e-01
-2.662399999999999878e+01 1.255000000000000071e+01 3.230999999999999872e+00 -2.003000000000000114e+00
-6.769000000000000128e+00 2.400199999999999889e+01 2.041799999999999926e+01 -1.213999999999999968e+00
3.479000000000000092e+00 2.229599999999999937e+01 2.293199999999999861e+01 1.320999999999999952e+00
-2.505999999999999783e+00 8.912000000000000810e+00 1.009399999999999942e+01 1.677000000000000046e+00
-1.742099999999999937e+01 -4.485999999999999766e+00 1.675000000000000044e+00 -2.949999999999999845e-01
-2.819099999999999895e+01 -8.625999999999999446e+00 5.253999999999999559e+00 -1.945000000000000062e+00
-2.568900000000000006e+01 -5.370000000000000107e+00 9.624000000000000554e+00 -1.883000000000000007e+00
-1.116000000000000014e+01 -2.758000000000000007e+00 5.185999999999999943e+00 -5.260000000000000231e-01
2.580000000000000071e+00 -3.774999999999999911e+00 -5.383000000000000007e+00 1.413000000000000034e+00
1.612000000000000099e+00 -5.089000000000000412e+00 -1.509200000000000053e+01 2.855999999999999872e+00
-1.578999999999999915e+01 -4.352999999999999758e+00 -2.170599999999999952e+01 2.564000000000000057e+00
-3.642000000000000171e+01 -5.210000000000000187e-01 -2.595899999999999963e+01 9.939999999999999947e-01
-4.108200000000000074e+01 8.884000000000000341e+00 -2.618199999999999861e+01 2.340000000000000135e-01
-2.505099999999999838e+01 1.948699999999999832e+01 -2.179599999999999937e+01 1.197000000000000064e+00
-1.002100000000000080e+01 1.725900000000000034e+01 -1.731299999999999883e+01 2.620000000000000107e+00
-1.646699999999999875e+01 -2.670999999999999819e+00 -1.530599999999999916e+01 3.158999999999999808e+00
-2.945499999999999829e+01 -2.470200000000000173e+01 -1.238599999999999923e+01 2.948999999999999844e+00
-1.950900000000000034e+01 -3.032700000000000173e+01 -6.738000000000000433e+00 2.838999999999999968e+00
1.178899999999999970e+01 -1.728999999999999915e+01 -4.580000000000000182e-01 3.045999999999999819e+00
3.553600000000000136e+01 1.711999999999999966e+00 5.676999999999999602e+00 2.923999999999999932e+00
3.643399999999999750e+01 1.090900000000000070e+01 9.913999999999999702e+00 1.981999999999999984e+00
2.269999999999999929e+01 3.193999999999999950e+00 6.211000000000000298e+00 8.319999999999999618e-01
-1.812999999999999945e+00 -1.466999999999999993e+01 -6.871999999999999886e+00 5.610000000000000542e-01
-4.367499999999999716e+01 -2.891199999999999903e+01 -2.012600000000000122e+01 1.201000000000000068e+00
-9.053700000000000614e+01 -3.038400000000000034e+01 -2.462099999999999866e+01 1.743999999999999995e+00
-1.081929999999999978e+02 -2.007400000000000162e+01 -2.163599999999999923e+01 2.077999999999999847e+00
-8.158700000000000330e+01 -7.046000000000000263e+00 -1.701999999999999957e+01 3.959000000000000075e+00
-3.532600000000000051e+01 -7.900000000000000078e-02 -1.299000000000000021e+01 8.457000000000000739e+00
-2.416999999999999815e+00 8.209999999999999520e-01 -7.780000000000000249e+00 1.270500000000000007e+01
1.056499999999999950e+01 1.945000000000000062e+00 1.004000000000000004e+00 1.219599999999999973e+01
1.616300000000000026e+01 5.312999999999999723e+00 1.179499999999999993e+01 6.875000000000000000e+00
1.632999999999999829e+01 5.161999999999999922e+00 1.695100000000000051e+01 1.016000000000000014e+00
1.060000000000000053e+00 -3.847999999999999865e+00 1.000300000000000011e+01 -3.423999999999999932e+00
-2.547700000000000031e+01 -1.760200000000000031e+01 -3.870000000000000107e+00 -8.701000000000000512e+00
-4.151500000000000057e+01 -2.548400000000000176e+01 -1.067699999999999960e+01 -1.582399999999999984e+01
-3.328199999999999648e+01 -2.335999999999999943e+01 -3.298999999999999932e+00 -2.169999999999999929e+01
-6.097999999999999865e+00 -1.761599999999999966e+01 1.156600000000000072e+01 -2.318499999999999872e+01
3.022899999999999920e+01 -1.143800000000000061e+01 2.521300000000000097e+01 -2.074399999999999977e+01
7.075799999999999557e+01 2.548000000000000043e+00 3.685699999999999932e+01 -1.648400000000000176e+01
1.023490000000000038e+02 2.387699999999999889e+01 4.369200000000000017e+01 -1.103500000000000014e+01
9.848699999999999477e+01 3.269500000000000028e+01 3.387500000000000000e+01 -4.870000000000000107e+00
5.273299999999999699e+01 1.730399999999999849e+01 6.458999999999999631e+00 -6.290000000000000036e-01
3.650999999999999801e+00 -1.262000000000000011e+00 -1.522899999999999920e+01 -3.330000000000000182e-01
-6.918999999999999595e+00 2.745000000000000107e+00 -1.206000000000000050e+01 -1.844000000000000083e+00
1.427100000000000080e+01 2.117999999999999972e+01 2.894000000000000128e+00 -1.639999999999999902e+00
3.480299999999999727e+01 2.868599999999999994e+01 5.975999999999999979e+00 6.089999999999999858e-01
5.054299999999999926e+01 2.506400000000000006e+01 -2.374000000000000110e+00 2.922000000000000153e+00
7.647799999999999443e+01 2.919399999999999906e+01 -4.724999999999999645e+00 4.516000000000000014e+00
9.805700000000000216e+01 3.768699999999999761e+01 3.436999999999999833e+00 6.125000000000000000e+00
7.635500000000000398e+01 2.463100000000000023e+01 8.912000000000000810e+00 8.022000000000000242e+00
7.437999999999999723e+00 -1.404899999999999949e+01 1.618999999999999995e+00 9.393000000000000682e+00
-5.667699999999999960e+01 -4.668399999999999750e+01 -1.224600000000000044e+01 9.425000000000000711e+00
-6.691500000000000625e+01 -4.717199999999999704e+01 -2.021999999999999886e+01 8.176999999999999602e+00
-3.522399999999999665e+01 -2.743599999999999994e+01 -1.954700000000000060e+01 6.338000000000000078e+00
-4.945000000000000284e+00 -1.429599999999999937e+01 -1.618299999999999983e+01 4.849999999999999645e+00
1.531099999999999994e+01 -1.122700000000000031e+01 -1.108500000000000085e+01 4.855000000000000426e+00
4.734499999999999886e+01 -2.205999999999999961e+00 1.217000000000000082e+00 6.721000000000000085e+00
8.947100000000000364e+01 1.697800000000000153e+01 1.823400000000000176e+01 8.766999999999999460e+00
1.143010000000000019e+02 3.201100000000000279e+01 2.703800000000000026e+01 8.580999999999999517e+00
1.157710000000000008e+02 3.252700000000000102e+01 2.175600000000000023e+01 5.721000000000000085e+00
1.118100000000000023e+02 2.495499999999999829e+01 1.103899999999999970e+01 1.883999999999999897e+00
9.405400000000000205e+01 1.853800000000000026e+01 3.641000000000000014e+00 -1.203000000000000069e+00
2.472800000000000153e+01 1.021899999999999942e+01 -2.250000000000000000e+00 -3.282999999999999918e+00
-9.451600000000000534e+01 -7.099999999999999645e+00 -1.207199999999999918e+01 -5.264999999999999680e+00
-1.955459999999999923e+02 -2.889099999999999824e+01 -2.459900000000000020e+01 -7.714000000000000412e+00
-2.155869999999999891e+02 -4.218200000000000216e+01 -3.155099999999999838e+01 -9.659000000000000696e+00
-1.642170000000000130e+02 -4.008899999999999864e+01 -2.675199999999999889e+01 -9.092000000000000526e+00
-9.617700000000000671e+01 -2.625900000000000034e+01 -1.381400000000000006e+01 -5.391000000000000014e+00
-4.692600000000000193e+01 -9.006000000000000227e+00 -2.588000000000000078e+00 -9.010000000000000231e-01
-1.872400000000000020e+01 4.160000000000000142e+00 -6.199999999999999956e-01 1.487999999999999989e+00
-7.759000000000000341e+00 9.538999999999999702e+00 -8.852000000000000313e+00 1.633999999999999897e+00
-1.418500000000000050e+01 8.441000000000000725e+00 -2.070499999999999829e+01 1.328999999999999959e+00
-2.944500000000000028e+01 4.613999999999999879e+00 -2.583399999999999963e+01 1.377000000000000002e+00
-3.817399999999999949e+01 8.920000000000000151e-01 -1.951800000000000068e+01 1.169999999999999929e+00
-3.508599999999999852e+01 -1.680000000000000104e-01 -6.570999999999999730e+00 5.300000000000000266e-01
-2.388500000000000156e+01 4.519999999999999574e+00 6.607999999999999652e+00 6.610000000000000320e-01
-3.399999999999999911e+00 1.389100000000000001e+01 1.944300000000000139e+01 2.633999999999999897e+00
2.898699999999999832e+01 1.943199999999999861e+01 3.381099999999999994e+01 5.469000000000000306e+00
6.357800000000000296e+01 1.374799999999999933e+01 4.664999999999999858e+01 6.873999999999999666e+00
7.989199999999999591e+01 1.237000000000000099e+00 4.904599999999999937e+01 5.677999999999999936e+00
6.521699999999999875e+01 -7.258000000000000007e+00 3.513100000000000023e+01 2.640000000000000124e+00
3.396999999999999886e+01 -7.955000000000000071e+00 1.144699999999999918e+01 -2.720000000000000195e-01
1.893499999999999872e+01 -6.554000000000000270e+00 -8.785999999999999588e+00 -9.429999999999999494e-01
2.411599999999999966e+01 -1.094699999999999918e+01 -2.022899999999999920e+01 7.269999999999999796e-01
6.658999999999999808e+00 -2.267299999999999827e+01 -2.621699999999999875e+01 2.013999999999999790e+00
-5.711699999999999733e+01 -3.264099999999999824e+01 -2.783200000000000074e+01 9.759999999999999787e-01
-1.164270000000000067e+02 -2.903600000000000136e+01 -2.219800000000000040e+01 -1.100999999999999979e+00
-1.065190000000000055e+02 -1.043800000000000061e+01 -1.118099999999999916e+01 -3.134999999999999787e+00
-3.844400000000000261e+01 1.324300000000000033e+01 -2.971999999999999975e+00 -6.407000000000000028e+00
1.970599999999999952e+01 2.940099999999999980e+01 -9.639999999999999680e-01 -1.123799999999999955e+01
3.240800000000000125e+01 2.918700000000000117e+01 2.157999999999999918e+00 -1.518500000000000050e+01
2.529400000000000048e+01 1.354199999999999982e+01 1.227100000000000080e+01 -1.543900000000000006e+01
2.918499999999999872e+01 -4.546000000000000263e+00 2.248300000000000054e+01 -1.073700000000000010e+01
3.522899999999999920e+01 -1.268399999999999928e+01 2.135900000000000176e+01 -2.390000000000000124e+00
2.281800000000000139e+01 -1.224600000000000044e+01 6.945000000000000284e+00 4.804999999999999716e+00
-2.126999999999999780e+00 -1.120899999999999963e+01 -1.180599999999999916e+01 6.365999999999999659e+00
-2.528699999999999903e+01 -1.260699999999999932e+01 -2.341100000000000136e+01 4.235000000000000320e+00
-4.769100000000000250e+01 -1.634299999999999997e+01 -2.164900000000000091e+01 3.670999999999999819e+00
-6.310699999999999932e+01 -1.850100000000000122e+01 -7.608999999999999986e+00 4.344999999999999751e+00
-4.563199999999999790e+01 -6.687000000000000277e+00 1.369599999999999973e+01 2.184000000000000163e+00
1.174699999999999989e+01 2.438400000000000034e+01 3.589600000000000080e+01 -1.578000000000000069e+00
7.203900000000000148e+01 5.302199999999999847e+01 4.905100000000000193e+01 -1.919000000000000039e+00
9.244400000000000261e+01 4.972200000000000131e+01 4.218900000000000006e+01 1.034999999999999920e+00
7.226300000000000523e+01 1.669900000000000162e+01 1.575600000000000023e+01 2.048999999999999932e+00
4.596300000000000097e+01 -1.272000000000000064e+01 -1.283399999999999963e+01 -1.108000000000000096e+00
4.148599999999999710e+01 -1.421700000000000053e+01 -2.342000000000000171e+01 -4.517000000000000348e+00
5.780400000000000205e+01 4.559999999999999609e+00 -1.274099999999999966e+01 -3.661000000000000032e+00
7.368000000000000682e+01 2.109400000000000119e+01 2.947000000000000064e+00 4.269999999999999907e-01
7.091200000000000614e+01 2.499099999999999966e+01 5.967999999999999972e+00 2.987999999999999989e+00
5.073400000000000176e+01 2.392699999999999960e+01 -3.515000000000000124e+00 2.540000000000000036e+00
2.742099999999999937e+01 2.798499999999999943e+01 -9.827999999999999403e+00 2.016999999999999904e+00
1.254700000000000060e+01 3.505899999999999750e+01 -2.427000000000000046e+00 3.092999999999999972e+00
9.526999999999999247e+00 3.581000000000000227e+01 1.216699999999999982e+01 3.986000000000000210e+00
1.015799999999999947e+01 2.680499999999999972e+01 1.973699999999999832e+01 3.488999999999999879e+00
-5.650000000000000355e+00 1.161999999999999922e+01 1.384900000000000020e+01 3.035000000000000142e+00
-4.770600000000000307e+01 -4.820000000000000284e+00 2.810000000000000275e-01 3.528999999999999915e+00
-9.290900000000000603e+01 -1.759900000000000020e+01 -1.136700000000000088e+01 3.517999999999999794e+00
-1.035030000000000001e+02 -2.386599999999999966e+01 -1.756299999999999883e+01 2.121999999999999886e+00
-6.805200000000000671e+01 -2.512999999999999901e+01 -2.029799999999999827e+01 9.739999999999999769e-01
-1.430599999999999916e+01 -2.273499999999999943e+01 -1.960699999999999932e+01 1.437999999999999945e+00
1.765599999999999881e+01 -1.492099999999999937e+01 -1.276099999999999923e+01 2.233000000000000096e+00
1.352800000000000047e+01 -3.505999999999999783e+00 -1.389999999999999902e+00 1.637999999999999901e+00
-5.876000000000000334e+00 3.444999999999999840e+00 6.479000000000000092e+00 2.059999999999999887e-01
-1.542900000000000027e+01 1.608999999999999986e+00 5.370000000000000107e+00 -4.259999999999999898e-01
-1.282199999999999918e+01 -3.592999999999999972e+00 -3.629999999999999893e-01 2.599999999999999881e-02
-7.972000000000000419e+00 -5.700000000000000178e+00 -3.426000000000000156e+00 8.259999999999999565e-01
-5.237000000000000099e+00 -6.421999999999999709e+00 -3.744000000000000217e+00 1.673999999999999932e+00
-5.565000000000000391e+00 -1.179700000000000060e+01 -4.815000000000000391e+00 2.365000000000000213e+00
-8.958999999999999631e+00 -2.111799999999999855e+01 -5.184000000000000163e+00 2.241000000000000103e+00
-1.050900000000000034e+01 -2.564099999999999824e+01 -2.140000000000000124e+00 1.122000000000000108e+00
-7.290000000000000036e+00 -2.178900000000000148e+01 5.719999999999999529e-01 -2.340000000000000135e-01
-5.785999999999999588e+00 -1.801099999999999923e+01 -2.923000000000000043e+00 -1.090999999999999970e+00
-1.147100000000000009e+01 -2.140599999999999881e+01 -1.123799999999999955e+01 -1.324999999999999956e+00
-1.914900000000000091e+01 -2.701800000000000068e+01 -1.749699999999999989e+01 -1.203999999999999959e+00
-2.212699999999999889e+01 -2.859499999999999886e+01 -1.890899999999999892e+01 -1.096000000000000085e+00
-2.187999999999999901e+01 -2.839199999999999946e+01 -1.863200000000000145e+01 -1.141999999999999904e+00
-2.306500000000000128e+01 -2.905799999999999983e+01 -1.978900000000000148e+01 -1.143000000000000016e+00
-2.561899999999999977e+01 -2.827700000000000102e+01 -2.303300000000000125e+01 -9.679999999999999716e-01
-2.509799999999999898e+01 -2.503099999999999881e+01 -2.723699999999999832e+01 -7.850000000000000311e-01
-1.880999999999999872e+01 -1.904700000000000060e+01 -2.759600000000000009e+01 -7.700000000000000178e-01
-9.227999999999999758e+00 -5.868000000000000327e+00 -1.722800000000000153e+01 -9.759999999999999787e-01
1.957999999999999963e+00 1.544100000000000072e+01 4.041000000000000369e+00 -1.453000000000000069e+00
2.008599999999999852e+01 3.505199999999999960e+01 2.606099999999999994e+01 -2.029999999999999805e+00
4.765100000000000335e+01 4.324000000000000199e+01 3.761699999999999733e+01 -2.193000000000000060e+00
7.029900000000000659e+01 4.209799999999999898e+01 3.631000000000000227e+01 -1.760999999999999899e+00
6.830400000000000205e+01 3.973700000000000188e+01 2.731099999999999994e+01 -1.312000000000000055e+00
4.129200000000000159e+01 3.775399999999999778e+01 1.626399999999999935e+01 -1.302999999999999936e+00
6.139999999999999680e+00 2.894000000000000128e+01 6.306000000000000050e+00 -1.256000000000000005e+00
-2.366199999999999903e+01 8.446999999999999176e+00 -1.590000000000000024e-01 -4.809999999999999831e-01
-4.126200000000000045e+01 -1.512299999999999933e+01 -1.491999999999999993e+00 6.239999999999999991e-01
-3.916899999999999693e+01 -2.571799999999999997e+01 9.320000000000000506e-01 8.090000000000000524e-01
-1.450900000000000034e+01 -1.746000000000000085e+01 4.402999999999999581e+00 -2.580000000000000071e-01
2.232799999999999940e+01 -3.840000000000000080e-01 7.549000000000000377e+00 -1.344999999999999973e+00
5.390999999999999659e+01 1.241499999999999915e+01 8.460000000000000853e+00 -1.199000000000000066e+00
6.896699999999999875e+01 1.685900000000000176e+01 5.068999999999999950e+00 4.800000000000000100e-02
6.377799999999999869e+01 1.503999999999999915e+01 3.099999999999999978e-02 1.183000000000000052e+00
3.879399999999999693e+01 9.035999999999999588e+00 -1.284000000000000030e+00 1.185000000000000053e+00
3.532000000000000028e+00 1.375000000000000000e+00 3.820000000000000062e-01 2.570000000000000062e-01
-2.578900000000000148e+01 -6.211000000000000298e+00 -8.569999999999999840e-01 -5.649999999999999467e-01
-4.082699999999999818e+01 -1.476800000000000068e+01 -4.855999999999999872e+00 -7.970000000000000417e-01
-4.496300000000000097e+01 -2.256899999999999906e+01 -4.700999999999999623e+00 -7.780000000000000249e-01
-4.440800000000000125e+01 -2.316600000000000037e+01 9.929999999999999938e-01 -7.870000000000000329e-01
-4.258700000000000330e+01 -1.477599999999999980e+01 5.229000000000000092e+00 -7.429999999999999938e-01
-3.938000000000000256e+01 -4.703999999999999737e+00 4.179999999999999716e+00 -6.009999999999999787e-01
-3.393800000000000239e+01 -1.640000000000000069e-01 1.741999999999999993e+00 -5.200000000000000178e-01
-2.935900000000000176e+01 -2.149999999999999967e-01 9.939999999999999947e-01 -7.830000000000000293e-01
-2.931599999999999895e+01 7.459999999999999964e-01 7.389999999999999902e-01 -1.485999999999999988e+00
-3.048100000000000165e+01 5.682999999999999829e+00 1.137999999999999901e+00 -2.125999999999999890e+00
-2.688899999999999935e+01 1.256799999999999962e+01 3.386000000000000121e+00 -1.969999999999999973e+00
-1.970100000000000051e+01 1.599300000000000033e+01 4.562000000000000277e+00 -1.064999999999999947e+00
-1.365499999999999936e+01 1.123700000000000010e+01 1.056999999999999940e+00 -2.260000000000000064e-01
-7.722000000000000419e+00 2.200000000000000011e-01 -5.296000000000000263e+00 4.499999999999999833e-02
2.152000000000000135e+00 -8.117000000000000881e+00 -1.054199999999999982e+01 -6.800000000000000488e-02
1.418500000000000050e+01 -7.442999999999999616e+00 -1.466300000000000026e+01 -1.049999999999999961e-01
2.088800000000000168e+01 -1.187000000000000055e+00 -2.023999999999999844e+01 4.109999999999999765e-01
1.852700000000000102e+01 3.797000000000000153e+00 -2.662000000000000099e+01 1.645000000000000018e+00
1.315799999999999947e+01 5.618999999999999773e+00 -2.804100000000000037e+01 3.290999999999999925e+00
1.252500000000000036e+01 6.048000000000000043e+00 -2.021499999999999986e+01 5.333000000000000185e+00
1.591300000000000026e+01 7.503000000000000114e+00 -6.663999999999999702e+00 7.847000000000000419e+00
1.988400000000000034e+01 1.363199999999999967e+01 7.552999999999999936e+00 8.926000000000000156e+00
2.504500000000000171e+01 2.501099999999999923e+01 2.378900000000000148e+01 5.570999999999999730e+00
2.818599999999999994e+01 3.295499999999999829e+01 4.208500000000000085e+01 -1.510000000000000009e+00
2.118100000000000094e+01 2.655300000000000082e+01 5.217399999999999949e+01 -7.403999999999999915e+00
5.314000000000000057e+00 7.333000000000000185e+00 4.369700000000000273e+01 -9.281000000000000583e+00
-7.847000000000000419e+00 -1.216000000000000014e+01 2.080000000000000071e+01 -9.859999999999999432e+00
-1.331300000000000061e+01 -2.428699999999999903e+01 -1.733999999999999986e+00 -1.201299999999999990e+01
-1.456099999999999994e+01 -3.026699999999999946e+01 -1.342099999999999937e+01 -1.294599999999999973e+01
-1.027899999999999991e+01 -3.084499999999999886e+01 -1.496700000000000053e+01 -8.403000000000000469e+00
3.900999999999999801e+00 -2.540899999999999892e+01 -1.301699999999999946e+01 -7.349999999999999867e-01
2.510800000000000054e+01 -1.729400000000000048e+01 -1.135800000000000054e+01 3.415000000000000036e+00
4.509700000000000131e+01 -1.075099999999999945e+01 -1.039499999999999957e+01 2.505999999999999783e+00
5.435099999999999909e+01 -7.415000000000000036e+00 -1.292300000000000004e+01 9.140000000000000346e-01
4.647800000000000153e+01 -8.545999999999999375e+00 -1.998799999999999955e+01 1.358000000000000096e+00
2.983699999999999974e+01 -1.223000000000000043e+01 -2.237900000000000134e+01 2.543000000000000149e+00
2.014900000000000091e+01 -9.449999999999999289e+00 -9.904999999999999361e+00 3.850000000000000089e+00
1.541200000000000081e+01 8.819000000000000838e+00 1.371100000000000030e+01 6.557000000000000384e+00
5.299999999999999822e+00 4.172399999999999665e+01 3.677799999999999869e+01 9.532999999999999474e+00
-1.633999999999999897e+00 7.447499999999999432e+01 5.267699999999999960e+01 8.768000000000000682e+00
4.216999999999999638e+00 8.334999999999999432e+01 5.903300000000000125e+01 3.374000000000000110e+00
5.993999999999999773e+00 5.693800000000000239e+01 5.439800000000000324e+01 -1.971000000000000085e+00
-1.534299999999999997e+01 1.288100000000000023e+01 4.027300000000000324e+01 -3.349000000000000199e+00
-4.702000000000000313e+01 -1.981899999999999906e+01 2.096499999999999986e+01 -2.924999999999999822e+00
-6.039999999999999858e+01 -3.071300000000000097e+01 2.952999999999999847e+00 -4.131999999999999673e+00
-4.880299999999999727e+01 -2.960900000000000176e+01 -6.628999999999999559e+00 -4.860999999999999766e+00
-2.948999999999999844e+01 -2.625400000000000134e+01 -7.612000000000000099e+00 -1.151999999999999913e+00
-1.429700000000000060e+01 -2.034400000000000119e+01 -8.621999999999999886e+00 4.884999999999999787e+00
2.119000000000000217e+00 -1.077500000000000036e+01 -1.423300000000000054e+01 7.121000000000000441e+00
2.443799999999999883e+01 -3.136000000000000121e+00 -1.790500000000000114e+01 3.932999999999999829e+00
4.324799999999999756e+01 -2.004000000000000004e+00 -1.444200000000000017e+01 -2.520000000000000018e-01
4.518399999999999750e+01 -4.653999999999999915e+00 -1.018200000000000038e+01 -1.219000000000000083e+00
2.867500000000000071e+01 -7.116999999999999993e+00 -1.356600000000000072e+01 6.620000000000000329e-01
3.685000000000000053e+00 -8.618999999999999773e+00 -2.248600000000000065e+01 2.463999999999999968e+00
-1.896300000000000097e+01 -9.105999999999999872e+00 -2.708899999999999864e+01 2.685999999999999943e+00
-3.080699999999999861e+01 -7.809000000000000163e+00 -2.170799999999999841e+01 2.113999999999999879e+00
-2.555699999999999861e+01 -4.153999999999999915e+00 -1.093699999999999939e+01 1.975999999999999979e+00
-6.780999999999999694e+00 8.799999999999999489e-02 -4.895999999999999908e+00 2.322000000000000064e+00
1.219699999999999918e+01 2.061999999999999833e+00 -7.562000000000000277e+00 2.100000000000000089e+00
2.633899999999999864e+01 4.504999999999999893e+00 -1.092699999999999960e+01 7.099999999999999645e-01
4.253499999999999659e+01 1.247799999999999976e+01 -6.549000000000000377e+00 -8.179999999999999494e-01
5.548400000000000176e+01 2.026800000000000068e+01 -1.400000000000000133e-01 -9.949999999999999956e-01
4.318800000000000239e+01 1.525799999999999912e+01 -3.392999999999999794e+00 1.479999999999999927e-01
6.690000000000000391e-01 -2.709999999999999964e+00 -1.420100000000000051e+01 1.475999999999999979e+00
-4.493399999999999750e+01 -1.935000000000000142e+01 -2.034700000000000131e+01 2.742999999999999883e+00
-6.798699999999999477e+01 -2.498999999999999844e+01 -2.022599999999999909e+01 4.463000000000000078e+00
-7.298999999999999488e+01 -2.241700000000000159e+01 -2.244200000000000017e+01 5.881000000000000227e+00
-7.645300000000000296e+01 -1.396000000000000085e+01 -2.712600000000000122e+01 5.272000000000000242e+00
-7.743099999999999739e+01 3.238999999999999879e+00 -2.555300000000000082e+01 2.660000000000000142e+00
-5.918800000000000239e+01 2.503300000000000125e+01 -1.724500000000000099e+01 1.660000000000000087e-01
-1.567800000000000082e+01 3.880700000000000216e+01 -1.103299999999999947e+01 -9.429999999999999494e-01
3.188100000000000023e+01 3.860999999999999943e+01 -9.378000000000000114e+00 -1.802999999999999936e+00
5.598799999999999955e+01 3.085999999999999943e+01 -6.153999999999999915e+00 -3.548999999999999932e+00
5.718699999999999761e+01 2.328900000000000148e+01 2.599999999999999881e-02 -4.594000000000000306e+00
5.685000000000000142e+01 1.668799999999999883e+01 3.424999999999999822e+00 -2.470000000000000195e+00
5.985699999999999932e+01 9.605999999999999872e+00 3.259999999999999787e+00 1.393999999999999906e+00
5.072599999999999909e+01 4.176000000000000156e+00 6.761000000000000121e+00 1.945000000000000062e+00
2.297200000000000131e+01 1.135000000000000009e+00 1.621300000000000097e+01 -2.188000000000000167e+00
-1.138499999999999979e+01 -6.102999999999999758e+00 2.207999999999999829e+01 -5.709999999999999964e+00
-3.605700000000000216e+01 -2.171799999999999997e+01 1.728099999999999881e+01 -4.756999999999999673e+00
-3.943399999999999750e+01 -3.510999999999999943e+01 1.055300000000000082e+01 -2.705999999999999961e+00
-2.124099999999999966e+01 -3.276800000000000068e+01 1.336500000000000021e+01 -3.427000000000000046e+00
1.818000000000000060e+00 -2.058899999999999864e+01 2.104500000000000171e+01 -4.958000000000000185e+00
9.840999999999999304e+00 -1.748499999999999943e+01 2.039499999999999957e+01 -4.152999999999999581e+00
-9.879999999999999893e-01 -2.795400000000000063e+01 9.074999999999999289e+00 -1.844000000000000083e+00
-2.112800000000000011e+01 -3.879399999999999693e+01 -3.891999999999999904e+00 -1.630000000000000060e-01
-3.990699999999999648e+01 -4.110499999999999687e+01 -1.096799999999999997e+01 7.710000000000000187e-01
-4.761299999999999955e+01 -3.762500000000000000e+01 -1.138400000000000034e+01 1.161999999999999922e+00
-3.553900000000000148e+01 -2.978800000000000026e+01 -7.270999999999999908e+00 1.099999999999999936e-02
-8.920000000000000151e-01 -1.339300000000000068e+01 3.579999999999999849e-01 -2.553999999999999826e+00
4.774600000000000222e+01 1.052800000000000047e+01 1.034399999999999942e+01 -4.006999999999999673e+00
8.764199999999999591e+01 3.010699999999999932e+01 1.710900000000000176e+01 -2.536000000000000032e+00
9.279000000000000625e+01 3.286399999999999721e+01 1.425500000000000078e+01 3.380000000000000226e-01
6.005700000000000216e+01 1.869500000000000028e+01 4.996999999999999886e+00 1.822000000000000064e+00
1.657000000000000028e+01 -6.189999999999999947e-01 -1.400000000000000029e-02 1.326000000000000068e+00
-1.112500000000000000e+01 -1.367900000000000027e+01 2.472999999999999865e+00 6.019999999999999796e-01
-2.338200000000000145e+01 -1.780799999999999983e+01 5.812999999999999723e+00 1.000999999999999890e+00
-3.155499999999999972e+01 -1.570500000000000007e+01 5.612000000000000099e+00 1.903000000000000025e+00
-3.465899999999999892e+01 -1.038899999999999935e+01 3.540000000000000036e+00 2.096999999999999975e+00
-3.023000000000000043e+01 -6.107000000000000206e+00 3.659999999999999920e-01 1.516999999999999904e+00
-2.914300000000000068e+01 -7.780000000000000249e+00 -5.310999999999999943e+00 8.479999999999999760e-01
-3.782699999999999818e+01 -1.519999999999999929e+01 -1.209299999999999997e+01 3.330000000000000182e-01
-4.431300000000000239e+01 -2.088400000000000034e+01 -1.561599999999999966e+01 -2.879999999999999782e-01
-4.125699999999999790e+01 -1.716100000000000136e+01 -1.325399999999999956e+01 -1.048000000000000043e+00
-4.122699999999999676e+01 -4.469000000000000306e+00 -6.951999999999999957e+00 -1.247999999999999998e+00
-4.941599999999999682e+01 9.810000000000000497e+00 -1.967999999999999972e+00 1.250000000000000000e-01
-4.350500000000000256e+01 2.012600000000000122e+01 -2.907999999999999918e+00 3.080999999999999961e+00
-4.062999999999999723e+00 2.690099999999999980e+01 -1.021799999999999997e+01 6.304000000000000270e+00
4.970499999999999829e+01 3.032400000000000162e+01 -2.021000000000000085e+01 8.534000000000000696e+00
7.220900000000000318e+01 2.471199999999999974e+01 -2.860200000000000031e+01 8.939999999999999503e+00
3.447200000000000131e+01 5.158000000000000362e+00 -3.315500000000000114e+01 6.312000000000000277e+00
-4.418399999999999750e+01 -2.075799999999999912e+01 -3.014999999999999858e+01 7.399999999999999634e-02
-1.040030000000000001e+02 -3.359899999999999665e+01 -1.263700000000000045e+01 -7.584999999999999964e+00
-9.691700000000000159e+01 -2.049800000000000111e+01 1.813500000000000156e+01 -1.187500000000000000e+01
-3.184499999999999886e+01 9.342000000000000526e+00 4.567000000000000171e+01 -9.701000000000000512e+00
4.361899999999999977e+01 3.763300000000000267e+01 5.594899999999999807e+01 -4.724999999999999645e+00
9.489100000000000534e+01 5.888199999999999790e+01 5.477300000000000324e+01 -3.906000000000000139e+00
1.147019999999999982e+02 7.226300000000000523e+01 5.441400000000000148e+01 -7.041000000000000369e+00
1.016189999999999998e+02 6.584199999999999875e+01 5.269899999999999807e+01 -6.834999999999999964e+00
5.777100000000000080e+01 3.534499999999999886e+01 4.025399999999999778e+01 -1.133999999999999897e+00
6.354000000000000092e+00 4.001000000000000334e+00 2.015899999999999892e+01 3.650999999999999801e+00
-2.123699999999999832e+01 -3.298000000000000043e+00 4.613999999999999879e+00 2.759999999999999787e+00
-2.253600000000000136e+01 7.110999999999999766e+00 -2.576000000000000068e+00 -9.340000000000000524e-01
-2.211100000000000065e+01 1.201600000000000001e+01 -6.586000000000000298e+00 -2.616999999999999993e+00
-2.822100000000000009e+01 7.137999999999999901e+00 -8.970000000000000639e+00 -1.927000000000000046e+00
-2.100700000000000145e+01 8.041000000000000369e+00 -6.847999999999999865e+00 -1.328999999999999959e+00
7.394999999999999574e+00 1.949599999999999866e+01 -2.330000000000000071e+00 -1.403999999999999915e+00
3.133599999999999852e+01 2.424299999999999855e+01 -2.285000000000000142e+00 -1.036999999999999922e+00
2.502199999999999847e+01 8.034000000000000696e+00 -8.650999999999999801e+00 -2.869999999999999774e-01
-4.759999999999999787e+00 -1.917800000000000082e+01 -1.599499999999999922e+01 3.910000000000000142e-01
-3.058200000000000074e+01 -3.642999999999999972e+01 -1.927899999999999991e+01 2.063000000000000167e+00
-3.349699999999999989e+01 -3.566700000000000159e+01 -1.849399999999999977e+01 5.392999999999999794e+00
-1.436100000000000065e+01 -2.419399999999999906e+01 -1.495500000000000007e+01 8.476000000000000867e+00
1.330700000000000038e+01 -1.171499999999999986e+01 -8.384999999999999787e+00 8.762000000000000455e+00
3.673299999999999699e+01 -2.249000000000000110e+00 1.225999999999999979e+00 5.796999999999999709e+00
5.325500000000000256e+01 5.565999999999999837e+00 1.171799999999999997e+01 1.284999999999999920e+00
6.900700000000000500e+01 1.266600000000000037e+01 1.814799999999999969e+01 -2.438000000000000167e+00
8.476399999999999579e+01 1.283999999999999986e+01 1.445400000000000063e+01 -4.219000000000000306e+00
8.070399999999999352e+01 -2.971000000000000085e+00 2.069999999999999896e-01 -5.097999999999999865e+00
3.276700000000000301e+01 -3.205899999999999750e+01 -1.477200000000000024e+01 -6.137999999999999901e+00
-4.260000000000000142e+01 -5.642699999999999960e+01 -1.920100000000000051e+01 -5.556000000000000050e+00
-8.729000000000000625e+01 -5.946300000000000097e+01 -1.423099999999999987e+01 -1.360000000000000098e+00
-6.725799999999999557e+01 -4.282900000000000063e+01 -1.130000000000000071e+01 4.189000000000000057e+00
-1.249799999999999933e+01 -2.258200000000000074e+01 -1.514499999999999957e+01 7.160000000000000142e+00
2.750700000000000145e+01 -1.036800000000000033e+01 -1.803000000000000114e+01 7.498999999999999666e+00
4.248599999999999710e+01 -3.205000000000000071e+00 -1.376200000000000045e+01 8.099999999999999645e+00
5.835000000000000142e+01 8.358999999999999986e+00 -6.903999999999999915e+00 9.779999999999999361e+00
8.777700000000000102e+01 2.589399999999999835e+01 -3.512999999999999901e+00 9.964000000000000412e+00
9.788299999999999557e+01 3.745700000000000074e+01 -3.596000000000000085e+00 6.073000000000000398e+00
4.493699999999999761e+01 2.945200000000000173e+01 -6.578000000000000291e+00 -8.569999999999999840e-01
-5.495900000000000318e+01 6.536999999999999922e+00 -1.371599999999999930e+01 -6.727999999999999758e+00
-1.277439999999999998e+02 -1.174200000000000088e+01 -2.252599999999999980e+01 -9.422000000000000597e+00
-1.288019999999999925e+02 -1.674699999999999989e+01 -2.633800000000000097e+01 -1.114499999999999957e+01
-8.485500000000000398e+01 -1.475200000000000067e+01 -2.108200000000000074e+01 -1.274799999999999933e+01
-4.019299999999999784e+01 -7.788000000000000256e+00 -9.490999999999999659e+00 -1.035399999999999920e+01
-9.414999999999999147e+00 6.149000000000000021e+00 2.008000000000000007e+00 -2.851999999999999869e+00
8.217999999999999972e+00 1.836799999999999855e+01 8.535999999999999588e+00 3.693000000000000060e+00
8.435000000000000497e+00 1.613500000000000156e+01 8.739000000000000767e+00 4.443999999999999950e+00
-8.371000000000000441e+00 1.685999999999999943e+00 4.998000000000000220e+00 2.133999999999999897e+00
-2.847500000000000142e+01 -1.070599999999999952e+01 7.930000000000000382e-01 1.423999999999999932e+00
-3.909000000000000341e+01 -1.585899999999999999e+01 -4.386000000000000121e+00 2.517999999999999794e+00
-4.091899999999999693e+01 -2.092699999999999960e+01 -1.251399999999999935e+01 2.983999999999999986e+00
-4.188199999999999790e+01 -2.854100000000000037e+01 -1.985900000000000176e+01 2.229999999999999982e+00
-4.832300000000000040e+01 -3.489099999999999824e+01 -2.130600000000000094e+01 1.586000000000000076e+00
-6.072599999999999909e+01 -4.128199999999999648e+01 -1.939900000000000091e+01 1.713000000000000078e+00
-6.952400000000000091e+01 -4.722899999999999920e+01 -1.877199999999999847e+01 1.991999999999999993e+00
-6.071200000000000330e+01 -3.834100000000000108e+01 -1.474499999999999922e+01 1.776000000000000023e+00
-3.024599999999999866e+01 -2.182999999999999829e+00 1.729000000000000092e+00 1.141999999999999904e+00
1.392999999999999972e+01 4.921500000000000341e+01 2.805300000000000082e+01 7.550000000000000044e-01
6.223599999999999710e+01 8.970699999999999363e+01 4.915200000000000102e+01 1.161999999999999922e+00
1.054989999999999952e+02 1.066149999999999949e+02 5.682399999999999807e+01 1.923999999999999932e+00
1.282649999999999864e+02 1.051389999999999958e+02 5.824799999999999756e+01 1.983999999999999986e+00
1.134090000000000060e+02 9.131399999999999295e+01 5.745199999999999818e+01 1.534999999999999920e+00
6.131000000000000227e+01 6.451200000000000045e+01 4.575399999999999778e+01 1.705999999999999961e+00
-3.396999999999999797e+00 2.667099999999999937e+01 2.182000000000000028e+01 1.227999999999999980e+00
-5.116400000000000148e+01 -1.100200000000000067e+01 1.818000000000000060e+00 -2.214999999999999858e+00
-6.679600000000000648e+01 -3.394500000000000028e+01 -1.131000000000000005e+00 -5.910999999999999588e+00
-5.155599999999999739e+01 -3.438799999999999812e+01 7.758000000000000007e+00 -4.378000000000000114e+00
-1.961499999999999844e+01 -1.754299999999999926e+01 1.658500000000000085e+01 1.161999999999999922e+00
9.144999999999999574e+00 2.889999999999999791e-01 2.069999999999999929e+01 3.693999999999999950e+00
2.222500000000000142e+01 4.649000000000000021e+00 1.933599999999999852e+01 1.028000000000000025e+00
2.084499999999999886e+01 -3.411999999999999922e+00 1.052699999999999925e+01 -2.323999999999999844e+00
1.542600000000000016e+01 -1.067800000000000082e+01 -2.384999999999999787e+00 -3.230999999999999872e+00
1.750400000000000134e+01 -8.993000000000000327e+00 -9.731999999999999318e+00 -2.915999999999999925e+00
2.917000000000000171e+01 -3.278000000000000025e+00 -9.327999999999999403e+00 -2.523000000000000131e+00
3.884899999999999665e+01 -1.933000000000000052e+00 -1.054800000000000004e+01 -1.395000000000000018e+00
3.414800000000000324e+01 -7.142999999999999794e+00 -1.726999999999999957e+01 3.549999999999999822e-01
1.509999999999999964e+01 -1.728500000000000014e+01 -2.018799999999999883e+01 1.471999999999999975e+00
-8.298000000000000043e+00 -3.017399999999999949e+01 -1.423900000000000077e+01 1.778999999999999915e+00
-2.202100000000000080e+01 -3.950699999999999790e+01 -7.948000000000000398e+00 2.250999999999999890e+00
-1.535299999999999976e+01 -3.728199999999999648e+01 -7.597999999999999865e+00 2.873000000000000220e+00
3.834999999999999964e+00 -2.510200000000000031e+01 -9.298000000000000043e+00 2.345000000000000195e+00
1.185599999999999987e+01 -1.443399999999999928e+01 -1.152200000000000024e+01 4.239999999999999880e-01
2.750000000000000222e-01 -1.191799999999999926e+01 -1.750300000000000011e+01 -1.179000000000000048e+00
-1.397300000000000075e+01 -1.313599999999999923e+01 -2.435000000000000142e+01 -1.207999999999999963e+00
-1.857000000000000028e+01 -1.191900000000000048e+01 -2.506500000000000128e+01 -5.829999999999999627e-01
-2.103500000000000014e+01 -7.520999999999999908e+00 -1.906599999999999895e+01 -6.159999999999999920e-01
-2.768299999999999983e+01 -3.853000000000000203e+00 -1.183900000000000041e+01 -1.108999999999999986e+00
-3.196900000000000119e+01 -6.190999999999999837e+00 -7.932999999999999829e+00 -1.215999999999999970e+00
-2.769399999999999906e+01 -1.478700000000000081e+01 -7.878999999999999559e+00 -7.209999999999999742e-01
-1.633599999999999852e+01 -2.181599999999999895e+01 -8.983999999999999986e+00 1.640000000000000069e-01
-2.012000000000000011e+00 -2.036299999999999955e+01 -7.743000000000000327e+00 8.449999999999999734e-01
9.419999999999999929e+00 -1.296599999999999930e+01 -3.563000000000000167e+00 3.350000000000000200e-01
1.254599999999999937e+01 -5.599999999999999645e+00 -3.420000000000000262e-01 -1.383000000000000007e+00
1.278599999999999959e+01 6.640000000000000346e-01 -1.358999999999999986e+00 -2.854000000000000092e+00
2.257600000000000051e+01 6.355000000000000426e+00 -4.166000000000000369e+00 -3.007000000000000117e+00
3.836699999999999733e+01 8.445999999999999730e+00 -5.240999999999999659e+00 -2.263999999999999790e+00
4.013799999999999812e+01 5.009000000000000341e+00 -6.075999999999999623e+00 -1.439000000000000057e+00
2.554599999999999937e+01 1.439999999999999947e+00 -8.339999999999999858e+00 -8.459999999999999742e-01
1.928099999999999881e+01 4.666999999999999815e+00 -8.393000000000000682e+00 -6.029999999999999805e-01
3.186100000000000065e+01 1.200799999999999912e+01 -3.293000000000000149e+00 -8.010000000000000453e-01
3.801899999999999835e+01 1.382000000000000028e+01 3.603000000000000203e+00 -9.429999999999999494e-01
1.554400000000000048e+01 6.868999999999999773e+00 7.216000000000000192e+00 2.250000000000000056e-01
-2.079700000000000060e+01 -2.378000000000000114e+00 5.509000000000000341e+00 3.197000000000000064e+00
-4.295100000000000051e+01 -7.633000000000000007e+00 -7.329999999999999849e-01 6.123999999999999666e+00
-4.681199999999999761e+01 -1.016000000000000014e+01 -8.602000000000000313e+00 6.299999999999999822e+00
-4.504699999999999704e+01 -1.223399999999999999e+01 -1.441600000000000037e+01 3.572000000000000064e+00
-3.634100000000000108e+01 -7.416999999999999815e+00 -1.542999999999999972e+01 6.860000000000000542e-01
-9.493000000000000327e+00 1.057399999999999984e+01 -9.614000000000000767e+00 -3.980000000000000204e-01
2.704200000000000159e+01 3.215800000000000125e+01 2.875000000000000000e+00 -9.330000000000000515e-01
4.901700000000000301e+01 4.083599999999999852e+01 1.628399999999999892e+01 -2.966000000000000192e+00
4.642900000000000205e+01 3.299300000000000210e+01 2.228900000000000148e+01 -5.798000000000000043e+00
2.505399999999999849e+01 1.593200000000000038e+01 1.947700000000000031e+01 -6.559999999999999609e+00
-1.052800000000000047e+01 -3.837000000000000188e+00 1.577200000000000024e+01 -4.136000000000000121e+00
-5.023199999999999932e+01 -1.943100000000000094e+01 1.819699999999999918e+01 -9.829999999999999849e-01
-6.964799999999999613e+01 -2.124800000000000111e+01 2.402400000000000091e+01 -1.010000000000000064e-01
-5.431000000000000227e+01 -7.682000000000000384e+00 2.553200000000000003e+01 -1.187000000000000055e+00
-2.327799999999999869e+01 7.174000000000000377e+00 1.981099999999999994e+01 -1.790999999999999925e+00
-7.746999999999999886e+00 7.690000000000000391e+00 9.384999999999999787e+00 -1.506999999999999895e+00
-1.387800000000000011e+01 -4.743999999999999773e+00 -3.927000000000000046e+00 -1.885999999999999899e+00
-2.473100000000000165e+01 -1.634100000000000108e+01 -1.949200000000000088e+01 -2.718999999999999861e+00
-3.067200000000000060e+01 -1.872100000000000009e+01 -3.316400000000000148e+01 -2.229000000000000092e+00
-3.561599999999999966e+01 -1.271499999999999986e+01 -3.736299999999999955e+01 -5.769999999999999574e-01
-3.564000000000000057e+01 1.264999999999999902e+00 -2.624399999999999977e+01 3.870000000000000107e-01
-1.556400000000000006e+01 2.477299999999999969e+01 -6.260000000000000009e-01 5.370000000000000329e-01
2.672299999999999898e+01 4.995499999999999829e+01 2.964300000000000068e+01 1.564000000000000057e+00
7.151600000000000534e+01 5.868299999999999983e+01 5.053600000000000136e+01 3.484999999999999876e+00
9.938500000000000512e+01 4.437500000000000000e+01 5.438799999999999812e+01 3.895000000000000018e+00
1.048379999999999939e+02 2.456599999999999895e+01 4.402700000000000102e+01 1.909999999999999920e+00
8.847599999999999909e+01 1.754700000000000060e+01 2.819600000000000151e+01 -2.000000000000000042e-03
5.694299999999999784e+01 1.789199999999999946e+01 1.576099999999999923e+01 1.900000000000000022e-01
2.504299999999999926e+01 1.038599999999999923e+01 9.958999999999999631e+00 1.487999999999999989e+00
-1.764999999999999902e+00 -5.902000000000000135e+00 6.149000000000000021e+00 2.339999999999999858e+00
-3.290400000000000347e+01 -2.206899999999999906e+01 -7.500000000000000000e-01 2.609999999999999876e+00
-6.674899999999999523e+01 -3.402799999999999869e+01 -7.935999999999999943e+00 2.607000000000000206e+00
-8.330100000000000193e+01 -4.148899999999999721e+01 -9.358000000000000540e+00 2.906000000000000139e+00
-7.324599999999999511e+01 -4.163900000000000290e+01 -6.977000000000000313e+00 4.711000000000000298e+00
-4.861500000000000199e+01 -3.129200000000000159e+01 -9.295999999999999375e+00 7.732000000000000206e+00
-2.075199999999999889e+01 -1.253400000000000070e+01 -1.683200000000000074e+01 8.635999999999999233e+00
9.140000000000000568e+00 8.083000000000000185e+00 -1.905699999999999861e+01 4.823000000000000398e+00
3.813600000000000279e+01 2.551000000000000156e+01 -1.139199999999999946e+01 -9.799999999999999822e-01
5.668299999999999983e+01 3.653600000000000136e+01 -2.946000000000000174e+00 -3.749000000000000110e+00
5.647500000000000142e+01 3.755599999999999739e+01 -2.819999999999999729e-01 -3.436999999999999833e+00
4.001500000000000057e+01 3.017399999999999949e+01 2.303999999999999826e+00 -4.392000000000000348e+00
1.969300000000000139e+01 2.204299999999999926e+01 9.288000000000000256e+00 -7.490999999999999659e+00
5.107999999999999652e+00 1.577599999999999980e+01 1.452800000000000047e+01 -8.641999999999999460e+00
1.175000000000000044e+00 8.451000000000000512e+00 1.283300000000000018e+01 -5.684999999999999609e+00
1.517999999999999972e+01 2.391000000000000014e+00 9.000999999999999446e+00 -1.445000000000000062e+00
4.202799999999999869e+01 1.951999999999999957e+00 7.269999999999999574e+00 7.429999999999999938e-01
5.288600000000000279e+01 3.266999999999999904e+00 3.174999999999999822e+00 6.470000000000000195e-01
2.885800000000000054e+01 -1.104999999999999982e+00 -6.376999999999999780e+00 -1.380000000000000115e-01
-1.034699999999999953e+01 -1.212299999999999933e+01 -1.622599999999999909e+01 -5.570000000000000506e-01
-3.632500000000000284e+01 -2.483399999999999963e+01 -2.177599999999999980e+01 -5.620000000000000551e-01
-4.709899999999999665e+01 -3.367600000000000193e+01 -2.486799999999999855e+01 -5.150000000000000133e-01
-5.423400000000000176e+01 -3.480199999999999960e+01 -2.785000000000000142e+01 -7.419999999999999929e-01
-5.828499999999999659e+01 -2.819200000000000017e+01 -2.913599999999999923e+01 -1.125000000000000000e+00
-5.074199999999999733e+01 -1.712199999999999989e+01 -2.657400000000000162e+01 -8.379999999999999671e-01
-2.823600000000000065e+01 -3.615000000000000213e+00 -2.131200000000000117e+01 8.239999999999999547e-01
-1.630000000000000060e-01 8.711000000000000298e+00 -1.739799999999999969e+01 3.245999999999999996e+00
1.563100000000000023e+01 9.291999999999999815e+00 -1.790800000000000125e+01 5.450000000000000178e+00
9.765000000000000568e+00 -6.522000000000000242e+00 -2.078900000000000148e+01 8.214000000000000412e+00
-5.246000000000000441e+00 -2.247899999999999920e+01 -2.044399999999999906e+01 1.290700000000000003e+01
-6.336000000000000298e+00 -1.751500000000000057e+01 -1.329199999999999982e+01 1.781599999999999895e+01
1.337800000000000011e+01 5.573000000000000398e+00 9.200000000000000400e-01 1.794699999999999918e+01
3.671300000000000097e+01 2.354400000000000048e+01 1.879400000000000048e+01 1.040099999999999980e+01
4.216499999999999915e+01 2.264699999999999847e+01 3.085500000000000043e+01 -7.179999999999999716e-01
2.169500000000000028e+01 8.712999999999999190e+00 2.702400000000000091e+01 -8.435000000000000497e+00
-1.862699999999999889e+01 -1.061500000000000021e+01 8.554999999999999716e+00 -1.190600000000000058e+01
-5.978000000000000114e+01 -3.203300000000000125e+01 -1.091200000000000081e+01 -1.581300000000000061e+01
-7.592799999999999727e+01 -4.528000000000000114e+01 -1.891900000000000048e+01 -2.102499999999999858e+01
-5.888499999999999801e+01 -4.028099999999999881e+01 -1.625000000000000000e+01 -2.192200000000000060e+01
-3.126399999999999935e+01 -2.578000000000000114e+01 -1.342999999999999972e+01 -1.470899999999999963e+01
-1.818900000000000006e+01 -1.930399999999999849e+01 -1.637699999999999889e+01 -4.370000000000000107e+00
-1.650100000000000122e+01 -2.209199999999999875e+01 -2.019999999999999929e+01 1.177000000000000046e+00
-9.227000000000000313e+00 -2.195799999999999841e+01 -1.886100000000000065e+01 1.493999999999999995e+00
4.730000000000000426e+00 -1.361299999999999955e+01 -1.341099999999999959e+01 1.737000000000000099e+00
1.601500000000000057e+01 -1.576999999999999957e+00 -5.950999999999999623e+00 3.128000000000000114e+00
2.396399999999999864e+01 8.230000000000000426e+00 4.860999999999999766e+00 2.737000000000000099e+00
2.869000000000000128e+01 1.009399999999999942e+01 1.645700000000000074e+01 2.620000000000000107e-01
2.076699999999999946e+01 1.419000000000000039e+00 2.223400000000000176e+01 -1.425999999999999934e+00
-1.130000000000000032e-01 -1.016499999999999915e+01 2.305000000000000071e+01 -9.419999999999999485e-01
-1.396100000000000030e+01 -1.246700000000000053e+01 2.542000000000000171e+01 4.929999999999999938e-01
-7.326999999999999957e+00 -4.883000000000000007e+00 2.780399999999999849e+01 1.413999999999999924e+00
6.650999999999999801e+00 1.340999999999999970e+00 2.321099999999999852e+01 1.552000000000000046e+00
9.298999999999999488e+00 3.940000000000000169e-01 1.327999999999999936e+01 1.538999999999999924e+00
-8.940000000000000169e-01 -2.290999999999999925e+00 6.190999999999999837e+00 1.814999999999999947e+00
-1.331400000000000006e+01 -1.903000000000000025e+00 3.838999999999999968e+00 2.063000000000000167e+00
-1.503100000000000058e+01 1.256999999999999895e+00 2.475000000000000089e+00 1.945000000000000062e+00
3.383000000000000007e+00 1.043999999999999950e+01 2.270000000000000018e+00 1.737999999999999989e+00
3.486200000000000188e+01 3.198199999999999932e+01 6.011999999999999567e+00 1.907999999999999918e+00
5.416400000000000148e+01 6.137400000000000233e+01 1.042900000000000027e+01 2.559000000000000163e+00
4.451400000000000290e+01 8.039100000000000534e+01 8.371000000000000441e+00 3.278999999999999915e+00
1.915299999999999869e+01 7.508899999999999864e+01 4.959999999999999964e-01 3.334000000000000075e+00
5.105000000000000426e+00 5.150000000000000000e+01 -3.709999999999999964e+00 2.721999999999999975e+00
1.254299999999999926e+01 2.832600000000000051e+01 1.227999999999999980e+00 3.011000000000000121e+00
2.509499999999999886e+01 1.608599999999999852e+01 8.740999999999999659e+00 5.315000000000000391e+00
1.705999999999999872e+01 7.679000000000000270e+00 7.357000000000000206e+00 7.408000000000000362e+00
-1.717099999999999937e+01 -9.137000000000000455e+00 -6.363000000000000433e+00 6.030999999999999694e+00
-5.510600000000000165e+01 -3.450999999999999801e+01 -2.546300000000000097e+01 2.037999999999999812e+00
-7.261400000000000432e+01 -5.589200000000000301e+01 -4.150699999999999790e+01 -6.530000000000000249e-01
-6.252799999999999869e+01 -5.918800000000000239e+01 -4.847999999999999687e+01 -5.130000000000000115e-01
-2.401200000000000045e+01 -3.784100000000000108e+01 -4.094400000000000261e+01 7.339999999999999858e-01
3.811500000000000199e+01 1.052000000000000046e+00 -1.875100000000000122e+01 1.209000000000000075e+00
9.778100000000000591e+01 3.870799999999999841e+01 9.692999999999999616e+00 4.989999999999999991e-01
1.205240000000000009e+02 5.847299999999999898e+01 3.590699999999999648e+01 -4.809999999999999831e-01
1.010669999999999931e+02 5.732999999999999829e+01 5.706600000000000250e+01 -6.250000000000000000e-01
6.721299999999999386e+01 4.392000000000000171e+01 6.882899999999999352e+01 -3.310000000000000164e-01
3.949000000000000199e+01 2.703200000000000003e+01 6.294800000000000040e+01 -7.930000000000000382e-01
1.166999999999999993e+01 8.336000000000000298e+00 4.083599999999999852e+01 -1.627999999999999892e+00
-1.864099999999999824e+01 -1.026699999999999946e+01 1.994099999999999895e+01 -1.772999999999999909e+00
-3.636699999999999733e+01 -2.070299999999999940e+01 1.479499999999999993e+01 -1.860999999999999988e+00
-4.120499999999999829e+01 -1.978600000000000136e+01 1.891900000000000048e+01 -2.576000000000000068e+00
-5.063600000000000279e+01 -1.442999999999999972e+01 1.780999999999999872e+01 -2.641999999999999904e+00
-5.873299999999999699e+01 -7.413999999999999702e+00 1.215799999999999947e+01 -1.385000000000000009e+00
-3.796800000000000352e+01 5.626000000000000334e+00 1.269800000000000040e+01 -3.750000000000000000e-01
1.020199999999999996e+01 1.923699999999999832e+01 1.998000000000000043e+01 -4.570000000000000173e-01
4.659300000000000352e+01 1.743599999999999994e+01 2.494999999999999929e+01 -4.219999999999999862e-01
4.327900000000000347e+01 -3.785000000000000142e+00 2.119600000000000151e+01 4.209999999999999853e-01
1.865500000000000114e+01 -2.627299999999999969e+01 7.777000000000000135e+00 9.729999999999999760e-01
1.314400000000000013e+01 -2.790899999999999892e+01 -1.098600000000000065e+01 7.000000000000000666e-02
3.561699999999999733e+01 -8.355999999999999872e+00 -2.803500000000000014e+01 -1.604999999999999982e+00
5.436099999999999710e+01 1.036400000000000077e+01 -4.032999999999999829e+01 -1.814000000000000057e+00
4.536399999999999721e+01 1.272000000000000064e+01 -4.661899999999999977e+01 7.760000000000000231e-01
1.821900000000000119e+01 5.030000000000000249e+00 -4.195199999999999818e+01 5.086999999999999744e+00
-1.374699999999999989e+01 -4.381000000000000227e+00 -2.529599999999999937e+01 8.368000000000000327e+00
-5.246600000000000108e+01 -1.827400000000000091e+01 -5.307999999999999829e+00 7.809000000000000163e+00
-9.082299999999999329e+01 -3.494800000000000040e+01 1.030000000000000071e+01 3.222999999999999865e+00
-1.029290000000000020e+02 -4.282399999999999807e+01 2.053900000000000148e+01 -1.808999999999999941e+00
-8.196599999999999397e+01 -3.996900000000000119e+01 2.190299999999999869e+01 -4.551000000000000156e+00
-6.186500000000000199e+01 -3.850600000000000023e+01 8.538999999999999702e+00 -7.283999999999999808e+00
-7.041299999999999670e+01 -4.231199999999999761e+01 -1.464499999999999957e+01 -1.298700000000000010e+01
-8.273999999999999488e+01 -3.963000000000000256e+01 -3.253499999999999659e+01 -1.957900000000000063e+01
-5.727799999999999869e+01 -2.372700000000000031e+01 -3.570700000000000074e+01 -2.195100000000000051e+01
2.672000000000000153e+00 -3.384999999999999787e+00 -2.850400000000000134e+01 -1.742999999999999972e+01
5.811699999999999733e+01 1.079299999999999926e+01 -2.142599999999999838e+01 -8.205000000000000071e+00
8.347199999999999420e+01 1.473499999999999943e+01 -1.935600000000000165e+01 1.039999999999999952e-01
7.779900000000000659e+01 6.500000000000000000e+00 -1.870899999999999963e+01 3.492999999999999883e+00
4.998700000000000188e+01 -1.057199999999999918e+01 -1.497899999999999920e+01 3.311999999999999833e+00
1.533500000000000085e+01 -2.402499999999999858e+01 -9.583999999999999631e+00 3.099000000000000199e+00
-1.207600000000000051e+01 -2.463899999999999935e+01 -6.798000000000000043e+00 3.696000000000000174e+00
-3.749000000000000199e+01 -1.766400000000000148e+01 -6.277999999999999581e+00 3.849000000000000199e+00
-7.742700000000000671e+01 -1.389899999999999913e+01 -4.368999999999999773e+00 3.277000000000000135e+00
-1.237620000000000005e+02 -1.547100000000000009e+01 -3.136000000000000121e+00 2.797000000000000153e+00
-1.395169999999999959e+02 -1.582499999999999929e+01 -9.211000000000000298e+00 2.690999999999999837e+00
-1.060859999999999985e+02 -9.015000000000000568e+00 -2.042800000000000082e+01 2.673999999999999932e+00
-5.150099999999999767e+01 4.889999999999999680e+00 -2.498400000000000176e+01 2.859999999999999876e+00
-1.338400000000000034e+01 1.971399999999999864e+01 -1.856700000000000017e+01 3.444999999999999840e+00
4.040000000000000036e+00 2.622800000000000153e+01 -1.008600000000000030e+01 4.035999999999999588e+00
1.748600000000000065e+01 1.992399999999999949e+01 -7.035000000000000142e+00 4.225999999999999979e+00
3.013400000000000034e+01 6.738999999999999879e+00 -7.658999999999999808e+00 4.056000000000000050e+00
3.022599999999999909e+01 -3.407999999999999918e+00 -9.477999999999999758e+00 3.508000000000000007e+00
1.508900000000000041e+01 -6.001000000000000334e+00 -1.293099999999999916e+01 2.615000000000000213e+00
2.248000000000000220e+00 -3.130000000000000004e-01 -1.435999999999999943e+01 2.092999999999999972e+00
1.227999999999999936e+01 1.345500000000000007e+01 -7.520999999999999908e+00 2.646999999999999797e+00
4.240599999999999881e+01 2.973900000000000077e+01 5.083999999999999631e+00 3.782999999999999918e+00
6.596500000000000341e+01 3.944500000000000028e+01 1.298000000000000043e+01 4.384000000000000341e+00
6.347699999999999676e+01 4.067799999999999727e+01 1.229199999999999982e+01 4.160000000000000142e+00
4.440400000000000347e+01 3.986299999999999955e+01 1.014499999999999957e+01 3.403999999999999915e+00
2.898400000000000176e+01 3.977499999999999858e+01 1.175999999999999979e+01 1.953999999999999959e+00
1.951899999999999835e+01 3.521000000000000085e+01 1.258999999999999986e+01 -1.739999999999999880e-01
5.953000000000000291e+00 2.376699999999999946e+01 7.924000000000000377e+00 -2.055000000000000160e+00
-7.695999999999999730e+00 1.206000000000000050e+01 1.362999999999999989e+00 -2.853000000000000203e+00
-3.975000000000000089e+00 7.072000000000000064e+00 -2.071000000000000174e+00 -2.395999999999999908e+00
2.005900000000000105e+01 7.455000000000000071e+00 -3.645000000000000018e+00 -7.790000000000000258e-01
4.254800000000000182e+01 7.243999999999999773e+00 -5.964999999999999858e+00 1.223999999999999977e+00
4.302300000000000324e+01 4.293999999999999595e+00 -6.088000000000000078e+00 2.294000000000000039e+00
3.093299999999999983e+01 1.098000000000000087e+00 9.300000000000000488e-01 2.068999999999999950e+00
3.336899999999999977e+01 1.256000000000000005e+00 1.396000000000000085e+01 1.372999999999999998e+00
5.717300000000000182e+01 8.188000000000000611e+00 2.494300000000000139e+01 8.159999999999999476e-01
8.183799999999999386e+01 2.037600000000000122e+01 2.715899999999999892e+01 4.939999999999999947e-01
8.672599999999999909e+01 2.621199999999999974e+01 2.171199999999999974e+01 8.120000000000000551e-01
6.815200000000000102e+01 1.409800000000000075e+01 1.332000000000000028e+01 2.029999999999999805e+00
3.665299999999999869e+01 -9.660999999999999588e+00 4.987000000000000099e+00 3.148000000000000131e+00
1.238299999999999912e+01 -2.337199999999999989e+01 1.048000000000000043e+00 2.806000000000000050e+00
1.418299999999999983e+01 -1.460999999999999943e+01 7.163999999999999702e+00 1.252000000000000002e+00
3.786500000000000199e+01 5.416000000000000369e+00 1.999399999999999977e+01 5.999999999999999778e-02
5.324300000000000210e+01 1.653600000000000136e+01 2.532499999999999929e+01 5.399999999999999939e-02
3.694899999999999807e+01 1.117800000000000082e+01 1.552699999999999925e+01 2.700000000000000178e-01
-1.039999999999999952e-01 -3.948999999999999844e+00 5.540000000000000480e-01 -1.048000000000000043e+00
-2.975100000000000122e+01 -1.950499999999999901e+01 -6.235999999999999766e+00 -4.046000000000000263e+00
-4.087400000000000233e+01 -2.938899999999999935e+01 -3.289000000000000146e+00 -6.120000000000000107e+00
-4.349600000000000222e+01 -3.068900000000000006e+01 3.334999999999999964e+00 -4.825000000000000178e+00
-4.534199999999999875e+01 -2.469000000000000128e+01 9.006999999999999673e+00 -1.497000000000000108e+00
-4.179599999999999937e+01 -1.668100000000000094e+01 1.138400000000000034e+01 3.850000000000000089e-01
-3.141100000000000136e+01 -1.189499999999999957e+01 9.349999999999999645e+00 -1.719999999999999862e-01
-2.397299999999999898e+01 -1.172799999999999976e+01 4.211999999999999744e+00 -1.344000000000000083e+00
-2.600499999999999901e+01 -1.410500000000000043e+01 -9.030000000000000249e-01 -1.836999999999999966e+00
-3.230400000000000205e+01 -1.629200000000000159e+01 -3.726999999999999869e+00 -1.834999999999999964e+00
-3.694800000000000040e+01 -1.717099999999999937e+01 -3.830000000000000071e+00 -1.588999999999999968e+00
-4.109400000000000119e+01 -1.775400000000000134e+01 -2.354000000000000092e+00 -1.239000000000000101e+00
-4.624300000000000210e+01 -1.890399999999999991e+01 -1.856000000000000094e+00 -1.114000000000000101e+00
-4.727100000000000080e+01 -1.818700000000000117e+01 -3.494000000000000217e+00 -8.609999999999999876e-01
-3.676899999999999835e+01 -1.156199999999999939e+01 -4.011000000000000121e+00 4.969999999999999973e-01
-1.574499999999999922e+01 -4.249999999999999889e-01 -4.949999999999999956e-01 2.661999999999999922e+00
3.569999999999999840e+00 6.378000000000000114e+00 3.072000000000000064e+00 3.613999999999999879e+00
9.689000000000000057e+00 2.869000000000000217e+00 1.254999999999999893e+00 2.129000000000000004e+00
4.366999999999999993e+00 -4.658000000000000362e+00 -4.166000000000000369e+00 -4.040000000000000258e-01
-2.125000000000000000e+00 -6.112000000000000099e+00 -8.503000000000000114e+00 -1.745999999999999996e+00
-4.911999999999999922e+00 -2.025999999999999801e+00 -1.058500000000000085e+01 -1.870000000000000107e+00
-7.267000000000000348e+00 4.979999999999999982e-01 -8.846999999999999531e+00 -2.951000000000000068e+00
-1.162400000000000055e+01 1.542999999999999927e+00 3.629999999999999893e-01 -5.636000000000000121e+00
-1.387199999999999989e+01 5.299999999999999822e+00 1.591799999999999926e+01 -7.041999999999999815e+00
-9.634999999999999787e+00 8.816000000000000725e+00 2.908999999999999986e+01 -4.621999999999999886e+00
-4.294999999999999929e+00 6.600999999999999979e+00 3.018900000000000006e+01 -3.410000000000000253e-01
-9.702999999999999403e+00 5.060000000000000053e-01 1.745499999999999829e+01 1.580999999999999961e+00
-2.816900000000000048e+01 -4.326999999999999957e+00 -3.970000000000000195e-01 -1.110000000000000014e-01
-4.634599999999999653e+01 -6.432000000000000384e+00 -1.173499999999999943e+01 -2.668000000000000149e+00
-4.933599999999999852e+01 -5.057999999999999829e+00 -1.258900000000000041e+01 -2.857000000000000206e+00
-3.502300000000000324e+01 2.315999999999999837e+00 -7.413999999999999702e+00 -5.000000000000000104e-03
-1.004499999999999993e+01 1.567800000000000082e+01 -6.460000000000000187e-01 4.253999999999999559e+00
1.966400000000000148e+01 3.040800000000000125e+01 7.532000000000000028e+00 7.323999999999999844e+00
4.674499999999999744e+01 3.978399999999999892e+01 1.767500000000000071e+01 6.839000000000000412e+00
5.933299999999999841e+01 3.792699999999999960e+01 2.610999999999999943e+01 2.923999999999999932e+00
4.790100000000000335e+01 2.247299999999999898e+01 2.340500000000000114e+01 -1.215000000000000080e+00
1.378800000000000026e+01 -3.609999999999999876e+00 1.903999999999999915e+00 -2.569999999999999840e+00
-2.769200000000000017e+01 -3.069699999999999918e+01 -3.185999999999999943e+01 -7.570000000000000062e-01
-5.381000000000000227e+01 -4.479699999999999704e+01 -5.811200000000000188e+01 3.089999999999999858e+00
-5.083299999999999841e+01 -3.781199999999999761e+01 -6.258800000000000097e+01 7.277000000000000135e+00
-2.328099999999999881e+01 -1.391300000000000026e+01 -4.942799999999999727e+01 9.279999999999999361e+00
1.389300000000000068e+01 1.759600000000000009e+01 -2.929700000000000060e+01 6.897999999999999687e+00
4.392499999999999716e+01 4.702900000000000347e+01 -4.988000000000000433e+00 9.609999999999999654e-01
5.019500000000000028e+01 5.992399999999999949e+01 1.865200000000000102e+01 -4.567000000000000171e+00
2.617000000000000171e+01 4.270499999999999829e+01 2.608299999999999841e+01 -7.658000000000000362e+00
-8.253000000000000114e+00 2.181000000000000050e+00 1.343099999999999916e+01 -1.105400000000000027e+01
-1.255599999999999916e+01 -2.926300000000000168e+01 6.618000000000000327e+00 -1.630000000000000071e+01
3.489699999999999847e+01 -2.212399999999999878e+01 3.104100000000000037e+01 -1.858800000000000097e+01
1.035510000000000019e+02 1.671900000000000119e+01 6.909600000000000364e+01 -1.289300000000000068e+01
1.342580000000000098e+02 5.014200000000000301e+01 7.743600000000000705e+01 -2.814999999999999947e+00
1.017930000000000064e+02 5.061299999999999955e+01 4.565999999999999659e+01 2.959000000000000075e+00
3.648299999999999699e+01 2.457700000000000173e+01 6.916999999999999815e+00 2.403000000000000025e+00
-2.089499999999999957e+01 -4.995000000000000107e+00 -1.004700000000000060e+01 1.768000000000000016e+00
-5.832600000000000051e+01 -2.817899999999999849e+01 -9.468999999999999417e+00 5.200999999999999623e+00
-7.618800000000000239e+01 -4.635699999999999932e+01 -6.764999999999999680e+00 9.295999999999999375e+00
-6.605200000000000671e+01 -5.226700000000000301e+01 -4.003999999999999559e+00 9.151999999999999247e+00
-3.021099999999999852e+01 -3.624499999999999744e+01 3.040000000000000036e+00 5.054999999999999716e+00
1.679999999999999938e+00 -7.945999999999999730e+00 9.279999999999999361e+00 1.191999999999999948e+00
3.419000000000000039e+00 1.008399999999999963e+01 5.211999999999999744e+00 1.400000000000000029e-02
-1.430899999999999928e+01 9.400000000000000355e+00 -8.590999999999999304e+00 -1.400000000000000133e-01
-2.412000000000000099e+01 6.780000000000000471e-01 -2.214300000000000068e+01 -1.522999999999999909e+00
-2.014799999999999969e+01 -6.035000000000000142e+00 -2.899299999999999855e+01 -2.587000000000000188e+00
-1.548000000000000043e+01 -1.158000000000000007e+01 -3.125100000000000122e+01 -2.700000000000000178e-01
-1.697599999999999909e+01 -1.838599999999999923e+01 -3.265699999999999648e+01 4.025999999999999801e+00
-2.026999999999999957e+01 -2.321000000000000085e+01 -3.306000000000000227e+01 5.759999999999999787e+00
-1.939600000000000080e+01 -2.230099999999999838e+01 -3.115200000000000102e+01 4.028999999999999915e+00
-1.050699999999999967e+01 -1.706700000000000017e+01 -2.777700000000000102e+01 2.003000000000000114e+00
5.206000000000000405e+00 -1.142200000000000060e+01 -2.425799999999999912e+01 1.588999999999999968e+00
1.730399999999999849e+01 -6.698000000000000398e+00 -2.085800000000000054e+01 1.875999999999999890e+00
1.727799999999999869e+01 -1.104999999999999982e+00 -1.810900000000000176e+01 1.971000000000000085e+00
1.401099999999999923e+01 7.269000000000000128e+00 -1.713899999999999935e+01 2.229000000000000092e+00
2.011700000000000088e+01 1.610699999999999932e+01 -1.839999999999999858e+01 2.746999999999999886e+00
2.675700000000000145e+01 1.789300000000000068e+01 -2.090599999999999881e+01 2.786999999999999922e+00
1.625400000000000134e+01 9.019000000000000128e+00 -2.240599999999999881e+01 2.236000000000000210e+00
-4.235000000000000320e+00 -1.120000000000000107e+00 -2.153699999999999903e+01 2.123000000000000220e+00
-1.151500000000000057e+01 2.640000000000000124e-01 -1.994300000000000139e+01 2.970000000000000195e+00
-5.453000000000000291e+00 1.082499999999999929e+01 -1.988200000000000145e+01 3.845000000000000195e+00
-7.096000000000000085e+00 1.455499999999999972e+01 -2.070400000000000063e+01 3.673999999999999932e+00
-2.223499999999999943e+01 3.350999999999999979e+00 -1.921900000000000119e+01 2.379000000000000004e+00
-3.428199999999999648e+01 -1.128299999999999947e+01 -1.133600000000000030e+01 4.339999999999999969e-01
-2.921300000000000097e+01 -1.221100000000000030e+01 4.852000000000000313e+00 -1.518999999999999906e+00
-1.204599999999999937e+01 1.258999999999999897e+00 2.367299999999999827e+01 -2.625000000000000000e+00
1.891000000000000014e+00 1.299699999999999989e+01 3.285399999999999920e+01 -2.394000000000000128e+00
8.098000000000000753e+00 1.388199999999999967e+01 2.554700000000000060e+01 -1.114000000000000101e+00
1.591300000000000026e+01 1.259900000000000020e+01 1.013499999999999979e+01 4.500000000000000111e-01
3.008099999999999952e+01 1.729899999999999949e+01 2.057999999999999829e+00 1.520000000000000018e+00
4.873499999999999943e+01 2.558899999999999864e+01 6.850999999999999979e+00 2.112000000000000099e+00
7.251099999999999568e+01 3.384300000000000352e+01 1.736899999999999977e+01 2.958000000000000185e+00
8.833899999999999864e+01 3.532099999999999795e+01 2.466799999999999926e+01 3.696000000000000174e+00
6.827299999999999613e+01 1.912800000000000011e+01 2.716700000000000159e+01 2.693000000000000060e+00
1.592600000000000016e+01 -9.720000000000000639e+00 3.115200000000000102e+01 -1.189999999999999947e-01
-2.444099999999999895e+01 -2.846199999999999974e+01 3.896500000000000341e+01 -2.177000000000000046e+00
-3.096600000000000108e+01 -2.797500000000000142e+01 3.940500000000000114e+01 -1.711000000000000076e+00
-2.894099999999999895e+01 -2.312900000000000134e+01 2.422599999999999909e+01 -8.169999999999999485e-01
-3.683899999999999864e+01 -2.579799999999999827e+01 6.123000000000000220e+00 -2.487999999999999989e+00
-3.874499999999999744e+01 -2.983599999999999852e+01 7.079999999999999627e-01 -5.336999999999999744e+00
-2.297800000000000153e+01 -2.598300000000000054e+01 4.238000000000000433e+00 -5.309999999999999609e+00
-4.179999999999999716e+00 -1.566999999999999993e+01 6.559999999999999609e+00 -2.137999999999999901e+00
2.217999999999999972e+00 -7.769999999999999574e+00 7.442000000000000171e+00 5.120000000000000107e-01
-2.237000000000000099e+00 -8.214999999999999858e+00 7.772000000000000242e+00 4.179999999999999827e-01
-7.543999999999999595e+00 -1.383300000000000018e+01 3.890000000000000124e+00 -1.606999999999999984e+00
-5.990000000000000213e+00 -1.660999999999999943e+01 -2.998000000000000220e+00 -4.038000000000000256e+00
1.860999999999999988e+00 -1.218599999999999994e+01 -6.842999999999999972e+00 -5.605000000000000426e+00
1.060399999999999920e+01 -1.548000000000000043e+00 -6.070000000000000284e+00 -5.136000000000000121e+00
1.952199999999999847e+01 1.052800000000000047e+01 -3.774999999999999911e+00 -2.564999999999999947e+00
2.840800000000000125e+01 1.657199999999999918e+01 -2.275999999999999801e+00 3.539999999999999813e-01
2.657300000000000040e+01 1.307499999999999929e+01 -1.276999999999999913e+00 1.661000000000000032e+00
-1.818999999999999950e+00 5.352999999999999758e+00 5.699999999999999512e-01 1.175999999999999934e+00
-5.707600000000000051e+01 -4.349999999999999978e-01 1.330000000000000071e+00 -1.000000000000000021e-02
-1.103750000000000000e+02 -4.881999999999999673e+00 -4.291000000000000369e+00 -1.245999999999999996e+00
-1.235580000000000069e+02 -9.041999999999999815e+00 -1.516300000000000026e+01 -2.612999999999999989e+00
-9.115399999999999636e+01 -9.282000000000000028e+00 -2.087399999999999878e+01 -4.035000000000000142e+00
-4.953099999999999881e+01 -5.759000000000000341e+00 -1.632700000000000173e+01 -4.884000000000000341e+00
-3.544299999999999784e+01 -5.939000000000000057e+00 -9.121000000000000441e+00 -4.520999999999999908e+00
-4.700000000000000000e+01 -1.214199999999999946e+01 -5.953999999999999737e+00 -3.157999999999999918e+00
-5.359499999999999886e+01 -1.597400000000000020e+01 -3.920999999999999819e+00 -1.782000000000000028e+00
-3.520799999999999841e+01 -1.062199999999999989e+01 3.029999999999999916e-01 -8.589999999999999858e-01
-1.502999999999999892e+00 -4.900000000000000189e-02 4.442000000000000171e+00 -7.199999999999999456e-02
2.495599999999999952e+01 7.267000000000000348e+00 6.299000000000000377e+00 4.179999999999999827e-01
3.439600000000000080e+01 8.820999999999999730e+00 7.174999999999999822e+00 -7.000000000000000146e-03
3.484199999999999875e+01 9.813000000000000611e+00 9.522000000000000242e+00 -1.197999999999999954e+00
3.707999999999999829e+01 1.510399999999999920e+01 1.501200000000000045e+01 -2.366999999999999993e+00
4.280400000000000205e+01 2.155099999999999838e+01 2.171499999999999986e+01 -2.888999999999999790e+00
4.827199999999999847e+01 2.150400000000000134e+01 2.280399999999999849e+01 -2.141000000000000014e+00
5.242999999999999972e+01 1.382099999999999973e+01 1.415199999999999925e+01 8.669999999999999929e-01
5.790899999999999892e+01 6.261000000000000121e+00 1.381999999999999895e+00 6.383000000000000007e+00
6.720000000000000284e+01 5.397999999999999687e+00 -6.804999999999999716e+00 1.183999999999999986e+01
7.781199999999999761e+01 9.461999999999999744e+00 -8.188000000000000611e+00 1.284699999999999953e+01
7.922700000000000387e+01 1.283500000000000085e+01 -5.080000000000000071e+00 8.194000000000000838e+00
6.030899999999999750e+01 1.172799999999999976e+01 1.173000000000000043e+00 2.133000000000000007e+00
2.589000000000000057e+01 4.272999999999999687e+00 9.150000000000000355e+00 -7.389999999999999902e-01
-2.490000000000000213e+00 -7.959999999999999964e+00 1.479199999999999982e+01 -1.741999999999999993e+00
-1.397799999999999976e+01 -1.795299999999999940e+01 1.342200000000000060e+01 -5.740999999999999659e+00
-2.368599999999999994e+01 -1.907700000000000173e+01 5.179000000000000270e+00 -1.234800000000000075e+01
-4.278699999999999903e+01 -1.226800000000000068e+01 -3.075000000000000178e+00 -1.459500000000000064e+01
-5.324699999999999989e+01 -3.137999999999999901e+00 -5.341000000000000192e+00 -8.776999999999999247e+00
-3.717199999999999704e+01 5.541999999999999815e+00 -4.043000000000000149e+00 -6.099999999999999867e-01
-1.020199999999999996e+01 1.363799999999999990e+01 -5.272999999999999687e+00 2.379000000000000004e+00
3.799999999999999906e-02 1.891799999999999926e+01 -9.759000000000000341e+00 3.739999999999999991e-01
-7.168999999999999595e+00 1.930799999999999983e+01 -1.292800000000000082e+01 -1.290999999999999925e+00
-9.715999999999999304e+00 1.714399999999999835e+01 -1.241000000000000014e+01 -1.749999999999999889e-01
3.721999999999999975e+00 1.584900000000000020e+01 -1.191399999999999970e+01 2.335999999999999854e+00
2.214099999999999824e+01 1.622599999999999909e+01 -1.420500000000000007e+01 5.091999999999999638e+00
3.078500000000000014e+01 1.726699999999999946e+01 -1.365700000000000003e+01 8.239000000000000767e+00
2.735300000000000153e+01 1.605199999999999960e+01 -4.778999999999999915e+00 1.106600000000000072e+01
2.104599999999999937e+01 1.005700000000000038e+01 6.458000000000000185e+00 1.128200000000000003e+01
2.340800000000000125e+01 2.999000000000000110e+00 1.157300000000000040e+01 7.453999999999999737e+00
3.577799999999999869e+01 1.262999999999999901e+00 1.132799999999999940e+01 1.522000000000000020e+00
4.227000000000000313e+01 2.361000000000000210e+00 6.657000000000000028e+00 -2.693999999999999950e+00
2.564099999999999824e+01 -2.444999999999999840e+00 -7.336999999999999744e+00 -4.067999999999999616e+00
-5.717999999999999972e+00 -1.185599999999999987e+01 -2.591100000000000136e+01 -5.230000000000000426e+00
-2.076999999999999957e+01 -1.264600000000000080e+01 -3.150000000000000000e+01 -7.157000000000000028e+00
-3.346999999999999975e+00 3.289000000000000146e+00 -1.699899999999999878e+01 -5.998000000000000220e+00
2.700300000000000011e+01 2.927299999999999969e+01 5.597000000000000419e+00 5.490000000000000435e-01
4.125399999999999778e+01 5.065500000000000114e+01 2.366400000000000148e+01 7.248999999999999666e+00
3.399000000000000199e+01 5.363900000000000290e+01 3.220900000000000318e+01 7.320999999999999730e+00
1.690700000000000003e+01 3.267499999999999716e+01 2.714399999999999835e+01 1.903000000000000025e+00
-7.485000000000000320e+00 -2.653000000000000025e+00 1.033500000000000085e+01 -1.764999999999999902e+00
-4.472299999999999898e+01 -3.326400000000000290e+01 -4.860999999999999766e+00 -2.220000000000000029e-01
-8.402400000000000091e+01 -4.698400000000000176e+01 -8.938000000000000611e+00 2.818000000000000060e+00
-9.846800000000000352e+01 -4.591400000000000148e+01 -8.494999999999999218e+00 3.072000000000000064e+00
-7.881100000000000705e+01 -4.022699999999999676e+01 -1.306000000000000050e+01 1.933000000000000052e+00
-4.862500000000000000e+01 -3.854999999999999716e+01 -2.061899999999999977e+01 3.983000000000000096e+00
-3.442399999999999949e+01 -4.131199999999999761e+01 -2.388800000000000168e+01 9.900999999999999801e+00
-3.471900000000000119e+01 -4.070900000000000318e+01 -2.052899999999999991e+01 1.463100000000000023e+01
-2.806299999999999883e+01 -2.838500000000000156e+01 -1.066300000000000026e+01 1.307799999999999940e+01
-3.861000000000000210e+00 -5.302999999999999936e+00 5.764999999999999680e+00 5.666000000000000369e+00
2.328300000000000125e+01 1.599000000000000021e+01 2.229599999999999937e+01 -2.802999999999999936e+00
3.131099999999999994e+01 2.173100000000000165e+01 2.626200000000000045e+01 -8.759000000000000341e+00
1.758599999999999852e+01 1.136800000000000033e+01 1.343099999999999916e+01 -1.274600000000000044e+01
1.157999999999999918e+00 -9.809999999999999831e-01 -5.583000000000000185e+00 -1.633899999999999864e+01
8.259999999999999565e-01 -2.091000000000000192e+00 -1.771399999999999864e+01 -1.820299999999999940e+01
1.879400000000000048e+01 7.434999999999999609e+00 -1.778600000000000136e+01 -1.533500000000000085e+01
4.261500000000000199e+01 1.777899999999999991e+01 -7.375000000000000000e+00 -7.841999999999999638e+00
5.781199999999999761e+01 2.028000000000000114e+01 6.815000000000000391e+00 -3.569999999999999840e-01
6.279500000000000171e+01 1.230599999999999916e+01 1.610999999999999943e+01 2.759999999999999787e+00
6.694700000000000273e+01 -7.289999999999999813e-01 1.701599999999999824e+01 2.064000000000000057e+00
6.635200000000000387e+01 -1.012599999999999945e+01 1.113400000000000034e+01 7.429999999999999938e-01
3.792699999999999960e+01 -1.473399999999999999e+01 1.130000000000000032e-01 2.500000000000000139e-02
-2.380999999999999872e+01 -1.934400000000000119e+01 -1.169699999999999918e+01 -3.499999999999999778e-01
-8.230899999999999750e+01 -2.114499999999999957e+01 -1.519800000000000040e+01 2.230000000000000038e-01
-9.895699999999999363e+01 -1.206700000000000017e+01 -7.434000000000000163e+00 2.073999999999999844e+00
-8.044400000000000261e+01 3.903000000000000025e+00 9.509999999999999565e-01 3.685000000000000053e+00
-5.599499999999999744e+01 1.234099999999999930e+01 3.549999999999999822e-01 3.503000000000000114e+00
-3.211800000000000210e+01 9.218999999999999417e+00 -2.645999999999999908e+00 2.071000000000000174e+00
-2.983000000000000096e+00 4.674000000000000377e+00 2.345000000000000195e+00 1.195000000000000062e+00
2.189199999999999946e+01 4.605000000000000426e+00 1.160299999999999976e+01 1.766000000000000014e+00
2.812800000000000011e+01 2.431999999999999940e+00 1.478599999999999959e+01 2.896999999999999797e+00
1.468800000000000061e+01 -7.634999999999999787e+00 1.043699999999999939e+01 3.055000000000000160e+00
-8.619999999999999218e+00 -1.916600000000000037e+01 4.416000000000000369e+00 2.035000000000000142e+00
-2.826099999999999923e+01 -2.116100000000000136e+01 7.840000000000000302e-01 1.215999999999999970e+00
-3.411599999999999966e+01 -1.304199999999999982e+01 -7.830000000000000293e-01 1.439999999999999947e+00
-2.752599999999999980e+01 -5.613000000000000433e+00 -2.725999999999999979e+00 1.808999999999999941e+00
-1.697200000000000131e+01 -6.814000000000000057e+00 -6.442000000000000171e+00 1.407000000000000028e+00
-6.777000000000000135e+00 -1.276399999999999935e+01 -1.044100000000000072e+01 9.909999999999999920e-01
2.787999999999999812e+00 -1.585299999999999976e+01 -1.244200000000000017e+01 1.963999999999999968e+00
1.021899999999999942e+01 -1.536700000000000088e+01 -1.279400000000000048e+01 4.158000000000000362e+00
1.574000000000000021e+01 -1.485899999999999999e+01 -1.334699999999999953e+01 5.402999999999999581e+00
2.371300000000000097e+01 -1.407600000000000051e+01 -1.383600000000000030e+01 3.896999999999999797e+00
3.380799999999999983e+01 -1.039300000000000068e+01 -1.279599999999999937e+01 6.310000000000000053e-01
3.483400000000000318e+01 -5.368999999999999773e+00 -1.086500000000000021e+01 -1.889000000000000012e+00
1.860900000000000176e+01 -2.512999999999999901e+00 -1.001999999999999957e+01 -2.992999999999999883e+00
-3.910000000000000142e+00 -5.879999999999999671e-01 -1.035800000000000054e+01 -4.230999999999999872e+00
-1.366399999999999970e+01 3.903999999999999915e+00 -9.143000000000000682e+00 -6.378000000000000114e+00
-6.786999999999999922e+00 9.848000000000000753e+00 -4.046999999999999709e+00 -7.634000000000000341e+00
4.241999999999999993e+00 1.202500000000000036e+01 1.935000000000000053e+00 -5.884000000000000341e+00
8.079000000000000625e+00 7.051000000000000156e+00 2.491999999999999993e+00 -1.645999999999999908e+00
5.241999999999999993e+00 -2.275999999999999801e+00 -3.519000000000000128e+00 2.680000000000000160e+00
2.886000000000000121e+00 -8.461000000000000298e+00 -1.076999999999999957e+01 5.288000000000000256e+00
5.165000000000000036e+00 -5.883000000000000007e+00 -1.370100000000000051e+01 5.427999999999999936e+00
1.292800000000000082e+01 5.006999999999999673e+00 -8.787000000000000810e+00 3.265000000000000124e+00
2.496099999999999852e+01 1.812500000000000000e+01 4.028999999999999915e+00 3.449999999999999734e-01
3.261999999999999744e+01 2.473400000000000176e+01 1.779799999999999827e+01 -1.568000000000000060e+00
2.669999999999999929e+01 2.209299999999999997e+01 2.412099999999999866e+01 -2.584000000000000075e+00
1.473700000000000010e+01 1.949899999999999878e+01 2.257700000000000173e+01 -3.850999999999999979e+00
1.272400000000000020e+01 2.626599999999999824e+01 1.771999999999999886e+01 -5.059999999999999609e+00
1.918700000000000117e+01 3.674799999999999756e+01 1.328299999999999947e+01 -5.258000000000000007e+00
1.635500000000000043e+01 3.851599999999999824e+01 1.278500000000000014e+01 -5.014999999999999680e+00
-5.863999999999999879e+00 2.932000000000000028e+01 1.413000000000000078e+01 -5.086000000000000298e+00
-3.823700000000000188e+01 1.551699999999999946e+01 7.982000000000000206e+00 -5.065000000000000391e+00
-6.116799999999999926e+01 1.939000000000000057e+00 -4.828000000000000291e+00 -5.182999999999999829e+00
-6.305199999999999960e+01 -7.269000000000000128e+00 -6.929000000000000270e+00 -6.057999999999999829e+00
-4.712299999999999756e+01 -4.594000000000000306e+00 1.110500000000000043e+01 -6.333000000000000185e+00
-1.912600000000000122e+01 1.353700000000000081e+01 3.457500000000000284e+01 -4.357999999999999652e+00
1.685200000000000031e+01 3.523199999999999932e+01 4.381799999999999784e+01 -9.609999999999999654e-01
4.697800000000000153e+01 3.965999999999999659e+01 3.698299999999999699e+01 2.331999999999999851e+00
5.235799999999999699e+01 2.078200000000000003e+01 2.482199999999999918e+01 5.065999999999999837e+00
3.091900000000000048e+01 -5.322000000000000064e+00 1.378899999999999970e+01 6.352000000000000313e+00
2.592999999999999972e+00 -2.085500000000000043e+01 4.891000000000000014e+00 5.233999999999999986e+00
-1.071299999999999919e+01 -2.338899999999999935e+01 1.237999999999999989e+00 3.091000000000000192e+00
-6.230999999999999872e+00 -2.099699999999999989e+01 4.801000000000000156e+00 2.350999999999999979e+00
2.209000000000000075e+00 -1.945400000000000063e+01 9.457000000000000739e+00 3.137999999999999901e+00
6.022000000000000242e+00 -1.741900000000000048e+01 7.068999999999999950e+00 3.657999999999999918e+00
9.996999999999999886e+00 -1.291000000000000014e+01 -1.961999999999999966e+00 3.095000000000000195e+00
1.644099999999999895e+01 -1.022000000000000064e+01 -1.160399999999999920e+01 2.245000000000000107e+00
1.654200000000000159e+01 -1.351299999999999990e+01 -1.929299999999999926e+01 1.909999999999999920e+00
5.639000000000000234e+00 -1.725499999999999901e+01 -2.461799999999999855e+01 2.044999999999999929e+00
-5.208000000000000185e+00 -1.306499999999999950e+01 -2.439199999999999946e+01 2.286999999999999922e+00
-4.870000000000000107e+00 -2.224000000000000199e+00 -1.672700000000000031e+01 2.346000000000000085e+00
-8.300000000000000433e-02 8.182999999999999829e+00 -5.400999999999999801e+00 2.024000000000000021e+00
-3.251999999999999780e+00 1.598600000000000065e+01 4.163000000000000256e+00 1.447000000000000064e+00
-1.303200000000000003e+01 2.173300000000000054e+01 8.615999999999999659e+00 8.229999999999999538e-01
-2.323799999999999955e+01 2.258599999999999852e+01 6.467999999999999972e+00 -2.800000000000000058e-02
-3.489500000000000313e+01 1.757300000000000040e+01 -6.039999999999999813e-01 -7.590000000000000080e-01
-4.326700000000000301e+01 1.249300000000000033e+01 -8.272000000000000242e+00 -2.800000000000000058e-02
-3.488600000000000279e+01 1.165600000000000058e+01 -1.449799999999999933e+01 2.125000000000000000e+00
-1.194400000000000084e+01 1.047400000000000020e+01 -2.007300000000000040e+01 3.286999999999999922e+00
3.513999999999999790e+00 3.116000000000000103e+00 -2.381400000000000006e+01 2.154999999999999805e+00
7.129999999999999671e-01 -7.378000000000000114e+00 -2.296300000000000097e+01 4.199999999999999845e-01
-6.725999999999999979e+00 -1.385899999999999999e+01 -1.793799999999999883e+01 -4.209999999999999853e-01
-6.703999999999999737e+00 -1.626399999999999935e+01 -1.199600000000000044e+01 -1.034999999999999920e+00
-4.192999999999999616e+00 -1.967800000000000082e+01 -7.104000000000000092e+00 -1.909999999999999920e+00
-3.196000000000000174e+00 -2.328500000000000014e+01 -2.915000000000000036e+00 -2.071000000000000174e+00
1.641000000000000014e+00 -2.064399999999999835e+01 5.370000000000000329e-01 -1.068999999999999950e+00
9.539999999999999147e+00 -1.133600000000000030e+01 1.153999999999999915e+00 1.789999999999999925e-01
1.244500000000000028e+01 -3.782000000000000028e+00 -2.513999999999999790e+00 1.000000000000000000e+00
7.288999999999999702e+00 -5.059999999999999609e+00 -8.416999999999999815e+00 1.443000000000000060e+00
-5.607999999999999652e+00 -1.381799999999999962e+01 -1.289100000000000001e+01 1.118999999999999995e+00
-2.321799999999999997e+01 -2.256700000000000017e+01 -1.329899999999999949e+01 -6.129999999999999893e-01
-2.979899999999999949e+01 -2.254599999999999937e+01 -7.777000000000000135e+00 -2.971000000000000085e+00
-4.959999999999999964e+00 -9.188000000000000611e+00 4.256000000000000227e+00 -3.770999999999999908e+00
4.776700000000000301e+01 1.287899999999999956e+01 1.926699999999999946e+01 -2.004000000000000004e+00
9.326399999999999579e+01 3.186499999999999844e+01 2.874200000000000088e+01 6.730000000000000426e-01
9.710500000000000398e+01 3.828099999999999881e+01 2.434600000000000009e+01 2.004999999999999893e+00
6.135799999999999699e+01 3.263499999999999801e+01 7.522999999999999687e+00 1.610000000000000098e+00
1.836299999999999955e+01 2.291700000000000159e+01 -8.445000000000000284e+00 3.230000000000000093e-01
-1.014600000000000080e+01 1.284600000000000009e+01 -1.206700000000000017e+01 -1.141999999999999904e+00
-3.162500000000000000e+01 -2.851999999999999869e+00 -6.498000000000000220e+00 -1.556000000000000050e+00
-5.433500000000000085e+01 -2.539499999999999957e+01 -3.125999999999999890e+00 5.879999999999999671e-01
-6.427500000000000568e+01 -4.344100000000000250e+01 -7.629999999999999893e+00 4.631000000000000227e+00
-4.949099999999999966e+01 -4.777600000000000335e+01 -1.650600000000000023e+01 7.230999999999999872e+00
-2.502700000000000102e+01 -4.269800000000000040e+01 -2.111899999999999977e+01 5.753999999999999559e+00
-9.752000000000000668e+00 -3.335300000000000153e+01 -1.373600000000000065e+01 1.237000000000000099e+00
1.437999999999999945e+00 -1.653099999999999881e+01 5.086000000000000298e+00 -3.120000000000000107e+00
2.030600000000000094e+01 7.086999999999999744e+00 2.528399999999999892e+01 -5.623999999999999666e+00
4.123799999999999955e+01 2.641199999999999903e+01 3.644800000000000040e+01 -7.064000000000000057e+00
5.359799999999999898e+01 3.297599999999999909e+01 3.771699999999999875e+01 -8.294000000000000483e+00
5.744299999999999784e+01 2.866000000000000014e+01 3.552000000000000313e+01 -8.260999999999999233e+00
5.321399999999999864e+01 1.817899999999999849e+01 3.119099999999999895e+01 -5.858999999999999986e+00
3.582300000000000040e+01 4.389000000000000234e+00 1.877799999999999869e+01 -2.642999999999999794e+00
6.706999999999999851e+00 -9.369999999999999218e+00 -1.778000000000000025e+00 -9.619999999999999662e-01
-2.314300000000000068e+01 -1.919900000000000162e+01 -2.014499999999999957e+01 -5.050000000000000044e-01
-4.183100000000000307e+01 -2.189300000000000068e+01 -2.775199999999999889e+01 2.939999999999999836e-01
-4.210099999999999909e+01 -1.566799999999999926e+01 -2.511700000000000088e+01 1.153999999999999915e+00
-2.712199999999999989e+01 -3.790999999999999925e+00 -1.700700000000000145e+01 1.125999999999999890e+00
-1.038000000000000078e+01 5.209999999999999964e+00 -8.419999999999999929e+00 1.403000000000000025e+00
-5.709999999999999520e-01 7.293000000000000149e+00 -4.003000000000000114e+00 4.296000000000000263e+00
9.389999999999999458e-01 6.626000000000000334e+00 -6.078000000000000291e+00 9.118000000000000327e+00
-1.815700000000000003e+01 4.416000000000000369e+00 -1.331499999999999950e+01 1.122700000000000031e+01
-6.675499999999999545e+01 -2.672000000000000153e+00 -2.042899999999999849e+01 7.453000000000000291e+00
-1.100060000000000002e+02 -9.710000000000000853e+00 -1.956700000000000017e+01 9.310000000000000497e-01
-9.591800000000000637e+01 -6.344000000000000306e+00 -7.998000000000000220e+00 -2.794000000000000039e+00
-3.076200000000000045e+01 6.073000000000000398e+00 5.581999999999999851e+00 -2.972999999999999865e+00
2.448600000000000065e+01 1.304400000000000048e+01 8.900000000000000355e+00 -3.452999999999999847e+00
3.369800000000000040e+01 3.351999999999999869e+00 1.034999999999999920e+00 -6.230999999999999872e+00
1.753900000000000148e+01 -1.649299999999999855e+01 -4.722999999999999865e+00 -8.580999999999999517e+00
9.912000000000000810e+00 -2.623900000000000077e+01 3.520000000000000018e+00 -7.562000000000000277e+00
1.808899999999999864e+01 -1.490099999999999980e+01 1.918299999999999983e+01 -4.495000000000000107e+00
2.999800000000000111e+01 5.530999999999999694e+00 2.439600000000000080e+01 -2.633000000000000007e+00
3.784400000000000119e+01 1.762099999999999866e+01 1.548399999999999999e+01 -2.763999999999999790e+00
4.281499999999999773e+01 1.972100000000000009e+01 7.782000000000000028e+00 -3.253000000000000114e+00
4.502600000000000335e+01 1.887500000000000000e+01 1.165199999999999925e+01 -2.581999999999999851e+00
3.917799999999999727e+01 1.530199999999999960e+01 1.773999999999999844e+01 -8.589999999999999858e-01
2.274299999999999855e+01 6.633000000000000007e+00 1.209900000000000020e+01 4.040000000000000258e-01
2.838000000000000078e+00 -3.544999999999999929e+00 -3.363999999999999879e+00 4.989999999999999991e-01
-1.141999999999999993e+01 -1.081799999999999962e+01 -1.377999999999999936e+01 1.014000000000000012e+00
-1.692299999999999827e+01 -1.371700000000000053e+01 -1.115799999999999947e+01 3.427999999999999936e+00
-1.250099999999999945e+01 -9.207000000000000739e+00 -2.237000000000000099e+00 6.227999999999999758e+00
8.319999999999999618e-01 3.351999999999999869e+00 3.632000000000000117e+00 6.493999999999999773e+00
1.240399999999999991e+01 1.434800000000000075e+01 4.897000000000000242e+00 3.805000000000000160e+00
9.351000000000000867e+00 1.435500000000000043e+01 3.605999999999999872e+00 9.719999999999999751e-01
-5.594999999999999751e+00 9.362999999999999545e+00 4.030000000000000249e-01 6.620000000000000329e-01
-1.773400000000000176e+01 9.861000000000000654e+00 -2.559000000000000163e+00 2.150999999999999801e+00
-2.322500000000000142e+01 1.089799999999999969e+01 -3.040000000000000036e+00 2.420999999999999819e+00
-3.143100000000000094e+01 1.328999999999999959e+00 -4.991999999999999993e+00 6.590000000000000302e-01
-4.187500000000000000e+01 -1.379499999999999993e+01 -1.335599999999999987e+01 -3.599999999999999867e-01
-3.922999999999999687e+01 -1.881899999999999906e+01 -2.350100000000000122e+01 1.328000000000000069e+00
-1.800499999999999901e+01 -1.010399999999999920e+01 -2.615700000000000003e+01 3.706999999999999851e+00
6.496000000000000441e+00 2.745000000000000107e+00 -1.990800000000000125e+01 4.006999999999999673e+00
2.035300000000000153e+01 1.293399999999999928e+01 -9.433999999999999275e+00 2.557999999999999829e+00
2.752199999999999847e+01 2.009600000000000009e+01 4.211000000000000298e+00 1.534000000000000030e+00
3.470300000000000296e+01 2.234700000000000131e+01 2.146000000000000085e+01 1.643999999999999906e+00
3.575900000000000034e+01 1.689199999999999946e+01 3.514300000000000068e+01 1.820000000000000062e+00
2.291799999999999926e+01 6.663999999999999702e+00 3.410199999999999676e+01 1.566999999999999948e+00
1.336999999999999966e+00 -2.065999999999999837e+00 1.754500000000000171e+01 1.665999999999999925e+00
-1.630399999999999849e+01 -7.057000000000000384e+00 -1.437000000000000055e+00 2.045999999999999819e+00
-2.163800000000000168e+01 -9.217999999999999972e+00 -9.586000000000000298e+00 1.364999999999999991e+00
-1.407399999999999984e+01 -7.472999999999999865e+00 -6.004999999999999893e+00 -4.189999999999999836e-01
6.029999999999999805e-01 -7.139999999999999680e-01 1.574999999999999956e+00 -1.669000000000000039e+00
1.359699999999999953e+01 7.528999999999999915e+00 7.655999999999999694e+00 -1.689999999999999947e+00
1.845100000000000051e+01 1.201399999999999935e+01 1.134900000000000020e+01 -1.292000000000000037e+00
1.391099999999999959e+01 1.181799999999999962e+01 1.167099999999999937e+01 -1.004999999999999893e+00
3.480999999999999872e+00 9.566000000000000725e+00 6.455000000000000071e+00 -6.360000000000000098e-01
-5.753000000000000114e+00 6.971000000000000085e+00 -3.249000000000000110e+00 -1.300000000000000044e-01
-7.512999999999999901e+00 4.357000000000000206e+00 -1.174900000000000055e+01 2.790000000000000258e-01
-2.803999999999999826e+00 1.874000000000000110e+00 -1.496299999999999919e+01 5.200000000000000178e-01
1.133000000000000007e+00 -1.344000000000000083e+00 -1.510200000000000031e+01 6.370000000000000107e-01
1.022999999999999909e+00 -6.445999999999999730e+00 -1.555300000000000082e+01 3.659999999999999920e-01
2.580000000000000071e+00 -1.191200000000000081e+01 -1.504400000000000048e+01 -5.869999999999999662e-01
1.030199999999999960e+01 -1.459299999999999997e+01 -1.095599999999999952e+01 -1.729999999999999982e+00
1.788299999999999912e+01 -1.346799999999999997e+01 -4.817000000000000171e+00 -2.096999999999999975e+00
1.768299999999999983e+01 -9.563000000000000611e+00 -1.092999999999999972e+00 -1.641000000000000014e+00
1.382099999999999973e+01 -5.113000000000000433e+00 -2.075000000000000178e+00 -1.340000000000000080e+00
1.737500000000000000e+01 -3.955999999999999961e+00 -5.519999999999999574e+00 -1.375999999999999890e+00
3.123400000000000176e+01 -7.448000000000000398e+00 -8.117000000000000881e+00 -1.700000000000000122e-01
4.123299999999999699e+01 -1.044400000000000084e+01 -9.660999999999999588e+00 3.431000000000000050e+00
2.829500000000000171e+01 -6.240999999999999659e+00 -1.020599999999999952e+01 7.413999999999999702e+00
-4.689999999999999725e-01 6.246000000000000441e+00 -6.065999999999999837e+00 8.025000000000000355e+00
-8.163000000000000256e+00 2.266799999999999926e+01 5.437000000000000277e+00 4.277000000000000135e+00
2.076399999999999935e+01 3.597800000000000153e+01 1.893599999999999994e+01 -9.579999999999999627e-01
4.500500000000000256e+01 3.643699999999999761e+01 2.374699999999999989e+01 -4.842999999999999972e+00
1.680499999999999972e+01 1.740200000000000102e+01 1.512599999999999945e+01 -7.721000000000000085e+00
-4.774900000000000233e+01 -1.222799999999999976e+01 1.559999999999999998e-01 -1.132000000000000028e+01
-8.521099999999999852e+01 -3.093199999999999861e+01 -1.003700000000000081e+01 -1.469599999999999973e+01
-6.113300000000000267e+01 -2.683399999999999963e+01 -1.064000000000000057e+01 -1.405100000000000016e+01
3.790000000000000036e-01 -7.777999999999999581e+00 -3.657000000000000028e+00 -8.037000000000000810e+00
5.767199999999999704e+01 1.249399999999999977e+01 6.604000000000000092e+00 -1.098000000000000087e+00
9.089499999999999602e+01 2.589199999999999946e+01 1.520899999999999963e+01 1.625000000000000000e+00
9.102200000000000557e+01 2.772599999999999909e+01 1.785900000000000176e+01 4.939999999999999947e-01
4.157999999999999829e+01 1.562800000000000011e+01 1.339600000000000080e+01 -7.239999999999999769e-01
-5.850200000000000244e+01 -6.809999999999999609e+00 3.119000000000000217e+00 -3.099999999999999978e-01
-1.670670000000000073e+02 -2.948400000000000176e+01 -1.047000000000000064e+01 8.010000000000000453e-01
-2.216059999999999945e+02 -4.017799999999999727e+01 -2.075300000000000011e+01 1.552000000000000046e+00
-1.957040000000000077e+02 -3.398599999999999710e+01 -1.992800000000000082e+01 1.887999999999999901e+00
-1.223469999999999942e+02 -1.901699999999999946e+01 -1.071899999999999942e+01 2.156000000000000139e+00
-5.596500000000000341e+01 -7.032000000000000028e+00 -5.041999999999999815e+00 2.321000000000000174e+00
-2.033899999999999864e+01 -6.860000000000000542e-01 -6.477999999999999758e+00 2.028000000000000025e+00
-3.031000000000000139e+00 3.738999999999999879e+00 -7.373999999999999666e+00 1.332000000000000073e+00
9.871000000000000441e+00 5.277999999999999581e+00 -4.958999999999999631e+00 1.116999999999999993e+00
1.659199999999999875e+01 -7.620000000000000107e-01 -4.972999999999999865e+00 2.611000000000000210e+00
1.680199999999999960e+01 -1.173199999999999932e+01 -8.798999999999999488e+00 5.964999999999999858e+00
1.977599999999999980e+01 -1.757499999999999929e+01 -9.967999999999999972e+00 9.259999999999999787e+00
2.850000000000000000e+01 -1.348099999999999987e+01 -4.607000000000000206e+00 1.003599999999999959e+01
3.627199999999999847e+01 -3.866999999999999993e+00 2.939000000000000057e+00 7.995000000000000107e+00
4.352300000000000324e+01 7.384999999999999787e+00 8.496999999999999886e+00 4.953000000000000291e+00
5.978300000000000125e+01 2.146300000000000097e+01 1.665500000000000114e+01 2.230999999999999872e+00
8.343000000000000682e+01 3.506400000000000006e+01 3.209799999999999898e+01 -6.079999999999999849e-01
9.374399999999999977e+01 3.396999999999999886e+01 4.532900000000000063e+01 -4.312999999999999723e+00
7.459600000000000364e+01 7.945999999999999730e+00 4.115899999999999892e+01 -8.378000000000000114e+00
3.819899999999999807e+01 -2.973600000000000065e+01 2.105199999999999960e+01 -1.138400000000000034e+01
1.056700000000000017e+01 -5.208100000000000307e+01 1.762999999999999901e+00 -1.194500000000000028e+01
6.300000000000000044e-01 -4.753999999999999915e+01 -6.578000000000000291e+00 -9.194000000000000838e+00
6.520000000000000240e-01 -2.716600000000000037e+01 -7.546999999999999709e+00 -3.600000000000000089e+00
6.687000000000000277e+00 -7.105999999999999872e+00 -8.419000000000000483e+00 2.867999999999999883e+00
1.757400000000000162e+01 4.051000000000000156e+00 -1.185500000000000043e+01 7.615999999999999659e+00
2.167200000000000060e+01 4.112000000000000099e+00 -1.359900000000000020e+01 8.260999999999999233e+00
7.054999999999999716e+00 -4.895999999999999908e+00 -7.532000000000000028e+00 4.679000000000000270e+00
-1.535200000000000031e+01 -1.403999999999999915e+01 4.918000000000000149e+00 5.669999999999999485e-01
-1.928600000000000136e+01 -1.099900000000000055e+01 1.369800000000000040e+01 -2.859999999999999765e-01
1.108000000000000096e+00 5.400000000000000355e+00 1.088199999999999967e+01 9.969999999999999973e-01
2.280900000000000105e+01 2.129100000000000037e+01 1.411000000000000032e+00 3.270000000000000129e-01
2.673699999999999832e+01 2.563200000000000145e+01 -2.571000000000000174e+00 -2.902000000000000135e+00
1.917800000000000082e+01 2.242699999999999960e+01 -6.939999999999999503e-01 -4.857999999999999652e+00
1.415799999999999947e+01 1.965700000000000003e+01 -5.817999999999999616e+00 -3.491999999999999993e+00
9.618999999999999773e+00 1.773999999999999844e+01 -2.071399999999999864e+01 -1.546000000000000041e+00
-3.666999999999999815e+00 1.627700000000000102e+01 -2.906700000000000017e+01 -1.627999999999999892e+00
-1.073199999999999932e+01 2.314499999999999957e+01 -1.755499999999999972e+01 -2.565999999999999837e+00
2.172200000000000131e+01 4.670100000000000051e+01 7.610000000000000320e+00 -2.172000000000000153e+00
9.233100000000000307e+01 8.078499999999999659e+01 3.148699999999999832e+01 -1.209999999999999964e-01
1.485629999999999882e+02 1.048709999999999951e+02 4.362199999999999989e+01 2.486000000000000210e+00
1.437599999999999909e+02 9.991100000000000136e+01 3.954200000000000159e+01 4.142000000000000348e+00
8.667799999999999727e+01 6.336800000000000210e+01 2.345200000000000173e+01 3.741000000000000103e+00
2.077400000000000091e+01 1.370700000000000074e+01 7.921000000000000263e+00 1.874000000000000110e+00
-2.374599999999999866e+01 -2.128900000000000148e+01 1.358000000000000096e+00 6.680000000000000382e-01
-4.478199999999999648e+01 -2.941900000000000048e+01 5.370000000000000329e-01 1.314000000000000057e+00
-5.295799999999999841e+01 -2.495100000000000051e+01 -1.074999999999999956e+00 2.702999999999999847e+00
-5.847699999999999676e+01 -2.748900000000000077e+01 -5.400999999999999801e+00 3.213999999999999968e+00
-6.836799999999999500e+01 -3.783800000000000097e+01 -1.098300000000000054e+01 2.682999999999999829e+00
-8.289199999999999591e+01 -4.397500000000000142e+01 -1.558799999999999919e+01 1.977000000000000091e+00
-9.219199999999999307e+01 -4.142799999999999727e+01 -1.796300000000000097e+01 1.639000000000000012e+00
-8.463299999999999557e+01 -3.609499999999999886e+01 -1.922299999999999898e+01 1.701000000000000068e+00
-6.224699999999999989e+01 -3.342300000000000182e+01 -2.065700000000000003e+01 2.000999999999999890e+00
-4.207600000000000051e+01 -3.423899999999999721e+01 -2.111299999999999955e+01 1.981999999999999984e+00
-3.542000000000000171e+01 -3.591599999999999682e+01 -1.848799999999999955e+01 1.175000000000000044e+00
-3.225800000000000267e+01 -3.343399999999999750e+01 -1.224300000000000033e+01 2.829999999999999738e-01
-1.851099999999999923e+01 -2.547899999999999920e+01 -4.520999999999999908e+00 4.359999999999999987e-01
-4.800000000000000100e-02 -1.772100000000000009e+01 5.060000000000000053e-01 1.387999999999999901e+00
6.121000000000000441e+00 -1.481099999999999994e+01 5.800000000000000294e-02 1.879999999999999893e+00
-4.682999999999999829e+00 -1.603399999999999892e+01 -4.934000000000000163e+00 1.433000000000000052e+00
-2.370100000000000051e+01 -2.128099999999999881e+01 -1.234399999999999942e+01 6.340000000000000080e-01
-4.297899999999999920e+01 -3.185600000000000165e+01 -2.148199999999999932e+01 7.799999999999999989e-02
-5.949099999999999966e+01 -4.382200000000000273e+01 -3.134600000000000009e+01 1.419999999999999873e-01
-6.903100000000000591e+01 -4.778600000000000136e+01 -3.776299999999999812e+01 1.784999999999999920e+00
-6.604800000000000182e+01 -3.785300000000000153e+01 -3.479899999999999949e+01 5.711999999999999744e+00
-5.082600000000000051e+01 -1.833999999999999986e+01 -2.108299999999999841e+01 9.605999999999999872e+00
-2.986100000000000065e+01 7.500000000000000000e-01 -3.387999999999999901e+00 8.910999999999999588e+00
-8.419000000000000483e+00 1.339600000000000080e+01 9.929000000000000270e+00 2.564999999999999947e+00
1.044200000000000017e+01 1.937900000000000134e+01 1.703300000000000125e+01 -4.711000000000000298e+00
2.193100000000000094e+01 1.922500000000000142e+01 2.022100000000000009e+01 -8.199999999999999289e+00
2.325300000000000011e+01 1.261700000000000088e+01 1.975700000000000145e+01 -9.102000000000000313e+00
1.827499999999999858e+01 1.062000000000000055e+00 1.530799999999999983e+01 -1.151200000000000045e+01
1.505400000000000027e+01 -8.522000000000000242e+00 1.078100000000000058e+01 -1.434600000000000009e+01
2.163700000000000045e+01 -4.937000000000000277e+00 1.252699999999999925e+01 -1.197400000000000020e+01
3.635999999999999943e+01 1.281700000000000017e+01 2.121799999999999997e+01 -4.325000000000000178e+00
4.110399999999999920e+01 2.560099999999999909e+01 2.862199999999999989e+01 1.316000000000000059e+00
2.316300000000000026e+01 1.667500000000000071e+01 2.655199999999999960e+01 1.004999999999999893e+00
-2.200000000000000011e-01 -2.623000000000000220e+00 1.680900000000000105e+01 -1.372000000000000108e+00
-3.180000000000000160e+00 -1.060100000000000087e+01 7.035000000000000142e+00 -1.919999999999999929e+00
1.324600000000000044e+01 -5.900000000000000355e+00 6.720000000000000417e-01 -1.701000000000000068e+00
2.825499999999999901e+01 4.249999999999999889e-01 -2.108000000000000096e+00 -2.527000000000000135e+00
2.959600000000000009e+01 6.676000000000000156e+00 -4.359999999999999987e-01 -3.275999999999999801e+00
1.927299999999999969e+01 1.464700000000000024e+01 2.806999999999999940e+00 -2.305000000000000160e+00
4.214999999999999858e+00 1.796300000000000097e+01 9.979999999999999982e-01 -2.550000000000000044e-01
-7.705000000000000071e+00 1.272799999999999976e+01 -6.326999999999999957e+00 1.356000000000000094e+00
-9.500999999999999446e+00 7.764000000000000234e+00 -1.143599999999999994e+01 2.290999999999999925e+00
1.400000000000000029e-02 1.162599999999999945e+01 -9.442999999999999616e+00 2.907000000000000028e+00
1.406400000000000006e+01 1.831599999999999895e+01 -4.524000000000000021e+00 2.931000000000000050e+00
2.260900000000000176e+01 1.680000000000000071e+01 -2.646999999999999797e+00 2.071000000000000174e+00
2.009900000000000020e+01 7.373999999999999666e+00 -4.705000000000000071e+00 7.740000000000000213e-01
9.987999999999999545e+00 -1.772999999999999909e+00 -8.974999999999999645e+00 -4.010000000000000231e-01
1.965000000000000080e+00 -5.972000000000000419e+00 -1.319999999999999929e+01 -1.318999999999999950e+00
4.056000000000000050e+00 -2.045999999999999819e+00 -1.326900000000000013e+01 -1.665000000000000036e+00
1.607799999999999940e+01 1.408099999999999952e+01 -7.288999999999999702e+00 -8.910000000000000142e-01
2.962999999999999901e+01 3.642799999999999727e+01 4.079999999999999738e-01 5.130000000000000115e-01
3.590400000000000347e+01 4.722399999999999665e+01 5.780999999999999694e+00 1.213999999999999968e+00
3.298499999999999943e+01 3.782300000000000040e+01 1.124300000000000033e+01 1.145000000000000018e+00
2.268199999999999861e+01 2.026399999999999935e+01 1.919200000000000017e+01 1.489000000000000101e+00
5.913999999999999702e+00 8.487999999999999545e+00 2.497400000000000020e+01 2.326999999999999957e+00
-1.214700000000000024e+01 1.786000000000000032e+00 2.288700000000000045e+01 2.603000000000000203e+00
-2.035200000000000031e+01 -4.024000000000000021e+00 1.474099999999999966e+01 2.222999999999999865e+00
-1.357000000000000028e+01 -5.032000000000000028e+00 6.690000000000000391e+00 1.870999999999999996e+00
-1.118000000000000105e+00 2.039999999999999869e-01 4.560000000000000164e-01 1.372999999999999998e+00
3.616000000000000103e+00 2.811999999999999833e+00 -7.554000000000000270e+00 4.400000000000000022e-01
-7.019999999999999574e-01 -2.870000000000000107e+00 -1.857900000000000063e+01 -7.099999999999999367e-02
-3.967000000000000082e+00 -9.439000000000000057e+00 -2.665099999999999980e+01 6.490000000000000213e-01
-3.709999999999999964e-01 -7.987000000000000099e+00 -2.461299999999999955e+01 2.206999999999999851e+00
4.560999999999999943e+00 4.640000000000000235e-01 -1.345599999999999952e+01 3.737999999999999989e+00
4.280000000000000249e+00 9.358999999999999986e+00 -1.612000000000000099e+00 4.509000000000000341e+00
1.461999999999999966e+00 1.455700000000000038e+01 4.777999999999999581e+00 3.770000000000000018e+00
4.046000000000000263e+00 1.573300000000000054e+01 7.725999999999999979e+00 1.288000000000000034e+00
1.516900000000000048e+01 1.438499999999999979e+01 1.265799999999999947e+01 -1.481000000000000094e+00
3.163800000000000168e+01 1.274399999999999977e+01 1.924399999999999977e+01 -2.063000000000000167e+00
4.642600000000000193e+01 1.304199999999999982e+01 2.086299999999999955e+01 -1.990000000000000102e-01
4.729800000000000182e+01 1.453999999999999915e+01 1.547700000000000031e+01 1.389999999999999902e+00
2.645599999999999952e+01 1.260100000000000087e+01 1.056300000000000061e+01 9.240000000000000435e-01
-2.811999999999999833e+00 4.998999999999999666e+00 1.143599999999999994e+01 -2.379999999999999893e-01
-1.874699999999999989e+01 -3.633000000000000007e+00 1.232199999999999918e+01 -5.460000000000000409e-01
-2.169399999999999906e+01 -8.060000000000000497e+00 6.669999999999999929e+00 -1.084000000000000075e+00
-2.997800000000000153e+01 -8.698000000000000398e+00 -1.919000000000000039e+00 -3.693000000000000060e+00
-4.789999999999999858e+01 -8.175000000000000711e+00 -6.790000000000000036e+00 -7.214000000000000412e+00
-5.949600000000000222e+01 -7.352000000000000313e+00 -8.871000000000000441e+00 -8.003999999999999559e+00
-5.495400000000000063e+01 -7.628999999999999559e+00 -1.326399999999999935e+01 -4.825000000000000178e+00
-4.524600000000000222e+01 -1.163799999999999990e+01 -1.948400000000000176e+01 -7.159999999999999698e-01
-4.311999999999999744e+01 -1.840399999999999991e+01 -2.159799999999999898e+01 1.030999999999999917e+00
-4.373299999999999699e+01 -2.316300000000000026e+01 -1.780600000000000094e+01 4.089999999999999747e-01
-3.600800000000000267e+01 -2.502400000000000091e+01 -1.351800000000000068e+01 -5.610000000000000542e-01
-2.141300000000000026e+01 -2.721999999999999886e+01 -1.333000000000000007e+01 -5.580000000000000515e-01
-7.815000000000000391e+00 -2.825300000000000011e+01 -1.597000000000000064e+01 2.550000000000000044e-01
4.937999999999999723e+00 -2.354100000000000037e+01 -1.814099999999999824e+01 8.900000000000000133e-01
1.908599999999999852e+01 -1.505700000000000038e+01 -1.765500000000000114e+01 5.450000000000000400e-01
2.912699999999999889e+01 -7.477000000000000313e+00 -1.370199999999999996e+01 -2.469999999999999973e-01
3.253499999999999659e+01 2.564999999999999947e+00 -7.823000000000000398e+00 3.190000000000000058e-01
3.838600000000000279e+01 2.054100000000000037e+01 -1.062999999999999945e+00 2.737999999999999989e+00
4.835199999999999676e+01 3.635699999999999932e+01 8.691000000000000725e+00 4.605000000000000426e+00
4.095600000000000307e+01 2.687999999999999901e+01 1.990099999999999980e+01 3.854999999999999982e+00
4.610000000000000209e-01 -1.139799999999999969e+01 2.625700000000000145e+01 1.995000000000000107e+00
-4.327799999999999869e+01 -4.434899999999999665e+01 3.041400000000000148e+01 1.473000000000000087e+00
-4.193699999999999761e+01 -3.881700000000000017e+01 4.294500000000000028e+01 2.015000000000000124e+00
-9.120000000000000329e-01 -9.570000000000000284e+00 5.906499999999999773e+01 2.232000000000000206e+00
2.376099999999999923e+01 3.459000000000000075e+00 5.750300000000000011e+01 2.279999999999999805e+00
9.468999999999999417e+00 -6.296000000000000263e+00 3.249099999999999966e+01 2.410000000000000142e+00
-6.248000000000000220e+00 -1.170500000000000007e+01 5.394000000000000128e+00 1.810000000000000053e+00
8.179000000000000270e+00 7.840000000000000302e-01 -5.246000000000000441e+00 1.070000000000000062e+00
3.690899999999999892e+01 1.715099999999999980e+01 -5.030000000000000249e+00 2.668000000000000149e+00
5.101200000000000045e+01 2.313500000000000156e+01 -6.932999999999999829e+00 6.820000000000000284e+00
4.536800000000000210e+01 2.027299999999999969e+01 -1.200699999999999967e+01 9.622999999999999332e+00
3.126300000000000168e+01 1.484699999999999953e+01 -1.572799999999999976e+01 7.929000000000000270e+00
1.694000000000000128e+01 8.137000000000000455e+00 -1.953399999999999892e+01 4.126999999999999780e+00
7.118999999999999773e+00 2.001999999999999780e+00 -2.662699999999999889e+01 2.721000000000000085e+00
1.035699999999999932e+01 2.794999999999999929e+00 -3.361899999999999977e+01 3.103000000000000203e+00
3.284400000000000119e+01 1.347400000000000020e+01 -3.284199999999999875e+01 1.010000000000000064e-01
6.315599999999999881e+01 2.772299999999999898e+01 -2.046600000000000108e+01 -7.698000000000000398e+00
7.273600000000000421e+01 3.481799999999999784e+01 -1.834999999999999964e+00 -1.452599999999999980e+01
3.961899999999999977e+01 2.663400000000000034e+01 9.981999999999999318e+00 -1.477399999999999913e+01
-2.644300000000000139e+01 2.516999999999999904e+00 5.996000000000000441e+00 -1.095500000000000007e+01
-8.593500000000000227e+01 -2.606099999999999994e+01 -5.900999999999999801e+00 -1.006600000000000072e+01
-1.027519999999999953e+02 -4.021800000000000352e+01 -8.064999999999999503e+00 -1.276800000000000068e+01
-7.492400000000000659e+01 -3.250800000000000267e+01 3.279999999999999805e+00 -1.257300000000000040e+01
-2.924500000000000099e+01 -1.669099999999999895e+01 1.177100000000000080e+01 -6.804000000000000270e+00
7.222999999999999865e+00 -1.004499999999999993e+01 3.172000000000000153e+00 -8.239999999999999547e-01
2.298900000000000077e+01 -1.256199999999999939e+01 -1.724299999999999855e+01 5.450000000000000400e-01
1.965599999999999881e+01 -1.288499999999999979e+01 -3.452000000000000313e+01 -7.890000000000000346e-01
5.753000000000000114e+00 -9.249000000000000554e+00 -4.078499999999999659e+01 -5.290000000000000258e-01
-1.159099999999999930e+01 -1.286200000000000010e+01 -3.816599999999999682e+01 1.887999999999999901e+00
-3.063700000000000045e+01 -2.706400000000000006e+01 -3.165599999999999881e+01 3.669999999999999929e+00
-4.313600000000000279e+01 -3.447800000000000153e+01 -2.234600000000000009e+01 3.386000000000000121e+00
-3.229500000000000171e+01 -1.911799999999999855e+01 -9.026999999999999247e+00 2.713000000000000078e+00
-9.829999999999999849e-01 6.597999999999999865e+00 4.522000000000000242e+00 3.298000000000000043e+00
2.070100000000000051e+01 1.700900000000000034e+01 1.274300000000000033e+01 4.738999999999999879e+00
1.726999999999999957e+01 9.432999999999999829e+00 1.902799999999999869e+01 6.525999999999999801e+00
6.809000000000000163e+00 2.641999999999999904e+00 2.948400000000000176e+01 8.701000000000000512e+00
3.607000000000000206e+00 5.141000000000000014e+00 3.865200000000000102e+01 9.717999999999999972e+00
8.289999999999999591e-01 8.721000000000000085e+00 3.807300000000000040e+01 7.258000000000000007e+00
-2.903999999999999915e+00 8.534000000000000696e+00 3.122200000000000131e+01 1.955999999999999961e+00
1.076999999999999957e+00 8.061999999999999389e+00 2.400000000000000000e+01 -2.603000000000000203e+00
9.320000000000000284e+00 7.152000000000000135e+00 1.335899999999999999e+01 -4.315999999999999837e+00
1.002699999999999925e+01 1.717999999999999972e+00 -1.231999999999999984e+00 -5.035000000000000142e+00
4.666999999999999815e+00 -4.676999999999999602e+00 -9.868000000000000327e+00 -6.907000000000000028e+00
3.480999999999999872e+00 -1.153999999999999915e+00 -6.942999999999999616e+00 -7.895999999999999908e+00
5.812999999999999723e+00 1.559699999999999953e+01 -6.490000000000000213e-01 -4.907000000000000028e+00
4.392999999999999794e+00 3.641700000000000159e+01 7.229999999999999760e-01 1.290000000000000036e-01
2.351999999999999869e+00 5.171800000000000352e+01 -1.089999999999999997e-01 2.745999999999999996e+00
6.998000000000000220e+00 5.748899999999999721e+01 1.034999999999999920e+00 2.802000000000000046e+00
1.077399999999999913e+01 5.007900000000000063e+01 1.050000000000000044e+00 3.431999999999999940e+00
-5.432999999999999829e+00 2.930900000000000105e+01 -2.075000000000000178e+00 5.185999999999999943e+00
-4.500099999999999767e+01 6.126000000000000334e+00 -2.931000000000000050e+00 6.067000000000000171e+00
-8.187900000000000489e+01 -6.774000000000000021e+00 1.177000000000000046e+00 5.357000000000000206e+00
-8.893800000000000239e+01 -1.175900000000000034e+01 3.229000000000000092e+00 3.442000000000000171e+00
-7.221399999999999864e+01 -2.176599999999999824e+01 -2.810000000000000053e+00 2.320000000000000118e-01
-5.904099999999999682e+01 -3.915899999999999892e+01 -1.252500000000000036e+01 -3.483999999999999986e+00
-6.111999999999999744e+01 -5.011500000000000199e+01 -1.814300000000000068e+01 -5.480000000000000426e+00
-6.365200000000000102e+01 -4.175399999999999778e+01 -1.699399999999999977e+01 -4.365000000000000213e+00
-4.592000000000000171e+01 -1.664000000000000057e+01 -9.243000000000000327e+00 -9.909999999999999920e-01
-7.985999999999999766e+00 9.954000000000000625e+00 3.064999999999999947e+00 2.463000000000000078e+00
2.574099999999999966e+01 2.162399999999999878e+01 1.296000000000000085e+01 4.033000000000000362e+00
3.537299999999999756e+01 1.351999999999999957e+01 1.480700000000000038e+01 3.162999999999999812e+00
2.946499999999999986e+01 -3.491000000000000103e+00 1.220700000000000074e+01 1.044000000000000039e+00
2.875600000000000023e+01 -1.620700000000000074e+01 1.076900000000000013e+01 -4.369999999999999996e-01
3.732699999999999818e+01 -2.228000000000000114e+01 8.784000000000000696e+00 -4.889999999999999902e-01
4.517900000000000205e+01 -2.404899999999999949e+01 3.940999999999999837e+00 5.299999999999999850e-02
5.299000000000000199e+01 -1.989399999999999835e+01 1.461999999999999966e+00 2.069999999999999896e-01
7.409399999999999409e+01 -1.036999999999999922e+01 5.389000000000000234e+00 1.660000000000000087e-01
1.018359999999999985e+02 -4.639000000000000234e+00 8.601000000000000867e+00 5.789999999999999591e-01
9.526500000000000057e+01 -1.218399999999999928e+01 1.344999999999999973e+00 1.268000000000000016e+00
2.896199999999999974e+01 -2.944399999999999906e+01 -1.449000000000000021e+01 1.346999999999999975e+00
-5.329899999999999949e+01 -4.003699999999999903e+01 -2.680600000000000094e+01 2.610000000000000098e-01
-7.870900000000000318e+01 -3.140099999999999980e+01 -2.749800000000000111e+01 -1.427999999999999936e+00
-3.748499999999999943e+01 -8.737999999999999545e+00 -2.008399999999999963e+01 -2.248000000000000220e+00
1.130100000000000016e+01 1.153299999999999947e+01 -1.233699999999999974e+01 -1.399999999999999911e+00
2.307300000000000040e+01 1.887800000000000011e+01 -6.980999999999999872e+00 1.580000000000000016e-01
8.929000000000000270e+00 1.390199999999999925e+01 -2.944999999999999840e+00 1.185999999999999943e+00
-4.389000000000000234e+00 2.617999999999999883e+00 4.440000000000000058e-01 1.749000000000000110e+00
-9.166999999999999815e+00 -5.166000000000000369e+00 4.597999999999999865e+00 2.232000000000000206e+00
-6.248999999999999666e+00 8.120000000000000551e-01 1.150000000000000000e+01 2.379999999999999893e+00
4.565999999999999837e+00 1.774599999999999866e+01 2.006500000000000128e+01 2.140000000000000124e+00
1.563799999999999990e+01 2.866600000000000037e+01 2.718299999999999983e+01 1.798999999999999932e+00
1.537199999999999989e+01 2.432700000000000173e+01 3.074899999999999878e+01 1.046000000000000041e+00
4.378000000000000114e+00 1.316699999999999982e+01 2.706400000000000006e+01 -6.290000000000000036e-01
-5.700999999999999623e+00 4.746999999999999886e+00 1.198900000000000077e+01 -2.607000000000000206e+00
-5.868999999999999773e+00 -2.630000000000000115e-01 -8.852000000000000313e+00 -3.375000000000000000e+00
5.232000000000000206e+00 -1.689000000000000057e+00 -2.019800000000000040e+01 -2.460999999999999854e+00
2.170899999999999963e+01 2.815999999999999837e+00 -1.417399999999999949e+01 -1.298999999999999932e+00
3.348299999999999699e+01 1.108300000000000018e+01 8.339999999999999636e-01 -1.439999999999999947e+00
3.650300000000000011e+01 1.773999999999999844e+01 1.214300000000000068e+01 -2.616999999999999993e+00
3.634599999999999653e+01 2.080399999999999849e+01 1.558200000000000074e+01 -3.357000000000000206e+00
3.736299999999999955e+01 2.092299999999999827e+01 1.338799999999999990e+01 -2.750999999999999890e+00
3.464800000000000324e+01 1.782799999999999940e+01 7.661999999999999922e+00 -1.366999999999999993e+00
1.807000000000000028e+01 9.842000000000000526e+00 9.449999999999999512e-01 -8.729999999999999982e-01
-1.747500000000000142e+01 -5.919999999999999929e+00 -2.814999999999999947e+00 -1.973999999999999977e+00
-6.013600000000000279e+01 -2.847400000000000020e+01 -3.330000000000000071e+00 -2.954000000000000181e+00
-8.421599999999999397e+01 -4.713300000000000267e+01 -5.706000000000000405e+00 -2.186999999999999833e+00
-7.970900000000000318e+01 -5.171399999999999864e+01 -1.289499999999999957e+01 -1.135999999999999899e+00
-6.697499999999999432e+01 -4.638000000000000256e+01 -2.056500000000000128e+01 -2.024999999999999911e+00
-6.013300000000000267e+01 -3.872800000000000153e+01 -2.241100000000000136e+01 -3.745000000000000107e+00
-4.018200000000000216e+01 -2.446699999999999875e+01 -1.742699999999999960e+01 -3.299999999999999822e+00
4.112000000000000099e+00 -9.909999999999999920e-01 -1.053899999999999970e+01 -3.900000000000000133e-01
4.543099999999999739e+01 1.994699999999999918e+01 -6.059000000000000163e+00 2.516999999999999904e+00
6.456199999999999761e+01 3.246099999999999852e+01 -9.919999999999999929e-01 3.954000000000000181e+00
8.134199999999999875e+01 4.737700000000000244e+01 9.702999999999999403e+00 4.519000000000000128e+00
1.043299999999999983e+02 6.601399999999999579e+01 2.107900000000000063e+01 4.814000000000000057e+00
9.812500000000000000e+01 7.111599999999999966e+01 2.301899999999999835e+01 4.682000000000000384e+00
3.328099999999999881e+01 5.652799999999999869e+01 1.742000000000000171e+01 4.046999999999999709e+00
-5.944500000000000028e+01 3.730299999999999727e+01 1.500699999999999967e+01 2.736000000000000210e+00
-1.082409999999999997e+02 2.468199999999999861e+01 1.573000000000000043e+01 3.709999999999999964e-01
-7.760599999999999454e+01 1.559399999999999942e+01 9.544999999999999929e+00 -2.189999999999999947e+00
-1.334999999999999964e+01 7.043999999999999595e+00 -4.331999999999999851e+00 -3.056000000000000050e+00
1.757400000000000162e+01 2.238999999999999879e+00 -1.444400000000000084e+01 -2.081999999999999851e+00
1.332000000000000028e+01 2.688000000000000167e+00 -1.347199999999999953e+01 -1.193000000000000060e+00
1.632100000000000151e+01 4.996999999999999886e+00 -6.618000000000000327e+00 -1.532000000000000028e+00
3.288600000000000279e+01 4.533000000000000362e+00 -3.415000000000000036e+00 -2.500000000000000000e+00
3.262199999999999989e+01 -1.082999999999999963e+00 -7.953999999999999737e+00 -2.904999999999999805e+00
9.553000000000000824e+00 -8.464000000000000412e+00 -1.658599999999999852e+01 -1.312999999999999945e+00
-8.082000000000000739e+00 -1.066699999999999982e+01 -2.173100000000000165e+01 2.637999999999999901e+00
-2.874000000000000110e+00 -6.828000000000000291e+00 -1.836100000000000065e+01 6.072000000000000064e+00
1.006600000000000072e+01 -2.524999999999999911e+00 -7.615999999999999659e+00 5.107000000000000206e+00
6.524000000000000021e+00 -1.598000000000000087e+00 4.469999999999999751e+00 2.740000000000000213e-01
-1.823300000000000054e+01 -7.493999999999999773e+00 1.050000000000000000e+01 -3.295999999999999819e+00
-4.534599999999999653e+01 -2.302400000000000091e+01 6.778999999999999915e+00 -2.529999999999999805e+00
-5.188100000000000023e+01 -3.904200000000000159e+01 -2.333000000000000185e+00 -8.399999999999999689e-01
-3.625099999999999767e+01 -3.932300000000000040e+01 -7.301999999999999602e+00 -2.535000000000000142e+00
-2.056299999999999883e+01 -2.273000000000000043e+01 -2.709000000000000075e+00 -4.974000000000000199e+00
-2.008500000000000085e+01 -4.844000000000000306e+00 7.517999999999999794e+00 -2.762999999999999901e+00
-2.045100000000000051e+01 2.576000000000000068e+00 1.492300000000000004e+01 2.379999999999999893e+00
-2.033999999999999808e+00 6.939999999999999503e-01 1.566200000000000081e+01 4.144999999999999574e+00
2.457999999999999829e+01 -4.496000000000000441e+00 1.296700000000000053e+01 1.574000000000000066e+00
3.290400000000000347e+01 -7.740999999999999659e+00 1.084099999999999930e+01 -9.499999999999999556e-01
2.123900000000000077e+01 -4.748000000000000220e+00 9.788999999999999702e+00 -1.112000000000000099e+00
1.068399999999999928e+01 3.597999999999999865e+00 9.467000000000000526e+00 -3.509999999999999787e-01
9.612999999999999545e+00 9.881999999999999673e+00 9.602000000000000313e+00 2.400000000000000050e-02
6.416999999999999815e+00 9.442000000000000171e+00 7.149000000000000021e+00 4.010000000000000231e-01
-6.232999999999999652e+00 6.668999999999999595e+00 -7.860000000000000320e-01 1.052000000000000046e+00
-1.934799999999999898e+01 7.780999999999999694e+00 -1.045199999999999996e+01 1.098999999999999977e+00
-2.064900000000000091e+01 1.182000000000000028e+01 -1.544800000000000040e+01 1.799999999999999864e-02
-9.522000000000000242e+00 1.299699999999999989e+01 -1.637999999999999901e+01 -9.649999999999999689e-01
5.850999999999999979e+00 9.521000000000000796e+00 -1.792999999999999972e+01 -3.109999999999999987e-01
2.121799999999999997e+01 5.354000000000000092e+00 -1.910600000000000165e+01 1.602999999999999980e+00
3.612199999999999989e+01 3.379999999999999893e+00 -1.592399999999999949e+01 3.162999999999999812e+00
4.397800000000000153e+01 9.839999999999999858e-01 -1.030400000000000027e+01 3.777000000000000135e+00
3.581300000000000239e+01 -5.762999999999999901e+00 -7.916000000000000369e+00 4.158999999999999808e+00
1.432699999999999996e+01 -1.514499999999999957e+01 -1.061500000000000021e+01 4.868999999999999773e+00
-4.352000000000000313e+00 -2.027299999999999969e+01 -1.547899999999999920e+01 5.365999999999999659e+00
-4.048000000000000043e+00 -1.649800000000000111e+01 -1.709400000000000119e+01 4.552999999999999936e+00
1.571799999999999997e+01 -6.168000000000000149e+00 -1.096000000000000085e+01 2.278000000000000025e+00
3.633299999999999841e+01 1.554999999999999938e+00 3.000000000000000062e-03 -7.399999999999999634e-02
3.806600000000000250e+01 -2.234999999999999876e+00 6.511000000000000121e+00 -1.356999999999999984e+00
2.056599999999999895e+01 -1.412299999999999933e+01 4.831999999999999851e+00 -2.620999999999999996e+00
-2.633999999999999897e+00 -2.184199999999999875e+01 2.409999999999999920e-01 -5.123999999999999666e+00
-2.338500000000000156e+01 -2.300900000000000034e+01 -2.451000000000000068e+00 -6.910000000000000142e+00
-3.957300000000000040e+01 -2.473900000000000077e+01 -2.197999999999999954e+00 -5.155000000000000249e+00
-4.494899999999999807e+01 -2.576000000000000156e+01 2.020999999999999908e+00 -1.276999999999999913e+00
-3.735900000000000176e+01 -1.957100000000000151e+01 8.082000000000000739e+00 7.179999999999999716e-01
-3.075400000000000134e+01 -1.149699999999999989e+01 9.121999999999999886e+00 -1.360000000000000098e-01
-3.829599999999999937e+01 -1.178500000000000014e+01 4.176999999999999602e+00 -1.653000000000000025e+00
-5.088900000000000290e+01 -1.653099999999999881e+01 1.889000000000000012e+00 -2.322999999999999954e+00
-5.058100000000000307e+01 -1.249300000000000033e+01 6.121000000000000441e+00 -2.128000000000000114e+00
-3.591899999999999693e+01 2.650999999999999801e+00 9.178000000000000824e+00 -1.078000000000000069e+00
-2.053600000000000136e+01 1.619900000000000162e+01 5.065000000000000391e+00 8.760000000000000009e-01
-1.310100000000000087e+01 1.615599999999999881e+01 -1.499000000000000110e+00 3.657000000000000028e+00
-7.684999999999999609e+00 4.871000000000000441e+00 -3.629999999999999893e+00 7.309999999999999609e+00
5.451999999999999957e+00 -5.639999999999999680e+00 -1.687999999999999945e+00 1.054700000000000060e+01
2.439600000000000080e+01 -8.166000000000000369e+00 2.010000000000000120e-01 1.027200000000000024e+01
3.733500000000000085e+01 -5.375000000000000000e+00 1.596000000000000085e+00 5.474999999999999645e+00
3.794899999999999807e+01 -4.440999999999999837e+00 2.911000000000000032e+00 -3.830000000000000071e-01
3.056899999999999906e+01 -1.056499999999999950e+01 -4.570000000000000173e-01 -3.803999999999999826e+00
2.082700000000000173e+01 -2.158699999999999974e+01 -1.123700000000000010e+01 -5.807000000000000384e+00
7.219000000000000306e+00 -2.996900000000000119e+01 -2.146499999999999986e+01 -8.839000000000000412e+00
-1.506499999999999950e+01 -3.098400000000000176e+01 -2.013899999999999935e+01 -1.056600000000000072e+01
-3.816700000000000159e+01 -2.171099999999999852e+01 -6.519999999999999574e+00 -6.062999999999999723e+00
-3.952900000000000347e+01 7.960000000000000409e-01 1.015600000000000058e+01 2.789000000000000146e+00
-1.152899999999999991e+01 2.868599999999999994e+01 2.232799999999999940e+01 7.259000000000000341e+00
2.063100000000000023e+01 4.436699999999999733e+01 3.093299999999999983e+01 3.520999999999999908e+00
2.922100000000000009e+01 4.197500000000000142e+01 3.850699999999999790e+01 -2.630999999999999783e+00
2.013299999999999912e+01 3.359000000000000341e+01 4.199699999999999989e+01 -4.801999999999999602e+00
2.569900000000000162e+01 3.302799999999999869e+01 4.015899999999999892e+01 -3.866000000000000103e+00
6.311800000000000210e+01 4.391100000000000136e+01 3.924699999999999989e+01 -4.498999999999999666e+00
9.903300000000000125e+01 5.590100000000000335e+01 3.999099999999999966e+01 -7.461000000000000298e+00
7.154000000000000625e+01 4.985000000000000142e+01 3.113899999999999935e+01 -8.798000000000000043e+00
-2.576699999999999946e+01 2.087099999999999866e+01 9.240999999999999659e+00 -6.307999999999999829e+00
-1.089129999999999967e+02 -8.031000000000000583e+00 -1.006900000000000084e+01 -3.202999999999999847e+00
-1.024479999999999933e+02 -1.325000000000000000e+01 -1.342800000000000082e+01 -3.085999999999999854e+00
-4.158200000000000074e+01 -3.753000000000000114e+00 -7.214999999999999858e+00 -4.102999999999999758e+00
-1.345199999999999996e+01 -5.043999999999999595e+00 -3.892999999999999794e+00 -2.100000000000000089e+00
-3.100000000000000000e+01 -1.784600000000000009e+01 -4.996999999999999886e+00 2.463000000000000078e+00
-3.751800000000000068e+01 -2.052499999999999858e+01 -5.918000000000000149e+00 5.296999999999999709e+00
-1.016900000000000048e+01 -7.647999999999999687e+00 -6.687999999999999723e+00 4.708999999999999631e+00
1.538299999999999912e+01 3.177000000000000046e+00 -9.816000000000000725e+00 3.158999999999999808e+00
1.367800000000000082e+01 1.239999999999999991e+00 -1.379199999999999982e+01 2.954000000000000181e+00
1.743000000000000105e+00 -5.084999999999999964e+00 -1.558500000000000085e+01 3.620000000000000107e+00
8.800000000000000044e-01 -6.644000000000000128e+00 -1.565600000000000058e+01 3.781000000000000139e+00
7.517000000000000348e+00 -6.221000000000000085e+00 -1.601000000000000156e+01 3.335999999999999854e+00
9.080000000000000071e+00 -1.001900000000000013e+01 -1.608999999999999986e+01 2.915000000000000036e+00
5.421000000000000263e+00 -1.690599999999999881e+01 -1.354899999999999949e+01 2.637000000000000011e+00
5.701999999999999957e+00 -1.946699999999999875e+01 -8.368000000000000327e+00 2.287999999999999812e+00
1.331900000000000084e+01 -1.216900000000000048e+01 -3.936999999999999833e+00 1.931000000000000050e+00
2.119300000000000139e+01 1.524000000000000021e+00 -3.591000000000000192e+00 1.826999999999999957e+00
2.157600000000000051e+01 1.057099999999999973e+01 -7.915000000000000036e+00 2.024000000000000021e+00
1.661700000000000088e+01 8.284000000000000696e+00 -1.432499999999999929e+01 2.291999999999999815e+00
1.463000000000000078e+01 4.899999999999999911e-01 -1.823900000000000077e+01 2.446000000000000174e+00
1.716100000000000136e+01 -2.935000000000000053e+00 -1.699800000000000111e+01 2.553999999999999826e+00
1.748699999999999832e+01 3.059999999999999942e-01 -1.187400000000000055e+01 2.625000000000000000e+00
1.270899999999999963e+01 6.844999999999999751e+00 -5.724999999999999645e+00 2.263999999999999790e+00
7.493999999999999773e+00 1.329199999999999982e+01 -1.901999999999999913e+00 1.340000000000000080e+00
3.384999999999999787e+00 1.573700000000000010e+01 -4.016000000000000014e+00 1.124000000000000110e+00
-4.067999999999999616e+00 1.227299999999999969e+01 -1.234399999999999942e+01 3.306999999999999940e+00
-1.336599999999999966e+01 7.594000000000000306e+00 -2.121000000000000085e+01 6.812999999999999723e+00
-1.325300000000000011e+01 8.762000000000000455e+00 -2.279500000000000171e+01 7.690999999999999837e+00
4.192999999999999616e+00 1.783899999999999864e+01 -1.396299999999999919e+01 4.472999999999999865e+00
3.154799999999999827e+01 3.037999999999999901e+01 1.000000000000000000e+00 8.529999999999999805e-01
4.806700000000000017e+01 3.679200000000000159e+01 1.391000000000000014e+01 -2.270000000000000073e-01
3.586699999999999733e+01 2.690899999999999892e+01 1.890599999999999881e+01 -1.707999999999999963e+00
1.022999999999999909e+00 8.519999999999999796e-01 1.672500000000000142e+01 -7.405999999999999694e+00
-2.480199999999999960e+01 -2.500700000000000145e+01 1.334399999999999942e+01 -1.471700000000000053e+01
-1.534900000000000020e+01 -3.091900000000000048e+01 1.353800000000000026e+01 -1.669399999999999906e+01
1.836499999999999844e+01 -1.461700000000000088e+01 1.616100000000000136e+01 -1.054299999999999926e+01
3.965599999999999881e+01 6.621999999999999886e+00 1.597000000000000064e+01 -1.366000000000000103e+00
2.941600000000000037e+01 1.534299999999999997e+01 9.333999999999999631e+00 3.408999999999999808e+00
2.436999999999999833e+00 8.413000000000000256e+00 -7.540000000000000036e-01 2.213999999999999968e+00
-1.948400000000000176e+01 -7.785999999999999588e+00 -6.336999999999999744e+00 -1.739999999999999880e-01
-3.060000000000000142e+01 -2.609700000000000131e+01 -4.863999999999999879e+00 1.809999999999999942e-01
-3.145200000000000173e+01 -3.810799999999999699e+01 -2.237999999999999989e+00 2.205000000000000071e+00
-1.780600000000000094e+01 -3.585799999999999699e+01 -1.278000000000000025e+00 3.491000000000000103e+00
5.269000000000000128e+00 -2.219900000000000162e+01 9.340000000000000524e-01 4.349999999999999645e+00
1.765500000000000114e+01 -1.020299999999999940e+01 3.100000000000000089e+00 5.647999999999999687e+00
1.215300000000000047e+01 -5.621000000000000441e+00 2.470000000000000195e+00 5.559999999999999609e+00
8.132999999999999119e+00 -2.750000000000000222e-01 3.701000000000000068e+00 2.241999999999999993e+00
1.779299999999999926e+01 1.095400000000000063e+01 1.077999999999999936e+01 -2.278000000000000025e+00
2.208800000000000097e+01 1.875700000000000145e+01 1.704899999999999949e+01 -4.891000000000000014e+00
1.836999999999999966e+00 1.506700000000000017e+01 1.375999999999999979e+01 -6.182000000000000384e+00
-2.821699999999999875e+01 9.101000000000000867e+00 2.121999999999999886e+00 -7.926000000000000156e+00
-3.923499999999999943e+01 1.425600000000000023e+01 -9.538999999999999702e+00 -8.223000000000000753e+00
-2.613899999999999935e+01 2.781400000000000006e+01 -1.571199999999999974e+01 -4.626000000000000334e+00
-4.636999999999999567e+00 3.684599999999999653e+01 -1.574000000000000021e+01 3.250000000000000111e-01
1.466499999999999915e+01 3.630299999999999727e+01 -9.730999999999999872e+00 2.212000000000000188e+00
2.971099999999999852e+01 3.015399999999999991e+01 8.900000000000000133e-01 1.102999999999999980e+00
3.757000000000000028e+01 2.185000000000000142e+01 1.083000000000000007e+01 5.330000000000000293e-01
3.784300000000000352e+01 1.283200000000000074e+01 1.558000000000000007e+01 1.874000000000000110e+00
3.628199999999999648e+01 6.078999999999999737e+00 1.659299999999999997e+01 2.815999999999999837e+00
3.347899999999999920e+01 3.261000000000000121e+00 1.645499999999999829e+01 1.449999999999999956e+00
1.704700000000000060e+01 -1.675000000000000044e+00 1.344299999999999962e+01 -4.849999999999999867e-01
-2.254899999999999949e+01 -1.762099999999999866e+01 6.043000000000000149e+00 -3.360000000000000209e-01
-6.998900000000000432e+01 -4.029200000000000159e+01 -3.004999999999999893e+00 1.090999999999999970e+00
-9.487600000000000477e+01 -5.240500000000000114e+01 -1.020400000000000063e+01 6.979999999999999538e-01
-8.864799999999999613e+01 -4.700399999999999778e+01 -1.326399999999999935e+01 -2.193000000000000060e+00
-7.185200000000000387e+01 -3.597699999999999676e+01 -1.063199999999999967e+01 -4.847000000000000419e+00
-5.929200000000000159e+01 -3.002599999999999980e+01 -4.169999999999999929e+00 -4.743000000000000327e+00
-4.456300000000000239e+01 -2.697899999999999920e+01 5.170000000000000151e-01 -2.334999999999999964e+00
-2.242500000000000071e+01 -2.216499999999999915e+01 -2.049999999999999878e-01 4.889999999999999902e-01
1.828000000000000069e+00 -1.471899999999999942e+01 -3.862000000000000099e+00 3.392999999999999794e+00
2.454500000000000171e+01 -4.487000000000000099e+00 -4.918000000000000149e+00 7.192999999999999616e+00
4.177900000000000347e+01 5.062999999999999723e+00 -1.929999999999999938e+00 1.052999999999999936e+01
4.313400000000000034e+01 6.078999999999999737e+00 7.770000000000000240e-01 9.993999999999999773e+00
2.818700000000000117e+01 -1.969000000000000083e+00 6.670000000000000373e-01 5.349999999999999645e+00
1.527699999999999925e+01 -9.166999999999999815e+00 6.700000000000000400e-01 1.042999999999999927e+00
1.263599999999999923e+01 -1.117600000000000016e+01 1.516999999999999904e+00 -8.999999999999999667e-02
-3.350000000000000200e-01 -1.623900000000000077e+01 -1.483999999999999986e+00 -5.210000000000000187e-01
-3.710300000000000153e+01 -2.852700000000000102e+01 -9.218999999999999417e+00 -2.826999999999999957e+00
-7.056199999999999761e+01 -3.677499999999999858e+01 -1.511800000000000033e+01 -5.033999999999999808e+00
-6.664900000000000091e+01 -3.026200000000000045e+01 -1.538400000000000034e+01 -4.174999999999999822e+00
-3.375300000000000011e+01 -1.632900000000000063e+01 -1.476999999999999957e+01 -1.193000000000000060e+00
-8.836000000000000298e+00 -9.984999999999999432e+00 -1.920599999999999952e+01 1.012000000000000011e+00
-8.172000000000000597e+00 -1.343900000000000006e+01 -2.892800000000000082e+01 2.184000000000000163e+00
-1.637900000000000134e+01 -1.624399999999999977e+01 -3.804399999999999693e+01 3.995000000000000107e+00
-1.435699999999999932e+01 -1.010999999999999943e+01 -3.649199999999999733e+01 5.980999999999999872e+00
3.023000000000000131e+00 5.983999999999999986e+00 -1.759900000000000020e+01 5.567000000000000171e+00
3.350699999999999790e+01 3.094500000000000028e+01 1.237299999999999933e+01 2.361000000000000210e+00
7.021999999999999886e+01 5.865400000000000347e+01 3.739399999999999835e+01 -5.080000000000000071e-01
9.366500000000000625e+01 7.210899999999999466e+01 4.602100000000000080e+01 -9.200000000000000400e-01
8.404500000000000171e+01 5.797500000000000142e+01 3.963499999999999801e+01 -1.370000000000000107e+00
4.921000000000000085e+01 2.698499999999999943e+01 2.700199999999999889e+01 -5.121999999999999886e+00
1.763100000000000023e+01 2.056999999999999940e+00 1.422300000000000075e+01 -9.897000000000000242e+00
1.377000000000000002e+00 -1.072499999999999964e+01 3.516999999999999904e+00 -9.787000000000000810e+00
-1.061999999999999922e+01 -2.096900000000000119e+01 -2.119000000000000217e+00 -4.291000000000000369e+00
-2.453300000000000125e+01 -2.994300000000000139e+01 -1.550000000000000044e+00 -2.399999999999999911e-01
-2.951599999999999824e+01 -2.737399999999999878e+01 1.225999999999999979e+00 -1.929999999999999938e+00
-1.756500000000000128e+01 -1.088400000000000034e+01 3.254999999999999893e+00 -4.947000000000000064e+00
-3.830000000000000071e-01 7.022000000000000242e+00 5.357000000000000206e+00 -3.786999999999999922e+00
5.594000000000000306e+00 1.578500000000000014e+01 7.070999999999999730e+00 -8.400000000000000522e-02
2.664000000000000146e+00 1.946000000000000085e+01 7.618000000000000327e+00 1.262999999999999901e+00
2.126999999999999780e+00 2.316100000000000136e+01 7.951999999999999957e+00 -1.260000000000000009e-01
-1.530999999999999917e+00 1.839399999999999835e+01 5.336999999999999744e+00 -6.710000000000000409e-01
-2.049099999999999966e+01 -1.106999999999999984e+00 -4.285000000000000142e+00 8.389999999999999680e-01
-4.180499999999999972e+01 -1.968700000000000117e+01 -1.573199999999999932e+01 2.024000000000000021e+00
-3.542199999999999704e+01 -1.665700000000000003e+01 -1.821199999999999974e+01 2.341000000000000192e+00
2.587000000000000188e+00 5.275000000000000355e+00 -9.551000000000000156e+00 4.459999999999999964e+00
3.867699999999999960e+01 2.574699999999999989e+01 1.957000000000000073e+00 7.948999999999999844e+00
4.282600000000000051e+01 3.317300000000000182e+01 9.829000000000000625e+00 7.695999999999999730e+00
2.279899999999999949e+01 3.094900000000000162e+01 1.713299999999999912e+01 2.015000000000000124e+00
4.429000000000000270e+00 2.407900000000000063e+01 2.738100000000000023e+01 -3.786999999999999922e+00
-5.679000000000000270e+00 1.489600000000000080e+01 3.343299999999999983e+01 -5.142000000000000348e+00
-1.915599999999999881e+01 8.173999999999999488e+00 2.587199999999999989e+01 -4.147999999999999687e+00
-3.547200000000000131e+01 6.166000000000000369e+00 9.092999999999999972e+00 -4.671000000000000263e+00
-3.524600000000000222e+01 3.266999999999999904e+00 -2.630999999999999783e+00 -5.717999999999999972e+00
-1.170100000000000051e+01 -3.027000000000000135e+00 -3.549999999999999822e+00 -3.924999999999999822e+00
1.405599999999999916e+01 -4.810999999999999943e+00 -1.427999999999999936e+00 -7.799999999999999989e-02
2.256500000000000128e+01 3.371999999999999886e+00 -5.628000000000000114e+00 2.366999999999999993e+00
1.895799999999999841e+01 1.465099999999999980e+01 -1.657700000000000173e+01 3.827999999999999847e+00
1.871000000000000085e+01 1.972100000000000009e+01 -2.533899999999999864e+01 7.227000000000000313e+00
2.815299999999999869e+01 1.899699999999999989e+01 -2.122100000000000009e+01 1.081799999999999962e+01
4.367300000000000182e+01 2.019999999999999929e+01 -2.898000000000000131e+00 9.368000000000000327e+00
6.241499999999999915e+01 2.783500000000000085e+01 1.800400000000000134e+01 2.709999999999999964e+00
8.277400000000000091e+01 3.751200000000000045e+01 2.770599999999999952e+01 -2.932999999999999829e+00
8.970199999999999818e+01 3.870600000000000307e+01 2.241499999999999915e+01 -3.447000000000000064e+00
6.253199999999999648e+01 2.463700000000000045e+01 8.442000000000000171e+00 -2.512999999999999901e+00
1.071700000000000053e+01 1.324000000000000066e+00 -4.846000000000000085e+00 -5.892000000000000348e+00
-2.822299999999999898e+01 -1.818100000000000094e+01 -1.223499999999999943e+01 -1.204700000000000060e+01
-3.730700000000000216e+01 -2.794699999999999918e+01 -1.524499999999999922e+01 -1.346499999999999986e+01
-3.404299999999999926e+01 -2.983500000000000085e+01 -1.515700000000000003e+01 -7.634000000000000341e+00
-3.238700000000000045e+01 -2.495100000000000051e+01 -8.660999999999999588e+00 -5.799999999999999600e-01
-2.604599999999999937e+01 -1.495599999999999952e+01 2.216000000000000192e+00 2.662999999999999812e+00
-1.326699999999999946e+01 -7.495000000000000107e+00 5.636999999999999567e+00 4.107000000000000206e+00
-6.243000000000000327e+00 -9.887999999999999901e+00 -4.831999999999999851e+00 6.190999999999999837e+00
-9.974000000000000199e+00 -1.905799999999999983e+01 -2.019800000000000040e+01 6.855000000000000426e+00
-1.565700000000000003e+01 -2.587399999999999878e+01 -2.852899999999999991e+01 4.770999999999999908e+00
-1.856800000000000139e+01 -2.747299999999999898e+01 -2.896099999999999852e+01 2.875000000000000000e+00
-2.432100000000000151e+01 -2.787199999999999989e+01 -2.849599999999999866e+01 3.613999999999999879e+00
-3.500999999999999801e+01 -2.875300000000000011e+01 -3.010399999999999920e+01 4.987000000000000099e+00
-4.196800000000000352e+01 -2.573000000000000043e+01 -2.834700000000000131e+01 3.701999999999999957e+00
-3.671800000000000352e+01 -1.467900000000000027e+01 -1.804299999999999926e+01 -1.429999999999999882e-01
-2.316600000000000037e+01 -3.910000000000000142e-01 -3.922000000000000153e+00 -3.414000000000000146e+00
-1.268599999999999994e+01 6.259999999999999787e+00 4.910000000000000142e+00 -3.846000000000000085e+00
-8.647000000000000242e+00 1.288000000000000034e+00 7.466999999999999638e+00 -2.908999999999999808e+00
-4.772000000000000242e+00 -9.346999999999999531e+00 8.919999999999999929e+00 -3.995000000000000107e+00
1.187999999999999945e+00 -1.804500000000000171e+01 8.726000000000000867e+00 -6.431000000000000050e+00
4.285999999999999588e+00 -1.993100000000000094e+01 1.794000000000000039e+00 -4.932999999999999829e+00
2.900999999999999801e+00 -1.407799999999999940e+01 -8.358999999999999986e+00 1.705000000000000071e+00
-1.459999999999999909e-01 -5.597000000000000419e+00 -1.036100000000000065e+01 7.626000000000000334e+00
-5.956999999999999851e+00 -2.345000000000000195e+00 -3.399999999999999911e+00 8.941000000000000725e+00
-1.729899999999999949e+01 -6.889000000000000234e+00 -1.539999999999999980e-01 7.714999999999999858e+00
-2.928999999999999915e+01 -1.380100000000000016e+01 -4.599000000000000199e+00 5.240999999999999659e+00
-3.265500000000000114e+01 -1.567600000000000016e+01 -5.355999999999999872e+00 6.510000000000000231e-01
-2.358699999999999974e+01 -8.923999999999999488e+00 2.517999999999999794e+00 -3.378000000000000114e+00
-4.065000000000000391e+00 5.283000000000000362e+00 1.064000000000000057e+01 -2.972999999999999865e+00
1.748999999999999844e+01 1.894099999999999895e+01 1.556199999999999939e+01 -5.000000000000000000e-01
2.344800000000000040e+01 1.915099999999999980e+01 2.173400000000000176e+01 -9.170000000000000373e-01
4.464999999999999858e+00 2.596999999999999975e+00 2.750799999999999912e+01 -2.761000000000000121e+00
-1.948300000000000054e+01 -1.507099999999999973e+01 2.846099999999999852e+01 -1.044999999999999929e+00
-1.825799999999999912e+01 -1.488199999999999967e+01 2.835200000000000031e+01 3.507000000000000117e+00
1.042900000000000027e+01 2.519000000000000128e+00 3.070400000000000063e+01 5.724999999999999645e+00
4.192900000000000205e+01 1.898000000000000043e+01 3.031599999999999895e+01 4.160000000000000142e+00
5.605299999999999727e+01 2.262800000000000011e+01 2.504299999999999926e+01 1.691000000000000059e+00
4.988300000000000267e+01 1.805699999999999861e+01 2.203800000000000026e+01 -4.630000000000000226e-01
2.827599999999999980e+01 1.226999999999999957e+01 2.286199999999999832e+01 -3.807999999999999829e+00
-1.145999999999999908e+00 5.065000000000000391e+00 1.821799999999999997e+01 -7.916999999999999815e+00
-2.647100000000000009e+01 -3.073999999999999844e+00 6.100999999999999979e+00 -9.660000000000000142e+00
-3.635099999999999909e+01 -6.437999999999999723e+00 -1.699000000000000066e+00 -7.578999999999999737e+00
-2.804799999999999827e+01 -2.680000000000000160e+00 1.290000000000000036e-01 -3.499000000000000110e+00
-7.767000000000000348e+00 1.784999999999999920e+00 8.060000000000000497e-01 7.299999999999999545e-02
1.519800000000000040e+01 6.250000000000000000e-01 -6.780000000000000249e+00 2.100999999999999979e+00
3.185300000000000153e+01 -2.579000000000000181e+00 -1.391999999999999993e+01 3.298000000000000043e+00
3.534300000000000352e+01 -4.779999999999999805e-01 -1.294899999999999984e+01 4.626000000000000334e+00
2.575900000000000034e+01 5.237000000000000099e+00 -1.019599999999999973e+01 5.248999999999999666e+00
1.149200000000000088e+01 6.062000000000000277e+00 -1.399399999999999977e+01 3.790999999999999925e+00
1.334000000000000075e+00 -3.099999999999999978e-02 -2.255799999999999983e+01 1.381000000000000005e+00
-2.927999999999999936e+00 -6.198000000000000398e+00 -2.934700000000000131e+01 5.270000000000000240e-01
-3.302999999999999936e+00 -6.246999999999999886e+00 -3.176399999999999935e+01 1.612999999999999989e+00
1.199999999999999956e-01 -2.199999999999999872e-02 -3.056599999999999895e+01 3.100999999999999979e+00
7.277000000000000135e+00 8.451000000000000512e+00 -2.570100000000000051e+01 4.121999999999999886e+00
1.478700000000000081e+01 1.431300000000000061e+01 -1.787699999999999889e+01 4.817999999999999616e+00
1.746199999999999974e+01 1.552100000000000080e+01 -1.171799999999999997e+01 4.682000000000000384e+00
1.150799999999999912e+01 1.408500000000000085e+01 -9.712999999999999190e+00 2.577999999999999847e+00
-2.625999999999999890e+00 1.200600000000000023e+01 -6.493000000000000327e+00 -9.210000000000000409e-01
-1.877299999999999969e+01 7.636000000000000121e+00 2.213000000000000078e+00 -3.185999999999999943e+00
-2.700199999999999889e+01 6.700000000000000400e-02 1.148900000000000077e+01 -2.878000000000000114e+00
-2.041300000000000026e+01 -5.395999999999999908e+00 1.434200000000000053e+01 -1.937999999999999945e+00
-3.366000000000000103e+00 -3.330999999999999961e+00 9.739000000000000767e+00 -2.842999999999999972e+00
9.951999999999999957e+00 2.902000000000000135e+00 2.041999999999999815e+00 -4.993999999999999773e+00
9.010999999999999233e+00 5.456999999999999851e+00 -3.201000000000000068e+00 -5.500000000000000000e+00
-3.567000000000000171e+00 1.245999999999999996e+00 -4.025999999999999801e+00 -3.494000000000000217e+00
-1.748000000000000043e+01 -7.027000000000000135e+00 -2.728000000000000203e+00 -1.405999999999999917e+00
-2.533399999999999963e+01 -1.407000000000000028e+01 -1.788000000000000034e+00 -9.379999999999999449e-01
-2.574699999999999989e+01 -1.557300000000000040e+01 -2.212000000000000188e+00 -4.390000000000000013e-01
-1.986299999999999955e+01 -1.200600000000000023e+01 -3.960999999999999854e+00 1.885000000000000009e+00
-9.587999999999999190e+00 -7.267999999999999794e+00 -4.634000000000000341e+00 4.520999999999999908e+00
7.540000000000000036e-01 -3.204000000000000181e+00 -9.789999999999999813e-01 5.108999999999999986e+00
7.429000000000000270e+00 1.766000000000000014e+00 6.344000000000000306e+00 4.541999999999999815e+00
1.372300000000000075e+01 9.196999999999999176e+00 1.301999999999999957e+01 4.971000000000000085e+00
2.485099999999999909e+01 1.755699999999999861e+01 1.683599999999999852e+01 5.044999999999999929e+00
3.521099999999999852e+01 2.255900000000000105e+01 1.932999999999999829e+01 1.439000000000000057e+00
3.179100000000000037e+01 2.008500000000000085e+01 2.078200000000000003e+01 -5.520999999999999908e+00
1.268999999999999950e+01 9.577999999999999403e+00 1.826699999999999946e+01 -1.139899999999999913e+01
-7.932999999999999829e+00 -3.636000000000000121e+00 1.083000000000000007e+01 -1.307900000000000063e+01
-1.662500000000000000e+01 -1.137500000000000000e+01 1.955999999999999961e+00 -1.215499999999999936e+01
-1.318099999999999916e+01 -9.538999999999999702e+00 -4.748000000000000220e+00 -1.117900000000000027e+01
-4.272000000000000242e+00 -6.199999999999999956e-02 -7.580000000000000071e+00 -8.960000000000000853e+00
4.475999999999999979e+00 1.064899999999999913e+01 -5.435999999999999943e+00 -3.786000000000000032e+00
7.525999999999999801e+00 1.358099999999999952e+01 -6.390000000000000124e-01 1.387999999999999901e+00
4.420000000000000040e-01 4.740999999999999659e+00 -2.320000000000000118e-01 2.682999999999999829e+00
-1.370400000000000063e+01 -8.326000000000000512e+00 -7.775000000000000355e+00 1.383000000000000007e+00
-2.341900000000000048e+01 -1.397199999999999953e+01 -1.660000000000000142e+01 1.203000000000000069e+00
-1.984700000000000131e+01 -9.333000000000000185e+00 -1.710300000000000153e+01 2.438000000000000167e+00
-7.572000000000000064e+00 -1.322000000000000064e+00 -9.029999999999999361e+00 2.771999999999999797e+00
4.099999999999999756e-01 2.819999999999999840e+00 -7.850000000000000311e-01 1.580000000000000071e+00
-2.403999999999999915e+00 1.506000000000000005e+00 2.468999999999999861e+00 5.769999999999999574e-01
-9.768000000000000682e+00 -1.842999999999999972e+00 2.995999999999999996e+00 1.076000000000000068e+00
-1.381700000000000017e+01 -2.516999999999999904e+00 2.273000000000000131e+00 2.206999999999999851e+00
-1.873999999999999844e+01 -1.209999999999999964e+00 -2.704000000000000181e+00 2.403999999999999915e+00
-3.175400000000000134e+01 -4.700000000000000178e+00 -1.050300000000000011e+01 1.907999999999999918e+00
-4.102900000000000347e+01 -1.230899999999999928e+01 -1.068699999999999939e+01 1.989999999999999991e+00
-2.158999999999999986e+01 -8.837999999999999190e+00 3.608999999999999986e+00 2.342000000000000082e+00
2.853300000000000125e+01 1.431199999999999939e+01 2.331400000000000006e+01 1.872000000000000108e+00
7.510200000000000387e+01 3.842099999999999937e+01 3.289900000000000091e+01 1.193000000000000060e+00
8.314700000000000557e+01 3.746300000000000097e+01 2.932900000000000063e+01 1.552999999999999936e+00
5.398499999999999943e+01 1.383000000000000007e+01 2.154299999999999926e+01 2.369000000000000217e+00
1.757600000000000051e+01 -5.456000000000000405e+00 1.477100000000000080e+01 2.080999999999999961e+00
-3.463000000000000078e+00 -5.070000000000000284e+00 7.219000000000000306e+00 6.179999999999999938e-01
-1.109099999999999930e+01 4.626000000000000334e+00 -1.100999999999999979e+00 -6.650000000000000355e-01
-1.346400000000000041e+01 9.686999999999999389e+00 -6.570999999999999730e+00 -1.181999999999999940e+00
-7.855000000000000426e+00 1.004400000000000048e+01 -7.668000000000000149e+00 -1.538999999999999924e+00
4.894000000000000128e+00 8.852999999999999758e+00 -7.775999999999999801e+00 -1.576000000000000068e+00
8.673999999999999488e+00 5.739999999999999547e-01 -1.218299999999999983e+01 7.499999999999999722e-02
-6.447000000000000064e+00 -1.779599999999999937e+01 -2.134799999999999898e+01 3.876999999999999780e+00
-2.772599999999999909e+01 -3.410199999999999676e+01 -2.714900000000000091e+01 8.047000000000000597e+00
-3.750200000000000244e+01 -3.422399999999999665e+01 -2.043299999999999983e+01 9.660000000000000142e+00
-2.879599999999999937e+01 -1.980900000000000105e+01 -2.674999999999999822e+00 7.259999999999999787e+00
-2.621999999999999886e+00 -1.046999999999999931e+00 1.523799999999999955e+01 2.452999999999999847e+00
2.392899999999999849e+01 1.463700000000000045e+01 2.433599999999999852e+01 -1.999000000000000110e+00
2.110300000000000153e+01 1.706500000000000128e+01 2.325700000000000145e+01 -5.221000000000000085e+00
-1.019200000000000017e+01 -2.601999999999999869e+00 1.627400000000000091e+01 -8.022999999999999687e+00
-2.373499999999999943e+01 -3.203699999999999903e+01 8.986000000000000654e+00 -9.974000000000000199e+00
1.242600000000000016e+01 -4.352000000000000313e+01 3.391000000000000014e+00 -8.599999999999999645e+00
6.694299999999999784e+01 -2.867800000000000082e+01 -3.289000000000000146e+00 -3.254000000000000004e+00
8.427800000000000580e+01 -8.643000000000000682e+00 -1.277899999999999991e+01 2.100999999999999979e+00
5.509000000000000341e+01 -3.345000000000000195e+00 -2.080399999999999849e+01 3.365000000000000213e+00
1.495199999999999996e+01 -9.048000000000000043e+00 -2.171199999999999974e+01 1.524000000000000021e+00
-1.573700000000000010e+01 -1.231099999999999994e+01 -1.584299999999999997e+01 1.610000000000000042e-01
-4.628600000000000136e+01 -9.153999999999999915e+00 -7.684000000000000163e+00 4.919999999999999929e-01
-7.212000000000000455e+01 -2.367999999999999883e+00 1.163999999999999924e+00 1.423999999999999932e+00
-6.489799999999999613e+01 7.354000000000000092e+00 1.124799999999999933e+01 2.068999999999999950e+00
-1.779599999999999937e+01 1.789499999999999957e+01 1.878200000000000003e+01 2.369000000000000217e+00
3.277600000000000335e+01 2.097100000000000009e+01 1.686100000000000065e+01 2.386000000000000121e+00
4.524499999999999744e+01 1.136200000000000010e+01 4.467999999999999972e+00 2.012999999999999901e+00
1.762800000000000011e+01 -2.257000000000000117e+00 -1.015900000000000070e+01 1.469999999999999973e+00
-1.553599999999999959e+01 -5.661999999999999922e+00 -1.735999999999999943e+01 1.397999999999999909e+00
-2.547899999999999920e+01 3.208000000000000185e+00 -1.497600000000000087e+01 1.842000000000000082e+00
-1.601800000000000068e+01 1.388899999999999935e+01 -7.067999999999999616e+00 1.822999999999999954e+00
-5.733999999999999986e+00 1.740700000000000003e+01 1.540000000000000036e+00 6.550000000000000266e-01
-1.614999999999999991e+00 1.257600000000000051e+01 4.839999999999999858e+00 -9.959999999999999964e-01
-5.410000000000000364e-01 3.740000000000000213e+00 -1.949999999999999956e+00 -1.891999999999999904e+00
-1.264999999999999902e+00 -2.029999999999999805e+00 -1.475000000000000000e+01 -1.516000000000000014e+00
-4.017999999999999794e+00 -6.229999999999999982e-01 -2.446199999999999974e+01 -2.290000000000000091e-01
-6.165000000000000036e+00 4.979000000000000092e+00 -2.794900000000000162e+01 1.711000000000000076e+00
-4.474000000000000199e+00 1.012299999999999933e+01 -2.537199999999999989e+01 4.746999999999999886e+00
1.338999999999999968e+00 1.545199999999999996e+01 -1.248700000000000010e+01 8.986000000000000654e+00
1.065700000000000003e+01 2.408099999999999952e+01 1.211700000000000088e+01 1.301600000000000001e+01
2.350499999999999901e+01 3.338199999999999790e+01 3.743999999999999773e+01 1.406900000000000084e+01
3.339699999999999847e+01 3.394500000000000028e+01 4.880899999999999750e+01 9.528000000000000469e+00
2.422200000000000131e+01 1.833399999999999963e+01 4.189999999999999858e+01 1.059999999999999970e-01
-1.480400000000000027e+01 -1.096700000000000053e+01 2.193700000000000117e+01 -8.910999999999999588e+00
-7.092300000000000182e+01 -4.256199999999999761e+01 -3.548999999999999932e+00 -1.295700000000000074e+01
-1.102770000000000010e+02 -6.256000000000000227e+01 -2.567599999999999838e+01 -1.360500000000000043e+01
-1.053020000000000067e+02 -6.183899999999999864e+01 -3.499300000000000210e+01 -1.487100000000000044e+01
-6.117699999999999960e+01 -4.215800000000000125e+01 -2.732999999999999829e+01 -1.604599999999999937e+01
-7.116999999999999993e+00 -1.530400000000000027e+01 -8.612999999999999545e+00 -1.297499999999999964e+01
3.566299999999999670e+01 6.078000000000000291e+00 8.090999999999999304e+00 -5.714000000000000412e+00
6.551600000000000534e+01 1.671900000000000119e+01 1.368699999999999939e+01 1.719999999999999862e-01
8.606499999999999773e+01 1.798199999999999932e+01 1.028100000000000058e+01 7.560000000000000053e-01
9.480599999999999739e+01 1.228500000000000014e+01 4.839000000000000412e+00 -2.266999999999999904e+00
8.628000000000000114e+01 2.813000000000000167e+00 1.286000000000000032e+00 -4.907000000000000028e+00
5.960399999999999920e+01 -3.915999999999999925e+00 3.489999999999999769e-01 -3.987000000000000099e+00
2.193900000000000006e+01 -3.274000000000000021e+00 -1.140000000000000041e-01 1.278000000000000025e+00
-1.289199999999999946e+01 2.017999999999999794e+00 -2.676000000000000156e+00 6.972000000000000419e+00
-3.147599999999999909e+01 8.803000000000000824e+00 -2.600999999999999979e+00 7.544999999999999929e+00
-3.348899999999999721e+01 1.832000000000000028e+01 8.872999999999999332e+00 3.742999999999999883e+00
-3.682300000000000040e+01 2.751099999999999923e+01 2.914000000000000057e+01 1.721999999999999975e+00
-5.947500000000000142e+01 2.830199999999999960e+01 4.432099999999999795e+01 2.794000000000000039e+00
-9.455800000000000693e+01 2.035500000000000043e+01 4.544100000000000250e+01 1.205999999999999961e+00
-1.146790000000000020e+02 1.047400000000000020e+01 3.376100000000000279e+01 -5.538000000000000256e+00
-1.046989999999999981e+02 2.039999999999999869e-01 1.513700000000000045e+01 -1.089600000000000080e+01
-7.787399999999999523e+01 -1.238100000000000023e+01 -2.938000000000000167e+00 -7.842999999999999972e+00
-5.284899999999999665e+01 -2.301999999999999957e+01 -1.469599999999999973e+01 1.233999999999999986e+00
-3.002499999999999858e+01 -2.417299999999999827e+01 -1.978399999999999892e+01 7.863000000000000433e+00
-1.598999999999999977e+00 -1.378500000000000014e+01 -2.090700000000000003e+01 8.355999999999999872e+00
2.893199999999999861e+01 2.032000000000000028e+00 -2.108200000000000074e+01 6.472999999999999865e+00
4.898400000000000176e+01 1.115300000000000047e+01 -2.446199999999999974e+01 6.030999999999999694e+00
5.451299999999999812e+01 5.033000000000000362e+00 -3.309400000000000119e+01 5.953999999999999737e+00
5.827700000000000102e+01 -8.688000000000000611e+00 -4.117699999999999960e+01 3.831999999999999851e+00
7.429099999999999682e+01 -1.118500000000000050e+01 -3.864099999999999824e+01 4.209999999999999853e-01
9.605500000000000682e+01 4.123999999999999666e+00 -2.349599999999999866e+01 -1.477999999999999980e+00
1.010610000000000070e+02 2.072299999999999898e+01 -6.182000000000000384e+00 -5.839999999999999636e-01
7.970900000000000318e+01 1.977799999999999869e+01 3.818000000000000060e+00 1.612999999999999989e+00
4.829399999999999693e+01 5.044999999999999929e+00 1.030700000000000038e+01 2.431000000000000050e+00
2.543100000000000094e+01 -5.434999999999999609e+00 2.008200000000000074e+01 8.629999999999999893e-01
7.548000000000000043e+00 -5.942000000000000171e+00 2.751699999999999946e+01 -1.292999999999999927e+00
-1.906800000000000139e+01 -6.227999999999999758e+00 2.235500000000000043e+01 -1.963000000000000078e+00
-5.277100000000000080e+01 -1.176600000000000001e+01 7.184000000000000163e+00 -1.334000000000000075e+00
-7.631900000000000261e+01 -1.404100000000000037e+01 -4.900000000000000355e+00 -5.839999999999999636e-01
-7.197299999999999898e+01 -3.225999999999999979e+00 -7.065000000000000391e+00 3.009999999999999898e-01
-3.372899999999999920e+01 1.596700000000000053e+01 -4.360999999999999766e+00 1.897999999999999909e+00
1.888200000000000145e+01 2.775600000000000023e+01 -3.420999999999999819e+00 3.654999999999999805e+00
4.770900000000000318e+01 2.397400000000000020e+01 -3.664000000000000146e+00 4.241999999999999993e+00
3.873799999999999955e+01 1.219999999999999929e+01 -1.770999999999999908e+00 3.382000000000000117e+00
2.074699999999999989e+01 3.416999999999999815e+00 -3.709999999999999964e-01 2.226999999999999869e+00
2.295700000000000074e+01 -8.599999999999999312e-02 -4.932000000000000384e+00 1.649000000000000021e+00
3.994899999999999807e+01 -3.689999999999999947e-01 -1.270199999999999996e+01 1.330000000000000071e+00
5.222500000000000142e+01 2.474000000000000199e+00 -1.473000000000000043e+01 1.036999999999999922e+00
5.291299999999999670e+01 5.618999999999999773e+00 -9.351000000000000867e+00 1.060999999999999943e+00
4.296099999999999852e+01 1.937999999999999945e+00 -2.692000000000000171e+00 7.069999999999999618e-01
2.303699999999999903e+01 -1.005400000000000027e+01 2.053999999999999826e+00 -1.195999999999999952e+00
-1.788999999999999924e+00 -2.207000000000000028e+01 4.520999999999999908e+00 -3.475000000000000089e+00
-2.345200000000000173e+01 -2.665599999999999881e+01 1.874000000000000110e+00 -3.508999999999999897e+00
-3.853199999999999648e+01 -2.530000000000000071e+01 -5.894999999999999574e+00 -1.598999999999999977e+00
-4.607200000000000273e+01 -2.305000000000000071e+01 -1.236200000000000010e+01 -7.159999999999999698e-01
-4.398799999999999955e+01 -2.171699999999999875e+01 -1.333799999999999919e+01 -1.590999999999999970e+00
-3.439500000000000313e+01 -1.970799999999999841e+01 -1.108699999999999974e+01 -1.899000000000000021e+00
-2.237500000000000000e+01 -1.364600000000000080e+01 -7.697000000000000064e+00 -5.010000000000000009e-01
-7.482999999999999652e+00 -2.248000000000000220e+00 -3.170999999999999819e+00 7.900000000000000355e-01
1.141000000000000014e+01 9.106999999999999318e+00 1.332000000000000073e+00 3.220000000000000084e-01
2.685000000000000142e+01 1.325900000000000034e+01 4.639999999999999680e+00 -7.279999999999999805e-01
2.965299999999999869e+01 1.088700000000000045e+01 5.828999999999999737e+00 -3.559999999999999831e-01
2.143599999999999994e+01 8.858999999999999986e+00 3.349000000000000199e+00 8.319999999999999618e-01
1.568800000000000061e+01 1.013899999999999935e+01 1.970000000000000084e-01 6.089999999999999858e-01
2.182700000000000173e+01 1.065199999999999925e+01 3.206999999999999851e+00 -1.161999999999999922e+00
2.545100000000000051e+01 5.453999999999999737e+00 1.047300000000000075e+01 -2.629999999999999893e+00
1.163999999999999924e+00 -5.621999999999999886e+00 1.136500000000000021e+01 -3.123000000000000220e+00
-4.801700000000000301e+01 -1.927199999999999847e+01 4.067999999999999616e+00 -3.327999999999999847e+00
-8.654399999999999693e+01 -3.135600000000000165e+01 -1.379000000000000004e+00 -2.795999999999999819e+00
-8.722599999999999909e+01 -3.557200000000000273e+01 5.130000000000000115e-01 -2.580000000000000071e-01
-5.689200000000000301e+01 -2.637099999999999866e+01 5.791000000000000369e+00 3.394000000000000128e+00
-1.834499999999999886e+01 -6.440000000000000391e+00 1.177899999999999991e+01 4.953000000000000291e+00
1.629799999999999827e+01 1.527800000000000047e+01 1.982700000000000173e+01 2.685000000000000053e+00
4.338900000000000290e+01 3.042000000000000171e+01 2.833099999999999952e+01 -9.739999999999999769e-01
5.057000000000000028e+01 3.124299999999999855e+01 3.195799999999999841e+01 -1.866999999999999993e+00
2.697400000000000020e+01 1.624699999999999989e+01 2.816000000000000014e+01 4.859999999999999876e-01
-7.868000000000000327e+00 2.149999999999999967e-01 2.034400000000000119e+01 1.641000000000000014e+00
-1.454400000000000048e+01 2.217000000000000082e+00 1.381799999999999962e+01 -1.856999999999999984e+00
1.539300000000000068e+01 2.045299999999999940e+01 1.032499999999999929e+01 -7.155999999999999694e+00
4.355899999999999750e+01 3.257300000000000040e+01 7.512999999999999901e+00 -8.733000000000000540e+00
3.320000000000000284e+01 2.268100000000000094e+01 2.120000000000000107e+00 -6.213000000000000078e+00
-6.858999999999999986e+00 -1.260000000000000009e+00 -7.128999999999999559e+00 -4.673000000000000043e+00
-4.118900000000000006e+01 -1.861599999999999966e+01 -1.698400000000000176e+01 -6.543000000000000149e+00
-5.142300000000000182e+01 -1.758899999999999864e+01 -2.036899999999999977e+01 -7.891000000000000014e+00
-4.247299999999999898e+01 -2.830000000000000071e+00 -1.316200000000000081e+01 -5.330000000000000071e+00
-2.021399999999999864e+01 1.317999999999999972e+01 1.000000000000000000e+00 -1.308999999999999941e+00
1.390499999999999936e+01 2.222800000000000153e+01 1.332300000000000040e+01 1.012999999999999901e+00
4.897299999999999898e+01 2.528500000000000014e+01 1.634600000000000009e+01 2.512000000000000011e+00
6.503199999999999648e+01 2.785099999999999909e+01 1.184900000000000020e+01 4.161999999999999922e+00
5.444200000000000017e+01 3.135300000000000153e+01 9.773999999999999133e+00 4.051999999999999602e+00
3.134799999999999898e+01 2.953800000000000026e+01 1.396700000000000053e+01 1.675999999999999934e+00
1.203700000000000081e+01 1.392500000000000071e+01 1.636199999999999832e+01 2.900000000000000147e-02
-6.083000000000000185e+00 -1.498300000000000054e+01 9.138999999999999346e+00 9.869999999999999885e-01
-3.644700000000000273e+01 -4.273700000000000188e+01 -5.322000000000000064e+00 2.849000000000000199e+00
-7.685899999999999466e+01 -5.291799999999999926e+01 -1.818299999999999983e+01 3.854000000000000092e+00
-1.022800000000000011e+02 -4.305799999999999983e+01 -2.344999999999999929e+01 4.780000000000000249e+00
-9.024699999999999989e+01 -2.249699999999999989e+01 -2.164300000000000068e+01 6.618000000000000327e+00
-4.534199999999999875e+01 3.596000000000000085e+00 -1.358500000000000085e+01 7.751000000000000334e+00
8.106999999999999318e+00 3.838700000000000045e+01 3.000000000000000000e+00 5.794999999999999929e+00
4.605199999999999960e+01 7.451600000000000534e+01 2.246199999999999974e+01 1.737000000000000099e+00
5.513300000000000267e+01 8.468200000000000216e+01 2.720599999999999952e+01 -6.320000000000000062e-01
4.317600000000000193e+01 5.378399999999999892e+01 1.010399999999999920e+01 3.899999999999999994e-02
3.722099999999999653e+01 7.963000000000000078e+00 -1.092399999999999949e+01 7.279999999999999805e-01
4.868699999999999761e+01 -1.505199999999999960e+01 -1.730300000000000082e+01 -1.189999999999999947e+00
5.356000000000000227e+01 -1.101099999999999923e+01 -1.444200000000000017e+01 -3.376999999999999780e+00
2.977400000000000091e+01 -4.128999999999999559e+00 -1.762000000000000099e+01 -1.995999999999999996e+00
-7.600999999999999979e+00 -1.159099999999999930e+01 -2.771399999999999864e+01 1.685999999999999943e+00
-2.935200000000000031e+01 -2.746600000000000108e+01 -3.292099999999999937e+01 3.137999999999999901e+00
-3.010099999999999909e+01 -3.553099999999999881e+01 -2.594900000000000162e+01 1.743999999999999995e+00
-2.665800000000000125e+01 -3.011799999999999855e+01 -1.205100000000000016e+01 5.969999999999999751e-01
-2.929299999999999926e+01 -2.016600000000000037e+01 -1.598000000000000087e+00 6.879999999999999449e-01
-2.953399999999999892e+01 -1.467200000000000060e+01 2.674999999999999822e+00 3.629999999999999893e-01
-1.795299999999999940e+01 -1.304199999999999982e+01 7.147000000000000242e+00 -6.290000000000000036e-01
-3.860000000000000098e-01 -1.114499999999999957e+01 1.546599999999999930e+01 -8.000000000000000444e-01
1.148300000000000054e+01 -8.635999999999999233e+00 2.147299999999999898e+01 8.799999999999999489e-02
1.359399999999999942e+01 -8.009000000000000341e+00 1.588400000000000034e+01 9.779999999999999805e-01
7.437000000000000277e+00 -1.125500000000000078e+01 -3.041999999999999815e+00 1.576000000000000068e+00
-3.273000000000000131e+00 -1.703500000000000014e+01 -2.413100000000000023e+01 1.961999999999999966e+00
-1.081400000000000006e+01 -1.880399999999999849e+01 -3.051099999999999923e+01 1.518999999999999906e+00
-8.618999999999999773e+00 -1.112899999999999956e+01 -1.814199999999999946e+01 7.900000000000000078e-02
2.439999999999999947e-01 2.260000000000000064e-01 -1.016999999999999904e+00 -1.312000000000000055e+00
4.991999999999999993e+00 3.056999999999999940e+00 8.369999999999999218e+00 -1.588999999999999968e+00
-2.467000000000000082e+00 -6.043999999999999595e+00 1.149200000000000088e+01 -5.250000000000000222e-01
-1.940800000000000125e+01 -1.932400000000000162e+01 1.173000000000000043e+01 1.231999999999999984e+00
-3.315599999999999881e+01 -2.726800000000000068e+01 6.950000000000000178e+00 2.345000000000000195e+00
-3.315100000000000335e+01 -2.529200000000000159e+01 -1.393000000000000016e+00 2.016999999999999904e+00
-2.288899999999999935e+01 -1.709400000000000119e+01 -6.647000000000000242e+00 8.850000000000000089e-01
-1.418299999999999983e+01 -1.190399999999999991e+01 -5.669999999999999929e+00 -4.700000000000000011e-02
-1.192900000000000027e+01 -1.351500000000000057e+01 -8.259999999999999565e-01 -4.289999999999999925e-01
-1.266799999999999926e+01 -1.647899999999999920e+01 2.620999999999999996e+00 -2.530000000000000027e-01
-1.435100000000000087e+01 -1.665800000000000125e+01 -1.560999999999999943e+00 2.790000000000000258e-01
-1.898699999999999832e+01 -1.809799999999999898e+01 -1.463199999999999967e+01 6.300000000000000044e-01
-2.664499999999999957e+01 -2.400300000000000011e+01 -2.960099999999999909e+01 4.739999999999999769e-01
-3.209199999999999875e+01 -2.864900000000000091e+01 -3.768200000000000216e+01 2.760000000000000231e-01
-2.906400000000000006e+01 -2.547700000000000031e+01 -3.532399999999999807e+01 1.332999999999999963e+00
-1.680699999999999861e+01 -1.573499999999999943e+01 -2.632400000000000162e+01 4.671000000000000263e+00
-1.247999999999999998e+00 -3.866999999999999993e+00 -1.911899999999999977e+01 8.391999999999999460e+00
1.267399999999999949e+01 8.128999999999999559e+00 -1.603099999999999881e+01 7.535000000000000142e+00
2.861599999999999966e+01 1.971399999999999864e+01 -7.166000000000000369e+00 1.390000000000000124e-01
5.063900000000000290e+01 3.089999999999999858e+01 1.469599999999999973e+01 -7.988000000000000433e+00
6.809399999999999409e+01 4.061599999999999966e+01 3.803000000000000114e+01 -9.871999999999999886e+00
6.050500000000000256e+01 4.188199999999999790e+01 4.340299999999999869e+01 -7.799000000000000377e+00
2.208599999999999852e+01 2.609700000000000131e+01 2.756299999999999883e+01 -9.617000000000000881e+00
-2.406099999999999994e+01 -1.519999999999999962e-01 8.301999999999999602e+00 -1.488799999999999990e+01
-4.418800000000000239e+01 -1.336400000000000077e+01 4.344999999999999751e+00 -1.484800000000000075e+01
-2.647599999999999909e+01 1.177999999999999936e+00 1.556300000000000061e+01 -7.290000000000000036e+00
1.364600000000000080e+01 3.248299999999999699e+01 2.789600000000000080e+01 -2.869999999999999774e-01
5.376299999999999812e+01 5.829800000000000182e+01 3.157400000000000162e+01 8.070000000000000506e-01
7.392600000000000193e+01 6.438899999999999579e+01 2.604899999999999949e+01 -3.390000000000000235e-01
6.161999999999999744e+01 4.981000000000000227e+01 1.427800000000000047e+01 5.809999999999999609e-01
2.912600000000000122e+01 2.583200000000000074e+01 1.750000000000000000e+00 2.472999999999999865e+00
8.445999999999999730e+00 7.921000000000000263e+00 -4.100999999999999979e+00 2.906000000000000139e+00
1.322300000000000075e+01 2.084000000000000075e+00 -1.276999999999999913e+00 2.240000000000000213e+00
2.459499999999999886e+01 2.967000000000000082e+00 2.113999999999999879e+00 1.989999999999999991e+00
2.240200000000000102e+01 4.860999999999999766e+00 -3.611000000000000210e+00 2.326000000000000068e+00
1.125399999999999956e+01 6.644999999999999574e+00 -1.646600000000000108e+01 2.533999999999999808e+00
7.921999999999999709e+00 7.535000000000000142e+00 -2.384499999999999886e+01 2.398000000000000131e+00
1.501900000000000013e+01 6.312000000000000277e+00 -1.865500000000000114e+01 2.350000000000000089e+00
1.833299999999999841e+01 4.461999999999999744e+00 -7.378999999999999559e+00 2.923000000000000043e+00
8.564000000000000057e+00 4.283000000000000362e+00 7.780000000000000249e-01 4.251000000000000334e+00
-5.959999999999999964e+00 4.200999999999999623e+00 4.261999999999999567e+00 5.479000000000000092e+00
-1.309200000000000053e+01 5.450000000000000400e-01 5.596000000000000085e+00 5.086999999999999744e+00
-1.244200000000000017e+01 -6.434999999999999609e+00 5.288000000000000256e+00 2.476999999999999869e+00
-9.984999999999999432e+00 -1.272899999999999920e+01 1.717000000000000082e+00 -1.340000000000000080e+00
-7.785000000000000142e+00 -1.600199999999999889e+01 -6.652999999999999581e+00 -4.540000000000000036e+00
-7.972000000000000419e+00 -1.675700000000000145e+01 -1.789099999999999824e+01 -4.915000000000000036e+00
-1.757799999999999940e+01 -1.616799999999999926e+01 -2.480099999999999838e+01 -9.769999999999999796e-01
-3.750500000000000256e+01 -1.570700000000000074e+01 -2.097400000000000020e+01 5.174000000000000377e+00
-5.094899999999999807e+01 -1.517500000000000071e+01 -8.721000000000000085e+00 8.195000000000000284e+00
-3.646600000000000108e+01 -1.093599999999999994e+01 3.629000000000000004e+00 5.466000000000000192e+00
2.455000000000000071e+00 -2.629000000000000004e+00 9.874000000000000554e+00 5.639999999999999458e-01
3.207600000000000051e+01 -3.699999999999999956e-01 6.908000000000000362e+00 -1.512999999999999901e+00
2.613899999999999935e+01 -1.352800000000000047e+01 -5.533999999999999808e+00 -5.030000000000000027e-01
7.540000000000000036e-01 -3.092299999999999827e+01 -1.967200000000000060e+01 -4.030000000000000249e-01
-6.963000000000000078e+00 -2.844099999999999895e+01 -2.186799999999999855e+01 -3.556999999999999940e+00
1.162599999999999945e+01 -1.348999999999999977e+00 -7.022000000000000242e+00 -7.099999999999999645e+00
3.012399999999999878e+01 2.674800000000000111e+01 1.438299999999999912e+01 -7.211000000000000298e+00
2.851200000000000045e+01 3.345499999999999829e+01 2.928000000000000114e+01 -5.038000000000000256e+00
1.799699999999999989e+01 2.242800000000000082e+01 3.717199999999999704e+01 -4.312999999999999723e+00
1.481000000000000050e+01 1.072100000000000009e+01 4.484199999999999875e+01 -4.657000000000000028e+00
1.204700000000000060e+01 5.801999999999999602e+00 5.137700000000000244e+01 -2.438000000000000167e+00
-1.217999999999999972e+00 7.064000000000000057e+00 5.027199999999999847e+01 2.455000000000000071e+00
-1.508500000000000085e+01 1.317099999999999937e+01 4.225699999999999790e+01 5.506000000000000227e+00
-1.989099999999999824e+01 1.503100000000000058e+01 3.337100000000000222e+01 3.309000000000000163e+00
-2.840899999999999892e+01 1.453999999999999959e+00 2.429700000000000060e+01 -2.366000000000000103e+00
-5.120799999999999841e+01 -2.012099999999999866e+01 1.291000000000000014e+01 -6.270999999999999908e+00
-7.229999999999999716e+01 -2.968299999999999983e+01 3.119000000000000217e+00 -5.105999999999999872e+00
-6.698900000000000432e+01 -2.108999999999999986e+01 3.360000000000000209e-01 -1.108999999999999986e+00
-3.051300000000000168e+01 -3.277000000000000135e+00 1.256000000000000005e+00 1.247999999999999998e+00
1.461100000000000065e+01 1.558399999999999963e+01 -1.941000000000000059e+00 1.022000000000000020e+00
3.817600000000000193e+01 2.789499999999999957e+01 -9.771000000000000796e+00 7.800000000000000266e-01
3.272299999999999898e+01 2.425300000000000011e+01 -1.523499999999999943e+01 2.575000000000000178e+00
1.486299999999999955e+01 6.032000000000000028e+00 -1.315499999999999936e+01 5.892000000000000348e+00
-1.022999999999999909e+00 -1.091900000000000048e+01 -6.294999999999999929e+00 8.391000000000000014e+00
-1.022899999999999920e+01 -1.479700000000000060e+01 -3.424999999999999822e+00 8.362000000000000099e+00
-7.799000000000000377e+00 -1.138299999999999912e+01 -1.037599999999999945e+01 6.905999999999999694e+00
5.886000000000000121e+00 -1.172499999999999964e+01 -2.216100000000000136e+01 6.408999999999999808e+00
1.853999999999999915e+01 -1.418999999999999950e+01 -2.721699999999999875e+01 6.969000000000000306e+00
2.151300000000000168e+01 -8.973000000000000753e+00 -2.058699999999999974e+01 6.602000000000000313e+00
2.230099999999999838e+01 4.927999999999999936e+00 -8.823999999999999844e+00 4.567000000000000171e+00
2.912300000000000111e+01 1.736199999999999832e+01 -1.086000000000000076e+00 2.067000000000000171e+00
3.299699999999999989e+01 1.790500000000000114e+01 -1.052000000000000046e+00 9.299999999999999933e-02
2.042000000000000171e+01 4.538999999999999702e+00 -7.676999999999999602e+00 -1.745000000000000107e+00
-2.293000000000000149e+00 -1.370199999999999996e+01 -1.632799999999999940e+01 -4.378999999999999559e+00
-1.565900000000000070e+01 -2.353399999999999892e+01 -2.061700000000000088e+01 -7.336999999999999744e+00
-1.634499999999999886e+01 -2.155900000000000105e+01 -1.988599999999999923e+01 -8.288999999999999702e+00
-2.283500000000000085e+01 -1.827700000000000102e+01 -2.023499999999999943e+01 -6.128000000000000114e+00
-4.936599999999999966e+01 -2.456400000000000006e+01 -2.483399999999999963e+01 -2.995000000000000107e+00
-8.330299999999999727e+01 -3.841199999999999903e+01 -3.082600000000000051e+01 -1.284000000000000030e+00
-9.427500000000000568e+01 -4.887100000000000222e+01 -3.629800000000000182e+01 -7.349999999999999867e-01
-6.769400000000000261e+01 -4.782900000000000063e+01 -4.234199999999999875e+01 5.500000000000000444e-01
-2.156800000000000139e+01 -3.247099999999999653e+01 -4.658400000000000318e+01 3.906000000000000139e+00
2.048600000000000065e+01 -2.596000000000000085e+00 -3.816899999999999693e+01 8.208999999999999631e+00
6.018500000000000227e+01 3.720900000000000318e+01 -5.435999999999999943e+00 9.737999999999999545e+00
1.060709999999999980e+02 7.491400000000000148e+01 4.426700000000000301e+01 6.320000000000000284e+00
1.378069999999999879e+02 9.359399999999999409e+01 7.974899999999999523e+01 1.052999999999999936e+00
1.224339999999999975e+02 7.986700000000000443e+01 7.542700000000000671e+01 -1.679000000000000048e+00
6.187899999999999778e+01 3.704899999999999949e+01 3.990999999999999659e+01 -2.823999999999999844e+00
-3.963999999999999968e+00 -1.040499999999999936e+01 3.366000000000000103e+00 -6.169999999999999929e+00
-3.933700000000000330e+01 -3.555499999999999972e+01 -1.421799999999999997e+01 -1.009099999999999930e+01
-3.946999999999999886e+01 -3.374199999999999733e+01 -1.289799999999999969e+01 -8.657999999999999474e+00
-2.244000000000000128e+01 -2.126699999999999946e+01 -3.248000000000000220e+00 -1.540999999999999925e+00
-8.945000000000000284e+00 -1.184800000000000075e+01 2.946000000000000174e+00 4.168999999999999595e+00
-6.916000000000000369e+00 -5.309999999999999609e+00 -2.560000000000000053e-01 3.496999999999999886e+00
-1.070299999999999940e+01 9.879999999999999893e-01 -9.124000000000000554e+00 -8.259999999999999565e-01
-1.438199999999999967e+01 3.471000000000000085e+00 -1.551099999999999923e+01 -3.750999999999999890e+00
-1.907000000000000028e+01 9.399999999999999467e-01 -1.494800000000000040e+01 -4.429999999999999716e+00
-2.641799999999999926e+01 -4.729999999999999760e-01 -7.839000000000000412e+00 -5.386000000000000121e+00
-3.400800000000000267e+01 2.388999999999999790e+00 2.673000000000000043e+00 -7.373999999999999666e+00
-3.675600000000000023e+01 5.945000000000000284e+00 1.110500000000000043e+01 -7.746000000000000441e+00
-2.855099999999999838e+01 8.236000000000000654e+00 1.265199999999999925e+01 -4.504999999999999893e+00
-1.080000000000000071e+01 8.910000000000000142e+00 8.996000000000000441e+00 1.300000000000000044e-01
-4.510000000000000120e-01 4.222000000000000419e+00 6.597000000000000419e+00 2.338999999999999968e+00
-1.283600000000000030e+01 -6.535000000000000142e+00 6.932000000000000384e+00 1.614000000000000101e+00
-3.691899999999999693e+01 -1.630099999999999838e+01 4.753000000000000114e+00 5.150000000000000133e-01
-4.780599999999999739e+01 -2.075199999999999889e+01 -2.410000000000000142e+00 5.639999999999999458e-01
-4.030700000000000216e+01 -2.421199999999999974e+01 -1.076800000000000068e+01 9.809999999999999831e-01
-2.991499999999999915e+01 -2.919500000000000028e+01 -1.654299999999999926e+01 8.359999999999999654e-01
-2.560800000000000054e+01 -3.057000000000000028e+01 -1.872899999999999920e+01 3.830000000000000071e-01
-2.147599999999999909e+01 -2.418599999999999994e+01 -1.700000000000000000e+01 4.600000000000000200e-01
-1.447799999999999976e+01 -1.403899999999999970e+01 -1.234999999999999964e+01 1.542000000000000037e+00
-1.261999999999999922e+01 -8.669000000000000483e+00 -8.066000000000000725e+00 3.212000000000000188e+00
-2.009499999999999886e+01 -1.230799999999999983e+01 -7.240000000000000213e+00 4.320999999999999730e+00
-2.698900000000000077e+01 -2.009199999999999875e+01 -1.047499999999999964e+01 4.075000000000000178e+00
-2.157100000000000151e+01 -2.356200000000000117e+01 -1.541099999999999959e+01 2.956999999999999851e+00
-5.631999999999999673e+00 -1.984400000000000119e+01 -1.788800000000000168e+01 2.193999999999999950e+00
9.964000000000000412e+00 -1.208399999999999963e+01 -1.533500000000000085e+01 2.376999999999999780e+00
2.192599999999999838e+01 -2.275999999999999801e+00 -8.048999999999999488e+00 2.963999999999999968e+00
3.747599999999999909e+01 1.138400000000000034e+01 2.916999999999999815e+00 3.117999999999999883e+00
5.659000000000000341e+01 2.759499999999999886e+01 1.488700000000000045e+01 2.443000000000000060e+00
6.277100000000000080e+01 3.758500000000000085e+01 2.224399999999999977e+01 8.619999999999999885e-01
4.612100000000000222e+01 3.552799999999999869e+01 2.211199999999999832e+01 -8.639999999999999902e-01
2.538400000000000034e+01 2.913500000000000156e+01 1.857600000000000051e+01 -5.580000000000000515e-01
2.667000000000000171e+01 3.032600000000000051e+01 1.738500000000000156e+01 2.322000000000000064e+00
4.724099999999999966e+01 3.939699999999999847e+01 2.147100000000000009e+01 3.495000000000000107e+00
5.999399999999999977e+01 4.750000000000000000e+01 3.129400000000000048e+01 -1.068000000000000060e+00
5.105799999999999983e+01 5.064099999999999824e+01 4.232300000000000040e+01 -7.525000000000000355e+00
3.454899999999999949e+01 5.057000000000000028e+01 4.485000000000000142e+01 -8.404999999999999361e+00
2.773199999999999932e+01 4.506400000000000006e+01 3.388900000000000290e+01 -4.222999999999999865e+00
3.073799999999999955e+01 3.123799999999999955e+01 1.730399999999999849e+01 -2.932999999999999829e+00
3.692300000000000182e+01 1.650799999999999912e+01 7.448000000000000398e+00 -6.676000000000000156e+00
4.304099999999999682e+01 1.083799999999999919e+01 6.328000000000000291e+00 -8.160999999999999588e+00
4.179999999999999716e+01 9.871000000000000441e+00 6.258000000000000007e+00 -3.205000000000000071e+00
2.385900000000000176e+01 1.568999999999999950e+00 2.392999999999999794e+00 2.670999999999999819e+00
-5.291000000000000369e+00 -1.267999999999999972e+01 -3.633999999999999897e+00 3.942000000000000171e+00
-2.640299999999999869e+01 -2.021399999999999864e+01 -9.073999999999999844e+00 2.343999999999999861e+00
-2.885300000000000153e+01 -1.758299999999999841e+01 -1.189799999999999969e+01 1.354000000000000092e+00
-1.875300000000000011e+01 -1.239199999999999946e+01 -9.897999999999999687e+00 1.046999999999999931e+00
-4.839999999999999858e+00 -7.796000000000000263e+00 -2.543000000000000149e+00 5.839999999999999636e-01
1.033699999999999974e+01 4.499999999999999833e-02 6.650999999999999801e+00 5.110000000000000098e-01
2.429700000000000060e+01 9.707000000000000739e+00 1.097100000000000009e+01 1.187999999999999945e+00
2.947700000000000031e+01 1.114199999999999946e+01 5.375000000000000000e+00 1.913000000000000034e+00
1.935000000000000142e+01 -8.279999999999999583e-01 -7.993999999999999773e+00 2.472999999999999865e+00
-2.201999999999999957e+00 -1.700499999999999901e+01 -2.095299999999999940e+01 4.115999999999999659e+00
-2.242000000000000171e+01 -2.589999999999999858e+01 -2.680799999999999983e+01 7.592999999999999972e+00
-3.146799999999999997e+01 -2.876599999999999824e+01 -2.409400000000000119e+01 1.041900000000000048e+01
-2.989900000000000091e+01 -3.243900000000000006e+01 -1.474300000000000033e+01 8.598000000000000753e+00
-2.493700000000000117e+01 -3.567499999999999716e+01 -4.179000000000000270e+00 2.020000000000000018e+00
-2.250600000000000023e+01 -3.424799999999999756e+01 3.639999999999999902e-01 -4.681000000000000050e+00
-2.287500000000000000e+01 -3.014699999999999847e+01 -1.758000000000000007e+00 -7.554999999999999716e+00
-2.344399999999999906e+01 -2.633200000000000074e+01 -3.234999999999999876e+00 -6.887999999999999901e+00
-2.617699999999999960e+01 -2.287000000000000099e+01 -1.199000000000000066e+00 -4.592999999999999972e+00
-3.727400000000000091e+01 -2.251800000000000068e+01 -2.278000000000000025e+00 -1.114999999999999991e+00
-5.521399999999999864e+01 -2.759400000000000119e+01 -7.966999999999999638e+00 2.758999999999999897e+00
-6.596699999999999875e+01 -3.053699999999999903e+01 -7.141000000000000014e+00 3.912999999999999812e+00
-5.788499999999999801e+01 -2.137900000000000134e+01 3.952999999999999847e+00 8.229999999999999538e-01
-3.744200000000000017e+01 -4.387999999999999901e+00 9.034000000000000696e+00 -3.261000000000000121e+00
-2.232600000000000051e+01 5.735999999999999766e+00 -4.495000000000000107e+00 -5.533999999999999808e+00
-2.115599999999999881e+01 3.878000000000000114e+00 -2.483099999999999952e+01 -7.950000000000000178e+00
-2.650900000000000034e+01 3.069999999999999951e-01 -3.219400000000000261e+01 -1.157900000000000063e+01
-2.570799999999999841e+01 6.669999999999999929e+00 -2.238599999999999923e+01 -1.223300000000000054e+01
-1.297400000000000020e+01 2.349099999999999966e+01 -7.275999999999999801e+00 -7.030000000000000249e+00
8.045999999999999375e+00 4.136699999999999733e+01 -1.650000000000000078e-01 5.399999999999999939e-02
2.821499999999999986e+01 4.913400000000000034e+01 -2.271999999999999797e+00 3.869000000000000217e+00
3.916299999999999670e+01 4.277900000000000347e+01 -2.244000000000000217e+00 4.626000000000000334e+00
4.201200000000000045e+01 3.146999999999999886e+01 8.990000000000000213e+00 5.243000000000000327e+00
4.641499999999999915e+01 2.848699999999999832e+01 2.487800000000000011e+01 6.213000000000000078e+00
5.334400000000000119e+01 3.152700000000000102e+01 3.023000000000000043e+01 6.187000000000000277e+00
5.121300000000000097e+01 2.449500000000000099e+01 2.140500000000000114e+01 5.072000000000000064e+00
3.789699999999999847e+01 3.023000000000000131e+00 1.136400000000000077e+01 4.229000000000000092e+00
2.703600000000000136e+01 -1.853900000000000148e+01 1.093900000000000006e+01 4.709999999999999964e+00
2.437000000000000099e+01 -2.916100000000000136e+01 1.410800000000000054e+01 6.211999999999999744e+00
1.778800000000000026e+01 -3.257300000000000040e+01 8.316000000000000725e+00 7.227999999999999758e+00
-2.000000000000000000e+00 -3.411200000000000188e+01 -7.681000000000000050e+00 6.496000000000000441e+00
-2.533500000000000085e+01 -3.237299999999999756e+01 -2.347800000000000153e+01 4.620000000000000107e+00
-3.607000000000000028e+01 -2.567699999999999960e+01 -3.001099999999999923e+01 3.212000000000000188e+00
-3.162500000000000000e+01 -1.542699999999999960e+01 -2.544500000000000028e+01 2.123000000000000220e+00
-2.275100000000000122e+01 -3.681000000000000050e+00 -1.191099999999999959e+01 -4.159999999999999809e-01
-2.019800000000000040e+01 6.926000000000000156e+00 4.583999999999999631e+00 -3.990000000000000213e+00
-2.831099999999999994e+01 1.237899999999999956e+01 1.306400000000000006e+01 -5.447000000000000064e+00
-4.552700000000000102e+01 8.747999999999999332e+00 4.490999999999999659e+00 -3.813000000000000167e+00
-6.428900000000000148e+01 -4.291000000000000369e+00 -1.882199999999999918e+01 -1.794000000000000039e+00
-7.219199999999999307e+01 -2.047299999999999898e+01 -4.307300000000000040e+01 -7.149999999999999689e-01
-5.952600000000000335e+01 -2.856400000000000006e+01 -5.318900000000000006e+01 1.719000000000000083e+00
-2.927299999999999969e+01 -1.989600000000000080e+01 -4.496300000000000097e+01 6.743000000000000327e+00
3.650999999999999801e+00 2.198999999999999844e+00 -2.774800000000000111e+01 1.076399999999999935e+01
2.931700000000000017e+01 2.444099999999999895e+01 -1.073300000000000054e+01 8.685000000000000497e+00
5.529699999999999704e+01 4.060600000000000165e+01 9.523999999999999133e+00 7.209999999999999742e-01
8.980400000000000205e+01 5.582600000000000051e+01 3.472099999999999653e+01 -6.634000000000000341e+00
1.160310000000000059e+02 6.670600000000000307e+01 5.051700000000000301e+01 -9.006999999999999673e+00
1.025849999999999937e+02 5.570499999999999829e+01 4.913199999999999790e+01 -1.017300000000000004e+01
4.349799999999999756e+01 1.811299999999999955e+01 4.656199999999999761e+01 -1.474499999999999922e+01
-2.603000000000000114e+01 -2.115099999999999980e+01 5.470100000000000051e+01 -1.914399999999999835e+01
-6.181700000000000017e+01 -3.372699999999999676e+01 6.047800000000000153e+01 -1.669999999999999929e+01
-5.330299999999999727e+01 -2.258999999999999986e+01 5.012899999999999778e+01 -8.252000000000000668e+00
-2.651599999999999824e+01 -1.348000000000000043e+01 3.153600000000000136e+01 -9.120000000000000329e-01
-7.522000000000000242e+00 -1.647200000000000131e+01 1.904799999999999827e+01 1.584999999999999964e+00
2.335999999999999854e+00 -1.791199999999999903e+01 1.278800000000000026e+01 1.657000000000000028e+00
1.136700000000000088e+01 -8.891999999999999460e+00 4.647999999999999687e+00 2.278999999999999915e+00
1.852100000000000080e+01 1.796999999999999931e+00 -4.940999999999999837e+00 3.285000000000000142e+00
1.926399999999999935e+01 4.067000000000000171e+00 -8.051999999999999602e+00 3.379999999999999893e+00
1.430799999999999983e+01 -2.091000000000000192e+00 -4.195999999999999730e+00 2.779999999999999805e+00
6.788999999999999702e+00 -1.078400000000000070e+01 -2.722999999999999865e+00 2.662999999999999812e+00
5.669999999999999485e-01 -1.561599999999999966e+01 -8.885999999999999233e+00 3.279999999999999805e+00
-5.460000000000000409e-01 -1.430899999999999928e+01 -1.748000000000000043e+01 3.621999999999999886e+00
1.717999999999999972e+00 -1.145700000000000074e+01 -2.205300000000000082e+01 2.814000000000000057e+00
1.725000000000000089e+00 -1.232199999999999918e+01 -2.251999999999999957e+01 1.405000000000000027e+00
4.900000000000000189e-02 -1.514899999999999913e+01 -2.259100000000000108e+01 7.620000000000000107e-01
1.300999999999999934e+00 -1.508600000000000030e+01 -2.474599999999999866e+01 1.270999999999999908e+00
1.375000000000000000e+00 -1.254499999999999993e+01 -2.785999999999999943e+01 2.119000000000000217e+00
-8.323000000000000398e+00 -1.113199999999999967e+01 -2.860300000000000153e+01 2.790000000000000036e+00
-2.388299999999999912e+01 -1.075300000000000011e+01 -2.704400000000000048e+01 3.476999999999999869e+00
-3.182799999999999940e+01 -8.997999999999999332e+00 -2.779100000000000037e+01 4.022000000000000242e+00
-2.875799999999999912e+01 -5.775999999999999801e+00 -3.077100000000000080e+01 3.728000000000000203e+00
-2.346799999999999997e+01 -2.571000000000000174e+00 -2.740200000000000102e+01 2.439000000000000057e+00
-1.985699999999999932e+01 -3.049999999999999933e-01 -1.378899999999999970e+01 1.090999999999999970e+00
-1.254100000000000037e+01 5.130000000000000115e-01 -4.680000000000000271e-01 9.519999999999999574e-01
-1.780000000000000027e+00 -5.460000000000000409e-01 1.650000000000000078e-01 2.322999999999999954e+00
2.946000000000000174e+00 -2.532999999999999918e+00 -9.484999999999999432e+00 4.033999999999999808e+00
7.000000000000000666e-02 -2.198999999999999844e+00 -1.673699999999999832e+01 4.623000000000000220e+00
2.169999999999999984e-01 1.554999999999999938e+00 -1.589400000000000013e+01 3.811999999999999833e+00
6.639000000000000234e+00 3.049999999999999822e+00 -1.220400000000000063e+01 2.119000000000000217e+00
9.650999999999999801e+00 -2.722999999999999865e+00 -9.917999999999999261e+00 -1.559999999999999998e-01
6.642999999999999794e+00 -8.791000000000000369e+00 -4.926999999999999602e+00 -2.370999999999999996e+00
8.375000000000000000e+00 -1.780000000000000027e+00 7.764000000000000234e+00 -2.520000000000000018e+00
2.150499999999999901e+01 2.028900000000000148e+01 2.412800000000000011e+01 1.024999999999999911e+00
4.106300000000000239e+01 4.390100000000000335e+01 3.528799999999999670e+01 5.459999999999999964e+00
5.752900000000000347e+01 5.488300000000000267e+01 3.949199999999999733e+01 4.589999999999999858e+00
6.062299999999999756e+01 5.078099999999999881e+01 4.002199999999999847e+01 -2.535000000000000142e+00
4.620600000000000307e+01 3.913400000000000034e+01 3.462700000000000244e+01 -8.571999999999999176e+00
2.530399999999999849e+01 2.963100000000000023e+01 2.098199999999999932e+01 -8.083000000000000185e+00
1.357600000000000051e+01 2.648400000000000176e+01 7.950000000000000178e+00 -5.193999999999999950e+00
9.996999999999999886e+00 2.440299999999999869e+01 6.700999999999999623e+00 -6.051999999999999602e+00
-2.919999999999999818e-01 1.451500000000000057e+01 1.428200000000000003e+01 -9.012999999999999901e+00
-2.056500000000000128e+01 -3.633000000000000007e+00 1.827400000000000091e+01 -8.173999999999999488e+00
-3.482399999999999807e+01 -1.959499999999999886e+01 1.459800000000000075e+01 -3.073999999999999844e+00
-3.010300000000000153e+01 -2.365299999999999869e+01 9.451999999999999957e+00 1.237000000000000099e+00
-1.310500000000000043e+01 -1.708299999999999841e+01 6.091999999999999638e+00 1.983000000000000096e+00
2.565999999999999837e+00 -8.342999999999999972e+00 1.225000000000000089e+00 1.118000000000000105e+00
1.496000000000000085e+01 -3.024999999999999911e+00 -6.155999999999999694e+00 9.729999999999999760e-01
2.903300000000000125e+01 -9.290000000000000480e-01 -1.202500000000000036e+01 1.639999999999999902e+00
3.921399999999999864e+01 2.710000000000000187e-01 -1.346400000000000041e+01 2.568000000000000060e+00
3.157499999999999929e+01 2.217999999999999972e+00 -1.176900000000000013e+01 3.746999999999999886e+00
7.408000000000000362e+00 4.940999999999999837e+00 -1.032399999999999984e+01 4.549000000000000377e+00
-9.970000000000000639e+00 6.897000000000000242e+00 -1.166000000000000014e+01 3.702999999999999847e+00
-4.139999999999999680e+00 7.150999999999999801e+00 -1.517600000000000016e+01 1.437999999999999945e+00
1.109099999999999930e+01 6.184999999999999609e+00 -1.824299999999999855e+01 -4.199999999999999845e-01
1.257699999999999996e+01 3.495000000000000107e+00 -1.964499999999999957e+01 -1.193999999999999950e+00
-9.280000000000000471e-01 -2.406000000000000139e+00 -1.948000000000000043e+01 -2.218999999999999861e+00
-1.613700000000000045e+01 -1.219400000000000084e+01 -1.803399999999999892e+01 -4.349999999999999645e+00
-3.084499999999999886e+01 -2.580399999999999849e+01 -1.723100000000000165e+01 -6.057999999999999829e+00
-5.144299999999999784e+01 -4.046999999999999886e+01 -1.884299999999999997e+01 -4.814000000000000057e+00
-7.229500000000000171e+01 -4.876100000000000279e+01 -2.100400000000000134e+01 -7.299999999999999545e-02
-7.616500000000000625e+01 -4.313000000000000256e+01 -2.003500000000000014e+01 5.546999999999999709e+00
-5.500399999999999778e+01 -2.251399999999999935e+01 -1.264199999999999946e+01 8.351000000000000867e+00
-1.986400000000000077e+01 6.597999999999999865e+00 3.326000000000000068e+00 7.030000000000000249e+00
1.070199999999999996e+01 3.395199999999999818e+01 2.345700000000000074e+01 3.904999999999999805e+00
2.511100000000000065e+01 4.841799999999999926e+01 3.518999999999999773e+01 2.116000000000000103e+00
2.176999999999999957e+01 4.075099999999999767e+01 3.007999999999999829e+01 1.431999999999999940e+00
7.729000000000000092e+00 1.317300000000000004e+01 1.485299999999999976e+01 -1.306999999999999940e+00
-3.089999999999999858e+00 -1.528400000000000070e+01 3.579000000000000181e+00 -6.261999999999999567e+00
-1.600000000000000089e+00 -2.627199999999999847e+01 1.276999999999999913e+00 -8.926999999999999602e+00
5.129999999999999893e+00 -2.258899999999999864e+01 1.582999999999999963e+00 -7.498000000000000220e+00
6.910999999999999588e+00 -1.718400000000000105e+01 6.600000000000000311e-01 -5.854000000000000092e+00
8.753000000000000114e+00 -9.951000000000000512e+00 4.762999999999999901e+00 -5.535000000000000142e+00
1.833699999999999974e+01 5.948000000000000398e+00 1.894300000000000139e+01 -2.915999999999999925e+00
2.683800000000000097e+01 2.396499999999999986e+01 3.644200000000000017e+01 2.357000000000000206e+00
2.109600000000000009e+01 2.919699999999999918e+01 4.499900000000000233e+01 5.081999999999999851e+00
2.585999999999999854e+00 1.775300000000000011e+01 3.856400000000000006e+01 3.061999999999999833e+00
-1.766100000000000136e+01 -2.489999999999999991e-01 2.126000000000000156e+01 5.600000000000000117e-02
-3.168100000000000094e+01 -1.249099999999999966e+01 3.251999999999999780e+00 -8.770000000000000018e-01
-3.594100000000000250e+01 -1.320400000000000063e+01 -7.091000000000000192e+00 -5.150000000000000133e-01
-2.798600000000000065e+01 -3.884999999999999787e+00 -8.736000000000000654e+00 8.699999999999999400e-02
-7.450999999999999623e+00 9.432999999999999829e+00 -5.748000000000000220e+00 1.145999999999999908e+00
1.875400000000000134e+01 1.948000000000000043e+01 -7.700000000000000178e-01 2.233000000000000096e+00
3.337299999999999756e+01 2.016400000000000148e+01 4.698999999999999844e+00 2.371999999999999886e+00
1.976699999999999946e+01 9.016000000000000014e+00 5.714999999999999858e+00 2.001999999999999780e+00
-1.510299999999999976e+01 -8.554000000000000270e+00 -1.512000000000000011e+00 2.411999999999999922e+00
-4.028499999999999659e+01 -2.076099999999999923e+01 -1.247199999999999953e+01 3.439999999999999947e+00
-3.707800000000000296e+01 -2.199200000000000088e+01 -1.951599999999999824e+01 3.888999999999999790e+00
-2.026800000000000068e+01 -1.968900000000000006e+01 -2.086100000000000065e+01 3.681999999999999940e+00
-1.122799999999999976e+01 -2.157400000000000162e+01 -1.940500000000000114e+01 3.492999999999999883e+00
-1.055300000000000082e+01 -2.281299999999999883e+01 -1.591300000000000026e+01 3.282000000000000028e+00
-8.333999999999999631e+00 -1.541200000000000081e+01 -8.477999999999999758e+00 3.552999999999999936e+00
-2.762999999999999901e+00 -2.759999999999999787e+00 9.379999999999999449e-01 5.977999999999999758e+00
9.979999999999999982e-01 6.070999999999999730e+00 4.924000000000000377e+00 9.516999999999999460e+00
3.300000000000000155e-01 8.910999999999999588e+00 -2.459999999999999964e-01 8.887000000000000455e+00
-3.549999999999999822e+00 7.908999999999999808e+00 -8.247999999999999332e+00 1.518999999999999906e+00
-1.020400000000000063e+01 2.854999999999999982e+00 -9.737000000000000099e+00 -6.810999999999999943e+00
-1.767999999999999972e+01 -4.663000000000000256e+00 -3.033999999999999808e+00 -8.746999999999999886e+00
-1.682199999999999918e+01 -8.186999999999999389e+00 4.152000000000000135e+00 -5.657000000000000028e+00
2.000000000000000042e-02 -4.503000000000000114e+00 3.596000000000000085e+00 -5.027999999999999581e+00
2.458500000000000085e+01 1.864000000000000101e+00 -3.404999999999999805e+00 -8.601000000000000867e+00
3.962299999999999756e+01 6.092999999999999972e+00 -9.063000000000000611e+00 -1.011899999999999977e+01
3.965299999999999869e+01 7.717999999999999972e+00 -1.067500000000000071e+01 -6.036999999999999922e+00
3.408400000000000318e+01 7.402000000000000135e+00 -1.034800000000000075e+01 -1.191000000000000059e+00
3.031200000000000117e+01 5.280000000000000249e+00 -7.205000000000000071e+00 -7.680000000000000160e-01
2.403800000000000026e+01 9.100000000000000311e-01 -1.064000000000000057e+00 -3.435999999999999943e+00
1.066999999999999993e+01 -6.668000000000000149e+00 2.802000000000000046e+00 -5.613999999999999879e+00
-2.173000000000000043e+00 -1.538400000000000034e+01 2.263999999999999790e+00 -6.258000000000000007e+00
-4.261000000000000121e+00 -1.919900000000000162e+01 2.444999999999999840e+00 -5.256000000000000227e+00
-4.689999999999999725e-01 -1.508000000000000007e+01 4.697000000000000064e+00 -2.370999999999999996e+00
-4.589000000000000412e+00 -7.179000000000000270e+00 2.894000000000000128e+00 1.145000000000000018e+00
-1.525500000000000078e+01 -6.830000000000000515e-01 -3.863999999999999879e+00 3.326999999999999957e+00
-1.431199999999999939e+01 4.448000000000000398e+00 -6.565000000000000391e+00 3.926000000000000156e+00
4.165000000000000036e+00 1.061299999999999955e+01 -1.439999999999999891e-01 4.176000000000000156e+00
1.926699999999999946e+01 1.617500000000000071e+01 8.778999999999999915e+00 4.538999999999999702e+00
1.038100000000000023e+01 1.628999999999999915e+01 1.375999999999999979e+01 4.333999999999999631e+00
-1.327100000000000080e+01 1.064600000000000080e+01 1.653000000000000114e+01 3.337000000000000188e+00
-2.371999999999999886e+01 4.652000000000000135e+00 1.767299999999999827e+01 1.925999999999999934e+00
-8.003000000000000114e+00 5.480000000000000426e-01 1.333799999999999919e+01 2.540000000000000036e-01
1.820200000000000173e+01 -5.054999999999999716e+00 5.115000000000000213e+00 -8.499999999999999778e-01
2.810099999999999909e+01 -1.140000000000000036e+01 -1.239999999999999991e+00 4.100000000000000172e-02
1.299399999999999977e+01 -1.011800000000000033e+01 -5.076999999999999957e+00 2.342000000000000082e+00
-7.149000000000000021e+00 2.987999999999999989e+00 -7.857000000000000206e+00 3.467000000000000082e+00
-8.141999999999999460e+00 1.920299999999999940e+01 -8.894999999999999574e+00 2.495999999999999996e+00
7.315999999999999837e+00 2.572800000000000153e+01 -9.119999999999999218e+00 1.286000000000000032e+00
1.467999999999999972e+01 1.935800000000000054e+01 -1.054100000000000037e+01 1.554000000000000048e+00
9.629999999999999671e-01 6.820000000000000284e+00 -1.270500000000000007e+01 3.209999999999999964e+00
-2.002899999999999991e+01 -4.783000000000000362e+00 -1.430599999999999916e+01 5.475999999999999979e+00
-2.781500000000000128e+01 -1.207300000000000040e+01 -1.498799999999999955e+01 7.105000000000000426e+00
-1.842099999999999937e+01 -1.342800000000000082e+01 -1.407099999999999973e+01 5.948999999999999844e+00
-1.413999999999999924e+00 -1.012800000000000011e+01 -9.695999999999999730e+00 1.481000000000000094e+00
1.480799999999999983e+01 -7.910000000000000142e+00 -1.568999999999999950e+00 -3.291999999999999815e+00
2.686400000000000077e+01 -1.154800000000000004e+01 4.290000000000000036e+00 -5.307000000000000384e+00
3.392999999999999972e+01 -1.837600000000000122e+01 -4.189999999999999836e-01 -4.892999999999999794e+00
3.616899999999999693e+01 -2.211700000000000088e+01 -1.338299999999999912e+01 -3.732000000000000206e+00
3.141100000000000136e+01 -2.207100000000000151e+01 -2.203300000000000125e+01 -1.977999999999999980e+00
1.756700000000000017e+01 -2.135800000000000054e+01 -2.063700000000000045e+01 8.870000000000000107e-01
2.087000000000000188e+00 -1.750700000000000145e+01 -1.509800000000000075e+01 4.115999999999999659e+00
-1.278000000000000025e+00 -4.480999999999999872e+00 -8.500000000000000000e+00 6.155000000000000249e+00
1.109099999999999930e+01 1.640200000000000102e+01 4.158000000000000362e+00 6.155999999999999694e+00
2.805699999999999861e+01 3.578300000000000125e+01 2.342000000000000171e+01 3.761000000000000121e+00
3.553900000000000148e+01 4.507800000000000296e+01 3.929800000000000182e+01 -1.080999999999999961e+00
2.846300000000000097e+01 4.170900000000000318e+01 4.216400000000000148e+01 -6.370000000000000107e+00
1.309800000000000075e+01 3.083599999999999852e+01 3.291299999999999670e+01 -8.733000000000000540e+00
-1.691000000000000059e+00 2.350000000000000000e+01 1.961199999999999832e+01 -7.746000000000000441e+00
-1.460899999999999999e+01 2.606899999999999906e+01 8.494999999999999218e+00 -6.232999999999999652e+00
-2.949299999999999855e+01 3.255700000000000216e+01 1.078999999999999959e+00 -5.342999999999999972e+00
-4.611800000000000210e+01 3.395700000000000074e+01 -2.404999999999999805e+00 -3.644000000000000128e+00
-5.719299999999999784e+01 3.126500000000000057e+01 -1.526999999999999913e+00 -1.102000000000000091e+00
-5.204500000000000171e+01 3.105199999999999960e+01 1.945999999999999952e+00 3.370000000000000218e-01
-2.880300000000000082e+01 3.274699999999999989e+01 4.616999999999999993e+00 -1.449999999999999900e-01
-2.677000000000000046e+00 3.047200000000000131e+01 5.600999999999999979e+00 -1.461999999999999966e+00
1.370500000000000007e+01 2.328800000000000026e+01 6.333999999999999631e+00 -2.357000000000000206e+00
3.046699999999999875e+01 1.416799999999999926e+01 6.424000000000000377e+00 -2.258999999999999897e+00
5.557500000000000284e+01 2.520999999999999908e+00 2.806999999999999940e+00 -1.018999999999999906e+00
6.410500000000000398e+01 -1.455700000000000038e+01 -6.945999999999999730e+00 9.629999999999999671e-01
2.871000000000000085e+01 -3.471099999999999852e+01 -2.002599999999999980e+01 2.588000000000000078e+00
-3.067899999999999849e+01 -4.971600000000000108e+01 -2.794699999999999918e+01 2.907000000000000028e+00
-6.722299999999999898e+01 -5.433800000000000097e+01 -2.558299999999999841e+01 2.117999999999999883e+00
-6.654900000000000659e+01 -5.116599999999999682e+01 -1.824800000000000111e+01 1.348999999999999977e+00
-4.954399999999999693e+01 -4.454299999999999926e+01 -1.320199999999999996e+01 1.745000000000000107e+00
-3.261099999999999710e+01 -3.675999999999999801e+01 -9.794999999999999929e+00 4.006000000000000227e+00
-1.774699999999999989e+01 -3.114600000000000080e+01 -5.221000000000000085e+00 8.186999999999999389e+00
-6.144000000000000128e+00 -2.874899999999999878e+01 -1.276000000000000023e+00 1.275999999999999979e+01
-6.510000000000000231e-01 -2.446699999999999875e+01 1.899999999999999911e+00 1.461100000000000065e+01
-3.201999999999999957e+00 -1.657900000000000063e+01 8.750000000000000000e+00 1.205700000000000038e+01
-1.293900000000000006e+01 -1.134099999999999930e+01 1.835200000000000031e+01 6.889000000000000234e+00
-2.584700000000000131e+01 -1.242500000000000071e+01 2.062300000000000111e+01 1.326999999999999957e+00
-4.162500000000000000e+01 -1.928999999999999915e+01 8.272999999999999687e+00 -4.892000000000000348e+00
-6.205400000000000205e+01 -3.350200000000000244e+01 -1.330400000000000027e+01 -1.222199999999999953e+01
-7.856300000000000239e+01 -5.115200000000000102e+01 -3.112300000000000111e+01 -1.891799999999999926e+01
-7.388100000000000023e+01 -5.501800000000000068e+01 -3.430199999999999960e+01 -2.257100000000000151e+01
-3.393399999999999750e+01 -2.824099999999999966e+01 -1.835500000000000043e+01 -2.125799999999999912e+01
3.979800000000000182e+01 2.290099999999999980e+01 1.213799999999999990e+01 -1.436899999999999977e+01
1.154309999999999974e+02 6.704300000000000637e+01 4.262199999999999989e+01 -5.519999999999999574e+00
1.487230000000000132e+02 7.828199999999999648e+01 5.635900000000000176e+01 -3.820000000000000062e-01
1.319670000000000130e+02 6.216299999999999670e+01 4.893900000000000006e+01 7.049999999999999600e-01
9.153900000000000148e+01 3.722299999999999898e+01 3.424900000000000233e+01 1.947999999999999954e+00
4.122899999999999920e+01 8.682999999999999829e+00 2.838200000000000145e+01 4.501999999999999780e+00
-1.453100000000000058e+01 -2.068199999999999861e+01 2.902700000000000102e+01 6.203000000000000291e+00
-5.207399999999999807e+01 -3.745700000000000074e+01 2.323900000000000077e+01 6.716000000000000192e+00
-5.157399999999999807e+01 -3.333500000000000085e+01 1.109999999999999964e+01 7.193999999999999950e+00
-2.816600000000000037e+01 -1.694999999999999929e+01 3.870000000000000107e+00 6.862000000000000099e+00
-1.027699999999999925e+01 -1.798999999999999932e+00 3.061999999999999833e+00 4.541000000000000369e+00
-5.453000000000000291e+00 6.908000000000000362e+00 -1.177000000000000046e+00 1.822999999999999954e+00
-4.520999999999999908e+00 1.143500000000000050e+01 -1.366600000000000037e+01 8.299999999999999600e-01
-3.648000000000000131e+00 1.464100000000000001e+01 -2.838899999999999935e+01 5.020000000000000018e-01
-6.769999999999999574e+00 1.582499999999999929e+01 -3.650300000000000011e+01 -1.304000000000000048e+00
-1.390799999999999947e+01 1.262199999999999989e+01 -3.386299999999999955e+01 -3.494000000000000217e+00
-1.840500000000000114e+01 6.568999999999999950e+00 -2.359100000000000108e+01 -2.955999999999999961e+00
-1.504800000000000004e+01 3.012000000000000011e+00 -1.333799999999999919e+01 5.709999999999999520e-01
-4.817000000000000171e+00 4.198999999999999844e+00 -7.998000000000000220e+00 3.789000000000000146e+00
1.043699999999999939e+01 7.331000000000000405e+00 -6.141000000000000014e+00 4.182000000000000384e+00
3.052700000000000102e+01 9.853999999999999204e+00 -4.269000000000000128e+00 2.750999999999999890e+00
4.847699999999999676e+01 1.114799999999999969e+01 -2.023000000000000131e+00 1.798999999999999932e+00
4.812199999999999989e+01 9.406000000000000583e+00 -2.754999999999999893e+00 1.961000000000000076e+00
2.010699999999999932e+01 2.189999999999999947e+00 -9.557000000000000384e+00 2.307999999999999829e+00
-2.294800000000000040e+01 -9.458000000000000185e+00 -2.035399999999999920e+01 1.850999999999999979e+00
-5.514200000000000301e+01 -1.987500000000000000e+01 -2.924200000000000088e+01 3.669999999999999929e-01
-5.850600000000000023e+01 -2.114000000000000057e+01 -3.288199999999999790e+01 -1.171000000000000041e+00
-3.148300000000000054e+01 -7.727999999999999758e+00 -3.047599999999999909e+01 -1.409999999999999920e+00
1.194100000000000072e+01 1.620599999999999952e+01 -1.950499999999999901e+01 -5.010000000000000009e-01
4.445700000000000074e+01 3.632300000000000040e+01 -2.039999999999999869e-01 2.540000000000000036e-01
4.364699999999999847e+01 4.092699999999999960e+01 1.846499999999999986e+01 7.199999999999999734e-01
1.586400000000000077e+01 2.947200000000000131e+01 2.551800000000000068e+01 1.687000000000000055e+00
-1.192500000000000071e+01 6.815000000000000391e+00 1.909600000000000009e+01 2.716000000000000192e+00
-2.271600000000000108e+01 -1.842299999999999827e+01 8.172000000000000597e+00 2.605999999999999872e+00
-1.867699999999999960e+01 -3.142599999999999838e+01 3.221000000000000085e+00 1.497000000000000108e+00
-8.023999999999999133e+00 -2.361899999999999977e+01 4.998000000000000220e+00 6.059999999999999831e-01
2.556999999999999940e+00 -5.453999999999999737e+00 5.990000000000000213e+00 3.729999999999999982e-01
7.253000000000000114e+00 5.176999999999999602e+00 2.440999999999999837e+00 2.530000000000000027e-01
4.647000000000000242e+00 3.359999999999999876e+00 -1.895000000000000018e+00 1.000000000000000021e-03
-1.580000000000000016e-01 -1.804000000000000048e+00 -2.765000000000000124e+00 -4.700000000000000011e-02
-5.116999999999999993e+00 -2.024000000000000021e+00 6.360000000000000098e-01 1.469999999999999918e-01
-1.614499999999999957e+01 1.455000000000000071e+00 6.437999999999999723e+00 2.280000000000000082e-01
-3.076000000000000156e+01 2.234999999999999876e+00 9.929999999999999716e+00 6.800000000000000488e-02
-2.929100000000000037e+01 -2.661999999999999922e+00 7.203999999999999737e+00 -3.420000000000000262e-01
-3.399999999999999911e+00 -8.569000000000000838e+00 1.506999999999999895e+00 -1.237999999999999989e+00
2.096799999999999997e+01 -7.724000000000000199e+00 -7.349999999999999867e-01 -2.435999999999999943e+00
1.796000000000000085e+01 7.329999999999999849e-01 5.440000000000000391e-01 -2.818999999999999950e+00
2.628000000000000114e+00 8.817999999999999616e+00 1.608999999999999986e+00 -1.713999999999999968e+00
3.978000000000000203e+00 1.009999999999999964e+01 2.863999999999999879e+00 -1.710000000000000131e-01
1.628000000000000114e+01 6.368000000000000327e+00 5.182999999999999829e+00 9.929999999999999938e-01
1.200799999999999912e+01 6.690000000000000391e-01 3.505999999999999783e+00 3.321000000000000174e+00
-1.405899999999999928e+01 -8.592000000000000526e+00 -6.682000000000000384e+00 7.717999999999999972e+00
-4.244299999999999784e+01 -2.117500000000000071e+01 -1.989600000000000080e+01 1.062599999999999945e+01
-5.433700000000000330e+01 -2.826999999999999957e+01 -2.485000000000000142e+01 7.440000000000000391e+00
-3.864300000000000068e+01 -1.787000000000000099e+01 -1.539100000000000001e+01 -7.550000000000000044e-01
7.205000000000000071e+00 1.156099999999999994e+01 5.551999999999999602e+00 -7.474999999999999645e+00
6.341100000000000136e+01 4.307999999999999829e+01 2.623999999999999844e+01 -8.381000000000000227e+00
9.066400000000000148e+01 5.198199999999999932e+01 3.093599999999999994e+01 -6.440999999999999837e+00
6.555599999999999739e+01 2.964600000000000080e+01 1.551500000000000057e+01 -7.754999999999999893e+00
8.849999999999999645e+00 -5.192999999999999616e+00 -4.371999999999999886e+00 -1.259900000000000020e+01
-3.182900000000000063e+01 -2.434700000000000131e+01 -1.081000000000000050e+01 -1.409699999999999953e+01
-3.060300000000000153e+01 -1.889199999999999946e+01 -2.811999999999999833e+00 -7.945999999999999730e+00
-7.988999999999999879e+00 -2.835999999999999854e+00 9.179999999999999716e+00 7.560000000000000053e-01
-1.717999999999999972e+00 7.764999999999999680e+00 1.733099999999999952e+01 4.312000000000000277e+00
-2.339399999999999835e+01 6.203000000000000291e+00 1.697400000000000020e+01 2.157000000000000028e+00
-5.099900000000000233e+01 -6.528999999999999915e+00 4.698000000000000398e+00 -4.119999999999999774e-01
-5.478399999999999892e+01 -1.987199999999999989e+01 -1.382499999999999929e+01 -1.930000000000000049e-01
-2.408800000000000097e+01 -1.903800000000000026e+01 -2.406200000000000117e+01 1.276000000000000023e+00
2.823000000000000043e+01 -5.010000000000000009e-01 -1.866000000000000014e+01 1.701000000000000068e+00
8.128700000000000614e+01 2.618799999999999883e+01 -4.193999999999999950e+00 1.304999999999999938e+00
1.179210000000000065e+02 4.968999999999999773e+01 8.510999999999999233e+00 1.975000000000000089e+00
1.226530000000000058e+02 5.992799999999999727e+01 1.070299999999999940e+01 4.966999999999999638e+00
8.740999999999999659e+01 4.962899999999999778e+01 -3.800000000000000044e-01 9.615999999999999659e+00
3.101999999999999957e+01 2.600000000000000000e+01 -1.360500000000000043e+01 1.343399999999999928e+01
-6.750000000000000000e+00 1.013400000000000034e+01 -1.207300000000000040e+01 1.379800000000000004e+01
-6.291999999999999815e+00 1.288599999999999923e+01 4.466999999999999638e+00 1.015399999999999991e+01
1.309699999999999953e+01 2.189300000000000068e+01 2.126500000000000057e+01 4.174000000000000377e+00
2.214699999999999847e+01 1.971300000000000097e+01 3.121399999999999864e+01 -2.270999999999999908e+00
1.102200000000000024e+01 3.524999999999999911e+00 3.560699999999999932e+01 -8.237000000000000099e+00
-1.209600000000000009e+01 -1.775499999999999901e+01 2.948799999999999955e+01 -1.338599999999999923e+01
-3.501100000000000279e+01 -3.567999999999999972e+01 9.064999999999999503e+00 -1.776000000000000156e+01
-4.948499999999999943e+01 -4.659000000000000341e+01 -1.264499999999999957e+01 -2.074399999999999977e+01
-5.348700000000000188e+01 -4.938300000000000267e+01 -1.808500000000000085e+01 -1.982700000000000173e+01
-4.972500000000000142e+01 -4.480499999999999972e+01 -9.797000000000000597e+00 -1.309800000000000075e+01
-4.037400000000000233e+01 -3.621500000000000341e+01 -4.714000000000000412e+00 -3.426000000000000156e+00
-2.519900000000000162e+01 -2.633599999999999852e+01 -6.576999999999999957e+00 3.365000000000000213e+00
-8.756999999999999673e+00 -1.512500000000000000e+01 -5.261999999999999567e+00 5.075999999999999623e+00
-3.279999999999999805e+00 -6.092999999999999972e+00 -8.379999999999999671e-01 4.349999999999999645e+00
-1.471000000000000085e+01 -7.509000000000000341e+00 -3.116999999999999993e+00 3.717000000000000082e+00
-3.062999999999999901e+01 -1.896000000000000085e+01 -1.065900000000000070e+01 3.810999999999999943e+00
-3.377000000000000313e+01 -2.715200000000000102e+01 -1.486899999999999977e+01 5.721000000000000085e+00
-2.624399999999999977e+01 -2.438800000000000168e+01 -1.756899999999999906e+01 9.983000000000000540e+00
-2.621399999999999864e+01 -1.777599999999999980e+01 -2.182000000000000028e+01 1.363400000000000034e+01
-3.505400000000000205e+01 -1.032799999999999940e+01 -1.643299999999999983e+01 1.290799999999999947e+01
-2.785900000000000176e+01 7.862000000000000099e+00 8.266000000000000014e+00 8.523999999999999133e+00
8.670999999999999375e+00 3.550200000000000244e+01 3.873499999999999943e+01 4.564000000000000057e+00
5.054800000000000182e+01 4.946200000000000330e+01 5.174300000000000210e+01 2.490000000000000213e+00
6.497100000000000364e+01 3.526500000000000057e+01 4.297399999999999665e+01 -3.739999999999999991e-01
4.812100000000000222e+01 8.765000000000000568e+00 2.695100000000000051e+01 -5.405999999999999694e+00
2.260200000000000031e+01 -6.400000000000000355e+00 1.393900000000000006e+01 -9.194000000000000838e+00
5.511999999999999567e+00 -6.730000000000000426e+00 1.659999999999999920e+00 -8.574999999999999289e+00
-5.261000000000000121e+00 -2.862999999999999989e+00 -1.109699999999999953e+01 -5.471000000000000085e+00
-1.318999999999999950e+01 -1.360000000000000098e-01 -1.836400000000000077e+01 -2.998000000000000220e+00
-1.560299999999999976e+01 1.542000000000000037e+00 -1.886700000000000088e+01 -1.185000000000000053e+00
-1.723300000000000054e+01 -9.360000000000000542e-01 -1.971799999999999997e+01 4.889999999999999902e-01
-2.701399999999999935e+01 -9.119999999999999218e+00 -2.353300000000000125e+01 1.135999999999999899e+00
-4.175600000000000023e+01 -1.602299999999999969e+01 -2.461799999999999855e+01 9.409999999999999476e-01
-5.053799999999999670e+01 -1.447199999999999953e+01 -2.019999999999999929e+01 1.483999999999999986e+00
-4.870600000000000307e+01 -7.179999999999999716e+00 -1.442399999999999949e+01 2.775999999999999801e+00
-3.686099999999999710e+01 -6.500000000000000222e-01 -1.091999999999999993e+01 3.095000000000000195e+00
-1.742699999999999960e+01 4.203999999999999737e+00 -9.727999999999999758e+00 2.048000000000000043e+00
1.758999999999999897e+00 8.830999999999999517e+00 -9.509999999999999787e+00 1.534000000000000030e+00
1.220100000000000051e+01 1.133300000000000018e+01 -7.052999999999999936e+00 3.063000000000000167e+00
1.292600000000000016e+01 8.413999999999999702e+00 2.849999999999999756e-01 5.331000000000000405e+00
6.078999999999999737e+00 -1.421000000000000041e+00 7.908999999999999808e+00 5.512999999999999901e+00
-6.875000000000000000e+00 -1.601599999999999824e+01 7.733999999999999986e+00 3.052000000000000046e+00
-1.911799999999999855e+01 -2.770100000000000051e+01 3.820000000000000062e-01 6.939999999999999503e-01
-2.149099999999999966e+01 -2.842500000000000071e+01 -5.416000000000000369e+00 5.719999999999999529e-01
-1.588700000000000045e+01 -2.001800000000000068e+01 -5.243000000000000327e+00 1.245999999999999996e+00
-1.378599999999999959e+01 -1.340900000000000070e+01 -2.898000000000000131e+00 6.049999999999999822e-01
-1.843100000000000094e+01 -1.520500000000000007e+01 -3.108000000000000096e+00 -5.919999999999999707e-01
-1.885000000000000142e+01 -1.914999999999999858e+01 -5.283000000000000362e+00 -4.570000000000000173e-01
-3.656000000000000139e+00 -1.247499999999999964e+01 -4.570999999999999730e+00 8.219999999999999529e-01
2.615899999999999892e+01 9.022999999999999687e+00 1.554000000000000048e+00 1.703999999999999959e+00
5.773700000000000188e+01 3.177299999999999969e+01 8.740000000000000213e+00 1.614000000000000101e+00
7.695399999999999352e+01 3.654500000000000171e+01 1.061700000000000088e+01 1.026000000000000023e+00
8.014799999999999613e+01 2.273400000000000176e+01 7.078999999999999737e+00 3.679999999999999938e-01
7.481799999999999784e+01 9.400999999999999801e+00 2.907999999999999918e+00 -2.999999999999999889e-01
6.929800000000000182e+01 8.726000000000000867e+00 -1.759999999999999898e-01 -8.719999999999999973e-01
6.252600000000000335e+01 1.183799999999999919e+01 -3.822999999999999954e+00 -8.289999999999999591e-01
4.325200000000000244e+01 5.652999999999999581e+00 -7.195000000000000284e+00 1.809999999999999942e-01
6.105999999999999872e+00 -7.440999999999999837e+00 -7.801000000000000156e+00 1.459000000000000075e+00
-3.109100000000000108e+01 -1.469599999999999973e+01 -6.477999999999999758e+00 1.719999999999999973e+00
-4.164800000000000324e+01 -1.126600000000000001e+01 -4.875000000000000000e+00 4.729999999999999760e-01
-2.453600000000000136e+01 -3.398000000000000131e+00 -8.609999999999999876e-01 -1.360000000000000098e+00
-8.827999999999999403e+00 2.516000000000000014e+00 7.318999999999999950e+00 -2.307999999999999829e+00
-1.815399999999999991e+01 4.256999999999999673e+00 1.561299999999999955e+01 -1.927999999999999936e+00
-4.215699999999999648e+01 8.619999999999999885e-01 1.826300000000000168e+01 -1.276999999999999913e+00
-5.203600000000000136e+01 -6.012999999999999901e+00 1.477100000000000080e+01 -1.437000000000000055e+00
-3.697699999999999676e+01 -1.070299999999999940e+01 9.141999999999999460e+00 -2.099000000000000199e+00
-1.268500000000000050e+01 -8.926999999999999602e+00 4.860000000000000320e+00 -2.236000000000000210e+00
3.123000000000000220e+00 -2.055000000000000160e+00 3.261000000000000121e+00 -1.713999999999999968e+00
9.006999999999999673e+00 5.825000000000000178e+00 3.754000000000000004e+00 -1.326000000000000068e+00
1.168699999999999939e+01 1.131199999999999939e+01 3.472999999999999865e+00 -1.477999999999999980e+00
1.284999999999999964e+01 1.108099999999999952e+01 -7.029999999999999583e-01 -1.516000000000000014e+00
9.999000000000000554e+00 2.943999999999999950e+00 -9.073000000000000398e+00 -1.920000000000000040e-01
2.911999999999999922e+00 -9.098000000000000753e+00 -1.876999999999999957e+01 2.851999999999999869e+00
-6.035000000000000142e+00 -1.529100000000000037e+01 -2.456400000000000006e+01 5.448000000000000398e+00
-1.457300000000000040e+01 -1.022100000000000009e+01 -2.147400000000000020e+01 4.455000000000000071e+00
-2.015200000000000102e+01 1.441999999999999948e+00 -1.036500000000000021e+01 4.200000000000000261e-02
-1.996300000000000097e+01 1.235200000000000031e+01 1.429000000000000048e+00 -4.062999999999999723e+00
-1.507799999999999940e+01 1.944000000000000128e+01 6.990999999999999659e+00 -5.796999999999999709e+00
-1.085299999999999976e+01 2.183699999999999974e+01 4.469999999999999751e+00 -7.323000000000000398e+00
-8.438000000000000611e+00 2.090700000000000003e+01 -2.987999999999999989e+00 -1.035100000000000087e+01
-2.044000000000000039e+00 2.257300000000000040e+01 -9.650999999999999801e+00 -1.182199999999999918e+01
8.742000000000000881e+00 2.979100000000000037e+01 -1.268599999999999994e+01 -8.422000000000000597e+00
1.474799999999999933e+01 3.709799999999999898e+01 -1.304800000000000004e+01 -2.823999999999999844e+00
1.440499999999999936e+01 4.188900000000000290e+01 -9.310999999999999943e+00 9.199999999999999845e-02
1.963800000000000168e+01 4.954899999999999949e+01 1.667999999999999927e+00 3.089999999999999969e-01
3.555499999999999972e+01 5.951200000000000045e+01 1.775400000000000134e+01 7.730000000000000204e-01
5.166299999999999670e+01 6.191899999999999693e+01 3.270400000000000063e+01 1.969999999999999973e+00
5.838000000000000256e+01 5.277100000000000080e+01 4.151899999999999835e+01 2.261000000000000121e+00
5.688100000000000023e+01 3.842999999999999972e+01 4.248299999999999699e+01 9.060000000000000275e-01
5.102499999999999858e+01 2.439499999999999957e+01 3.892999999999999972e+01 -9.619999999999999662e-01
4.100900000000000034e+01 9.974000000000000199e+00 3.596000000000000085e+01 -1.356999999999999984e+00
2.957900000000000063e+01 -5.030000000000000249e+00 3.314999999999999858e+01 1.590000000000000024e-01
2.664600000000000080e+01 -1.655099999999999838e+01 2.607100000000000151e+01 1.625000000000000000e+00
3.429200000000000159e+01 -2.398000000000000043e+01 1.381499999999999950e+01 1.562999999999999945e+00
3.403199999999999648e+01 -3.381799999999999784e+01 1.203000000000000069e+00 9.230000000000000426e-01
1.306600000000000072e+01 -4.811299999999999955e+01 -6.110000000000000320e+00 9.849999999999999867e-01
-6.660000000000000142e+00 -5.766599999999999682e+01 -9.221999999999999531e+00 1.661000000000000032e+00
-1.360999999999999988e+00 -5.515200000000000102e+01 -1.558399999999999963e+01 2.583000000000000185e+00
6.628000000000000114e+00 -4.712299999999999756e+01 -2.723999999999999844e+01 3.623000000000000220e+00
-1.983800000000000097e+01 -4.406700000000000017e+01 -3.534400000000000119e+01 4.020999999999999908e+00
-6.814600000000000080e+01 -4.428699999999999903e+01 -3.237899999999999778e+01 2.998000000000000220e+00
-9.245699999999999363e+01 -3.738700000000000045e+01 -2.423699999999999832e+01 1.332999999999999963e+00
-8.009499999999999886e+01 -2.028399999999999892e+01 -2.206500000000000128e+01 5.240000000000000213e-01
-5.533299999999999841e+01 -7.179999999999999716e-01 -2.510900000000000176e+01 2.449999999999999956e-01
-3.388600000000000279e+01 1.176500000000000057e+01 -2.185000000000000142e+01 -1.300000000000000044e+00
-1.674500000000000099e+01 1.173499999999999943e+01 -9.108999999999999986e+00 -3.822999999999999954e+00
-1.344800000000000040e+01 -3.770000000000000018e-01 1.560999999999999943e+00 -4.245000000000000107e+00
-3.089499999999999957e+01 -1.747200000000000131e+01 1.885999999999999899e+00 -8.850000000000000089e-01
-4.878999999999999915e+01 -2.900799999999999912e+01 -3.599999999999999867e-01 4.288000000000000256e+00
-4.099099999999999966e+01 -2.763800000000000168e+01 4.751000000000000334e+00 8.448999999999999844e+00
-1.462299999999999933e+01 -1.511500000000000021e+01 1.370199999999999996e+01 9.851000000000000867e+00
4.160000000000000142e+00 -1.334999999999999964e+00 1.827700000000000102e+01 7.379999999999999893e+00
1.427500000000000036e+01 5.490000000000000213e+00 1.920200000000000173e+01 2.033999999999999808e+00
2.950700000000000145e+01 3.486000000000000210e+00 1.969999999999999929e+01 -2.141999999999999904e+00
3.354299999999999926e+01 -8.166999999999999815e+00 1.570899999999999963e+01 -2.520999999999999908e+00
-1.584999999999999964e+00 -2.594200000000000017e+01 3.874000000000000110e+00 -2.354999999999999982e+00
-5.522099999999999653e+01 -3.655899999999999750e+01 -8.682000000000000384e+00 -6.498000000000000220e+00
-7.271599999999999397e+01 -3.180000000000000071e+01 -1.179299999999999926e+01 -1.298600000000000065e+01
-4.081400000000000006e+01 -2.071900000000000119e+01 -5.258000000000000007e+00 -1.407300000000000040e+01
-1.239999999999999991e+00 -1.460200000000000031e+01 1.068000000000000060e+00 -7.051000000000000156e+00
9.862999999999999545e+00 -1.282199999999999918e+01 -1.274000000000000021e+00 1.461999999999999966e+00
3.300000000000000155e-01 -1.002299999999999969e+01 -9.749000000000000554e+00 5.152000000000000135e+00
-3.737000000000000099e+00 -4.629999999999999893e+00 -1.396599999999999930e+01 5.854000000000000092e+00
3.383999999999999897e+00 2.063000000000000167e+00 -8.705999999999999517e+00 7.272000000000000242e+00
1.030899999999999928e+01 7.801000000000000156e+00 1.036000000000000032e+00 7.761999999999999567e+00
1.557000000000000028e+01 1.067800000000000082e+01 8.250999999999999446e+00 4.740000000000000213e+00
2.674699999999999989e+01 1.084200000000000053e+01 9.205999999999999517e+00 3.350000000000000200e-01
4.034599999999999653e+01 9.660999999999999588e+00 2.132000000000000117e+00 -2.270999999999999908e+00
4.514000000000000057e+01 7.626999999999999780e+00 -1.020599999999999952e+01 -3.817000000000000171e+00
3.951800000000000068e+01 5.588000000000000078e+00 -1.912900000000000134e+01 -5.786999999999999922e+00
3.061499999999999844e+01 6.897000000000000242e+00 -1.838899999999999935e+01 -5.982999999999999652e+00
2.267699999999999960e+01 1.235599999999999987e+01 -1.150500000000000078e+01 -2.549999999999999822e+00
1.431000000000000050e+01 1.435800000000000054e+01 -7.458000000000000185e+00 1.237999999999999989e+00
2.807999999999999829e+00 6.570000000000000284e+00 -1.091200000000000081e+01 1.798000000000000043e+00
-1.171799999999999997e+01 -3.209999999999999964e+00 -1.779400000000000048e+01 8.800000000000000044e-01
-2.657100000000000151e+01 -2.964999999999999858e+00 -2.045700000000000074e+01 1.653000000000000025e+00
-3.993099999999999739e+01 6.660999999999999588e+00 -1.634700000000000131e+01 3.388999999999999790e+00
-4.585600000000000165e+01 1.894999999999999929e+01 -8.550000000000000711e+00 3.999000000000000110e+00
-2.929599999999999937e+01 3.375200000000000244e+01 1.052000000000000046e+00 4.038999999999999702e+00
1.099200000000000088e+01 4.760799999999999699e+01 1.226900000000000013e+01 4.729000000000000092e+00
4.127400000000000091e+01 4.603600000000000136e+01 2.041199999999999903e+01 5.020999999999999908e+00
3.020400000000000063e+01 2.549599999999999866e+01 1.891499999999999915e+01 3.680000000000000160e+00
-3.677000000000000046e+00 6.701999999999999957e+00 9.807999999999999829e+00 2.004000000000000004e+00
-1.923400000000000176e+01 6.745000000000000107e+00 3.089999999999999858e+00 1.814000000000000057e+00
-9.619999999999999218e+00 1.603399999999999892e+01 3.871999999999999886e+00 2.475999999999999979e+00
2.059000000000000163e+00 1.823400000000000176e+01 6.905000000000000249e+00 2.273000000000000131e+00
5.400000000000000355e+00 1.410399999999999920e+01 5.306000000000000050e+00 1.298999999999999932e+00
1.010699999999999932e+01 1.245100000000000051e+01 -2.800000000000000266e-01 6.520000000000000240e-01
1.837800000000000011e+01 1.249200000000000088e+01 -3.603000000000000203e+00 2.740000000000000213e-01
1.565199999999999925e+01 7.368000000000000327e+00 -1.691999999999999948e+00 -2.129999999999999949e-01
-5.347000000000000419e+00 -2.673000000000000043e+00 1.782000000000000028e+00 -2.419999999999999929e-01
-2.918700000000000117e+01 -1.020100000000000051e+01 2.040000000000000036e+00 4.380000000000000004e-01
-3.756400000000000006e+01 -1.090499999999999936e+01 -1.447000000000000064e+00 9.240000000000000435e-01
-3.189099999999999824e+01 -7.665000000000000036e+00 -5.115999999999999659e+00 8.040000000000000480e-01
-2.431500000000000128e+01 -4.903999999999999915e+00 -4.541999999999999815e+00 1.457000000000000073e+00
-1.753999999999999915e+01 -3.021999999999999797e+00 1.344000000000000083e+00 4.230999999999999872e+00
-6.743999999999999773e+00 2.099999999999999922e-01 8.446999999999999176e+00 7.522999999999999687e+00
8.499000000000000554e+00 5.517000000000000348e+00 1.204499999999999993e+01 7.620000000000000107e+00
2.643900000000000006e+01 1.219599999999999973e+01 1.296499999999999986e+01 3.209000000000000075e+00
4.580700000000000216e+01 1.936400000000000077e+01 1.511299999999999955e+01 -2.681000000000000050e+00
5.720499999999999829e+01 2.273600000000000065e+01 1.747299999999999898e+01 -6.131000000000000227e+00
4.792099999999999937e+01 1.481900000000000084e+01 1.581900000000000084e+01 -6.846000000000000085e+00
2.366000000000000014e+01 -3.387000000000000011e+00 1.101399999999999935e+01 -8.048999999999999488e+00
7.503999999999999559e+00 -1.687000000000000099e+01 6.692000000000000171e+00 -1.113700000000000045e+01
8.948999999999999844e+00 -1.532799999999999940e+01 2.274000000000000021e+00 -1.236800000000000033e+01
1.210899999999999999e+01 -9.624000000000000554e+00 -3.509999999999999787e+00 -8.135999999999999233e+00
1.977999999999999980e+00 -1.493299999999999983e+01 -8.208999999999999631e+00 -1.360000000000000098e+00
-1.640500000000000114e+01 -2.803200000000000003e+01 -1.080300000000000082e+01 2.142999999999999794e+00
-3.062199999999999989e+01 -3.551200000000000045e+01 -1.413100000000000023e+01 1.489000000000000101e+00
-3.572500000000000142e+01 -3.308700000000000330e+01 -1.829899999999999949e+01 1.439999999999999891e-01
-3.286999999999999744e+01 -2.551699999999999946e+01 -1.864199999999999946e+01 -2.210000000000000020e-01
-2.491100000000000136e+01 -1.699200000000000088e+01 -1.374399999999999977e+01 -8.990000000000000213e-01
-1.488899999999999935e+01 -8.842999999999999972e+00 -8.101000000000000867e+00 -2.541999999999999815e+00
-1.901999999999999913e+00 -3.799999999999999906e-02 -2.435000000000000053e+00 -3.903999999999999915e+00
2.017999999999999972e+01 1.296499999999999986e+01 8.827999999999999403e+00 -3.811999999999999833e+00
5.201800000000000068e+01 3.128600000000000136e+01 2.448999999999999844e+01 -2.072999999999999954e+00
7.905899999999999750e+01 4.771600000000000108e+01 3.287500000000000000e+01 9.639999999999999680e-01
8.400400000000000489e+01 5.132900000000000063e+01 2.887300000000000111e+01 3.705999999999999961e+00
6.821099999999999852e+01 4.014699999999999847e+01 2.216199999999999903e+01 3.669000000000000039e+00
4.821999999999999886e+01 2.403000000000000114e+01 2.036799999999999855e+01 7.800000000000000266e-01
3.353900000000000148e+01 1.164000000000000057e+01 1.839099999999999824e+01 -1.709000000000000075e+00
2.207199999999999918e+01 1.667999999999999927e+00 1.197400000000000020e+01 -1.463000000000000078e+00
1.264100000000000001e+01 -8.301999999999999602e+00 6.245000000000000107e+00 1.729999999999999871e-01
5.842999999999999972e+00 -1.402999999999999936e+01 4.500000000000000000e+00 9.849999999999999867e-01
-2.576999999999999957e+00 -1.299000000000000021e+01 1.901000000000000023e+00 9.190000000000000391e-01
-1.557199999999999918e+01 -1.139300000000000068e+01 -4.886999999999999567e+00 9.350000000000000533e-01
-2.792999999999999972e+01 -1.557699999999999996e+01 -1.117200000000000060e+01 9.170000000000000373e-01
-3.374300000000000210e+01 -2.273699999999999832e+01 -1.124099999999999966e+01 3.099999999999999978e-01
-3.375300000000000011e+01 -2.477799999999999869e+01 -6.698999999999999844e+00 -3.609999999999999876e-01
-3.202100000000000080e+01 -1.875400000000000134e+01 -4.447000000000000064e+00 -1.320000000000000062e-01
-3.108299999999999841e+01 -1.144699999999999918e+01 -7.785000000000000142e+00 7.870000000000000329e-01
-3.067899999999999849e+01 -1.152800000000000047e+01 -1.264700000000000024e+01 1.219999999999999973e+00
-2.796199999999999974e+01 -1.792899999999999849e+01 -1.416999999999999993e+01 7.710000000000000187e-01
-2.034900000000000020e+01 -2.178900000000000148e+01 -1.342600000000000016e+01 4.329999999999999960e-01
-9.856999999999999318e+00 -1.873999999999999844e+01 -1.401600000000000001e+01 1.191999999999999948e+00
-2.028000000000000025e+00 -1.130300000000000082e+01 -1.524000000000000021e+01 2.559000000000000163e+00
1.421000000000000041e+00 -1.272000000000000020e+00 -1.265300000000000047e+01 3.033999999999999808e+00
5.479000000000000092e+00 1.147600000000000087e+01 -4.083000000000000185e+00 1.929999999999999938e+00
1.276200000000000045e+01 2.299099999999999966e+01 6.695000000000000284e+00 1.570000000000000007e-01
1.523900000000000077e+01 2.478500000000000014e+01 1.233300000000000018e+01 -1.030999999999999917e+00
4.137999999999999901e+00 1.309699999999999953e+01 8.356999999999999318e+00 -1.645999999999999908e+00
-1.419100000000000072e+01 -3.298000000000000043e+00 -2.427000000000000046e+00 -2.665999999999999925e+00
-2.366499999999999915e+01 -1.040499999999999936e+01 -1.229700000000000060e+01 -3.996999999999999886e+00
-1.932999999999999829e+01 -5.230000000000000426e+00 -1.600100000000000122e+01 -3.976999999999999869e+00
-1.378800000000000026e+01 1.022000000000000020e+00 -1.541399999999999970e+01 -1.939000000000000057e+00
-2.198999999999999844e+01 -2.491999999999999993e+00 -1.589199999999999946e+01 3.119999999999999996e-01
-4.452300000000000324e+01 -1.429299999999999926e+01 -1.897200000000000131e+01 1.082000000000000073e+00
-6.670900000000000318e+01 -2.530600000000000094e+01 -2.076000000000000156e+01 1.163999999999999924e+00
-7.238700000000000045e+01 -2.898000000000000043e+01 -1.760000000000000142e+01 2.068000000000000060e+00
-5.884199999999999875e+01 -2.400499999999999901e+01 -1.072100000000000009e+01 3.370000000000000107e+00
-3.774799999999999756e+01 -1.373399999999999999e+01 -3.462000000000000188e+00 3.286999999999999922e+00
-2.130199999999999960e+01 -4.794999999999999929e+00 3.096000000000000085e+00 1.137000000000000011e+00
-1.171400000000000041e+01 -7.700000000000000178e-01 8.291999999999999815e+00 -1.687000000000000055e+00
-4.408999999999999808e+00 2.701999999999999957e+00 1.005700000000000038e+01 -3.217000000000000082e+00
4.120000000000000107e+00 1.151299999999999990e+01 8.896000000000000796e+00 -3.274999999999999911e+00
1.388000000000000078e+01 2.267299999999999827e+01 8.153999999999999915e+00 -3.306999999999999940e+00
2.514900000000000091e+01 2.770899999999999963e+01 8.218999999999999417e+00 -3.423999999999999932e+00
3.703399999999999892e+01 2.494399999999999906e+01 6.924000000000000377e+00 -2.087000000000000188e+00
4.017900000000000205e+01 1.852899999999999991e+01 5.108999999999999986e+00 5.909999999999999698e-01
2.632700000000000173e+01 9.929999999999999716e+00 5.442999999999999616e+00 2.634999999999999787e+00
6.405000000000000249e+00 3.140000000000000013e-01 7.910999999999999588e+00 3.297000000000000153e+00
-8.429999999999999716e-01 -6.001999999999999780e+00 1.022300000000000075e+01 3.069999999999999840e+00
4.716000000000000192e+00 -7.440000000000000391e+00 9.702999999999999403e+00 1.889000000000000012e+00
8.871000000000000441e+00 -6.988999999999999879e+00 5.073999999999999844e+00 -8.999999999999999320e-03
7.759000000000000341e+00 -5.049999999999999822e+00 -6.420000000000000151e-01 -1.245999999999999996e+00
1.071100000000000030e+01 2.035000000000000142e+00 -2.246999999999999886e+00 -9.929999999999999938e-01
2.219099999999999895e+01 1.387700000000000067e+01 1.143000000000000016e+00 -7.000000000000000146e-03
3.435999999999999943e+01 2.280600000000000094e+01 5.721000000000000085e+00 7.379999999999999893e-01
3.617300000000000182e+01 2.096699999999999875e+01 8.564000000000000057e+00 1.260000000000000009e+00
2.328399999999999892e+01 7.535999999999999588e+00 9.464999999999999858e+00 1.995000000000000107e+00
3.862999999999999989e+00 -9.765000000000000568e+00 8.192999999999999616e+00 2.779999999999999805e+00
-4.344000000000000306e+00 -1.896900000000000119e+01 4.509000000000000341e+00 2.894000000000000128e+00
6.748999999999999666e+00 -1.446199999999999974e+01 6.550000000000000266e-01 2.080000000000000071e+00
2.252199999999999847e+01 -3.741000000000000103e+00 -7.500000000000000000e-01 1.082000000000000073e+00
2.454899999999999949e+01 1.497000000000000108e+00 -7.059999999999999609e-01 6.320000000000000062e-01
1.304599999999999937e+01 -1.395999999999999908e+00 -1.830999999999999961e+00 4.789999999999999813e-01
-2.048999999999999932e+00 -7.304000000000000270e+00 -4.217999999999999972e+00 1.330000000000000071e-01
-1.719300000000000139e+01 -1.264700000000000024e+01 -6.402000000000000135e+00 -1.570000000000000007e-01
-3.059100000000000108e+01 -1.630799999999999983e+01 -7.924000000000000377e+00 3.500000000000000333e-02
-3.643800000000000239e+01 -1.634799999999999898e+01 -8.762999999999999901e+00 4.309999999999999942e-01
-3.281300000000000239e+01 -1.220100000000000051e+01 -8.612000000000000099e+00 4.600000000000000200e-01
-2.572899999999999920e+01 -7.105999999999999872e+00 -7.822000000000000064e+00 8.899999999999999578e-02
-2.202400000000000091e+01 -5.312999999999999723e+00 -7.394000000000000128e+00 -3.310000000000000164e-01
-2.419800000000000040e+01 -8.342999999999999972e+00 -8.044999999999999929e+00 -7.329999999999999849e-01
-3.116700000000000159e+01 -1.378200000000000003e+01 -1.029299999999999926e+01 -1.229000000000000092e+00
-3.742300000000000182e+01 -1.674299999999999855e+01 -1.355700000000000038e+01 -1.514999999999999902e+00
-3.214300000000000068e+01 -1.300699999999999967e+01 -1.340199999999999925e+01 -1.098999999999999977e+00
-6.450999999999999623e+00 -1.122000000000000108e+00 -3.607000000000000206e+00 -1.029999999999999943e-01
3.674199999999999733e+01 1.640800000000000125e+01 1.483900000000000041e+01 9.969999999999999973e-01
8.167400000000000659e+01 3.159900000000000020e+01 3.014399999999999835e+01 2.113999999999999879e+00
1.059590000000000032e+02 3.458400000000000318e+01 3.053099999999999881e+01 2.958000000000000185e+00
9.382899999999999352e+01 2.502799999999999869e+01 1.764699999999999847e+01 2.706999999999999851e+00
5.389000000000000057e+01 1.503899999999999970e+01 3.984999999999999876e+00 1.653999999999999915e+00
1.547899999999999920e+01 1.298900000000000077e+01 -2.793000000000000149e+00 1.711000000000000076e+00
-1.390000000000000124e-01 1.404400000000000048e+01 -5.495000000000000107e+00 3.846000000000000085e+00
7.358999999999999986e+00 1.426800000000000068e+01 -6.137999999999999901e+00 6.179999999999999716e+00
2.900199999999999889e+01 1.861799999999999855e+01 -2.100000000000000130e-02 5.637999999999999901e+00
5.141100000000000136e+01 2.785000000000000142e+01 1.317999999999999972e+01 1.326999999999999957e+00
5.791299999999999670e+01 3.362700000000000244e+01 2.234700000000000131e+01 -4.269000000000000128e+00
4.114999999999999858e+01 3.036700000000000088e+01 1.688299999999999912e+01 -8.087999999999999190e+00
9.194000000000000838e+00 1.942000000000000171e+01 1.060000000000000053e+00 -9.923999999999999488e+00
-2.343700000000000117e+01 4.434000000000000163e+00 -9.137999999999999901e+00 -1.148000000000000043e+01
-4.414300000000000068e+01 -8.035999999999999588e+00 -4.610999999999999766e+00 -1.219899999999999984e+01
-4.672899999999999920e+01 -1.044200000000000017e+01 5.375000000000000000e+00 -9.262999999999999901e+00
-3.518099999999999739e+01 -3.266000000000000014e+00 6.804000000000000270e+00 -3.137999999999999901e+00
-2.019000000000000128e+01 4.333000000000000185e+00 7.590000000000000080e-01 1.258000000000000007e+00
-9.637000000000000455e+00 4.754999999999999893e+00 -1.620000000000000107e+00 1.300000000000000044e+00
-4.748000000000000220e+00 -1.937000000000000055e+00 1.854999999999999982e+00 -2.069999999999999896e-01
-4.865999999999999659e+00 -1.156000000000000050e+01 3.251999999999999780e+00 -4.109999999999999765e-01
-1.260399999999999920e+01 -2.247800000000000153e+01 -2.224000000000000199e+00 4.399999999999999745e-02
-3.015500000000000114e+01 -3.557999999999999829e+01 -1.117800000000000082e+01 -0.000000000000000000e+00
-4.893999999999999773e+01 -4.628600000000000136e+01 -1.661100000000000065e+01 4.399999999999999745e-02
-5.119500000000000028e+01 -4.464600000000000080e+01 -1.391300000000000026e+01 9.549999999999999600e-01
-3.051399999999999935e+01 -2.868499999999999872e+01 -5.527999999999999581e+00 2.508999999999999897e+00
-3.907000000000000028e+00 -1.033300000000000018e+01 9.290000000000000480e-01 3.955000000000000071e+00
6.839000000000000412e+00 -2.763999999999999790e+00 9.989999999999999991e-01 4.463000000000000078e+00
3.679999999999999938e-01 -5.926999999999999602e+00 -2.778999999999999915e+00 3.736000000000000210e+00
-7.535999999999999588e+00 -9.454000000000000625e+00 -5.910000000000000142e+00 2.588000000000000078e+00
-7.448999999999999844e+00 -7.389999999999999680e+00 -7.839000000000000412e+00 1.985999999999999988e+00
-4.847000000000000419e+00 -3.395000000000000018e+00 -1.023600000000000065e+01 1.675999999999999934e+00
-6.871999999999999886e+00 -1.782999999999999918e+00 -1.074200000000000088e+01 7.580000000000000071e-01
-1.218999999999999950e+01 -5.759999999999999565e-01 -5.131000000000000227e+00 -6.069999999999999840e-01
-1.515600000000000058e+01 3.783999999999999808e+00 3.141000000000000014e+00 -1.048999999999999932e+00
-1.231700000000000017e+01 9.861000000000000654e+00 4.916999999999999815e+00 2.270000000000000073e-01
-4.983999999999999986e+00 1.318800000000000061e+01 -7.399999999999999911e-01 2.185000000000000053e+00
1.711000000000000076e+00 1.194699999999999918e+01 -5.102000000000000313e+00 3.056999999999999940e+00
4.506000000000000227e+00 8.465999999999999304e+00 -4.416000000000000369e+00 2.396999999999999797e+00
4.607999999999999652e+00 6.051000000000000156e+00 -4.301000000000000156e+00 1.370000000000000107e+00
3.225000000000000089e+00 5.328999999999999737e+00 -7.493999999999999773e+00 1.239000000000000101e+00
8.729999999999999982e-01 5.097999999999999865e+00 -9.132999999999999119e+00 2.519000000000000128e+00
8.999999999999999320e-03 5.379999999999999893e+00 -6.091000000000000192e+00 4.972000000000000419e+00
8.699999999999999956e-01 6.219999999999999751e+00 -1.800999999999999934e+00 7.075999999999999623e+00
-1.118999999999999995e+00 5.871999999999999886e+00 -6.530000000000000249e-01 6.453999999999999737e+00
-7.040000000000000036e+00 4.027999999999999581e+00 -2.032000000000000028e+00 2.323999999999999844e+00
-1.136700000000000088e+01 2.991999999999999993e+00 -2.000000000000000000e+00 -3.029999999999999805e+00
-1.418599999999999994e+01 2.379999999999999893e+00 -8.629999999999999893e-01 -6.485000000000000320e+00
-2.444200000000000017e+01 -1.699000000000000066e+00 -4.064000000000000057e+00 -7.878000000000000114e+00
-4.117199999999999704e+01 -8.513999999999999346e+00 -1.191900000000000048e+01 -9.625999999999999446e+00
-4.514800000000000324e+01 -8.916000000000000369e+00 -1.482300000000000040e+01 -1.146299999999999919e+01
-2.134199999999999875e+01 4.980000000000000426e+00 -4.174000000000000377e+00 -9.502000000000000668e+00
2.007799999999999940e+01 2.615800000000000125e+01 1.658899999999999864e+01 -3.004999999999999893e+00
5.338799999999999812e+01 3.500099999999999767e+01 3.529999999999999716e+01 3.049999999999999822e+00
6.019800000000000040e+01 2.125600000000000023e+01 4.045600000000000307e+01 4.751999999999999780e+00
3.925500000000000256e+01 -3.576000000000000068e+00 2.814600000000000080e+01 3.585999999999999854e+00
3.529999999999999805e+00 -2.243100000000000094e+01 6.706999999999999851e+00 2.709000000000000075e+00
-2.672400000000000020e+01 -3.063500000000000156e+01 -8.760999999999999233e+00 3.015000000000000124e+00
-3.641400000000000148e+01 -3.176800000000000068e+01 -1.079599999999999937e+01 3.366000000000000103e+00
-2.644099999999999895e+01 -2.699299999999999855e+01 -3.471999999999999975e+00 2.568999999999999950e+00
-7.596000000000000085e+00 -1.552200000000000024e+01 6.035999999999999588e+00 8.820000000000000062e-01
1.240799999999999947e+01 -3.449999999999999734e-01 1.266900000000000048e+01 -2.550000000000000044e-01
2.868299999999999983e+01 1.179599999999999937e+01 1.374600000000000044e+01 1.320000000000000062e-01
3.496200000000000330e+01 1.574600000000000044e+01 1.050900000000000034e+01 1.379999999999999893e+00
2.883699999999999974e+01 1.183600000000000030e+01 7.791999999999999815e+00 1.590999999999999970e+00
1.619800000000000040e+01 5.621000000000000441e+00 8.018000000000000682e+00 -1.340000000000000080e-01
7.160000000000000142e+00 3.495000000000000107e+00 7.993999999999999773e+00 -1.979999999999999982e+00
9.015000000000000568e+00 6.419999999999999929e+00 5.118999999999999773e+00 -1.745999999999999996e+00
2.021099999999999852e+01 9.457000000000000739e+00 2.000999999999999890e+00 -2.839999999999999747e-01
3.027199999999999847e+01 8.731999999999999318e+00 1.397000000000000020e+00 3.000000000000000062e-03
2.939199999999999946e+01 5.299999999999999822e+00 1.649999999999999911e+00 -9.469999999999999529e-01
1.788800000000000168e+01 1.348000000000000087e+00 -5.070000000000000062e-01 -1.316000000000000059e+00
3.325000000000000178e+00 -3.029999999999999805e+00 -5.858999999999999986e+00 -6.760000000000000453e-01
-9.083999999999999631e+00 -8.044999999999999929e+00 -1.166000000000000014e+01 -2.169999999999999984e-01
-1.832999999999999829e+01 -1.225900000000000034e+01 -1.391600000000000037e+01 -4.899999999999999911e-01
-2.285999999999999943e+01 -1.358500000000000085e+01 -1.196799999999999997e+01 -7.169999999999999707e-01
-2.202899999999999991e+01 -1.067099999999999937e+01 -9.660999999999999588e+00 -5.700000000000000205e-02
-2.039199999999999946e+01 -2.801000000000000156e+00 -1.007600000000000051e+01 1.395999999999999908e+00
-2.129899999999999949e+01 8.787000000000000810e+00 -1.095899999999999963e+01 2.661000000000000032e+00
-1.914999999999999858e+01 1.808099999999999952e+01 -7.964999999999999858e+00 2.645999999999999908e+00
-8.731999999999999318e+00 1.794399999999999906e+01 -1.471999999999999975e+00 1.342000000000000082e+00
2.148000000000000131e+00 9.846999999999999531e+00 3.132000000000000117e+00 1.039999999999999952e-01
2.185999999999999943e+00 3.576000000000000068e+00 2.112999999999999989e+00 2.999999999999999889e-02
-5.865000000000000213e+00 3.416999999999999815e+00 -3.198999999999999844e+00 4.989999999999999991e-01
-9.394000000000000128e+00 2.621999999999999886e+00 -8.643000000000000682e+00 1.539999999999999980e-01
-1.985000000000000098e+00 -3.394000000000000128e+00 -9.336000000000000298e+00 -1.098000000000000087e+00
1.216999999999999993e+01 -8.191000000000000725e+00 -3.700000000000000178e+00 -1.836999999999999966e+00
2.404400000000000048e+01 -5.487000000000000099e+00 2.649000000000000021e+00 -8.970000000000000195e-01
2.947700000000000031e+01 2.449999999999999956e-01 3.012000000000000011e+00 7.600000000000000089e-01
3.352400000000000091e+01 3.750000000000000000e-01 -1.731999999999999984e+00 7.540000000000000036e-01
3.941199999999999903e+01 -7.035999999999999588e+00 -4.839000000000000412e+00 -1.495000000000000107e+00
4.213199999999999790e+01 -1.487199999999999989e+01 -4.060000000000000275e-01 -3.830999999999999961e+00
4.023199999999999932e+01 -1.278299999999999947e+01 1.102399999999999913e+01 -4.397999999999999687e+00
3.843699999999999761e+01 2.240000000000000213e+00 2.017899999999999849e+01 -3.443999999999999950e+00
3.639500000000000313e+01 2.108299999999999841e+01 1.719500000000000028e+01 -1.814999999999999947e+00
2.909900000000000020e+01 3.146999999999999886e+01 3.968999999999999861e+00 1.910000000000000031e-01
1.210899999999999999e+01 2.906800000000000139e+01 -6.857000000000000206e+00 2.619000000000000217e+00
-1.773499999999999943e+01 1.803500000000000014e+01 -5.352000000000000313e+00 5.038999999999999702e+00
-5.139099999999999824e+01 4.725999999999999979e+00 7.032000000000000028e+00 5.783999999999999808e+00
-6.472700000000000387e+01 -6.953999999999999737e+00 2.104599999999999937e+01 3.620000000000000107e+00
-4.651100000000000279e+01 -1.566300000000000026e+01 2.765899999999999892e+01 3.280000000000000138e-01
-1.770599999999999952e+01 -2.100400000000000134e+01 2.192000000000000171e+01 -8.269999999999999574e-01
-7.641000000000000014e+00 -2.398900000000000077e+01 4.258000000000000007e+00 4.020000000000000240e-01
-2.253999999999999915e+01 -2.758699999999999974e+01 -1.771300000000000097e+01 3.240000000000000102e-01
-4.543699999999999761e+01 -3.240500000000000114e+01 -3.301899999999999835e+01 -3.400999999999999801e+00
-5.632699999999999818e+01 -3.250600000000000023e+01 -3.756400000000000006e+01 -7.100999999999999979e+00
-4.653799999999999670e+01 -2.290899999999999892e+01 -3.594200000000000017e+01 -5.671999999999999709e+00
-2.128200000000000003e+01 -1.012700000000000067e+01 -3.217000000000000171e+01 -5.809999999999999609e-01
4.761000000000000121e+00 -4.187999999999999723e+00 -2.701099999999999923e+01 2.035000000000000142e+00
1.869099999999999895e+01 -2.261000000000000121e+00 -2.198499999999999943e+01 2.400000000000000050e-02
2.057300000000000040e+01 6.155000000000000249e+00 -1.633299999999999841e+01 -3.024999999999999911e+00
1.821600000000000108e+01 2.014900000000000091e+01 -6.099999999999999645e+00 -3.619000000000000217e+00
1.254499999999999993e+01 2.859299999999999997e+01 6.722000000000000419e+00 -2.342999999999999972e+00
-7.820000000000000284e-01 2.785300000000000153e+01 1.411400000000000077e+01 -1.945999999999999952e+00
-1.574200000000000088e+01 2.432100000000000151e+01 1.514199999999999946e+01 -3.177000000000000046e+00
-1.534099999999999930e+01 2.290200000000000102e+01 1.776800000000000068e+01 -3.813000000000000167e+00
6.407000000000000028e+00 2.338400000000000034e+01 2.585800000000000054e+01 -1.915000000000000036e+00
3.237899999999999778e+01 2.390399999999999991e+01 3.315599999999999881e+01 1.562999999999999945e+00
4.093900000000000006e+01 2.055499999999999972e+01 3.002199999999999847e+01 4.479000000000000092e+00
2.675799999999999912e+01 7.003999999999999559e+00 1.428999999999999915e+01 6.474000000000000199e+00
-1.219999999999999973e-01 -1.751000000000000156e+01 -2.798000000000000043e+00 8.619999999999999218e+00
-2.253099999999999881e+01 -3.987299999999999756e+01 -6.594000000000000306e+00 1.056199999999999939e+01
-2.347500000000000142e+01 -4.195700000000000074e+01 3.427000000000000046e+00 9.824999999999999289e+00
1.197999999999999954e+00 -2.169399999999999906e+01 1.411299999999999955e+01 5.131000000000000227e+00
3.576299999999999812e+01 1.749000000000000110e+00 1.518299999999999983e+01 -6.420000000000000151e-01
5.551100000000000279e+01 8.377000000000000668e+00 6.620000000000000107e+00 -3.220000000000000195e+00
4.612899999999999778e+01 -1.506000000000000005e+00 -7.097000000000000419e+00 -2.620000000000000107e+00
1.666199999999999903e+01 -1.087800000000000011e+01 -2.056500000000000128e+01 -2.757000000000000117e+00
-6.854000000000000092e+00 -7.605999999999999872e+00 -2.707999999999999829e+01 -4.682000000000000384e+00
-8.702999999999999403e+00 4.147000000000000242e+00 -2.238100000000000023e+01 -4.695999999999999730e+00
-9.569999999999999618e-01 1.251299999999999990e+01 -9.435999999999999943e+00 -1.078000000000000069e+00
-4.158999999999999808e+00 1.111500000000000021e+01 3.362999999999999989e+00 1.937999999999999945e+00
-1.764600000000000080e+01 4.812000000000000277e+00 1.037100000000000044e+01 1.700000000000000122e-02
-2.291300000000000026e+01 3.420999999999999819e+00 1.404400000000000048e+01 -4.633000000000000007e+00
-1.331499999999999950e+01 7.272999999999999687e+00 1.805900000000000105e+01 -6.189000000000000057e+00
-3.918000000000000149e+00 6.333999999999999631e+00 1.835600000000000165e+01 -3.201999999999999957e+00
-8.596999999999999531e+00 -2.202999999999999847e+00 9.829000000000000625e+00 1.940000000000000058e-01
-2.230600000000000094e+01 -8.548999999999999488e+00 -1.770000000000000018e+00 5.170000000000000151e-01
-3.199699999999999989e+01 -7.469999999999999751e+00 -5.753999999999999559e+00 -1.187000000000000055e+00
-3.354800000000000182e+01 -6.548000000000000043e+00 -2.500999999999999890e+00 -1.868999999999999995e+00
-3.074699999999999989e+01 -1.216200000000000081e+01 -2.395999999999999908e+00 -3.729999999999999982e-01
-2.340200000000000102e+01 -1.831200000000000117e+01 -8.675000000000000711e+00 1.743000000000000105e+00
-4.899000000000000021e+00 -1.490900000000000070e+01 -1.374000000000000021e+01 2.357000000000000206e+00
2.510399999999999920e+01 -1.655000000000000027e+00 -1.390799999999999947e+01 1.459999999999999964e+00
5.296399999999999864e+01 1.202399999999999913e+01 -1.386500000000000021e+01 1.209999999999999964e+00
6.769499999999999318e+01 2.006200000000000117e+01 -1.507799999999999940e+01 2.720000000000000195e+00
7.673499999999999943e+01 2.571900000000000119e+01 -1.286700000000000088e+01 4.141000000000000014e+00
8.831199999999999761e+01 3.179500000000000171e+01 -6.051999999999999602e+00 3.505999999999999783e+00
9.136799999999999500e+01 3.390200000000000102e+01 5.809999999999999609e-01 1.979000000000000092e+00
6.893200000000000216e+01 2.775300000000000011e+01 4.594999999999999751e+00 2.132000000000000117e+00
1.924099999999999966e+01 1.456600000000000072e+01 8.282000000000000028e+00 4.086999999999999744e+00
-3.962199999999999989e+01 -1.727999999999999980e+00 1.172300000000000075e+01 5.533000000000000362e+00
-8.002100000000000080e+01 -1.631800000000000139e+01 1.166900000000000048e+01 5.110000000000000320e+00
-8.888299999999999557e+01 -2.550199999999999889e+01 7.705000000000000071e+00 3.761000000000000121e+00
-7.923499999999999943e+01 -2.936899999999999977e+01 3.009999999999999787e+00 2.644000000000000128e+00
-6.952100000000000080e+01 -3.012300000000000111e+01 -7.149999999999999689e-01 1.584000000000000075e+00
-6.565800000000000125e+01 -3.088700000000000045e+01 -5.291999999999999815e+00 1.439999999999999891e-01
-6.793999999999999773e+01 -3.564399999999999835e+01 -1.281300000000000061e+01 -9.060000000000000275e-01
-7.540000000000000568e+01 -4.322099999999999653e+01 -2.222200000000000131e+01 1.439999999999999891e-01
-7.878600000000000136e+01 -4.442600000000000193e+01 -3.000799999999999912e+01 4.094999999999999751e+00
-6.519400000000000261e+01 -3.180900000000000105e+01 -3.190599999999999881e+01 9.375000000000000000e+00
-3.179799999999999827e+01 -7.049999999999999822e+00 -2.343599999999999994e+01 1.289400000000000013e+01
1.433300000000000018e+01 2.361599999999999966e+01 -3.884999999999999787e+00 1.226800000000000068e+01
6.203600000000000136e+01 5.239800000000000324e+01 1.885800000000000054e+01 7.004999999999999893e+00
9.065699999999999648e+01 6.779500000000000171e+01 3.339200000000000301e+01 -1.556000000000000050e+00
7.602899999999999636e+01 6.033200000000000074e+01 3.602900000000000347e+01 -1.071400000000000041e+01
2.240700000000000003e+01 3.441799999999999926e+01 3.148400000000000176e+01 -1.788100000000000023e+01
-2.552599999999999980e+01 7.317999999999999616e+00 2.469699999999999918e+01 -2.221099999999999852e+01
-2.764300000000000068e+01 -7.517000000000000348e+00 1.918199999999999861e+01 -2.420100000000000051e+01
4.552999999999999936e+00 -9.195000000000000284e+00 1.754299999999999926e+01 -2.391700000000000159e+01
3.141199999999999903e+01 1.799999999999999933e-01 1.706500000000000128e+01 -2.044600000000000151e+01
4.026700000000000301e+01 1.928999999999999915e+01 1.299000000000000021e+01 -1.354599999999999937e+01
4.332999999999999829e+01 3.574900000000000233e+01 7.403999999999999915e+00 -5.419999999999999929e+00
3.697599999999999909e+01 2.910800000000000054e+01 6.054999999999999716e+00 5.540000000000000480e-01
6.642000000000000348e+00 -2.407000000000000028e+00 9.053000000000000824e+00 3.158999999999999808e+00
-3.348499999999999943e+01 -3.299799999999999756e+01 1.038199999999999967e+01 3.951999999999999957e+00
-4.870400000000000063e+01 -3.919200000000000017e+01 4.578000000000000291e+00 4.474999999999999645e+00
-3.386599999999999966e+01 -2.736299999999999955e+01 -6.876999999999999780e+00 4.615000000000000213e+00
-1.787199999999999989e+01 -1.923199999999999932e+01 -1.658800000000000097e+01 4.048000000000000043e+00
-1.631899999999999906e+01 -2.038200000000000145e+01 -1.972299999999999898e+01 3.412999999999999812e+00
-1.483900000000000041e+01 -1.931299999999999883e+01 -1.783099999999999952e+01 3.253000000000000114e+00
-2.205999999999999961e+00 -1.046199999999999974e+01 -1.434099999999999930e+01 3.222999999999999865e+00
1.153400000000000070e+01 -5.919999999999999707e-01 -1.119200000000000017e+01 2.970000000000000195e+00
1.417900000000000027e+01 4.067000000000000171e+00 -9.516999999999999460e+00 2.782999999999999918e+00
5.352999999999999758e+00 3.164000000000000146e+00 -1.017200000000000060e+01 2.978000000000000203e+00
-1.007399999999999984e+01 -1.570000000000000062e+00 -1.224200000000000088e+01 3.459000000000000075e+00
-2.697200000000000131e+01 -6.642000000000000348e+00 -1.195500000000000007e+01 4.032000000000000028e+00
-3.793500000000000227e+01 -8.413000000000000256e+00 -6.979000000000000092e+00 4.456000000000000405e+00
-3.460499999999999687e+01 -8.340999999999999304e+00 -1.842000000000000082e+00 4.352000000000000313e+00
-1.610699999999999932e+01 -1.124799999999999933e+01 -3.746999999999999886e+00 3.806999999999999940e+00
3.117999999999999883e+00 -1.834299999999999997e+01 -1.333699999999999974e+01 3.513999999999999790e+00
4.392000000000000348e+00 -2.556099999999999994e+01 -2.397100000000000009e+01 3.660000000000000142e+00
-9.494999999999999218e+00 -2.676599999999999824e+01 -2.821699999999999875e+01 3.511000000000000121e+00
-1.486899999999999977e+01 -1.800400000000000134e+01 -2.196199999999999974e+01 2.637000000000000011e+00
-2.909999999999999809e-01 -9.120000000000000329e-01 -6.187000000000000277e+00 1.693000000000000060e+00
2.016300000000000026e+01 1.867000000000000171e+01 1.136999999999999922e+01 1.685999999999999943e+00
3.130000000000000071e+01 3.439399999999999835e+01 2.059400000000000119e+01 3.099000000000000199e+00
3.486699999999999733e+01 4.043999999999999773e+01 1.898999999999999844e+01 5.421000000000000263e+00
3.879800000000000182e+01 3.314699999999999847e+01 1.321100000000000030e+01 6.937999999999999723e+00
4.120600000000000307e+01 1.505400000000000027e+01 8.227000000000000313e+00 5.804999999999999716e+00
3.381099999999999994e+01 -4.115000000000000213e+00 1.870000000000000107e+00 2.257000000000000117e+00
2.073900000000000077e+01 -1.361599999999999966e+01 -6.469999999999999751e+00 -1.030999999999999917e+00
1.911499999999999844e+01 -1.051600000000000001e+01 -9.960000000000000853e+00 -2.236000000000000210e+00
3.449600000000000222e+01 2.100000000000000130e-02 -1.824000000000000066e+00 -2.834999999999999964e+00
5.613300000000000267e+01 1.341399999999999970e+01 1.647100000000000009e+01 -4.315999999999999837e+00
7.847700000000000387e+01 2.834299999999999997e+01 3.583800000000000097e+01 -4.854000000000000092e+00
9.912399999999999523e+01 4.039699999999999847e+01 4.515100000000000335e+01 -2.907000000000000028e+00
9.969299999999999784e+01 4.181000000000000227e+01 3.827300000000000324e+01 -5.809999999999999609e-01
6.367099999999999937e+01 3.079599999999999937e+01 1.940599999999999881e+01 -5.700000000000000205e-02
9.367000000000000881e+00 1.592500000000000071e+01 4.829999999999999849e-01 -6.850000000000000533e-01
-2.742500000000000071e+01 7.480000000000000426e+00 -9.782999999999999474e+00 -1.435999999999999943e+00
-3.774499999999999744e+01 6.232999999999999652e+00 -1.320400000000000063e+01 -2.270999999999999908e+00
-3.809000000000000341e+01 5.091000000000000192e+00 -1.582900000000000063e+01 -2.625000000000000000e+00
-3.497599999999999909e+01 8.409999999999999698e-01 -1.828500000000000014e+01 -1.754000000000000004e+00
-2.115099999999999980e+01 -2.912999999999999812e+00 -1.791400000000000148e+01 -3.430000000000000271e-01
-5.500000000000000028e-02 -3.895999999999999908e+00 -1.594800000000000040e+01 3.930000000000000160e-01
1.343099999999999916e+01 -3.912999999999999812e+00 -1.439100000000000001e+01 2.959999999999999853e-01
1.302399999999999913e+01 -4.285999999999999588e+00 -9.814999999999999503e+00 -2.550000000000000044e-01
2.863999999999999879e+00 -5.070999999999999730e+00 -2.000000000000000042e-02 -9.230000000000000426e-01
-1.418099999999999916e+01 -7.073000000000000398e+00 7.830000000000000071e+00 -9.230000000000000426e-01
-3.478099999999999881e+01 -1.106300000000000061e+01 7.434000000000000163e+00 1.170000000000000068e-01
-4.878300000000000125e+01 -1.688599999999999923e+01 5.163000000000000256e+00 7.660000000000000142e-01
-4.719700000000000273e+01 -2.292599999999999838e+01 8.880000000000000782e+00 -4.949999999999999956e-01
-3.113800000000000168e+01 -2.456299999999999883e+01 1.428999999999999915e+01 -2.362999999999999989e+00
-5.410000000000000142e+00 -1.636199999999999832e+01 1.401200000000000045e+01 -2.047000000000000153e+00
2.687600000000000122e+01 1.310999999999999943e+00 9.057999999999999829e+00 9.300000000000000488e-01
5.483500000000000085e+01 1.909400000000000119e+01 3.980999999999999872e+00 4.557000000000000384e+00
5.835199999999999676e+01 2.517999999999999972e+01 9.559999999999999609e-01 6.836000000000000298e+00
2.797599999999999909e+01 1.634600000000000009e+01 1.018999999999999906e+00 6.916999999999999815e+00
-2.135300000000000153e+01 -2.760000000000000231e-01 4.384999999999999787e+00 5.360000000000000320e+00
-6.179099999999999682e+01 -1.614900000000000091e+01 9.385999999999999233e+00 3.620999999999999996e+00
-7.409000000000000341e+01 -2.678300000000000125e+01 1.337100000000000044e+01 1.877000000000000002e+00
-5.913199999999999790e+01 -2.875600000000000023e+01 1.530300000000000082e+01 -1.610999999999999988e+00
-3.308500000000000085e+01 -1.973000000000000043e+01 1.693400000000000105e+01 -7.235000000000000320e+00
-1.349200000000000088e+01 -5.266000000000000014e+00 1.832199999999999918e+01 -1.143399999999999928e+01
-8.064000000000000057e+00 2.403999999999999915e+00 1.420299999999999940e+01 -1.056000000000000050e+01
-1.263000000000000078e+01 -1.483000000000000096e+00 1.709000000000000075e+00 -6.719999999999999751e+00
-1.926399999999999935e+01 -8.733999999999999986e+00 -1.093399999999999928e+01 -5.024000000000000021e+00
-2.485399999999999920e+01 -1.084099999999999930e+01 -1.232000000000000028e+01 -5.772999999999999687e+00
-2.954200000000000159e+01 -8.987999999999999545e+00 -4.091999999999999638e+00 -5.192999999999999616e+00
-3.298599999999999710e+01 -8.865000000000000213e+00 -9.979999999999999982e-01 -2.576999999999999957e+00
-3.621699999999999875e+01 -1.206300000000000061e+01 -1.188799999999999990e+01 -9.160000000000000364e-01
-3.951200000000000045e+01 -1.548300000000000054e+01 -2.781700000000000017e+01 -2.073999999999999844e+00
-3.546099999999999852e+01 -1.559200000000000053e+01 -3.437500000000000000e+01 -5.165000000000000036e+00
-1.443500000000000050e+01 -1.066399999999999970e+01 -2.972299999999999898e+01 -7.482999999999999652e+00
1.758500000000000085e+01 -2.306999999999999940e+00 -2.354100000000000037e+01 -5.681000000000000050e+00
3.712700000000000244e+01 3.266000000000000014e+00 -2.231599999999999895e+01 7.399999999999999911e-01
2.852899999999999991e+01 1.080999999999999961e+00 -2.222800000000000153e+01 7.131000000000000227e+00
4.982000000000000206e+00 -3.830999999999999961e+00 -1.491600000000000037e+01 8.199999999999999289e+00
-5.767000000000000348e+00 -9.489999999999999547e-01 1.604999999999999982e+00 4.349000000000000199e+00
5.552999999999999936e+00 1.044800000000000040e+01 1.681400000000000006e+01 6.079999999999999849e-01
2.034199999999999875e+01 1.747599999999999909e+01 1.719999999999999929e+01 -2.489999999999999991e-01
1.558399999999999963e+01 8.378000000000000114e+00 3.620000000000000107e+00 -1.330000000000000071e-01
-8.176999999999999602e+00 -1.114700000000000024e+01 -8.961999999999999744e+00 -6.179999999999999938e-01
-2.263899999999999935e+01 -2.067000000000000171e+01 -1.034500000000000064e+01 3.890000000000000124e-01
-3.273000000000000131e+00 -1.007000000000000028e+01 -5.798000000000000043e+00 4.474999999999999645e+00
3.261500000000000199e+01 4.844000000000000306e+00 -6.458999999999999631e+00 9.076999999999999957e+00
4.359499999999999886e+01 7.003000000000000114e+00 -1.420500000000000007e+01 1.155000000000000071e+01
2.332900000000000063e+01 6.195999999999999730e+00 -1.946600000000000108e+01 1.284200000000000053e+01
4.937999999999999723e+00 1.811599999999999966e+01 -1.351900000000000013e+01 1.338700000000000045e+01
6.846000000000000085e+00 3.254099999999999682e+01 1.425000000000000044e+00 1.024099999999999966e+01
1.526299999999999990e+01 3.169800000000000040e+01 1.721099999999999852e+01 2.532000000000000028e+00
1.397300000000000075e+01 2.080699999999999861e+01 2.946300000000000097e+01 -4.823999999999999844e+00
-1.877999999999999892e+00 1.352100000000000080e+01 3.603499999999999659e+01 -7.368000000000000327e+00
-2.846099999999999852e+01 8.335000000000000853e+00 3.191300000000000026e+01 -7.708000000000000185e+00
-4.922099999999999653e+01 -1.590000000000000024e-01 1.636599999999999966e+01 -1.047899999999999920e+01
-4.709400000000000119e+01 -7.459999999999999964e+00 3.400000000000000244e-02 -1.333300000000000018e+01
-2.983599999999999852e+01 -9.064999999999999503e+00 -6.612000000000000099e+00 -1.038700000000000045e+01
-2.031800000000000139e+01 -7.208000000000000185e+00 -5.410000000000000142e+00 -2.883000000000000007e+00
-2.081500000000000128e+01 -4.120000000000000107e+00 -3.060000000000000053e+00 2.209999999999999964e+00
-1.465199999999999925e+01 -1.987000000000000099e+00 -3.176000000000000156e+00 2.652000000000000135e+00
-8.840000000000000080e-01 -5.709999999999999964e+00 -1.041699999999999982e+01 1.901999999999999913e+00
3.907999999999999918e+00 -1.449600000000000044e+01 -2.661100000000000065e+01 1.754000000000000004e+00
-2.459999999999999964e+00 -1.869399999999999906e+01 -4.061599999999999966e+01 1.191999999999999948e+00
-1.651000000000000023e+00 -1.135899999999999999e+01 -3.842600000000000193e+01 6.820000000000000506e-01
1.832400000000000162e+01 6.751000000000000334e+00 -2.237699999999999889e+01 1.856999999999999984e+00
4.875999999999999801e+01 3.203799999999999670e+01 -6.112000000000000099e+00 4.104000000000000092e+00
7.219799999999999329e+01 5.518699999999999761e+01 5.094999999999999751e+00 5.475999999999999979e+00
7.474699999999999989e+01 5.876500000000000057e+01 1.653699999999999903e+01 5.860999999999999766e+00
5.023499999999999943e+01 3.427400000000000091e+01 3.067999999999999972e+01 6.068999999999999950e+00
8.547000000000000597e+00 -2.000000000000000042e-03 4.212599999999999767e+01 5.203999999999999737e+00
-2.364000000000000057e+01 -1.549099999999999966e+01 4.495400000000000063e+01 2.263999999999999790e+00
-2.679500000000000171e+01 -8.449999999999999289e+00 3.829099999999999682e+01 -1.058000000000000052e+00
-8.993999999999999773e+00 -5.649999999999999467e-01 2.582799999999999940e+01 -2.592000000000000082e+00
9.368999999999999773e+00 -4.738000000000000433e+00 1.401800000000000068e+01 -3.221999999999999975e+00
2.022700000000000031e+01 -1.166699999999999982e+01 7.423000000000000043e+00 -4.708999999999999631e+00
2.478200000000000003e+01 -1.238499999999999979e+01 3.891999999999999904e+00 -5.764000000000000234e+00
2.197200000000000131e+01 -1.175300000000000011e+01 -1.127000000000000002e+00 -4.096000000000000085e+00
1.625300000000000011e+01 -1.310500000000000043e+01 -6.517000000000000348e+00 -8.040000000000000480e-01
2.046900000000000119e+01 -9.580000000000000071e+00 -7.134999999999999787e+00 9.699999999999999734e-01
3.375000000000000000e+01 -3.150000000000000022e-01 -2.588999999999999968e+00 6.029999999999999805e-01
3.358200000000000074e+01 2.226999999999999869e+00 8.469999999999999751e-01 1.089999999999999997e-01
7.299000000000000377e+00 -8.393000000000000682e+00 -1.620000000000000051e-01 6.049999999999999822e-01
-2.438800000000000168e+01 -2.096499999999999986e+01 -2.100000000000000130e-02 1.372999999999999998e+00
-3.310999999999999943e+01 -2.359400000000000119e+01 5.110999999999999766e+00 1.965999999999999970e+00
-2.110399999999999920e+01 -1.909799999999999898e+01 8.307000000000000384e+00 2.596000000000000085e+00
-1.385599999999999987e+01 -1.569599999999999973e+01 2.748000000000000220e+00 2.638999999999999790e+00
-1.896699999999999875e+01 -1.384500000000000064e+01 -7.435999999999999943e+00 1.401000000000000023e+00
-1.780499999999999972e+01 -1.011800000000000033e+01 -1.463599999999999923e+01 -6.400000000000000133e-02
-2.299999999999999822e+00 -6.009000000000000341e+00 -1.731899999999999906e+01 -2.720000000000000195e-01
8.041000000000000369e+00 -4.985000000000000320e+00 -1.789699999999999847e+01 5.070000000000000062e-01
-2.577999999999999847e+00 -5.780999999999999694e+00 -1.821900000000000119e+01 1.118000000000000105e+00
-2.165299999999999869e+01 -5.482000000000000206e+00 -1.938599999999999923e+01 1.243999999999999995e+00
-2.725000000000000000e+01 -3.926000000000000156e+00 -2.106400000000000006e+01 1.131000000000000005e+00
-1.589199999999999946e+01 -1.245000000000000107e+00 -2.039999999999999858e+01 1.175000000000000044e+00
-3.162999999999999812e+00 2.314000000000000057e+00 -1.525500000000000078e+01 2.463999999999999968e+00
-1.163999999999999924e+00 6.004999999999999893e+00 -7.424000000000000377e+00 5.373000000000000220e+00
-7.860000000000000320e-01 1.322300000000000075e+01 3.449999999999999734e-01 7.089000000000000412e+00
1.621099999999999852e+01 2.839300000000000068e+01 8.140000000000000568e+00 4.036999999999999922e+00
4.868099999999999739e+01 4.618399999999999750e+01 1.690899999999999892e+01 -2.603000000000000203e+00
7.125799999999999557e+01 5.306799999999999784e+01 2.410500000000000043e+01 -7.576999999999999957e+00
6.129599999999999937e+01 4.093299999999999983e+01 2.333099999999999952e+01 -8.167999999999999261e+00
2.414099999999999824e+01 1.452899999999999991e+01 1.044299999999999962e+01 -7.235000000000000320e+00
-1.259099999999999930e+01 -1.221799999999999997e+01 -8.833000000000000185e+00 -8.888999999999999346e+00
-2.782100000000000151e+01 -2.550600000000000023e+01 -2.106700000000000017e+01 -1.222199999999999953e+01
-2.478800000000000026e+01 -2.209499999999999886e+01 -1.876300000000000168e+01 -1.161800000000000033e+01
-1.993799999999999883e+01 -1.188400000000000034e+01 -8.250000000000000000e+00 -5.057999999999999829e+00
-2.176000000000000156e+01 -6.498000000000000220e+00 -4.000000000000000222e-01 1.782000000000000028e+00
-2.507799999999999940e+01 -6.802999999999999936e+00 1.171000000000000041e+00 3.706999999999999851e+00
-2.274800000000000111e+01 -6.511000000000000121e+00 -6.219999999999999973e-01 3.065999999999999837e+00
-1.658299999999999841e+01 -4.198000000000000398e+00 -2.976999999999999869e+00 3.958000000000000185e+00
-1.245400000000000063e+01 -3.600000000000000089e+00 -4.674000000000000377e+00 5.168000000000000149e+00
-1.280400000000000027e+01 -6.027000000000000135e+00 -3.810999999999999943e+00 3.700000000000000178e+00
-2.224200000000000088e+01 -1.096899999999999942e+01 -3.899999999999999994e-02 7.019999999999999574e-01
-4.479699999999999704e+01 -1.917000000000000171e+01 1.572999999999999954e+00 -8.239999999999999547e-01
-6.670000000000000284e+01 -2.822599999999999909e+01 -3.521999999999999797e+00 -1.643000000000000016e+00
-6.442300000000000182e+01 -3.133800000000000097e+01 -1.068099999999999916e+01 -4.591000000000000192e+00
-3.628000000000000114e+01 -2.470899999999999963e+01 -1.126399999999999935e+01 -8.060000000000000497e+00
-2.504000000000000004e+00 -1.006400000000000006e+01 -3.439999999999999947e+00 -6.935999999999999943e+00
2.810000000000000142e+01 1.033699999999999974e+01 7.703000000000000291e+00 -1.779999999999999916e-01
6.532699999999999818e+01 3.288000000000000256e+01 1.642399999999999949e+01 7.456000000000000405e+00
1.051620000000000061e+02 4.812700000000000244e+01 2.074699999999999989e+01 1.073799999999999955e+01
1.179669999999999987e+02 4.813000000000000256e+01 2.351699999999999946e+01 8.263999999999999346e+00
8.602100000000000080e+01 3.685900000000000176e+01 2.733599999999999852e+01 3.350000000000000089e+00
3.331600000000000250e+01 2.243599999999999994e+01 2.794800000000000040e+01 9.989999999999999991e-01
3.380000000000000226e-01 5.094999999999999751e+00 1.926599999999999824e+01 1.627000000000000002e+00
-1.560000000000000053e+00 -1.481499999999999950e+01 6.312000000000000277e+00 3.709999999999999964e-01
2.722999999999999865e+00 -2.700400000000000134e+01 2.419999999999999929e+00 -4.193999999999999950e+00
-1.081199999999999939e+01 -2.326699999999999946e+01 9.964000000000000412e+00 -6.158000000000000362e+00
-3.672800000000000153e+01 -1.173600000000000065e+01 1.588000000000000078e+01 -2.150999999999999801e+00
-5.662899999999999778e+01 -7.152000000000000135e+00 9.669999999999999929e+00 1.625999999999999890e+00
-6.600499999999999545e+01 -1.075900000000000034e+01 -4.727000000000000313e+00 -1.120999999999999996e+00
-7.003900000000000148e+01 -1.153899999999999970e+01 -1.679400000000000048e+01 -6.597999999999999865e+00
-6.775499999999999545e+01 -6.219000000000000306e+00 -2.233299999999999841e+01 -6.980000000000000426e+00
-5.574499999999999744e+01 -4.246000000000000441e+00 -2.639099999999999824e+01 -1.336999999999999966e+00
-3.807800000000000296e+01 -1.098099999999999987e+01 -3.363400000000000034e+01 5.198000000000000398e+00
-2.122599999999999909e+01 -1.875300000000000011e+01 -3.808299999999999841e+01 8.397999999999999687e+00
-6.432000000000000384e+00 -1.787999999999999901e+01 -2.916000000000000014e+01 7.078000000000000291e+00
5.639999999999999680e+00 -8.160000000000000142e+00 -8.130000000000000782e+00 2.617999999999999883e+00
1.317999999999999972e+01 5.097000000000000419e+00 1.168099999999999916e+01 -1.455000000000000071e+00
2.433899999999999864e+01 2.146300000000000097e+01 2.147500000000000142e+01 -2.363999999999999879e+00
5.312400000000000233e+01 4.093500000000000227e+01 2.204100000000000037e+01 -7.239999999999999769e-01
9.186499999999999488e+01 5.338700000000000045e+01 1.552100000000000080e+01 1.046999999999999931e+00
1.084579999999999984e+02 5.015200000000000102e+01 5.355000000000000426e+00 1.627000000000000002e+00
8.585099999999999909e+01 3.897299999999999898e+01 -4.239999999999999880e-01 1.260000000000000009e+00
4.622599999999999909e+01 3.042500000000000071e+01 3.705999999999999961e+00 5.560000000000000497e-01
2.177499999999999858e+01 2.204500000000000171e+01 1.450099999999999945e+01 -2.560000000000000053e-01
1.518699999999999939e+01 8.426000000000000156e+00 2.508099999999999952e+01 -1.104999999999999982e+00
4.503999999999999559e+00 -6.849999999999999645e+00 3.189699999999999847e+01 -1.764999999999999902e+00
-2.458099999999999952e+01 -1.987999999999999901e+01 3.421399999999999864e+01 -1.764000000000000012e+00
-6.634799999999999898e+01 -3.556400000000000006e+01 2.944000000000000128e+01 -5.430000000000000382e-01
-1.000109999999999957e+02 -5.465999999999999659e+01 1.464400000000000013e+01 1.500000000000000000e+00
-9.805200000000000671e+01 -6.206099999999999994e+01 -4.506000000000000227e+00 2.478000000000000203e+00
-5.043200000000000216e+01 -4.645000000000000284e+01 -1.454599999999999937e+01 1.189999999999999947e+00
1.531499999999999950e+01 -2.056599999999999895e+01 -1.007799999999999940e+01 -7.119999999999999662e-01
5.577700000000000102e+01 -4.043000000000000149e+00 -1.140000000000000041e-01 -8.040000000000000480e-01
5.236500000000000199e+01 -2.670000000000000151e-01 4.982999999999999652e+00 6.540000000000000258e-01
2.198000000000000043e+01 -1.707999999999999963e+00 4.625000000000000000e+00 1.627000000000000002e+00
-5.360000000000000320e+00 -1.836999999999999966e+00 4.524000000000000021e+00 1.877999999999999892e+00
-1.390399999999999991e+01 2.447000000000000064e+00 6.365000000000000213e+00 3.152000000000000135e+00
-1.184299999999999997e+01 6.919999999999999929e+00 4.105999999999999872e+00 5.915000000000000036e+00
-1.646600000000000108e+01 1.921000000000000041e+00 -7.070999999999999730e+00 7.921999999999999709e+00
-3.225600000000000023e+01 -1.290499999999999936e+01 -2.186799999999999855e+01 7.125000000000000000e+00
-4.785999999999999943e+01 -2.519000000000000128e+01 -3.059600000000000009e+01 5.121999999999999886e+00
-5.283700000000000330e+01 -2.742599999999999838e+01 -3.143499999999999872e+01 5.155000000000000249e+00
-4.829800000000000182e+01 -2.479899999999999949e+01 -3.033899999999999864e+01 6.533000000000000362e+00
-3.690100000000000335e+01 -2.083099999999999952e+01 -2.839900000000000091e+01 4.802999999999999936e+00
-1.672299999999999898e+01 -1.167999999999999972e+01 -1.933399999999999963e+01 -1.782000000000000028e+00
3.830000000000000071e+00 -1.690000000000000113e-01 -4.538999999999999702e+00 -9.605000000000000426e+00
6.543000000000000149e+00 2.120000000000000107e+00 2.818999999999999950e+00 -1.422100000000000009e+01
-5.894999999999999574e+00 -6.102999999999999758e+00 -3.887000000000000011e+00 -1.541799999999999926e+01
-5.871999999999999886e+00 -1.017900000000000027e+01 -1.610300000000000153e+01 -1.649099999999999966e+01
2.084600000000000009e+01 1.979999999999999982e+00 -2.334400000000000119e+01 -1.801399999999999935e+01
6.093699999999999761e+01 2.937900000000000134e+01 -2.169699999999999918e+01 -1.531900000000000084e+01
9.990600000000000591e+01 6.415600000000000591e+01 -1.068399999999999928e+01 -5.900000000000000355e+00
1.316150000000000091e+02 9.203700000000000614e+01 5.791999999999999815e+00 4.533999999999999808e+00
1.404900000000000091e+02 9.285899999999999466e+01 1.872100000000000009e+01 8.596000000000000085e+00
1.042259999999999991e+02 5.812199999999999989e+01 2.262300000000000111e+01 6.485999999999999766e+00
2.509600000000000009e+01 4.703999999999999737e+00 2.018199999999999861e+01 4.264999999999999680e+00
-5.808700000000000330e+01 -3.771999999999999886e+01 1.515499999999999936e+01 5.334999999999999964e+00
-1.022219999999999942e+02 -5.146999999999999886e+01 7.818999999999999950e+00 7.312000000000000277e+00
-9.906499999999999773e+01 -4.249900000000000233e+01 -7.059999999999999609e-01 6.706999999999999851e+00
-7.743200000000000216e+01 -2.887900000000000134e+01 -6.386999999999999567e+00 3.830000000000000071e+00
-7.174200000000000443e+01 -2.109299999999999997e+01 -7.592999999999999972e+00 1.594999999999999973e+00
-8.908700000000000330e+01 -1.732300000000000040e+01 -8.028999999999999915e+00 9.330000000000000515e-01
-1.044320000000000022e+02 -1.170899999999999963e+01 -1.060599999999999987e+01 -6.800000000000000488e-02
-9.181699999999999307e+01 -1.090999999999999970e+00 -1.209299999999999997e+01 -2.286999999999999922e+00
-5.712599999999999767e+01 1.075399999999999956e+01 -8.467999999999999972e+00 -3.508000000000000007e+00
-2.867000000000000171e+01 1.480799999999999983e+01 -2.150999999999999801e+00 -1.828000000000000069e+00
-1.871199999999999974e+01 9.416999999999999815e+00 1.364999999999999991e+00 9.979999999999999982e-01
-1.129499999999999993e+01 5.530000000000000249e+00 1.324999999999999956e+00 2.037999999999999812e+00
8.837999999999999190e+00 1.088799999999999990e+01 8.139999999999999458e-01 1.342000000000000082e+00
3.198699999999999832e+01 1.748400000000000176e+01 5.590000000000000524e-01 8.739999999999999991e-01
3.889600000000000080e+01 1.403299999999999947e+01 -7.139999999999999680e-01 8.289999999999999591e-01
2.956500000000000128e+01 3.089999999999999858e+00 -1.608000000000000096e+00 2.640000000000000124e-01
2.158299999999999841e+01 -3.713000000000000078e+00 5.250000000000000222e-01 4.100000000000000172e-02
2.567800000000000082e+01 -1.919999999999999929e+00 4.282000000000000028e+00 1.457999999999999963e+00
3.893200000000000216e+01 2.874000000000000110e+00 5.270999999999999908e+00 3.224000000000000199e+00
5.566899999999999693e+01 4.985999999999999766e+00 1.967000000000000082e+00 3.236000000000000210e+00
6.764499999999999602e+01 4.379999999999999893e+00 -3.142999999999999794e+00 2.099000000000000199e+00
6.018599999999999994e+01 2.281000000000000139e+00 -7.192000000000000171e+00 2.180000000000000160e+00
2.845700000000000074e+01 -2.395000000000000018e+00 -8.691000000000000725e+00 4.482999999999999652e+00
-4.413999999999999702e+00 -7.636000000000000121e+00 -7.267999999999999794e+00 7.836000000000000298e+00
-7.358999999999999986e+00 -6.809000000000000163e+00 -4.341000000000000192e+00 9.601000000000000867e+00
1.909900000000000020e+01 9.300000000000000488e-01 -1.056000000000000050e+00 7.123000000000000220e+00
4.524499999999999744e+01 7.400999999999999801e+00 5.772999999999999687e+00 4.269999999999999907e-01
5.142999999999999972e+01 7.040000000000000036e+00 1.743799999999999883e+01 -6.544999999999999929e+00
4.189300000000000068e+01 1.774999999999999911e+00 2.204100000000000037e+01 -9.362999999999999545e+00
2.764900000000000091e+01 -7.107999999999999652e+00 5.323999999999999844e+00 -8.305999999999999162e+00
1.806500000000000128e+01 -2.014799999999999969e+01 -2.355600000000000094e+01 -7.304000000000000270e+00
1.943900000000000006e+01 -3.228999999999999915e+01 -3.806099999999999994e+01 -6.908999999999999808e+00
2.577100000000000080e+01 -3.534700000000000131e+01 -3.014300000000000068e+01 -3.638999999999999790e+00
2.387000000000000099e+01 -2.760800000000000054e+01 -1.603200000000000003e+01 1.983999999999999986e+00
1.639399999999999835e+01 -1.356700000000000017e+01 -5.232000000000000206e+00 4.001000000000000334e+00
1.947700000000000031e+01 1.667999999999999927e+00 9.237999999999999545e+00 1.690000000000000113e-01
3.080600000000000094e+01 1.175000000000000000e+01 2.854700000000000060e+01 -5.075000000000000178e+00
2.940200000000000102e+01 1.066600000000000037e+01 4.088000000000000256e+01 -8.385999999999999233e+00
1.596899999999999942e+01 1.554000000000000048e+00 3.950200000000000244e+01 -1.006799999999999962e+01
1.588599999999999923e+01 -2.488999999999999879e+00 3.056500000000000128e+01 -9.018000000000000682e+00
3.139300000000000068e+01 7.645999999999999908e+00 2.211199999999999832e+01 -3.912999999999999812e+00
3.343500000000000227e+01 2.484799999999999898e+01 1.698300000000000054e+01 1.792000000000000037e+00
1.211200000000000010e+01 3.355700000000000216e+01 1.402699999999999925e+01 3.646999999999999797e+00
-6.745000000000000107e+00 2.996600000000000108e+01 9.054000000000000270e+00 2.728000000000000203e+00
-5.794999999999999929e+00 2.505699999999999861e+01 -5.500000000000000028e-02 2.609999999999999876e+00
-7.799999999999999989e-02 2.682900000000000063e+01 -6.540000000000000036e+00 2.838999999999999968e+00
-6.972000000000000419e+00 3.191799999999999926e+01 -9.399999999999999467e-01 6.760000000000000453e-01
-2.223900000000000077e+01 3.477400000000000091e+01 1.442800000000000082e+01 -2.789000000000000146e+00
-3.457600000000000051e+01 3.350399999999999778e+01 2.506599999999999895e+01 -3.533999999999999808e+00
-4.143900000000000006e+01 2.764600000000000080e+01 2.233200000000000074e+01 -1.187000000000000055e+00
-4.375699999999999790e+01 1.819699999999999918e+01 1.450699999999999967e+01 1.829999999999999960e-01
-4.119599999999999795e+01 8.175000000000000711e+00 1.258500000000000085e+01 -1.310999999999999943e+00
-3.655700000000000216e+01 1.940000000000000058e-01 1.433500000000000085e+01 -2.640000000000000124e+00
-3.332000000000000028e+01 -2.899999999999999911e+00 1.207699999999999996e+01 -1.366999999999999993e+00
-2.944900000000000162e+01 1.794000000000000039e+00 5.407000000000000028e+00 8.319999999999999618e-01
-2.303000000000000114e+01 9.682000000000000384e+00 -2.596999999999999975e+00 1.941000000000000059e+00
-1.835000000000000142e+01 9.211000000000000298e+00 -1.186800000000000033e+01 2.508999999999999897e+00
-1.710800000000000054e+01 -2.201000000000000068e+00 -2.133699999999999974e+01 3.318999999999999950e+00
-1.306600000000000072e+01 -1.292099999999999937e+01 -2.591100000000000136e+01 3.632000000000000117e+00
-5.227999999999999758e+00 -1.434200000000000053e+01 -2.220700000000000074e+01 2.894000000000000128e+00
-4.469000000000000306e+00 -1.247499999999999964e+01 -1.261700000000000088e+01 2.044000000000000039e+00
-1.664600000000000080e+01 -1.637500000000000000e+01 -2.623000000000000220e+00 2.125000000000000000e+00
-2.984100000000000108e+01 -2.454599999999999937e+01 2.576999999999999957e+00 2.749000000000000110e+00
-2.816000000000000014e+01 -2.946900000000000119e+01 1.114999999999999991e+00 2.982000000000000206e+00
-1.325000000000000000e+01 -2.971000000000000085e+01 -4.166000000000000369e+00 2.886000000000000121e+00
-3.346999999999999975e+00 -3.013700000000000045e+01 -1.011500000000000021e+01 2.900999999999999801e+00
-8.680999999999999162e+00 -3.252900000000000347e+01 -1.715099999999999980e+01 2.580999999999999961e+00
-1.782700000000000173e+01 -3.342699999999999960e+01 -2.565800000000000125e+01 1.302999999999999936e+00
-1.722400000000000020e+01 -3.107900000000000063e+01 -3.155900000000000105e+01 -4.610000000000000209e-01
-1.167699999999999960e+01 -2.785999999999999943e+01 -2.900499999999999901e+01 -1.387000000000000011e+00
-1.058500000000000085e+01 -2.477400000000000091e+01 -1.720200000000000173e+01 -3.320000000000000173e-01
-8.865999999999999659e+00 -1.974099999999999966e+01 -3.362000000000000099e+00 2.716000000000000192e+00
-1.342000000000000082e+00 -1.350600000000000023e+01 3.398000000000000131e+00 5.854000000000000092e+00
1.756000000000000005e+00 -1.011299999999999955e+01 2.173000000000000043e+00 6.480999999999999872e+00
-5.293999999999999595e+00 -8.939999999999999503e+00 2.409999999999999920e-01 4.469999999999999751e+00
-8.561999999999999389e+00 -4.514999999999999680e+00 2.358000000000000096e+00 2.532999999999999918e+00
1.828000000000000069e+00 3.869000000000000217e+00 6.423000000000000043e+00 2.123000000000000220e+00
1.256199999999999939e+01 9.333999999999999631e+00 8.853999999999999204e+00 1.183999999999999941e+00
7.046000000000000263e+00 5.089999999999999858e+00 7.054999999999999716e+00 -2.158999999999999808e+00
-1.100900000000000034e+01 -7.910999999999999588e+00 -7.269999999999999796e-01 -5.937000000000000277e+00
-2.522500000000000142e+01 -2.115399999999999991e+01 -1.112400000000000055e+01 -6.887999999999999901e+00
-2.666900000000000048e+01 -2.596799999999999997e+01 -1.544500000000000028e+01 -4.939000000000000057e+00
-1.778699999999999903e+01 -1.998000000000000043e+01 -1.003100000000000058e+01 -2.648000000000000131e+00
-5.953999999999999737e+00 -8.169000000000000483e+00 -2.337000000000000188e+00 -1.356000000000000094e+00
-1.925000000000000044e+00 -6.650000000000000355e-01 -1.360000000000000098e+00 -1.350000000000000089e-01
-1.453999999999999915e+01 -5.886000000000000121e+00 -6.165000000000000036e+00 1.889999999999999902e+00
-3.568500000000000227e+01 -2.055199999999999960e+01 -8.948999999999999844e+00 3.746999999999999886e+00
-4.092799999999999727e+01 -2.944500000000000028e+01 -6.378999999999999559e+00 3.733000000000000096e+00
-1.773900000000000077e+01 -2.026399999999999935e+01 -1.046999999999999931e+00 1.854000000000000092e+00
1.804500000000000171e+01 3.597999999999999865e+00 6.876999999999999780e+00 -1.809999999999999942e-01
4.392699999999999960e+01 2.715800000000000125e+01 1.891400000000000148e+01 -1.467999999999999972e+00
5.326400000000000290e+01 3.583800000000000097e+01 2.900799999999999912e+01 -2.431000000000000050e+00
4.823599999999999710e+01 2.440399999999999991e+01 2.799200000000000088e+01 -2.855999999999999872e+00
3.009400000000000119e+01 2.263999999999999790e+00 1.707999999999999829e+01 -1.985000000000000098e+00
6.761999999999999567e+00 -1.180300000000000082e+01 5.679000000000000270e+00 -5.580000000000000515e-01
-7.187999999999999723e+00 -8.201999999999999957e+00 -1.290999999999999925e+00 -1.270000000000000018e-01
-1.029299999999999926e+01 2.883000000000000007e+00 -6.679000000000000270e+00 -6.149999999999999911e-01
-1.848999999999999844e+01 5.977999999999999758e+00 -1.495899999999999963e+01 -8.910000000000000142e-01
-3.740500000000000114e+01 7.389999999999999902e-01 -2.474599999999999866e+01 -9.240000000000000435e-01
-4.792199999999999704e+01 6.270000000000000018e-01 -2.752899999999999991e+01 -1.274000000000000021e+00
-3.120799999999999841e+01 1.573399999999999999e+01 -1.716000000000000014e+01 -1.506999999999999895e+00
9.797000000000000597e+00 4.298400000000000176e+01 2.184000000000000163e+00 -9.080000000000000293e-01
6.021399999999999864e+01 6.880100000000000193e+01 2.197599999999999909e+01 2.059999999999999887e-01
1.032030000000000030e+02 7.778199999999999648e+01 3.614200000000000301e+01 9.240000000000000435e-01
1.166700000000000017e+02 6.372599999999999909e+01 3.815800000000000125e+01 6.780000000000000471e-01
8.659199999999999875e+01 3.531900000000000261e+01 2.469699999999999918e+01 -5.250000000000000222e-01
3.161599999999999966e+01 9.160000000000000142e+00 6.317000000000000171e+00 -2.113999999999999879e+00
-8.176000000000000156e+00 -3.369000000000000217e+00 -1.725999999999999979e+00 -3.108000000000000096e+00
-1.314300000000000068e+01 -2.447999999999999954e+00 -1.049999999999999961e-01 -2.596999999999999975e+00
1.995000000000000107e+00 4.028999999999999915e+00 7.189999999999999725e-01 -4.949999999999999956e-01
1.461299999999999955e+01 8.330000000000000071e+00 1.372000000000000108e+00 1.909999999999999920e+00
1.669800000000000040e+01 7.314000000000000057e+00 7.975999999999999979e+00 2.649000000000000021e+00
1.282499999999999929e+01 2.532999999999999918e+00 1.551999999999999957e+01 1.008999999999999897e+00
1.056400000000000006e+01 -2.989999999999999880e-01 1.657000000000000028e+01 -1.614999999999999991e+00
1.147400000000000020e+01 3.964999999999999858e+00 1.461200000000000010e+01 -3.302000000000000046e+00
7.032000000000000028e+00 1.101500000000000057e+01 1.344400000000000084e+01 -3.319999999999999840e+00
-9.980000000000000426e+00 9.351000000000000867e+00 7.258000000000000007e+00 -1.995999999999999996e+00
-3.236399999999999721e+01 -4.918000000000000149e+00 -6.623999999999999666e+00 -1.700000000000000122e-02
-4.539500000000000313e+01 -2.206599999999999895e+01 -1.750900000000000034e+01 1.780000000000000027e+00
-4.264300000000000068e+01 -2.907499999999999929e+01 -1.469500000000000028e+01 2.725999999999999979e+00
-2.854700000000000060e+01 -2.180799999999999983e+01 -3.403000000000000025e+00 2.495000000000000107e+00
-1.054299999999999926e+01 -7.307999999999999829e+00 2.271999999999999797e+00 9.320000000000000506e-01
6.400000000000000355e+00 4.150000000000000355e+00 -1.858000000000000096e+00 -1.256000000000000005e+00
2.103099999999999881e+01 8.855999999999999872e+00 -7.493000000000000327e+00 -1.715000000000000080e+00
3.192200000000000060e+01 9.509999999999999787e+00 -8.619999999999999218e+00 1.560999999999999943e+00
3.199599999999999866e+01 7.740000000000000213e+00 -8.872999999999999332e+00 6.466999999999999638e+00
1.619999999999999929e+01 3.416999999999999815e+00 -1.185399999999999920e+01 7.668999999999999595e+00
-5.490999999999999659e+00 -7.149999999999999689e-01 -1.398199999999999932e+01 3.305000000000000160e+00
-1.792200000000000060e+01 -1.463000000000000078e+00 -1.194200000000000017e+01 -2.217000000000000082e+00
-2.216300000000000026e+01 -1.135999999999999899e+00 -9.403999999999999915e+00 -4.469000000000000306e+00
-3.077299999999999969e+01 -4.958000000000000185e+00 -1.122100000000000009e+01 -4.775999999999999801e+00
-4.529800000000000182e+01 -1.293399999999999928e+01 -1.616199999999999903e+01 -6.839999999999999858e+00
-5.289800000000000324e+01 -1.816300000000000026e+01 -1.871199999999999974e+01 -9.766999999999999460e+00
-4.231099999999999994e+01 -1.439100000000000001e+01 -1.554899999999999949e+01 -8.696999999999999176e+00
-1.478899999999999970e+01 -3.857000000000000206e+00 -8.635999999999999233e+00 -2.878000000000000114e+00
1.633699999999999974e+01 5.344999999999999751e+00 -2.565999999999999837e+00 2.170999999999999819e+00
3.331900000000000261e+01 8.486000000000000654e+00 -1.237999999999999989e+00 2.869000000000000217e+00
2.885000000000000142e+01 5.328000000000000291e+00 -7.873999999999999666e+00 2.387999999999999901e+00
1.582099999999999973e+01 -3.874000000000000110e+00 -2.270499999999999829e+01 4.644000000000000128e+00
1.396400000000000041e+01 -1.521000000000000085e+01 -3.677600000000000335e+01 8.307000000000000384e+00
2.539900000000000091e+01 -2.005999999999999872e+01 -3.600600000000000023e+01 9.560000000000000497e+00
3.277900000000000347e+01 -1.586299999999999955e+01 -1.832600000000000051e+01 7.735999999999999766e+00
2.464600000000000080e+01 -1.079299999999999926e+01 2.185000000000000053e+00 5.290000000000000036e+00
1.317699999999999960e+01 -1.033900000000000041e+01 1.458399999999999963e+01 3.238999999999999879e+00
1.827100000000000080e+01 -7.269000000000000128e+00 2.294500000000000028e+01 -4.369999999999999996e-01
3.790299999999999869e+01 5.594000000000000306e+00 3.303000000000000114e+01 -6.881999999999999673e+00
4.590800000000000125e+01 1.832799999999999940e+01 3.927799999999999869e+01 -1.276999999999999957e+01
2.373000000000000043e+01 1.386299999999999955e+01 3.257900000000000063e+01 -1.342300000000000004e+01
-1.509399999999999942e+01 -5.703000000000000291e+00 1.409900000000000020e+01 -9.342999999999999972e+00
-3.990699999999999648e+01 -1.980099999999999838e+01 -5.070000000000000284e+00 -5.636999999999999567e+00
-3.604999999999999716e+01 -1.798000000000000043e+01 -1.604100000000000037e+01 -4.259000000000000341e+00
-1.765500000000000114e+01 -1.068699999999999939e+01 -1.906700000000000017e+01 -2.087000000000000188e+00
-1.086700000000000088e+01 -1.017900000000000027e+01 -1.778099999999999881e+01 2.186999999999999833e+00
-2.525400000000000134e+01 -1.493599999999999994e+01 -1.174900000000000055e+01 5.352999999999999758e+00
-4.202000000000000313e+01 -1.461899999999999977e+01 2.909999999999999809e-01 5.192999999999999616e+00
-3.599900000000000233e+01 -2.560999999999999943e+00 1.334800000000000075e+01 3.496999999999999886e+00
-7.197000000000000064e+00 1.730399999999999849e+01 2.019500000000000028e+01 2.740000000000000213e+00
2.041000000000000014e+01 3.359100000000000108e+01 2.069099999999999895e+01 3.216000000000000192e+00
2.737000000000000099e+01 3.729899999999999949e+01 1.996399999999999864e+01 3.686999999999999833e+00
1.232300000000000040e+01 2.808299999999999841e+01 1.993799999999999883e+01 3.178999999999999826e+00
-1.491600000000000037e+01 1.348099999999999987e+01 1.925400000000000134e+01 2.064000000000000057e+00
-4.001200000000000045e+01 3.621999999999999886e+00 1.786100000000000065e+01 1.491000000000000103e+00
-5.286200000000000188e+01 1.415999999999999925e+00 1.493699999999999939e+01 1.655999999999999917e+00
-5.792399999999999949e+01 -1.594000000000000083e+00 7.206999999999999851e+00 1.278999999999999915e+00
-6.545099999999999341e+01 -1.200600000000000023e+01 -4.065000000000000391e+00 -8.689999999999999947e-01
-7.126699999999999591e+01 -2.181400000000000006e+01 -1.049399999999999977e+01 -3.940999999999999837e+00
-6.069200000000000017e+01 -1.906800000000000139e+01 -6.267999999999999794e+00 -5.070000000000000284e+00
-3.138500000000000156e+01 -5.557000000000000384e+00 4.551000000000000156e+00 -2.552999999999999936e+00
3.859999999999999876e+00 6.139999999999999680e+00 1.176800000000000068e+01 1.810999999999999943e+00
3.224099999999999966e+01 8.003000000000000114e+00 7.895999999999999908e+00 4.967999999999999972e+00
4.625900000000000034e+01 8.080000000000000515e-01 -3.601999999999999869e+00 5.774000000000000021e+00
4.332000000000000028e+01 -1.068399999999999928e+01 -9.887000000000000455e+00 4.903999999999999915e+00
3.095700000000000074e+01 -1.873199999999999932e+01 -4.216999999999999638e+00 3.442000000000000171e+00
2.592299999999999827e+01 -1.611599999999999966e+01 4.540000000000000036e+00 2.210999999999999854e+00
3.806600000000000250e+01 -6.379999999999999893e+00 5.285000000000000142e+00 1.695000000000000062e+00
5.429399999999999693e+01 -2.970000000000000195e+00 -1.660000000000000087e-01 2.306999999999999940e+00
4.914500000000000313e+01 -1.242800000000000082e+01 -4.198999999999999844e+00 3.830999999999999961e+00
1.867599999999999838e+01 -2.553900000000000148e+01 -5.841999999999999638e+00 4.766000000000000014e+00
-9.215999999999999304e+00 -2.864199999999999946e+01 -7.511000000000000121e+00 3.882000000000000117e+00
-1.144699999999999918e+01 -1.877899999999999991e+01 -8.923000000000000043e+00 1.828000000000000069e+00
-4.159999999999999809e-01 -4.700999999999999623e+00 -9.913999999999999702e+00 -2.900000000000000147e-02
2.146999999999999797e+00 5.698000000000000398e+00 -1.088899999999999935e+01 -1.379999999999999893e+00
1.737000000000000099e+00 1.326800000000000068e+01 -8.544999999999999929e+00 -2.946000000000000174e+00
1.209800000000000075e+01 1.882999999999999829e+01 -3.799999999999999906e-02 -4.924000000000000377e+00
2.043499999999999872e+01 1.609400000000000119e+01 8.355999999999999872e+00 -5.934999999999999609e+00
8.484999999999999432e+00 4.304999999999999716e+00 7.166999999999999815e+00 -4.753999999999999559e+00
-7.285999999999999588e+00 -3.128000000000000114e+00 -1.459000000000000075e+00 -2.450000000000000178e+00
3.662999999999999812e+00 2.733999999999999986e+00 -5.977000000000000313e+00 -1.044999999999999929e+00
3.360399999999999920e+01 1.074300000000000033e+01 -2.435999999999999943e+00 -1.064999999999999947e+00
4.386599999999999966e+01 7.240000000000000213e+00 1.627000000000000002e+00 -1.461000000000000076e+00
2.083599999999999852e+01 -4.224999999999999645e+00 9.769999999999999796e-01 -9.350000000000000533e-01
-9.769000000000000128e+00 -1.249399999999999977e+01 -2.849999999999999756e-01 4.859999999999999876e-01
-2.028900000000000148e+01 -1.298799999999999955e+01 2.152000000000000135e+00 1.026999999999999913e+00
-6.520999999999999908e+00 -5.538000000000000256e+00 6.435999999999999943e+00 -2.780000000000000249e-01
1.713400000000000034e+01 7.278999999999999915e+00 8.887000000000000455e+00 -1.495000000000000107e+00
3.300000000000000000e+01 1.865299999999999869e+01 7.110000000000000320e+00 -7.079999999999999627e-01
3.618599999999999994e+01 2.498000000000000043e+01 8.750000000000000000e-01 8.449999999999999734e-01
3.350600000000000023e+01 2.844099999999999895e+01 -6.001999999999999780e+00 1.348000000000000087e+00
2.290599999999999881e+01 2.545100000000000051e+01 -8.746000000000000441e+00 1.727999999999999980e+00
-5.208999999999999631e+00 7.402999999999999581e+00 -7.402000000000000135e+00 3.637000000000000011e+00
-3.955400000000000205e+01 -1.971699999999999875e+01 -5.993999999999999773e+00 5.894000000000000128e+00
-5.190899999999999892e+01 -3.465599999999999881e+01 -5.841999999999999638e+00 5.477999999999999758e+00
-3.688199999999999790e+01 -2.670799999999999841e+01 -3.903999999999999915e+00 1.903999999999999915e+00
-1.710200000000000031e+01 -6.980000000000000426e+00 6.490000000000000213e-01 -1.655999999999999917e+00
-9.439000000000000057e+00 7.355999999999999872e+00 3.797000000000000153e+00 -2.665000000000000036e+00
-1.465399999999999991e+01 7.405000000000000249e+00 2.035000000000000142e+00 -2.494000000000000217e+00
-3.008099999999999952e+01 -6.495000000000000107e+00 -5.214999999999999858e+00 -3.642999999999999794e+00
-4.405599999999999739e+01 -2.660999999999999943e+01 -1.583600000000000030e+01 -5.458999999999999631e+00
-3.255700000000000216e+01 -4.013400000000000034e+01 -2.270799999999999841e+01 -4.879999999999999893e+00
1.028500000000000014e+01 -3.776200000000000045e+01 -1.896699999999999875e+01 -5.819999999999999618e-01
5.254500000000000171e+01 -2.256500000000000128e+01 -9.573999999999999844e+00 5.434000000000000163e+00
6.197299999999999898e+01 -4.964999999999999858e+00 -5.312999999999999723e+00 9.678000000000000824e+00
4.884799999999999898e+01 1.132199999999999918e+01 -4.216000000000000192e+00 9.486000000000000654e+00
4.294400000000000261e+01 2.877899999999999991e+01 3.347999999999999865e+00 4.660000000000000142e+00
3.997500000000000142e+01 4.024399999999999977e+01 1.305199999999999960e+01 -2.318999999999999950e+00
6.192999999999999616e+00 3.055000000000000071e+01 1.122100000000000009e+01 -8.103999999999999204e+00
-6.376800000000000068e+01 3.681999999999999940e+00 -1.348999999999999977e+00 -1.083200000000000074e+01
-1.274039999999999964e+02 -1.135699999999999932e+01 -8.778000000000000469e+00 -1.119800000000000040e+01
-1.422009999999999934e+02 2.488999999999999879e+00 -1.881000000000000005e+00 -1.084399999999999942e+01
-1.079989999999999952e+02 2.785800000000000054e+01 1.255499999999999972e+01 -9.144000000000000128e+00
-5.540899999999999892e+01 4.236699999999999733e+01 2.305999999999999872e+01 -4.227999999999999758e+00
-1.429100000000000037e+01 4.759100000000000108e+01 2.419300000000000139e+01 1.733000000000000096e+00
2.831999999999999851e+00 5.456900000000000261e+01 1.716900000000000048e+01 3.305000000000000160e+00
4.306000000000000050e+00 6.159799999999999898e+01 7.613000000000000433e+00 -3.230000000000000093e-01
9.708000000000000185e+00 6.001200000000000045e+01 1.681000000000000050e+00 -3.778999999999999915e+00
2.937199999999999989e+01 5.039500000000000313e+01 1.308999999999999941e+00 -3.196000000000000174e+00
5.550000000000000000e+01 4.313100000000000023e+01 5.631000000000000227e+00 -4.309999999999999942e-01
7.329000000000000625e+01 4.331300000000000239e+01 1.413100000000000023e+01 1.155000000000000027e+00
7.430700000000000216e+01 4.179999999999999716e+01 2.322400000000000020e+01 1.090999999999999970e+00
6.101700000000000301e+01 2.862600000000000122e+01 2.495700000000000074e+01 9.399999999999999467e-01
4.391899999999999693e+01 8.906000000000000583e+00 1.583600000000000030e+01 1.290000000000000036e+00
3.161499999999999844e+01 -5.746999999999999886e+00 3.012999999999999901e+00 1.219000000000000083e+00
2.206500000000000128e+01 -1.432099999999999973e+01 -4.184999999999999609e+00 5.120000000000000107e-01
7.991999999999999993e+00 -2.277199999999999847e+01 -5.221000000000000085e+00 4.179999999999999827e-01
-1.058000000000000007e+01 -3.110900000000000176e+01 -5.586999999999999744e+00 1.421999999999999931e+00
-2.589699999999999847e+01 -3.534499999999999886e+01 -7.182999999999999829e+00 2.245000000000000107e+00
-3.361899999999999977e+01 -3.501200000000000045e+01 -7.615999999999999659e+00 1.925000000000000044e+00
-3.800300000000000011e+01 -3.204599999999999937e+01 -6.671999999999999709e+00 1.179000000000000048e+00
-4.402100000000000080e+01 -2.939199999999999946e+01 -7.530999999999999694e+00 1.050999999999999934e+00
-4.742099999999999937e+01 -3.171699999999999875e+01 -1.138700000000000045e+01 1.362999999999999989e+00
-3.856799999999999784e+01 -4.060099999999999909e+01 -1.523499999999999943e+01 1.209999999999999964e+00
-1.815299999999999869e+01 -5.018800000000000239e+01 -1.628399999999999892e+01 5.020000000000000018e-01
4.719999999999999751e-01 -5.239399999999999835e+01 -1.469100000000000072e+01 1.809999999999999942e-01
1.083699999999999974e+01 -4.575300000000000011e+01 -1.053899999999999970e+01 7.800000000000000266e-01
2.282300000000000040e+01 -3.578099999999999881e+01 -3.782000000000000028e+00 1.588999999999999968e+00
4.234300000000000352e+01 -2.752299999999999969e+01 1.560999999999999943e+00 1.713000000000000078e+00
5.521399999999999864e+01 -2.152100000000000080e+01 4.839999999999999858e-01 1.264999999999999902e+00
4.758800000000000097e+01 -1.560699999999999932e+01 -5.062999999999999723e+00 1.060999999999999943e+00
3.050100000000000122e+01 -8.173000000000000043e+00 -8.474000000000000199e+00 1.602999999999999980e+00
2.360000000000000142e+01 -1.762999999999999901e+00 -7.895999999999999908e+00 2.575000000000000178e+00
2.451899999999999835e+01 -2.644000000000000128e+00 -7.238999999999999879e+00 3.024999999999999911e+00
1.479499999999999993e+01 -1.340399999999999991e+01 -9.365000000000000213e+00 2.376999999999999780e+00
-1.101699999999999946e+01 -2.765099999999999980e+01 -1.260699999999999932e+01 1.397999999999999909e+00
-3.718999999999999773e+01 -3.565200000000000102e+01 -1.355300000000000082e+01 1.322000000000000064e+00
-4.521200000000000330e+01 -3.394800000000000040e+01 -1.130899999999999928e+01 2.101999999999999869e+00
-3.251599999999999824e+01 -2.636899999999999977e+01 -7.940000000000000391e+00 2.742999999999999883e+00
-9.833999999999999631e+00 -1.732400000000000162e+01 -5.190999999999999837e+00 2.895000000000000018e+00
1.366399999999999970e+01 -8.010999999999999233e+00 -2.509999999999999787e+00 2.779999999999999805e+00
2.979100000000000037e+01 1.102999999999999980e+00 1.397000000000000020e+00 2.492999999999999883e+00
2.249200000000000088e+01 6.902000000000000135e+00 5.642000000000000348e+00 2.625000000000000000e+00
-1.771300000000000097e+01 5.237000000000000099e+00 6.591000000000000192e+00 4.072000000000000064e+00
-7.237399999999999523e+01 -2.564999999999999947e+00 1.957999999999999963e+00 5.974000000000000199e+00
-1.093430000000000035e+02 -7.977999999999999758e+00 -4.772000000000000242e+00 5.690000000000000391e+00
-1.126419999999999959e+02 -3.950000000000000178e+00 -6.766000000000000014e+00 2.035000000000000142e+00
-8.460899999999999466e+01 7.032000000000000028e+00 -1.653000000000000025e+00 -3.004999999999999893e+00
-3.953900000000000148e+01 1.499300000000000033e+01 5.224999999999999645e+00 -6.591999999999999638e+00
-4.277999999999999581e+00 1.182099999999999973e+01 7.386999999999999567e+00 -8.339999999999999858e+00
3.642999999999999794e+00 2.052999999999999936e+00 5.639000000000000234e+00 -1.037500000000000000e+01
-3.799999999999999906e-02 7.299999999999999822e-01 6.049999999999999822e+00 -1.309399999999999942e+01
1.476500000000000057e+01 1.308699999999999974e+01 1.039400000000000013e+01 -1.265799999999999947e+01
5.877700000000000102e+01 2.618599999999999994e+01 1.471299999999999919e+01 -5.982999999999999652e+00
1.149429999999999978e+02 2.955399999999999849e+01 1.608800000000000097e+01 3.583000000000000185e+00
1.496709999999999923e+02 2.979599999999999937e+01 1.520100000000000051e+01 9.131000000000000227e+00
1.406210000000000093e+02 3.493500000000000227e+01 1.500000000000000000e+01 7.442999999999999616e+00
1.029039999999999964e+02 3.903300000000000125e+01 1.834499999999999886e+01 1.554999999999999938e+00
6.890200000000000102e+01 3.374600000000000222e+01 2.216300000000000026e+01 -2.932999999999999829e+00
4.457999999999999829e+01 2.283299999999999841e+01 1.784199999999999875e+01 -3.751999999999999780e+00
1.417900000000000027e+01 1.459800000000000075e+01 3.999000000000000110e+00 -4.016000000000000014e+00
-2.071199999999999974e+01 1.016900000000000048e+01 -8.279999999999999361e+00 -6.706999999999999851e+00
-3.935499999999999687e+01 7.312999999999999723e+00 -1.007099999999999973e+01 -8.710000000000000853e+00
-3.472899999999999920e+01 7.435999999999999943e+00 -6.256999999999999673e+00 -5.354000000000000092e+00
-2.180399999999999849e+01 1.176500000000000057e+01 -5.221000000000000085e+00 1.044999999999999929e+00
-1.414000000000000057e+01 1.523700000000000010e+01 -5.064000000000000057e+00 3.958000000000000185e+00
-1.243399999999999928e+01 1.105599999999999916e+01 1.524999999999999911e+00 2.012999999999999901e+00
-1.395100000000000051e+01 9.989999999999999991e-01 1.400300000000000011e+01 -5.809999999999999609e-01
-1.598499999999999943e+01 -4.511999999999999567e+00 2.271499999999999986e+01 -8.729999999999999982e-01
-1.509099999999999930e+01 -1.459999999999999909e-01 1.956700000000000017e+01 4.329999999999999960e-01
-1.521799999999999997e+01 4.139999999999999680e+00 6.213000000000000078e+00 1.963999999999999968e+00
-2.721499999999999986e+01 -5.908000000000000362e+00 -9.201999999999999957e+00 3.411000000000000032e+00
-5.339399999999999835e+01 -2.918199999999999861e+01 -2.126300000000000168e+01 4.716999999999999638e+00
-8.188500000000000512e+01 -4.936299999999999955e+01 -3.022500000000000142e+01 5.711000000000000298e+00
-9.596999999999999886e+01 -5.270900000000000318e+01 -3.581600000000000250e+01 6.405000000000000249e+00
-8.437099999999999511e+01 -3.802000000000000313e+01 -3.277799999999999869e+01 6.578999999999999737e+00
-5.006099999999999994e+01 -1.289799999999999969e+01 -1.688100000000000023e+01 5.709999999999999964e+00
-1.032799999999999940e+01 1.278599999999999959e+01 6.695999999999999730e+00 3.861000000000000210e+00
1.849200000000000088e+01 3.144200000000000017e+01 2.593299999999999983e+01 1.750000000000000000e+00
3.191300000000000026e+01 4.003000000000000114e+01 3.214500000000000313e+01 -4.229999999999999871e-01
3.289699999999999847e+01 3.995900000000000318e+01 2.447200000000000131e+01 -3.318999999999999950e+00
2.894500000000000028e+01 3.628000000000000114e+01 8.689000000000000057e+00 -6.831999999999999851e+00
3.009499999999999886e+01 3.462100000000000222e+01 -3.907000000000000028e+00 -8.842000000000000526e+00
3.524499999999999744e+01 3.417699999999999960e+01 -3.093999999999999861e+00 -7.115999999999999659e+00
2.761700000000000088e+01 2.691000000000000014e+01 8.598000000000000753e+00 -2.206999999999999851e+00
1.199999999999999956e+00 1.070700000000000074e+01 1.625300000000000011e+01 2.761000000000000121e+00
-1.732100000000000151e+01 -2.052000000000000046e+00 1.018500000000000050e+01 5.076999999999999957e+00
1.256999999999999895e+00 1.437000000000000055e+00 -1.532000000000000028e+00 4.716000000000000192e+00
4.342499999999999716e+01 1.715700000000000003e+01 -4.293999999999999595e+00 3.656000000000000139e+00
6.905100000000000193e+01 3.010500000000000043e+01 3.065999999999999837e+00 3.071000000000000174e+00
6.498499999999999943e+01 3.246300000000000097e+01 7.918000000000000149e+00 2.270999999999999908e+00
5.079500000000000171e+01 2.796999999999999886e+01 2.882000000000000117e+00 9.220000000000000417e-01
3.987700000000000244e+01 2.101099999999999923e+01 -4.806000000000000050e+00 2.439999999999999947e-01
2.547899999999999920e+01 1.048399999999999999e+01 -5.709999999999999964e+00 7.810000000000000275e-01
4.118000000000000327e+00 -2.540999999999999925e+00 1.000000000000000021e-02 1.199999999999999956e+00
-1.198199999999999932e+01 -1.038400000000000034e+01 6.267000000000000348e+00 5.859999999999999654e-01
-1.429400000000000048e+01 -9.795999999999999375e+00 7.594999999999999751e+00 -1.330000000000000071e-01
-1.243099999999999916e+01 -9.195000000000000284e+00 1.143000000000000016e+00 -4.700000000000000011e-02
-1.799299999999999855e+01 -1.646399999999999864e+01 -1.038100000000000023e+01 2.680000000000000160e-01
-2.817500000000000071e+01 -2.791900000000000048e+01 -1.861799999999999855e+01 3.200000000000000067e-02
-3.443900000000000006e+01 -3.619800000000000040e+01 -1.833500000000000085e+01 -3.210000000000000075e-01
-3.428999999999999915e+01 -4.007500000000000284e+01 -1.437700000000000067e+01 3.799999999999999906e-02
-2.855499999999999972e+01 -4.069599999999999795e+01 -1.444800000000000040e+01 8.239999999999999547e-01
-1.837300000000000111e+01 -3.677600000000000335e+01 -1.825199999999999889e+01 9.439999999999999503e-01
-8.304999999999999716e+00 -2.871900000000000119e+01 -1.940899999999999892e+01 3.099999999999999978e-02
-3.765000000000000124e+00 -2.105000000000000071e+01 -1.508600000000000030e+01 -1.062000000000000055e+00
-4.182000000000000384e+00 -1.797500000000000142e+01 -1.031000000000000050e+01 -1.288000000000000034e+00
-4.666999999999999815e+00 -2.011100000000000065e+01 -1.291499999999999915e+01 -6.290000000000000036e-01
-3.132000000000000117e+00 -2.417500000000000071e+01 -2.320700000000000074e+01 -1.239999999999999991e-01
-6.350000000000000089e-01 -2.363100000000000023e+01 -3.102400000000000091e+01 -3.980000000000000204e-01
3.145000000000000018e+00 -1.428100000000000058e+01 -2.632499999999999929e+01 -7.029999999999999583e-01
1.017900000000000027e+01 -7.850000000000000311e-01 -9.666000000000000369e+00 -4.699999999999999734e-01
1.915099999999999980e+01 7.766000000000000014e+00 9.506999999999999673e+00 -9.439999999999999503e-01
2.048499999999999943e+01 7.230999999999999872e+00 2.036299999999999955e+01 -3.250000000000000000e+00
3.588999999999999968e+00 -1.030000000000000027e+00 1.669699999999999918e+01 -5.575999999999999623e+00
-2.332300000000000040e+01 -1.139499999999999957e+01 3.067000000000000171e+00 -5.123000000000000220e+00
-3.432800000000000296e+01 -1.374200000000000088e+01 -6.320999999999999730e+00 -2.394000000000000128e+00
-1.884700000000000131e+01 -3.895000000000000018e+00 -3.015000000000000124e+00 -4.859999999999999876e-01
3.424999999999999822e+00 7.501000000000000334e+00 6.264999999999999680e+00 -4.359999999999999987e-01
1.100500000000000078e+01 7.788999999999999702e+00 1.157099999999999973e+01 -3.549999999999999822e-01
5.067000000000000171e+00 -2.076000000000000068e+00 1.133500000000000085e+01 8.589999999999999858e-01
-3.338999999999999968e+00 -1.288700000000000045e+01 7.732999999999999652e+00 1.848000000000000087e+00
-1.217500000000000071e+01 -1.962399999999999878e+01 1.292000000000000037e+00 1.340000000000000080e+00
-2.367800000000000082e+01 -2.202299999999999969e+01 -5.697000000000000064e+00 2.030000000000000138e-01
-3.272899999999999920e+01 -2.057999999999999829e+01 -7.966000000000000192e+00 -4.499999999999999833e-02
-3.099200000000000088e+01 -1.710600000000000165e+01 -3.834999999999999964e+00 6.750000000000000444e-01
-1.762800000000000011e+01 -1.375099999999999945e+01 1.570000000000000062e+00 1.352999999999999980e+00
2.419999999999999929e-01 -9.465999999999999304e+00 4.256000000000000227e+00 1.296000000000000041e+00
1.368599999999999994e+01 -2.076000000000000068e+00 7.394999999999999574e+00 4.799999999999999822e-01
1.672500000000000142e+01 6.580000000000000071e+00 1.318900000000000006e+01 -6.189999999999999947e-01
9.042999999999999261e+00 1.191499999999999915e+01 1.522499999999999964e+01 -1.348000000000000087e+00
-5.006000000000000227e+00 1.330300000000000082e+01 8.188000000000000611e+00 -1.870000000000000107e+00
-1.822200000000000131e+01 1.708699999999999974e+01 1.769999999999999907e-01 -3.169000000000000039e+00
-1.861100000000000065e+01 3.082700000000000173e+01 3.652000000000000135e+00 -5.057999999999999829e+00
6.458000000000000185e+00 5.476200000000000045e+01 1.585899999999999999e+01 -5.562999999999999723e+00
5.176800000000000068e+01 7.973300000000000409e+01 2.229200000000000159e+01 -3.527000000000000135e+00
8.648399999999999466e+01 9.253499999999999659e+01 1.989300000000000068e+01 -4.380000000000000004e-01
8.407200000000000273e+01 8.531799999999999784e+01 1.950100000000000122e+01 1.459999999999999964e+00
5.499900000000000233e+01 6.228600000000000136e+01 2.421399999999999864e+01 1.800000000000000044e+00
2.989999999999999858e+01 3.456099999999999994e+01 2.437900000000000134e+01 1.766000000000000014e+00
1.951800000000000068e+01 9.961999999999999744e+00 1.588000000000000078e+01 1.967000000000000082e+00
1.169699999999999918e+01 -8.269000000000000128e+00 6.221000000000000085e+00 1.981000000000000094e+00
-3.357000000000000206e+00 -1.885000000000000142e+01 7.479999999999999982e-01 1.596000000000000085e+00
-2.529100000000000037e+01 -2.395100000000000051e+01 -3.241000000000000103e+00 1.219999999999999973e+00
-5.131300000000000239e+01 -2.839600000000000080e+01 -7.934000000000000163e+00 1.133999999999999897e+00
-7.432099999999999795e+01 -3.444800000000000040e+01 -1.132499999999999929e+01 1.193999999999999950e+00
-8.153499999999999659e+01 -3.969800000000000040e+01 -1.188199999999999967e+01 1.183000000000000052e+00
-6.765300000000000580e+01 -4.049900000000000233e+01 -1.017500000000000071e+01 9.679999999999999716e-01
-4.299199999999999733e+01 -3.654200000000000159e+01 -7.503000000000000114e+00 4.309999999999999942e-01
-2.215800000000000125e+01 -3.196900000000000119e+01 -6.163999999999999702e+00 -3.950000000000000178e-01
-1.155400000000000027e+01 -3.185500000000000043e+01 -8.618000000000000327e+00 -1.127000000000000002e+00
-9.419999999999999929e+00 -3.575699999999999790e+01 -1.407300000000000040e+01 -1.201999999999999957e+00
-6.092999999999999972e+00 -3.469400000000000261e+01 -1.662099999999999866e+01 -4.470000000000000084e-01
1.371499999999999986e+01 -1.998499999999999943e+01 -1.001999999999999957e+01 6.260000000000000009e-01
5.080299999999999727e+01 3.181000000000000050e+00 3.055000000000000160e+00 1.453999999999999959e+00
8.172100000000000364e+01 1.858299999999999841e+01 1.102200000000000024e+01 2.028000000000000025e+00
8.867199999999999704e+01 1.756099999999999994e+01 7.285000000000000142e+00 2.338999999999999968e+00
7.984799999999999898e+01 6.330000000000000071e+00 -1.447999999999999954e+00 2.080000000000000071e+00
6.225800000000000267e+01 -6.001999999999999780e+00 -4.597999999999999865e+00 1.491000000000000103e+00
2.619399999999999906e+01 -1.594599999999999973e+01 4.199999999999999845e-01 1.310000000000000053e+00
-2.387500000000000000e+01 -2.121600000000000108e+01 8.115999999999999659e+00 1.475999999999999979e+00
-5.694299999999999784e+01 -1.906899999999999906e+01 1.241699999999999982e+01 1.149000000000000021e+00
-5.346399999999999864e+01 -1.123900000000000077e+01 1.206400000000000006e+01 1.819999999999999951e-01
-2.875799999999999912e+01 -3.471000000000000085e+00 9.032000000000000028e+00 -5.610000000000000542e-01
-5.841000000000000192e+00 6.270000000000000018e-01 3.556000000000000050e+00 -4.500000000000000111e-01
9.435999999999999943e+00 1.891999999999999904e+00 -5.333999999999999631e+00 1.529999999999999971e-01
1.658500000000000085e+01 2.035000000000000142e+00 -1.429100000000000037e+01 4.470000000000000084e-01
1.067900000000000027e+01 1.066000000000000059e+00 -1.681200000000000117e+01 1.739999999999999880e-01
-5.573999999999999844e+00 -2.660000000000000142e-01 -1.143200000000000038e+01 -4.800000000000000100e-02
-2.162199999999999989e+01 6.870000000000000551e-01 -3.692000000000000171e+00 5.949999999999999734e-01
-3.513199999999999790e+01 4.642999999999999794e+00 -2.829999999999999738e-01 2.197999999999999954e+00
-5.035399999999999920e+01 8.929000000000000270e+00 -2.642999999999999794e+00 3.926000000000000156e+00
-6.088199999999999790e+01 1.133600000000000030e+01 -4.341000000000000192e+00 4.491999999999999993e+00
-5.313000000000000256e+01 1.229899999999999949e+01 1.155000000000000027e+00 3.124000000000000110e+00
-2.740399999999999991e+01 1.263599999999999923e+01 9.321999999999999176e+00 4.979999999999999982e-01
3.447000000000000064e+00 1.204700000000000060e+01 9.794999999999999929e+00 -1.610999999999999988e+00
3.215999999999999659e+01 1.056000000000000050e+01 1.489000000000000101e+00 -2.278999999999999915e+00
5.570799999999999841e+01 9.596000000000000085e+00 -6.639999999999999680e+00 -2.704000000000000181e+00
6.512300000000000466e+01 1.038199999999999967e+01 -7.937000000000000277e+00 -4.392999999999999794e+00
5.146200000000000330e+01 1.129800000000000004e+01 -4.376000000000000334e+00 -6.299000000000000377e+00
1.855499999999999972e+01 9.121999999999999886e+00 -1.725999999999999979e+00 -5.841999999999999638e+00
-1.486500000000000021e+01 4.161999999999999922e+00 -2.306000000000000050e+00 -3.037999999999999812e+00
-2.886199999999999832e+01 7.239999999999999769e-01 -3.734999999999999876e+00 -8.219999999999999529e-01
-2.032499999999999929e+01 2.080999999999999961e+00 -3.794000000000000039e+00 -6.570000000000000284e-01
-3.859999999999999876e+00 8.077999999999999403e+00 -3.609999999999999876e+00 -9.100000000000000311e-01
5.705000000000000071e+00 1.575099999999999945e+01 -5.153999999999999915e+00 -1.549999999999999989e-01
5.524000000000000021e+00 1.977799999999999869e+01 -8.099999999999999645e+00 8.699999999999999956e-01
-7.810000000000000275e-01 1.570199999999999996e+01 -9.795999999999999375e+00 1.413999999999999924e+00
-1.019500000000000028e+01 5.732000000000000206e+00 -7.926000000000000156e+00 2.431000000000000050e+00
-1.811299999999999955e+01 -1.665999999999999925e+00 -3.873000000000000220e+00 4.753000000000000114e+00
-1.984199999999999875e+01 -1.050999999999999934e+00 -1.727999999999999980e+00 6.887999999999999901e+00
-1.721799999999999997e+01 3.565999999999999837e+00 -2.443000000000000060e+00 6.528999999999999915e+00
-1.592999999999999972e+01 4.294999999999999929e+00 -2.305000000000000160e+00 3.605999999999999872e+00
-1.803500000000000014e+01 -9.489999999999999547e-01 2.610000000000000098e-01 -8.000000000000000167e-03
-2.113800000000000168e+01 -8.221999999999999531e+00 7.540000000000000036e-01 -3.080000000000000071e+00
-2.065899999999999892e+01 -1.441699999999999982e+01 -4.142999999999999794e+00 -5.700999999999999623e+00
-1.231099999999999994e+01 -1.782600000000000051e+01 -9.555999999999999162e+00 -8.042999999999999261e+00
3.592999999999999972e+00 -1.523900000000000077e+01 -8.529999999999999361e+00 -9.201000000000000512e+00
1.972200000000000131e+01 -7.206999999999999851e+00 -1.566999999999999948e+00 -7.615999999999999659e+00
2.559400000000000119e+01 -2.225999999999999979e+00 5.854000000000000092e+00 -3.153000000000000025e+00
1.715800000000000125e+01 -7.291000000000000369e+00 1.081700000000000017e+01 2.291999999999999815e+00
1.526999999999999913e+00 -1.836799999999999855e+01 1.259200000000000053e+01 6.483999999999999986e+00
-1.140099999999999980e+01 -2.551699999999999946e+01 1.071000000000000085e+01 7.695999999999999730e+00
-1.741799999999999926e+01 -2.265200000000000102e+01 7.820000000000000284e+00 5.160000000000000142e+00
-1.793799999999999883e+01 -1.113700000000000045e+01 8.396000000000000796e+00 6.510000000000000231e-01
-1.965299999999999869e+01 1.024999999999999911e+00 1.196799999999999997e+01 -2.623000000000000220e+00
-2.689499999999999957e+01 6.881999999999999673e+00 1.315199999999999925e+01 -4.248000000000000220e+00
-2.843199999999999861e+01 9.946999999999999176e+00 1.018099999999999916e+01 -6.506000000000000227e+00
-1.060699999999999932e+01 1.738899999999999935e+01 6.743999999999999773e+00 -8.579000000000000625e+00
1.515900000000000070e+01 2.627199999999999847e+01 3.109999999999999876e+00 -5.738999999999999879e+00
2.500499999999999901e+01 2.929700000000000060e+01 -3.972999999999999865e+00 2.894000000000000128e+00
1.986100000000000065e+01 2.842200000000000060e+01 -9.840999999999999304e+00 1.089700000000000024e+01
2.194000000000000128e+01 2.982799999999999940e+01 -5.371999999999999886e+00 1.193999999999999950e+01
3.902100000000000080e+01 3.176500000000000057e+01 6.365999999999999659e+00 6.618999999999999773e+00
5.512199999999999989e+01 2.745100000000000051e+01 1.177599999999999980e+01 2.849999999999999756e-01
5.296200000000000330e+01 1.558200000000000074e+01 4.200000000000000178e+00 -3.020999999999999908e+00
3.316100000000000136e+01 9.270000000000000462e-01 -9.041000000000000369e+00 -4.009999999999999787e+00
1.199000000000000021e+01 -1.275200000000000067e+01 -1.524099999999999966e+01 -6.583000000000000185e+00
3.270999999999999908e+00 -2.237800000000000011e+01 -9.894999999999999574e+00 -1.173199999999999932e+01
6.751000000000000334e+00 -2.136599999999999966e+01 1.917999999999999927e+00 -1.391099999999999959e+01
1.589100000000000001e+01 -7.727999999999999758e+00 1.635300000000000153e+01 -7.676999999999999602e+00
2.670499999999999829e+01 8.403000000000000469e+00 2.935200000000000031e+01 2.934000000000000163e+00
3.288700000000000045e+01 1.659900000000000020e+01 3.079299999999999926e+01 8.253000000000000114e+00
2.485000000000000142e+01 1.721799999999999997e+01 1.804100000000000037e+01 5.807000000000000384e+00
5.741999999999999993e+00 1.521499999999999986e+01 3.555000000000000160e+00 1.897000000000000020e+00
-3.049999999999999822e+00 1.331300000000000061e+01 -2.842999999999999972e+00 1.318000000000000060e+00
1.156600000000000072e+01 1.218599999999999994e+01 -4.536999999999999922e+00 2.541999999999999815e+00
3.362199999999999989e+01 1.086700000000000088e+01 -7.322000000000000064e+00 2.697000000000000064e+00
3.900500000000000256e+01 8.153000000000000469e+00 -1.147899999999999920e+01 2.013999999999999790e+00
2.477899999999999991e+01 3.959000000000000075e+00 -1.463400000000000034e+01 2.245000000000000107e+00
4.312999999999999723e+00 -3.081999999999999851e+00 -1.522799999999999976e+01 3.434000000000000163e+00
-1.612600000000000122e+01 -1.580100000000000016e+01 -1.423099999999999987e+01 4.054999999999999716e+00
-4.100200000000000244e+01 -3.196399999999999864e+01 -1.359099999999999930e+01 3.552999999999999936e+00
-6.791800000000000637e+01 -4.190299999999999869e+01 -1.192300000000000004e+01 3.146999999999999797e+00
-8.011100000000000421e+01 -3.779500000000000171e+01 -6.184999999999999609e+00 4.075000000000000178e+00
-6.495300000000000296e+01 -2.257900000000000063e+01 2.438000000000000167e+00 5.932000000000000384e+00
-3.475999999999999801e+01 -8.862999999999999545e+00 8.766000000000000014e+00 6.903999999999999915e+00
-1.794399999999999906e+01 -1.084600000000000009e+01 7.782000000000000028e+00 5.568999999999999950e+00
-2.707600000000000051e+01 -3.094600000000000151e+01 -2.052999999999999936e+00 2.539000000000000146e+00
-4.413700000000000045e+01 -5.153000000000000114e+01 -1.548799999999999955e+01 -1.100000000000000006e-01
-4.272200000000000131e+01 -5.067399999999999949e+01 -2.380699999999999861e+01 -1.181000000000000050e+00
-1.939199999999999946e+01 -2.893299999999999983e+01 -2.470499999999999829e+01 -1.447999999999999954e+00
5.346000000000000085e+00 -6.953999999999999737e+00 -2.157000000000000028e+01 -2.303999999999999826e+00
1.578100000000000058e+01 4.190999999999999837e+00 -1.417999999999999972e+01 -3.814999999999999947e+00
1.738899999999999935e+01 1.103800000000000026e+01 -2.140000000000000124e+00 -4.490999999999999659e+00
1.989499999999999957e+01 1.559200000000000053e+01 7.245000000000000107e+00 -3.261000000000000121e+00
2.266799999999999926e+01 1.153100000000000058e+01 8.631999999999999673e+00 -1.219000000000000083e+00
2.798000000000000043e+01 4.980000000000000426e+00 1.018299999999999983e+01 -4.450000000000000067e-01
4.717399999999999949e+01 9.917999999999999261e+00 2.172500000000000142e+01 -1.364000000000000101e+00
7.716500000000000625e+01 2.124399999999999977e+01 3.606400000000000006e+01 -2.133000000000000007e+00
8.882999999999999829e+01 2.002700000000000102e+01 3.518299999999999983e+01 -9.020000000000000240e-01
5.954399999999999693e+01 4.410999999999999588e+00 1.498000000000000043e+01 1.506000000000000005e+00
8.694000000000000838e+00 -9.098000000000000753e+00 -7.320000000000000284e+00 2.532000000000000028e+00
-2.137300000000000111e+01 -1.210200000000000031e+01 -1.441900000000000048e+01 1.828999999999999959e+00
-1.755300000000000082e+01 -1.130000000000000071e+01 -8.135999999999999233e+00 1.453999999999999959e+00
-5.360000000000000320e+00 -1.162899999999999956e+01 -6.039999999999999813e-01 1.582000000000000073e+00
-6.275000000000000355e+00 -8.335000000000000853e+00 5.152000000000000135e+00 -1.299999999999999940e-02
-1.345899999999999963e+01 3.064999999999999947e+00 1.456600000000000072e+01 -3.403000000000000025e+00
-1.574399999999999977e+01 1.694000000000000128e+01 2.496699999999999875e+01 -5.501000000000000334e+00
-1.801999999999999957e+01 2.305099999999999838e+01 2.431200000000000117e+01 -4.599000000000000199e+00
-2.497800000000000153e+01 2.085500000000000043e+01 1.058300000000000018e+01 -2.592999999999999972e+00
-2.698900000000000077e+01 1.945499999999999829e+01 -1.907000000000000028e+00 -1.514999999999999902e+00
-1.666600000000000037e+01 2.160699999999999932e+01 -3.857000000000000206e+00 -4.149999999999999800e-01
-3.483000000000000096e+00 1.936700000000000088e+01 -4.506999999999999673e+00 2.443999999999999950e+00
-8.840000000000000080e-01 8.141999999999999460e+00 -1.381700000000000017e+01 5.697000000000000064e+00
-8.792999999999999261e+00 -5.384000000000000341e+00 -2.521600000000000108e+01 5.991999999999999993e+00
-1.541799999999999926e+01 -1.179499999999999993e+01 -2.761700000000000088e+01 2.955000000000000071e+00
-1.307799999999999940e+01 -9.699999999999999289e+00 -2.302799999999999869e+01 7.399999999999999634e-02
-8.269999999999999574e+00 -6.080000000000000071e+00 -2.089900000000000091e+01 -6.600000000000000311e-02
-1.263599999999999923e+01 -7.714999999999999858e+00 -2.254899999999999949e+01 7.489999999999999991e-01
-2.604799999999999827e+01 -1.400500000000000078e+01 -2.048999999999999844e+01 -1.030999999999999917e+00
-3.514600000000000080e+01 -1.699800000000000111e+01 -1.019699999999999918e+01 -5.375000000000000000e+00
-2.752599999999999980e+01 -7.331000000000000405e+00 4.320000000000000284e+00 -8.310000000000000497e+00
-2.658999999999999808e+00 1.487500000000000000e+01 1.647400000000000020e+01 -7.762999999999999901e+00
2.676399999999999935e+01 3.319299999999999784e+01 2.200700000000000145e+01 -5.886999999999999567e+00
4.099900000000000233e+01 2.879299999999999926e+01 1.696600000000000108e+01 -4.639000000000000234e+00
2.790099999999999980e+01 4.924000000000000377e+00 -5.220000000000000195e-01 -4.315000000000000391e+00
-4.862000000000000099e+00 -1.564799999999999969e+01 -2.308200000000000074e+01 -5.913000000000000256e+00
-3.562299999999999756e+01 -2.102400000000000091e+01 -3.679699999999999704e+01 -8.859999999999999432e+00
-4.925200000000000244e+01 -2.110399999999999920e+01 -3.527799999999999869e+01 -8.691000000000000725e+00
-4.968699999999999761e+01 -2.532000000000000028e+01 -2.510399999999999920e+01 -3.083000000000000185e+00
-4.749300000000000210e+01 -2.700499999999999901e+01 -1.483500000000000085e+01 3.250999999999999890e+00
-4.225500000000000256e+01 -1.510500000000000043e+01 -4.501999999999999780e+00 4.902000000000000135e+00
-2.935300000000000153e+01 8.215999999999999304e+00 1.006900000000000084e+01 3.007000000000000117e+00
-1.446299999999999919e+01 2.657000000000000028e+01 2.583200000000000074e+01 2.161000000000000032e+00
-4.402000000000000135e+00 2.676000000000000156e+01 3.308899999999999864e+01 3.806000000000000050e+00
7.288000000000000256e+00 1.522799999999999976e+01 2.912000000000000099e+01 5.647000000000000242e+00
2.865599999999999881e+01 1.000600000000000023e+01 2.215800000000000125e+01 5.395999999999999908e+00
5.329599999999999937e+01 1.775199999999999889e+01 1.831700000000000017e+01 3.326000000000000068e+00
7.025100000000000477e+01 2.878999999999999915e+01 1.415199999999999925e+01 1.622999999999999998e+00
7.564900000000000091e+01 3.203199999999999648e+01 5.799000000000000377e+00 1.429000000000000048e+00
6.461199999999999477e+01 2.393100000000000094e+01 -2.849000000000000199e+00 8.379999999999999671e-01
3.429500000000000171e+01 7.253999999999999559e+00 -5.597999999999999865e+00 -2.341000000000000192e+00
3.991000000000000103e+00 -9.112000000000000099e+00 -2.536000000000000032e+00 -5.657000000000000028e+00
5.828999999999999737e+00 -1.491699999999999982e+01 1.971000000000000085e+00 -4.176999999999999602e+00
4.455499999999999972e+01 -9.561999999999999389e+00 6.309000000000000163e+00 1.451999999999999957e+00
8.450000000000000000e+01 -2.406000000000000139e+00 1.043900000000000006e+01 5.230000000000000426e+00
8.683700000000000330e+01 -6.270000000000000018e-01 1.175300000000000011e+01 4.849999999999999645e+00
5.299900000000000233e+01 -3.245000000000000107e+00 8.673000000000000043e+00 3.751999999999999780e+00
1.885300000000000153e+01 -6.708999999999999631e+00 4.506000000000000227e+00 4.142000000000000348e+00
5.892999999999999794e+00 -9.628999999999999559e+00 3.189000000000000057e+00 4.386000000000000121e+00
-1.566999999999999948e+00 -1.131799999999999962e+01 3.782000000000000028e+00 3.446000000000000174e+00
-2.356800000000000139e+01 -1.088799999999999990e+01 1.760999999999999899e+00 2.730999999999999872e+00
-5.298400000000000176e+01 -9.045999999999999375e+00 -4.474999999999999645e+00 2.986000000000000210e+00
-7.012099999999999511e+01 -7.919999999999999929e+00 -1.094100000000000072e+01 2.948999999999999844e+00
-6.906799999999999784e+01 -8.538000000000000256e+00 -1.366999999999999993e+01 1.800999999999999934e+00
-5.767199999999999704e+01 -1.052800000000000047e+01 -1.368099999999999916e+01 5.390000000000000346e-01
-4.710799999999999699e+01 -1.434299999999999997e+01 -1.488700000000000045e+01 3.930000000000000160e-01
-4.764699999999999847e+01 -2.120200000000000173e+01 -2.070799999999999841e+01 1.397999999999999909e+00
-6.168500000000000227e+01 -3.039999999999999858e+01 -3.095299999999999940e+01 2.693999999999999950e+00
-8.048799999999999955e+01 -3.845000000000000284e+01 -3.836299999999999955e+01 3.577999999999999847e+00
-9.570300000000000296e+01 -4.115400000000000347e+01 -3.343900000000000006e+01 4.307000000000000384e+00
-1.044620000000000033e+02 -3.551800000000000068e+01 -1.532199999999999918e+01 5.290000000000000036e+00
-9.828400000000000603e+01 -2.036700000000000088e+01 7.248000000000000220e+00 5.565999999999999837e+00
-6.738599999999999568e+01 1.651999999999999913e+00 2.542599999999999838e+01 3.697000000000000064e+00
-1.943299999999999983e+01 2.413500000000000156e+01 3.661099999999999710e+01 -2.159999999999999976e-01
2.931500000000000128e+01 4.389399999999999835e+01 4.284799999999999898e+01 -4.985999999999999766e+00
7.781300000000000239e+01 6.355199999999999960e+01 4.645600000000000307e+01 -9.368000000000000327e+00
1.308549999999999898e+02 8.149800000000000466e+01 4.802600000000000335e+01 -1.157600000000000051e+01
1.707479999999999905e+02 8.481000000000000227e+01 4.688799999999999812e+01 -1.071199999999999974e+01
1.631649999999999920e+02 6.100000000000000000e+01 4.149000000000000199e+01 -8.907999999999999474e+00
9.799299999999999500e+01 1.906400000000000006e+01 3.051399999999999935e+01 -7.947000000000000064e+00
9.256000000000000227e+00 -1.104299999999999926e+01 1.660300000000000153e+01 -5.634000000000000341e+00
-5.369100000000000250e+01 -9.740000000000000213e+00 6.934999999999999609e+00 -6.650000000000000355e-01
-6.615000000000000568e+01 1.037899999999999956e+01 4.887999999999999901e+00 3.142999999999999794e+00
-3.958599999999999852e+01 2.240399999999999991e+01 3.680000000000000160e+00 2.939999999999999947e+00
-5.777999999999999581e+00 1.480000000000000071e+01 -4.727999999999999758e+00 1.995000000000000107e+00
1.032600000000000051e+01 -1.610000000000000098e+00 -1.681299999999999883e+01 4.205000000000000071e+00
1.136400000000000077e+01 -9.471000000000000085e+00 -2.198999999999999844e+01 7.924000000000000377e+00
1.919399999999999906e+01 -4.942999999999999616e+00 -1.813200000000000145e+01 8.862999999999999545e+00
4.265400000000000347e+01 7.269999999999999796e-01 -1.263100000000000023e+01 6.245000000000000107e+00
6.314800000000000324e+01 6.800000000000000488e-02 -9.516000000000000014e+00 2.932999999999999829e+00
5.742199999999999704e+01 -1.221000000000000085e+00 -6.314000000000000057e+00 6.949999999999999512e-01
2.651099999999999923e+01 1.895999999999999908e+00 -2.184000000000000163e+00 -1.606999999999999984e+00
-6.833999999999999631e+00 2.244000000000000217e+00 2.500000000000000139e-02 -4.618000000000000327e+00
-2.687900000000000134e+01 -1.037400000000000055e+01 -1.528999999999999915e+00 -5.958999999999999631e+00
-3.835099999999999909e+01 -3.418900000000000006e+01 -6.576999999999999957e+00 -3.603000000000000203e+00
-4.967600000000000193e+01 -5.591299999999999670e+01 -1.410599999999999987e+01 -2.530000000000000027e-01
-5.756799999999999784e+01 -6.418300000000000693e+01 -2.127100000000000080e+01 -4.219999999999999862e-01
-5.436099999999999710e+01 -5.732099999999999795e+01 -2.370100000000000051e+01 -3.556000000000000050e+00
-4.042900000000000205e+01 -3.976299999999999812e+01 -1.992599999999999838e+01 -4.727000000000000313e+00
-2.120599999999999952e+01 -1.714900000000000091e+01 -1.315900000000000070e+01 -2.318000000000000060e+00
2.847999999999999865e+00 4.578999999999999737e+00 -7.052999999999999936e+00 -4.480000000000000093e-01
3.202199999999999847e+01 1.967399999999999949e+01 -3.120999999999999996e+00 -2.576000000000000068e+00
5.417099999999999937e+01 2.531599999999999895e+01 -2.733000000000000096e+00 -6.089999999999999858e+00
5.101700000000000301e+01 2.265299999999999869e+01 -5.875000000000000000e+00 -5.929999999999999716e+00
2.039199999999999946e+01 1.259699999999999953e+01 -7.852000000000000313e+00 -1.719000000000000083e+00
-2.013599999999999923e+01 -5.216000000000000192e+00 -3.919000000000000039e+00 2.407999999999999918e+00
-4.959700000000000131e+01 -2.401999999999999957e+01 2.983000000000000096e+00 3.887000000000000011e+00
-5.574499999999999744e+01 -2.969500000000000028e+01 4.839999999999999858e+00 3.689999999999999947e+00
-4.092300000000000182e+01 -1.867200000000000060e+01 -1.280000000000000027e+00 3.217000000000000082e+00
-2.188400000000000034e+01 -5.208999999999999631e+00 -9.612999999999999545e+00 2.597999999999999865e+00
-1.403299999999999947e+01 -1.546999999999999931e+00 -1.258200000000000074e+01 1.778999999999999915e+00
-1.400399999999999956e+01 -2.455000000000000071e+00 -8.612000000000000099e+00 1.250999999999999890e+00
-6.479000000000000092e+00 2.620000000000000107e+00 -2.197999999999999954e+00 1.336000000000000076e+00
1.258399999999999963e+01 1.228899999999999970e+01 1.433000000000000052e+00 1.620999999999999996e+00
3.042299999999999827e+01 1.731700000000000017e+01 5.210000000000000187e-01 1.518999999999999906e+00
3.700900000000000034e+01 1.608099999999999952e+01 -2.403000000000000025e+00 9.639999999999999680e-01
3.756400000000000006e+01 1.537500000000000000e+01 -3.412999999999999812e+00 3.499999999999999778e-01
3.956900000000000261e+01 1.782400000000000162e+01 -2.311999999999999833e+00 1.130000000000000032e-01
3.958700000000000330e+01 1.845599999999999952e+01 -3.100999999999999979e+00 3.820000000000000062e-01
3.109700000000000131e+01 1.357199999999999918e+01 -7.597000000000000419e+00 7.500000000000000000e-01
1.705000000000000071e+01 6.094000000000000306e+00 -1.216900000000000048e+01 6.600000000000000311e-01
8.079000000000000625e+00 1.058999999999999941e+00 -1.237899999999999956e+01 1.900000000000000022e-01
9.637999999999999901e+00 -9.929999999999999938e-01 -7.684999999999999609e+00 2.599999999999999881e-02
1.401699999999999946e+01 -3.125000000000000000e+00 -1.897999999999999909e+00 6.009999999999999787e-01
1.013400000000000034e+01 -5.807999999999999829e+00 1.400000000000000029e-02 1.570999999999999952e+00
-5.230000000000000204e-01 -6.761999999999999567e+00 -2.228000000000000203e+00 2.071000000000000174e+00
-8.002000000000000668e+00 -6.149000000000000021e+00 -3.423000000000000043e+00 1.560000000000000053e+00
-1.037400000000000055e+01 -6.089999999999999858e+00 -9.600000000000000200e-02 4.919999999999999929e-01
-1.214899999999999913e+01 -5.916000000000000369e+00 5.230999999999999872e+00 -3.140000000000000013e-01
-1.290000000000000036e+01 -4.259000000000000341e+00 7.326999999999999957e+00 -8.770000000000000018e-01
-1.122100000000000009e+01 -4.357000000000000206e+00 2.908999999999999808e+00 -1.727000000000000091e+00
-1.074600000000000044e+01 -9.712999999999999190e+00 -5.900999999999999801e+00 -2.547000000000000153e+00
-1.279199999999999982e+01 -1.647400000000000020e+01 -1.223499999999999943e+01 -2.638999999999999790e+00
-1.251800000000000068e+01 -1.722599999999999909e+01 -1.067200000000000060e+01 -2.438000000000000167e+00
-5.918999999999999595e+00 -1.003700000000000081e+01 -1.308999999999999941e+00 -2.604999999999999982e+00
6.940999999999999837e+00 1.270999999999999908e+00 1.098700000000000010e+01 -2.052999999999999936e+00
2.390200000000000102e+01 1.298399999999999999e+01 1.960999999999999943e+01 4.169999999999999818e-01
3.670799999999999841e+01 2.180099999999999838e+01 2.278099999999999881e+01 2.990000000000000213e+00
2.830600000000000094e+01 2.154299999999999926e+01 2.545499999999999829e+01 2.755999999999999783e+00
-9.047000000000000597e+00 8.567999999999999616e+00 2.894999999999999929e+01 2.200000000000000011e-01
-5.353000000000000114e+01 -9.580999999999999517e+00 2.592999999999999972e+01 -1.586000000000000076e+00
-7.235299999999999443e+01 -1.855399999999999849e+01 1.371799999999999997e+01 -1.495000000000000107e+00
-5.694100000000000250e+01 -9.887999999999999901e+00 2.982000000000000206e+00 -6.770000000000000462e-01
-2.189199999999999946e+01 1.181799999999999962e+01 4.048000000000000043e+00 -3.170000000000000040e-01
1.619000000000000128e+01 3.061700000000000088e+01 1.326600000000000001e+01 -8.379999999999999671e-01
4.188799999999999812e+01 3.116000000000000014e+01 1.944099999999999895e+01 -1.754999999999999893e+00
4.138400000000000034e+01 1.324000000000000021e+01 1.603900000000000148e+01 -1.713000000000000078e+00
1.647800000000000153e+01 -8.933999999999999275e+00 4.676999999999999602e+00 -1.270000000000000018e-01
-1.169500000000000028e+01 -2.209400000000000119e+01 -7.357000000000000206e+00 1.663000000000000034e+00
-2.294099999999999895e+01 -2.475300000000000011e+01 -1.312899999999999956e+01 2.047000000000000153e+00
-1.593099999999999916e+01 -2.278600000000000136e+01 -1.124200000000000088e+01 1.173999999999999932e+00
-2.013999999999999790e+00 -1.777299999999999969e+01 -4.290000000000000036e+00 4.400000000000000022e-01
9.630000000000000782e+00 -6.892000000000000348e+00 3.577999999999999847e+00 5.520000000000000462e-01
1.540600000000000058e+01 5.427999999999999936e+00 5.959999999999999964e+00 9.849999999999999867e-01
1.364499999999999957e+01 9.115000000000000213e+00 -7.760000000000000231e-01 1.131999999999999895e+00
4.025000000000000355e+00 3.915000000000000036e+00 -9.923999999999999488e+00 1.038999999999999924e+00
-1.083999999999999986e+01 -2.230000000000000038e-01 -1.123300000000000054e+01 8.860000000000000098e-01
-2.512500000000000000e+01 2.258000000000000007e+00 -4.897000000000000242e+00 6.069999999999999840e-01
-3.128099999999999881e+01 8.896000000000000796e+00 1.272999999999999909e+00 1.620000000000000051e-01
-2.410099999999999909e+01 1.710900000000000176e+01 5.155999999999999694e+00 -2.800000000000000266e-01
-7.298000000000000043e+00 2.558599999999999852e+01 9.446999999999999176e+00 -3.750000000000000000e-01
5.105999999999999872e+00 2.976200000000000045e+01 1.105300000000000082e+01 4.399999999999999745e-02
2.438000000000000167e+00 2.499399999999999977e+01 3.600000000000000089e+00 4.590000000000000191e-01
-7.094000000000000306e+00 1.440799999999999947e+01 -9.557999999999999829e+00 3.709999999999999964e-01
-6.250000000000000000e+00 6.004999999999999893e+00 -1.669800000000000040e+01 6.169999999999999929e-01
5.062999999999999723e+00 1.497999999999999998e+00 -1.484999999999999964e+01 2.592999999999999972e+00
7.182000000000000384e+00 -5.248999999999999666e+00 -1.428500000000000014e+01 6.116999999999999993e+00
-1.254800000000000004e+01 -1.833399999999999963e+01 -2.284100000000000108e+01 9.199999999999999289e+00
-4.258899999999999864e+01 -3.439200000000000301e+01 -3.574199999999999733e+01 9.589999999999999858e+00
-6.168299999999999983e+01 -4.662800000000000011e+01 -4.232900000000000063e+01 6.166999999999999815e+00
-5.932099999999999795e+01 -4.701500000000000057e+01 -3.569299999999999784e+01 7.799999999999999989e-02
-3.604699999999999704e+01 -2.784900000000000020e+01 -1.701099999999999923e+01 -5.418999999999999595e+00
4.434999999999999609e+00 5.982999999999999652e+00 4.048000000000000043e+00 -8.109999999999999432e+00
5.256199999999999761e+01 3.278799999999999670e+01 1.642200000000000060e+01 -9.678000000000000824e+00
9.053100000000000591e+01 3.962800000000000011e+01 2.029299999999999926e+01 -1.253200000000000003e+01
1.054509999999999934e+02 3.896399999999999864e+01 2.655000000000000071e+01 -1.460599999999999987e+01
9.937099999999999511e+01 4.175699999999999790e+01 3.716199999999999903e+01 -1.208699999999999974e+01
7.745900000000000318e+01 3.706700000000000017e+01 3.778799999999999670e+01 -6.421000000000000263e+00
4.012599999999999767e+01 1.691600000000000037e+01 2.175799999999999912e+01 -2.871999999999999886e+00
-2.193000000000000060e+00 -3.128000000000000114e+00 6.373000000000000220e+00 -2.741999999999999993e+00
-2.648000000000000043e+01 -4.799999999999999822e+00 8.548999999999999488e+00 -2.063000000000000167e+00
-2.374200000000000088e+01 8.919000000000000483e+00 1.987699999999999889e+01 1.967999999999999972e+00
-1.072199999999999953e+01 2.274399999999999977e+01 2.362099999999999866e+01 6.955000000000000071e+00
-5.628000000000000114e+00 2.969500000000000028e+01 1.982799999999999940e+01 9.093999999999999417e+00
-7.621000000000000441e+00 3.297599999999999909e+01 1.637800000000000011e+01 8.640000000000000568e+00
-6.629999999999999893e+00 3.446999999999999886e+01 1.112899999999999956e+01 8.398999999999999133e+00
-1.764999999999999902e+00 2.919399999999999906e+01 -4.129999999999999782e-01 8.372999999999999332e+00
-1.409000000000000030e+00 1.253100000000000058e+01 -1.077500000000000036e+01 6.051999999999999602e+00
-9.949999999999999289e+00 -1.050300000000000011e+01 -8.567000000000000171e+00 7.479999999999999982e-01
-2.343599999999999994e+01 -2.996999999999999886e+01 3.427999999999999936e+00 -5.461000000000000298e+00
-3.521500000000000341e+01 -4.203900000000000148e+01 1.036400000000000077e+01 -9.602000000000000313e+00
-3.659700000000000131e+01 -4.711599999999999966e+01 6.022999999999999687e+00 -9.932000000000000384e+00
-1.824200000000000088e+01 -4.376100000000000279e+01 3.850000000000000089e-01 -7.738000000000000433e+00
1.513000000000000078e+01 -3.335799999999999699e+01 2.213999999999999968e+00 -5.336999999999999744e+00
3.904200000000000159e+01 -2.288599999999999923e+01 4.477000000000000313e+00 -2.327999999999999847e+00
3.559000000000000341e+01 -1.744399999999999906e+01 -4.487000000000000099e+00 2.100999999999999979e+00
1.605499999999999972e+01 -1.757700000000000173e+01 -2.237099999999999866e+01 5.193999999999999950e+00
2.983000000000000096e+00 -2.291300000000000026e+01 -3.520000000000000284e+01 4.394999999999999574e+00
3.065999999999999837e+00 -3.016499999999999915e+01 -3.507399999999999807e+01 1.850000000000000089e+00
6.870000000000000107e+00 -3.187800000000000011e+01 -2.693799999999999883e+01 5.480000000000000426e-01
4.988999999999999879e+00 -2.379700000000000060e+01 -1.813200000000000145e+01 8.000000000000000167e-02
-1.439000000000000057e+00 -1.076800000000000068e+01 -9.810000000000000497e+00 -5.280000000000000249e-01
-6.948000000000000398e+00 -2.879999999999999893e+00 -2.068000000000000060e+00 -7.000000000000000666e-02
-1.248799999999999955e+01 -5.266000000000000014e+00 7.610000000000000098e-01 2.206999999999999851e+00
-2.009400000000000119e+01 -1.266600000000000037e+01 -3.831999999999999851e+00 4.637999999999999901e+00
-2.612000000000000099e+01 -1.739600000000000080e+01 -1.175600000000000023e+01 5.892000000000000348e+00
-2.942800000000000082e+01 -1.914399999999999835e+01 -1.857900000000000063e+01 6.985999999999999766e+00
-3.213100000000000023e+01 -2.072800000000000153e+01 -2.439600000000000080e+01 8.558999999999999275e+00
-2.937999999999999901e+01 -1.959100000000000108e+01 -2.859199999999999875e+01 8.603999999999999204e+00
-1.453899999999999970e+01 -1.114000000000000057e+01 -2.503399999999999892e+01 5.375000000000000000e+00
9.554999999999999716e+00 3.294000000000000039e+00 -8.134999999999999787e+00 6.670000000000000373e-01
3.485699999999999932e+01 1.704599999999999937e+01 1.674399999999999977e+01 -2.408999999999999808e+00
5.322500000000000142e+01 2.422400000000000020e+01 3.401100000000000279e+01 -3.892999999999999794e+00
5.549000000000000199e+01 2.378900000000000148e+01 3.271099999999999852e+01 -6.301999999999999602e+00
3.983500000000000085e+01 2.001999999999999957e+01 1.838200000000000145e+01 -9.169000000000000483e+00
1.763500000000000156e+01 1.814600000000000080e+01 5.293999999999999595e+00 -8.185999999999999943e+00
-8.489999999999999769e-01 1.777400000000000091e+01 -9.879999999999999893e-01 -2.241000000000000103e+00
-1.904400000000000048e+01 1.271000000000000085e+01 -5.580000000000000071e+00 3.273000000000000131e+00
-4.447299999999999898e+01 -1.348000000000000087e+00 -1.142600000000000016e+01 3.718999999999999861e+00
-7.227100000000000080e+01 -1.936499999999999844e+01 -1.566499999999999915e+01 1.129999999999999893e+00
-8.394199999999999307e+01 -2.806800000000000139e+01 -1.665299999999999869e+01 -2.409999999999999920e-01
-6.693899999999999295e+01 -1.849200000000000088e+01 -1.353200000000000003e+01 2.730000000000000204e-01
-3.276899999999999835e+01 2.063000000000000167e+00 -3.471999999999999975e+00 9.569999999999999618e-01
-4.378000000000000114e+00 1.826000000000000156e+01 1.083500000000000085e+01 1.131000000000000005e+00
9.535999999999999588e+00 2.594200000000000017e+01 1.893499999999999872e+01 1.235000000000000098e+00
1.136299999999999955e+01 3.031800000000000139e+01 1.568500000000000050e+01 1.572000000000000064e+00
-5.115000000000000213e+00 2.766199999999999903e+01 7.272000000000000242e+00 2.229999999999999982e+00
-4.529200000000000159e+01 7.852999999999999758e+00 -5.399999999999999939e-02 3.359999999999999876e+00
-8.885299999999999443e+01 -2.459900000000000020e+01 -7.937000000000000277e+00 5.033999999999999808e+00
-1.034890000000000043e+02 -4.944100000000000250e+01 -1.935699999999999932e+01 6.708000000000000185e+00
-8.421699999999999875e+01 -5.242399999999999949e+01 -3.079200000000000159e+01 6.886999999999999567e+00
-5.430599999999999739e+01 -3.820199999999999818e+01 -3.414800000000000324e+01 4.506000000000000227e+00
-2.701500000000000057e+01 -1.975100000000000122e+01 -2.252400000000000091e+01 7.159999999999999698e-01
9.079000000000000625e+00 -1.108000000000000096e+00 4.490999999999999659e+00 -2.357000000000000206e+00
5.963499999999999801e+01 2.021399999999999864e+01 3.439200000000000301e+01 -4.137999999999999901e+00
1.035100000000000051e+02 3.729200000000000159e+01 4.767499999999999716e+01 -5.344000000000000306e+00
1.196449999999999960e+02 3.989900000000000091e+01 3.981900000000000261e+01 -6.275999999999999801e+00
1.148439999999999941e+02 3.581499999999999773e+01 2.692999999999999972e+01 -6.538000000000000256e+00
1.051809999999999974e+02 4.151200000000000045e+01 2.303600000000000136e+01 -5.769000000000000128e+00
8.982699999999999818e+01 5.284400000000000119e+01 2.539199999999999946e+01 -4.304999999999999716e+00
6.492400000000000659e+01 5.161099999999999710e+01 2.589900000000000091e+01 -3.061999999999999833e+00
4.415500000000000114e+01 3.858100000000000307e+01 2.296499999999999986e+01 -2.504999999999999893e+00
3.874600000000000222e+01 3.206300000000000239e+01 1.724899999999999878e+01 -2.185000000000000053e+00
3.349399999999999977e+01 3.606099999999999994e+01 6.956000000000000405e+00 -1.483000000000000096e+00
1.141300000000000026e+01 3.677499999999999858e+01 -5.972999999999999865e+00 -4.430000000000000049e-01
-1.551500000000000057e+01 2.963800000000000168e+01 -1.398600000000000065e+01 6.350000000000000089e-01
-2.766900000000000048e+01 2.622899999999999920e+01 -1.352299999999999969e+01 2.621999999999999886e+00
-2.955000000000000071e+01 3.277799999999999869e+01 -7.647000000000000242e+00 6.751000000000000334e+00
-3.285900000000000176e+01 3.937599999999999767e+01 1.659999999999999920e+00 1.100200000000000067e+01
-2.628500000000000014e+01 3.553000000000000114e+01 1.372199999999999953e+01 1.053599999999999959e+01
5.012999999999999901e+00 2.462300000000000111e+01 2.390500000000000114e+01 4.158999999999999808e+00
4.068699999999999761e+01 1.476399999999999935e+01 2.624699999999999989e+01 -2.890000000000000124e+00
4.608299999999999841e+01 4.666999999999999815e+00 1.975000000000000000e+01 -5.546000000000000263e+00
2.608200000000000074e+01 -1.031199999999999939e+01 9.397999999999999687e+00 -5.929999999999999716e+00
1.394400000000000084e+01 -2.563700000000000045e+01 2.095000000000000195e+00 -9.311999999999999389e+00
1.646300000000000097e+01 -3.197599999999999909e+01 8.810000000000000053e-01 -1.415600000000000058e+01
1.535500000000000043e+01 -2.736799999999999855e+01 1.997000000000000108e+00 -1.331900000000000084e+01
7.317999999999999616e+00 -1.838100000000000023e+01 -9.130000000000000338e-01 -6.088000000000000078e+00
1.627000000000000002e+00 -1.323199999999999932e+01 -8.964000000000000412e+00 -4.789999999999999813e-01
-5.655000000000000249e+00 -1.681400000000000006e+01 -1.673799999999999955e+01 -1.383000000000000007e+00
-2.192599999999999838e+01 -2.780999999999999872e+01 -1.899599999999999866e+01 -4.386999999999999567e+00
-3.546800000000000352e+01 -3.860900000000000176e+01 -1.543500000000000050e+01 -3.787999999999999812e+00
-2.982400000000000162e+01 -4.187899999999999778e+01 -9.574999999999999289e+00 -5.700000000000000205e-02
-1.325399999999999956e+01 -3.891700000000000159e+01 -6.227000000000000313e+00 3.294000000000000039e+00
-8.945000000000000284e+00 -3.787199999999999989e+01 -8.522000000000000242e+00 5.121000000000000441e+00
-1.777100000000000080e+01 -4.134499999999999886e+01 -1.479599999999999937e+01 6.056000000000000050e+00
-1.711599999999999966e+01 -4.210199999999999676e+01 -1.995400000000000063e+01 5.937999999999999723e+00
-1.905000000000000027e+00 -3.635399999999999920e+01 -2.127100000000000080e+01 4.429999999999999716e+00
4.014000000000000234e+00 -3.202300000000000324e+01 -2.100300000000000011e+01 2.365000000000000213e+00
-9.821999999999999176e+00 -3.575000000000000000e+01 -2.269200000000000017e+01 6.600000000000000311e-01
-2.180099999999999838e+01 -4.156499999999999773e+01 -2.602100000000000080e+01 -1.078000000000000069e+00
-1.748300000000000054e+01 -4.031199999999999761e+01 -2.671499999999999986e+01 -3.297000000000000153e+00
-1.229599999999999937e+01 -3.161100000000000065e+01 -2.283599999999999852e+01 -4.692000000000000171e+00
-2.110999999999999943e+01 -2.127100000000000080e+01 -1.805499999999999972e+01 -3.649999999999999911e+00
-3.260600000000000165e+01 -1.309299999999999997e+01 -1.564100000000000001e+01 -8.709999999999999964e-01
-2.465299999999999869e+01 -5.972999999999999865e+00 -1.334699999999999953e+01 1.395000000000000018e+00
8.731999999999999318e+00 3.798999999999999932e+00 -6.847000000000000419e+00 2.064999999999999947e+00
5.064800000000000324e+01 1.807199999999999918e+01 4.780000000000000249e+00 1.844000000000000083e+00
7.362999999999999545e+01 3.187000000000000099e+01 1.713200000000000145e+01 2.008000000000000007e+00
5.714699999999999847e+01 3.390800000000000125e+01 2.248699999999999832e+01 3.174999999999999822e+00
5.467999999999999972e+00 1.958500000000000085e+01 1.607199999999999918e+01 4.533999999999999808e+00
-4.614699999999999847e+01 2.665999999999999925e+00 2.134999999999999787e+00 4.605000000000000426e+00
-5.903300000000000125e+01 1.977999999999999980e+00 -8.875999999999999446e+00 3.326999999999999957e+00
-3.235000000000000142e+01 1.630000000000000071e+01 -1.067300000000000004e+01 2.298999999999999932e+00
-1.532999999999999918e+00 2.593499999999999872e+01 -6.709999999999999964e+00 2.455000000000000071e+00
4.812999999999999723e+00 1.886799999999999855e+01 -5.288999999999999702e+00 2.891999999999999904e+00
-1.169299999999999962e+01 1.342999999999999972e+00 -1.062199999999999989e+01 2.383999999999999897e+00
-3.614300000000000068e+01 -1.614900000000000091e+01 -1.867200000000000060e+01 5.979999999999999760e-01
-5.964399999999999835e+01 -2.892800000000000082e+01 -2.151399999999999935e+01 -1.991999999999999993e+00
-7.510500000000000398e+01 -3.364900000000000091e+01 -1.493299999999999983e+01 -3.601999999999999869e+00
-6.872400000000000375e+01 -2.494200000000000017e+01 -7.970000000000000417e-01 -1.385000000000000009e+00
-3.376500000000000057e+01 -1.556999999999999940e+00 1.600000000000000000e+01 5.240000000000000213e+00
1.088100000000000023e+01 2.683800000000000097e+01 3.091100000000000136e+01 1.212400000000000055e+01
3.759499999999999886e+01 4.603699999999999903e+01 4.208700000000000330e+01 1.391999999999999993e+01
4.518399999999999750e+01 5.170400000000000063e+01 5.052000000000000313e+01 9.882999999999999119e+00
5.070100000000000051e+01 4.714000000000000057e+01 5.497999999999999687e+01 4.216000000000000192e+00
4.989200000000000301e+01 3.000400000000000134e+01 4.746699999999999875e+01 5.560000000000000497e-01
2.235699999999999932e+01 -7.670000000000000151e-01 2.173999999999999844e+01 -2.104000000000000092e+00
-2.627100000000000080e+01 -3.185200000000000031e+01 -1.151200000000000045e+01 -6.302999999999999936e+00
-6.166499999999999915e+01 -4.661099999999999710e+01 -2.961700000000000088e+01 -9.996999999999999886e+00
-5.872299999999999898e+01 -3.931400000000000006e+01 -2.279400000000000048e+01 -8.125999999999999446e+00
-2.357000000000000028e+01 -1.280300000000000082e+01 -1.812000000000000055e+00 -1.370000000000000107e+00
1.739199999999999946e+01 2.201699999999999946e+01 2.036199999999999832e+01 2.970000000000000195e+00
4.072200000000000131e+01 4.518099999999999739e+01 3.816599999999999682e+01 7.610000000000000098e-01
3.840299999999999869e+01 4.195799999999999841e+01 4.468900000000000006e+01 -4.722000000000000419e+00
1.650499999999999901e+01 1.821300000000000097e+01 3.221600000000000108e+01 -9.054000000000000270e+00
-8.842000000000000526e+00 -6.076999999999999957e+00 6.014000000000000234e+00 -1.156900000000000084e+01
-2.133299999999999841e+01 -1.669800000000000040e+01 -1.629599999999999937e+01 -1.328700000000000081e+01
-1.814499999999999957e+01 -1.392900000000000027e+01 -2.366799999999999926e+01 -1.313700000000000045e+01
-7.870000000000000107e+00 -5.185999999999999943e+00 -2.014399999999999835e+01 -8.948999999999999844e+00
1.243000000000000105e+00 2.984999999999999876e+00 -1.437899999999999956e+01 -2.318000000000000060e+00
1.747000000000000108e+00 6.206000000000000405e+00 -1.028800000000000026e+01 1.717999999999999972e+00
-1.240199999999999925e+01 3.762000000000000011e+00 -7.052999999999999936e+00 1.534000000000000030e+00
-3.327400000000000091e+01 5.380000000000000338e-01 -3.451000000000000068e+00 6.929999999999999494e-01
-4.015299999999999869e+01 3.108999999999999986e+00 -2.443999999999999950e+00 1.838000000000000078e+00
-2.396999999999999886e+01 1.340300000000000047e+01 -8.368000000000000327e+00 3.559000000000000163e+00
1.524999999999999911e+00 2.594900000000000162e+01 -1.895499999999999829e+01 3.920999999999999819e+00
1.823300000000000054e+01 2.989300000000000068e+01 -2.655000000000000071e+01 3.265000000000000124e+00
2.139099999999999824e+01 1.905799999999999983e+01 -2.704400000000000048e+01 2.826999999999999957e+00
1.726200000000000045e+01 2.152000000000000135e+00 -2.252700000000000102e+01 2.876999999999999780e+00
1.527100000000000080e+01 -5.024000000000000021e+00 -1.641000000000000014e+01 2.898000000000000131e+00
2.557300000000000040e+01 3.982000000000000206e+00 -8.701000000000000512e+00 2.669999999999999929e+00
5.344200000000000017e+01 2.472100000000000009e+01 3.398000000000000131e+00 2.669999999999999929e+00
8.821800000000000352e+01 4.699799999999999756e+01 1.826999999999999957e+01 3.427000000000000046e+00
1.069060000000000059e+02 5.600300000000000011e+01 2.624899999999999878e+01 4.602000000000000313e+00
9.854999999999999716e+01 4.290800000000000125e+01 2.075000000000000000e+01 5.129999999999999893e+00
7.415200000000000102e+01 1.755000000000000071e+01 9.167999999999999261e+00 4.426000000000000156e+00
4.511500000000000199e+01 -2.217999999999999972e+00 3.365000000000000213e+00 2.974000000000000199e+00
1.038400000000000034e+01 -1.188499999999999979e+01 4.080000000000000071e+00 1.550999999999999934e+00
-2.694300000000000139e+01 -1.884100000000000108e+01 3.692000000000000171e+00 2.280000000000000082e-01
-5.103699999999999903e+01 -2.429799999999999827e+01 1.390000000000000124e-01 -1.497999999999999998e+00
-5.229399999999999693e+01 -2.204700000000000060e+01 -1.221999999999999975e+00 -3.313000000000000167e+00
-4.235099999999999909e+01 -1.496000000000000085e+01 7.700000000000000178e-01 -3.642999999999999794e+00
-4.164800000000000324e+01 -1.668299999999999983e+01 -1.169999999999999929e+00 -1.768999999999999906e+00
-5.680299999999999727e+01 -3.139199999999999946e+01 -1.174900000000000055e+01 8.399999999999999689e-01
-7.475000000000000000e+01 -4.518500000000000227e+01 -2.457499999999999929e+01 2.636000000000000121e+00
-7.666500000000000625e+01 -4.412100000000000222e+01 -2.830099999999999838e+01 3.483000000000000096e+00
-5.374600000000000222e+01 -2.972400000000000020e+01 -1.764999999999999858e+01 3.220000000000000195e+00
-1.309699999999999953e+01 -1.280199999999999960e+01 1.586999999999999966e+00 1.383000000000000007e+00
2.421099999999999852e+01 -2.128000000000000114e+00 1.558600000000000030e+01 -1.163000000000000034e+00
3.651800000000000068e+01 -4.299999999999999656e-02 1.430100000000000016e+01 -2.978000000000000203e+00
2.429899999999999949e+01 -1.522000000000000020e+00 3.153000000000000025e+00 -4.174000000000000377e+00
1.182099999999999973e+01 7.459999999999999964e-01 -3.424999999999999822e+00 -5.120000000000000107e+00
1.709799999999999898e+01 7.719999999999999751e+00 -7.489999999999999991e-01 -4.256999999999999673e+00
3.325000000000000000e+01 1.430599999999999916e+01 2.769000000000000128e+00 -6.370000000000000107e-01
4.593299999999999983e+01 1.630900000000000105e+01 7.660000000000000142e-01 2.765000000000000124e+00
5.166899999999999693e+01 1.320100000000000051e+01 -1.957999999999999963e+00 2.192000000000000171e+00
5.087500000000000000e+01 6.516000000000000014e+00 1.677000000000000046e+00 -1.298999999999999932e+00
3.847800000000000153e+01 -3.831999999999999851e+00 8.907999999999999474e+00 -2.959000000000000075e+00
1.443699999999999939e+01 -1.994699999999999918e+01 1.095199999999999996e+01 -7.369999999999999885e-01
-5.299999999999999822e+00 -3.781499999999999773e+01 6.822000000000000064e+00 2.507000000000000117e+00
-5.022000000000000242e+00 -4.530100000000000193e+01 2.850999999999999979e+00 3.398000000000000131e+00
8.031000000000000583e+00 -3.679500000000000171e+01 -1.360000000000000098e-01 1.983999999999999986e+00
1.352899999999999991e+01 -2.171600000000000108e+01 -6.006000000000000227e+00 4.450000000000000067e-01
3.927999999999999936e+00 -1.120599999999999952e+01 -1.127999999999999936e+01 -2.800000000000000058e-02
-1.422400000000000020e+01 -5.115000000000000213e+00 -7.310999999999999943e+00 2.690000000000000169e-01
-3.352400000000000091e+01 2.169999999999999929e+00 5.762999999999999901e+00 8.080000000000000515e-01
-4.505599999999999739e+01 1.059399999999999942e+01 1.726500000000000057e+01 1.161999999999999922e+00
-3.868200000000000216e+01 1.443699999999999939e+01 1.919099999999999895e+01 8.269999999999999574e-01
-2.090899999999999892e+01 9.560000000000000497e+00 1.438199999999999967e+01 -1.310000000000000053e-01
-1.611599999999999966e+01 -2.029999999999999805e+00 8.942999999999999616e+00 -8.659999999999999920e-01
-3.379800000000000182e+01 -1.311899999999999977e+01 2.581999999999999851e+00 -8.549999999999999822e-01
-5.336899999999999977e+01 -1.673400000000000176e+01 -7.224000000000000199e+00 -5.290000000000000258e-01
-5.244200000000000017e+01 -1.103700000000000081e+01 -1.633200000000000074e+01 -4.570000000000000173e-01
-3.111199999999999832e+01 1.758000000000000007e+00 -1.795400000000000063e+01 -3.240000000000000102e-01
-4.621999999999999886e+00 1.704400000000000048e+01 -1.317600000000000016e+01 1.012000000000000011e+00
1.119599999999999973e+01 2.669500000000000028e+01 -1.043200000000000038e+01 3.842999999999999972e+00
7.498000000000000220e+00 2.442800000000000082e+01 -1.450799999999999912e+01 5.910999999999999588e+00
-1.121400000000000041e+01 1.433099999999999952e+01 -1.993100000000000094e+01 4.403999999999999915e+00
-2.835699999999999932e+01 5.926000000000000156e+00 -1.796300000000000097e+01 4.620000000000000218e-01
-3.217499999999999716e+01 7.049999999999999600e-01 -8.577999999999999403e+00 -1.417000000000000037e+00
-2.696600000000000108e+01 -6.525000000000000355e+00 1.019999999999999934e-01 -2.810000000000000275e-01
-1.587700000000000067e+01 -1.081700000000000017e+01 4.778999999999999915e+00 -1.042999999999999927e+00
1.419999999999999929e+01 4.003000000000000114e+00 1.247899999999999920e+01 -6.352000000000000313e+00
6.844400000000000261e+01 3.931499999999999773e+01 2.855900000000000105e+01 -1.058999999999999986e+01
1.169899999999999949e+02 6.824200000000000443e+01 4.421200000000000330e+01 -7.812000000000000277e+00
1.187810000000000059e+02 6.282099999999999795e+01 4.533899999999999864e+01 -1.794000000000000039e+00
7.243099999999999739e+01 2.783999999999999986e+01 3.215400000000000347e+01 -9.779999999999999805e-01
2.449200000000000088e+01 -4.019000000000000128e+00 1.849699999999999989e+01 -5.948999999999999844e+00
1.722599999999999909e+01 -1.074000000000000021e+01 1.233300000000000018e+01 -9.140000000000000568e+00
4.046200000000000330e+01 -3.583000000000000185e+00 8.423999999999999488e+00 -6.118999999999999773e+00
5.230499999999999972e+01 -4.471000000000000085e+00 6.979999999999999538e-01 -7.860000000000000320e-01
3.336599999999999966e+01 -1.534099999999999930e+01 -8.574999999999999289e+00 1.431999999999999940e+00
-3.755999999999999783e+00 -2.388500000000000156e+01 -1.549000000000000021e+01 4.420000000000000040e-01
-4.307999999999999829e+01 -2.512000000000000099e+01 -2.195299999999999940e+01 -4.189999999999999836e-01
-7.719199999999999307e+01 -2.184199999999999875e+01 -2.993400000000000105e+01 5.699999999999999512e-01
-9.835599999999999454e+01 -1.479599999999999937e+01 -3.455299999999999727e+01 2.645999999999999908e+00
-9.400799999999999557e+01 -3.411000000000000032e+00 -2.969500000000000028e+01 4.540000000000000036e+00
-5.362400000000000233e+01 1.002500000000000036e+01 -1.610600000000000165e+01 5.557000000000000384e+00
1.742000000000000171e+01 2.129100000000000037e+01 4.949999999999999956e-01 5.602999999999999758e+00
8.562000000000000455e+01 2.458099999999999952e+01 1.492800000000000082e+01 4.971000000000000085e+00
1.009360000000000070e+02 1.091900000000000048e+01 2.313500000000000156e+01 3.734999999999999876e+00
4.430499999999999972e+01 -2.360699999999999932e+01 2.251500000000000057e+01 1.239999999999999991e+00
-3.796300000000000097e+01 -6.151899999999999835e+01 1.475300000000000011e+01 -2.733000000000000096e+00
-7.793699999999999761e+01 -7.130100000000000193e+01 4.240999999999999659e+00 -6.004999999999999893e+00
-6.290200000000000102e+01 -4.520300000000000296e+01 -6.190999999999999837e+00 -5.347999999999999865e+00
-3.421699999999999875e+01 -1.335699999999999932e+01 -1.531099999999999994e+01 -9.479999999999999538e-01
-2.082700000000000173e+01 -4.572000000000000064e+00 -2.285099999999999909e+01 3.153000000000000025e+00
-1.917699999999999960e+01 -1.118500000000000050e+01 -2.949599999999999866e+01 4.328000000000000291e+00
-2.482000000000000028e+01 -9.246999999999999886e+00 -3.416199999999999903e+01 4.059999999999999609e+00
-3.412400000000000233e+01 6.214000000000000412e+00 -3.333500000000000085e+01 4.376999999999999780e+00
-2.860900000000000176e+01 2.449399999999999977e+01 -2.478500000000000014e+01 4.822000000000000064e+00
4.279999999999999916e-01 3.956099999999999994e+01 -1.033999999999999986e+01 4.158999999999999808e+00
2.954899999999999949e+01 5.137599999999999767e+01 5.338000000000000078e+00 2.807999999999999829e+00
3.493900000000000006e+01 5.995199999999999818e+01 1.955199999999999960e+01 2.015000000000000124e+00
2.349500000000000099e+01 6.425300000000000011e+01 3.297099999999999653e+01 1.770000000000000018e+00
1.189600000000000080e+01 6.033100000000000307e+01 4.344400000000000261e+01 1.129999999999999893e+00
3.830000000000000071e-01 4.523199999999999932e+01 4.518399999999999750e+01 -3.130000000000000004e-01
-1.538799999999999990e+01 2.478000000000000114e+01 3.828499999999999659e+01 -2.435999999999999943e+00
-3.001899999999999835e+01 7.272999999999999687e+00 2.921699999999999875e+01 -4.439000000000000057e+00
-3.881499999999999773e+01 -8.128999999999999559e+00 1.989099999999999824e+01 -4.628000000000000114e+00
-4.106700000000000017e+01 -2.319200000000000017e+01 9.039999999999999147e+00 -2.829000000000000181e+00
-3.179299999999999926e+01 -2.834499999999999886e+01 1.233999999999999986e+00 -1.713999999999999968e+00
-1.342999999999999972e+01 -1.668799999999999883e+01 -1.469999999999999973e+00 -2.918000000000000149e+00
-7.149999999999999689e-01 -4.200000000000000261e-02 -7.262999999999999901e+00 -4.158000000000000362e+00
8.730000000000000426e+00 6.080000000000000071e+00 -1.870899999999999963e+01 -2.528999999999999915e+00
3.703199999999999648e+01 8.750000000000000000e-01 -2.611299999999999955e+01 2.153000000000000025e+00
8.153300000000000125e+01 -8.314000000000000057e+00 -2.688299999999999912e+01 8.398999999999999133e+00
1.074369999999999976e+02 -1.611400000000000077e+01 -2.877299999999999969e+01 1.443800000000000061e+01
9.716700000000000159e+01 -1.803800000000000026e+01 -2.919000000000000128e+01 1.786799999999999855e+01
7.305500000000000682e+01 -1.019200000000000017e+01 -1.510699999999999932e+01 1.592099999999999937e+01
6.164999999999999858e+01 6.262999999999999901e+00 1.250600000000000023e+01 8.098000000000000753e+00
5.946600000000000108e+01 2.240599999999999881e+01 3.297999999999999687e+01 -1.653000000000000025e+00
4.704500000000000171e+01 2.643700000000000117e+01 3.124299999999999855e+01 -8.711999999999999744e+00
1.968900000000000006e+01 1.376200000000000045e+01 1.582600000000000051e+01 -1.334500000000000064e+01
-1.279599999999999937e+01 -8.819000000000000838e+00 3.319999999999999840e+00 -1.806899999999999906e+01
-4.179599999999999937e+01 -2.911199999999999832e+01 -3.020000000000000018e+00 -2.137999999999999901e+01
-5.985799999999999699e+01 -3.870400000000000063e+01 -9.186999999999999389e+00 -1.925799999999999912e+01
-5.919599999999999795e+01 -3.686999999999999744e+01 -1.630600000000000094e+01 -1.161800000000000033e+01
-4.281199999999999761e+01 -2.870700000000000074e+01 -2.094300000000000139e+01 -3.177999999999999936e+00
-2.702700000000000102e+01 -2.234700000000000131e+01 -2.292099999999999937e+01 1.915999999999999925e+00
-2.431299999999999883e+01 -2.371799999999999997e+01 -2.503399999999999892e+01 3.447999999999999954e+00
-3.159299999999999997e+01 -3.042200000000000060e+01 -2.698999999999999844e+01 3.092999999999999972e+00
-4.207200000000000273e+01 -3.536299999999999955e+01 -2.429200000000000159e+01 1.985999999999999988e+00
-5.936800000000000210e+01 -3.685300000000000153e+01 -1.408000000000000007e+01 1.092999999999999972e+00
-8.695799999999999841e+01 -3.803999999999999915e+01 -1.030000000000000027e+00 1.483000000000000096e+00
-1.072500000000000000e+02 -3.714200000000000301e+01 4.762999999999999901e+00 3.285000000000000142e+00
-9.396999999999999886e+01 -2.949099999999999966e+01 -2.427000000000000046e+00 5.562000000000000277e+00
-5.202199999999999847e+01 -1.898400000000000176e+01 -1.666400000000000148e+01 7.057999999999999829e+00
-1.681599999999999895e+01 -1.332300000000000040e+01 -2.336599999999999966e+01 6.639999999999999680e+00
-5.206000000000000405e+00 -9.150999999999999801e+00 -1.196700000000000053e+01 4.261999999999999567e+00
1.701000000000000068e+00 3.419000000000000039e+00 1.221700000000000053e+01 1.657000000000000028e+00
2.113899999999999935e+01 2.257499999999999929e+01 3.199800000000000111e+01 5.420000000000000373e-01
4.435799999999999699e+01 3.319800000000000040e+01 3.582200000000000273e+01 2.449999999999999956e-01
5.459700000000000131e+01 2.653099999999999881e+01 2.749500000000000099e+01 -1.213999999999999968e+00
4.756900000000000261e+01 1.370199999999999996e+01 1.806200000000000117e+01 -3.589999999999999858e+00
3.152199999999999847e+01 1.216200000000000081e+01 1.340000000000000036e+01 -4.041999999999999815e+00
1.923499999999999943e+01 2.405000000000000071e+01 1.233300000000000018e+01 -1.374000000000000110e+00
1.808800000000000097e+01 3.788799999999999812e+01 1.165600000000000058e+01 1.758000000000000007e+00
2.243100000000000094e+01 4.631499999999999773e+01 8.929999999999999716e+00 2.645999999999999908e+00
2.009600000000000009e+01 4.993699999999999761e+01 3.563000000000000167e+00 1.965000000000000080e+00
8.403000000000000469e+00 4.836999999999999744e+01 -2.443000000000000060e+00 1.639999999999999902e+00
-1.530000000000000027e+00 4.022299999999999898e+01 -6.036999999999999922e+00 1.743000000000000105e+00
8.609999999999999876e-01 2.832900000000000063e+01 -5.748000000000000220e+00 1.300999999999999934e+00
1.284999999999999964e+01 1.716400000000000148e+01 -2.173999999999999932e+00 4.859999999999999876e-01
2.521799999999999997e+01 9.253000000000000114e+00 3.197000000000000064e+00 2.320000000000000118e-01
3.406000000000000227e+01 5.589000000000000412e+00 7.469000000000000306e+00 5.490000000000000435e-01
3.967999999999999972e+01 5.290000000000000036e+00 6.687000000000000277e+00 7.269999999999999796e-01
4.165999999999999659e+01 5.527000000000000135e+00 8.090000000000000524e-01 6.929999999999999494e-01
3.875500000000000256e+01 3.096000000000000085e+00 -4.881000000000000227e+00 8.549999999999999822e-01
2.989999999999999858e+01 -3.474000000000000199e+00 -6.575999999999999623e+00 1.124000000000000110e+00
1.738100000000000023e+01 -1.176900000000000013e+01 -5.174999999999999822e+00 1.118999999999999995e+00
8.353999999999999204e+00 -1.723100000000000165e+01 -2.511000000000000121e+00 9.589999999999999636e-01
6.455000000000000071e+00 -1.830300000000000082e+01 -5.869999999999999662e-01 1.106999999999999984e+00
4.716000000000000192e+00 -1.748300000000000054e+01 -2.900999999999999801e+00 1.530000000000000027e+00
-5.842999999999999972e+00 -1.804400000000000048e+01 -1.078800000000000026e+01 1.627000000000000002e+00
-2.492999999999999972e+01 -2.169999999999999929e+01 -2.045400000000000063e+01 1.145999999999999908e+00
-4.526899999999999835e+01 -2.714399999999999835e+01 -2.682100000000000151e+01 5.869999999999999662e-01
-6.074699999999999989e+01 -2.932300000000000040e+01 -2.757700000000000173e+01 4.470000000000000084e-01
-6.923000000000000398e+01 -2.308999999999999986e+01 -2.214199999999999946e+01 6.280000000000000027e-01
-6.894299999999999784e+01 -9.396000000000000796e+00 -1.082399999999999984e+01 8.000000000000000444e-01
-5.441400000000000148e+01 4.389999999999999680e+00 2.834000000000000075e+00 1.161999999999999922e+00
-2.420400000000000063e+01 1.181799999999999962e+01 1.309099999999999930e+01 2.254999999999999893e+00
8.028000000000000469e+00 1.293200000000000038e+01 1.789799999999999969e+01 3.440999999999999837e+00
2.645799999999999841e+01 1.214700000000000024e+01 1.924699999999999989e+01 2.850999999999999979e+00
3.509300000000000352e+01 1.363299999999999912e+01 1.778200000000000003e+01 8.400000000000000522e-02
4.659000000000000341e+01 1.801699999999999946e+01 1.363899999999999935e+01 -2.692000000000000171e+00
5.417900000000000205e+01 1.960500000000000043e+01 9.762999999999999901e+00 -3.919999999999999929e+00
3.813100000000000023e+01 9.304000000000000270e+00 9.243000000000000327e+00 -5.291000000000000369e+00
-8.599999999999999312e-02 -1.285299999999999976e+01 1.405000000000000071e+01 -8.388999999999999346e+00
-3.066400000000000148e+01 -3.110800000000000054e+01 2.475799999999999912e+01 -1.017999999999999972e+01
-2.940299999999999869e+01 -3.076399999999999935e+01 3.511699999999999733e+01 -6.948000000000000398e+00
-4.366999999999999993e+00 -1.884299999999999997e+01 3.407900000000000063e+01 -1.352000000000000091e+00
1.962300000000000111e+01 -1.351200000000000045e+01 1.958699999999999974e+01 8.820000000000000062e-01
3.032499999999999929e+01 -1.755900000000000105e+01 2.786000000000000032e+00 -4.809999999999999831e-01
3.268999999999999773e+01 -2.033299999999999841e+01 -5.725999999999999979e+00 -1.286999999999999922e+00
3.371099999999999852e+01 -1.886700000000000088e+01 -7.149000000000000021e+00 -4.359999999999999987e-01
3.292399999999999949e+01 -1.854799999999999827e+01 -7.852999999999999758e+00 -2.839999999999999747e-01
2.659600000000000009e+01 -1.961199999999999832e+01 -8.407999999999999474e+00 -1.247999999999999998e+00
1.538899999999999935e+01 -1.685800000000000054e+01 -6.357999999999999652e+00 -1.276999999999999913e+00
4.783000000000000362e+00 -8.737999999999999545e+00 -3.915999999999999925e+00 -5.999999999999999778e-02
-1.258000000000000007e+00 3.300000000000000155e-01 -4.184000000000000163e+00 6.580000000000000293e-01
-3.463999999999999968e+00 5.916999999999999815e+00 -4.677999999999999936e+00 6.560000000000000275e-01
-4.679000000000000270e+00 8.570000000000000284e+00 -1.919999999999999929e+00 1.270999999999999908e+00
-8.958999999999999631e+00 1.073799999999999955e+01 2.085999999999999854e+00 2.222999999999999865e+00
-1.919500000000000028e+01 1.193299999999999983e+01 2.254000000000000004e+00 1.945999999999999952e+00
-3.004700000000000060e+01 1.157399999999999984e+01 -3.444999999999999840e+00 5.709999999999999520e-01
-3.001899999999999835e+01 1.273700000000000010e+01 -1.056099999999999994e+01 -3.619999999999999885e-01
-1.458699999999999974e+01 1.802700000000000102e+01 -1.112800000000000011e+01 -5.040000000000000036e-01
7.147000000000000242e+00 2.560000000000000142e+01 -2.751999999999999780e+00 -6.550000000000000266e-01
1.975000000000000000e+01 3.258800000000000097e+01 7.317000000000000171e+00 -9.030000000000000249e-01
1.514400000000000013e+01 3.767300000000000182e+01 1.001699999999999946e+01 -7.019999999999999574e-01
4.610000000000000209e-01 3.899000000000000199e+01 3.714999999999999858e+00 -1.749999999999999889e-01
-8.282000000000000028e+00 3.587299999999999756e+01 -6.115000000000000213e+00 1.499999999999999944e-01
-2.060000000000000053e+00 3.253499999999999659e+01 -1.394699999999999918e+01 4.030000000000000249e-01
1.185399999999999920e+01 3.188500000000000156e+01 -1.860600000000000165e+01 1.284999999999999920e+00
1.623799999999999955e+01 2.673999999999999844e+01 -2.193199999999999861e+01 3.351999999999999869e+00
-1.989999999999999991e+00 8.478999999999999204e+00 -2.591499999999999915e+01 6.514000000000000234e+00
-3.778300000000000125e+01 -1.501800000000000068e+01 -2.939600000000000080e+01 9.563000000000000611e+00
-6.495699999999999363e+01 -2.387600000000000122e+01 -2.541700000000000159e+01 1.028899999999999970e+01
-6.110699999999999932e+01 -1.241000000000000014e+01 -9.022000000000000242e+00 7.155999999999999694e+00
-3.621200000000000330e+01 2.915999999999999925e+00 1.023099999999999987e+01 1.201999999999999957e+00
-1.678200000000000003e+01 7.283000000000000362e+00 1.758699999999999974e+01 -4.647999999999999687e+00
-8.971999999999999531e+00 4.527000000000000135e+00 1.550999999999999979e+01 -8.582000000000000739e+00
6.520000000000000240e-01 3.944999999999999840e+00 1.848100000000000165e+01 -1.121700000000000053e+01
1.934799999999999898e+01 6.020999999999999908e+00 2.796799999999999997e+01 -1.304199999999999982e+01
3.540200000000000102e+01 5.413999999999999702e+00 3.055999999999999872e+01 -1.203200000000000003e+01
2.553300000000000125e+01 -3.677000000000000046e+00 1.861499999999999844e+01 -6.583999999999999631e+00
-1.395599999999999952e+01 -2.170899999999999963e+01 7.269999999999999796e-01 6.700000000000000400e-02
-4.690400000000000347e+01 -3.786899999999999977e+01 -8.300000000000000711e+00 2.657000000000000028e+00
-3.543200000000000216e+01 -3.862599999999999767e+01 -2.729999999999999982e+00 8.850000000000000089e-01
1.076699999999999946e+01 -2.353600000000000136e+01 8.999000000000000554e+00 -8.139999999999999458e-01
4.921999999999999886e+01 -5.495000000000000107e+00 1.253599999999999959e+01 1.300000000000000044e-01
5.879699999999999704e+01 4.541999999999999815e+00 2.972999999999999865e+00 2.189000000000000057e+00
5.660499999999999687e+01 7.514999999999999680e+00 -8.320999999999999730e+00 3.246999999999999886e+00
6.128099999999999881e+01 8.909000000000000696e+00 -8.217000000000000526e+00 2.995000000000000107e+00
6.377700000000000102e+01 8.586999999999999744e+00 -5.260000000000000231e-01 2.395000000000000018e+00
4.950699999999999790e+01 4.623000000000000220e+00 8.369999999999999662e-01 2.483000000000000096e+00
2.612800000000000011e+01 -9.299999999999999933e-02 -6.046000000000000263e+00 3.338999999999999968e+00
9.487999999999999545e+00 -2.769000000000000128e+00 -1.118399999999999928e+01 4.221000000000000085e+00
1.862000000000000099e+00 -5.362000000000000099e+00 -1.179800000000000004e+01 4.921999999999999709e+00
-8.689999999999999947e-01 -8.792999999999999261e+00 -1.376800000000000068e+01 5.636000000000000121e+00
1.774999999999999911e+00 -9.842000000000000526e+00 -1.668199999999999861e+01 5.530999999999999694e+00
6.623000000000000220e+00 -7.876999999999999780e+00 -1.378200000000000003e+01 3.450000000000000178e+00
2.303999999999999826e+00 -7.466999999999999638e+00 -4.576999999999999957e+00 3.799999999999999906e-02
-1.696199999999999974e+01 -1.215000000000000036e+01 3.564000000000000057e+00 -2.531000000000000139e+00
-4.356300000000000239e+01 -2.138500000000000156e+01 4.283000000000000362e+00 -3.246999999999999886e+00
-6.487099999999999511e+01 -3.205299999999999727e+01 -2.012999999999999901e+00 -3.071000000000000174e+00
-7.018500000000000227e+01 -3.895700000000000074e+01 -8.823999999999999844e+00 -2.450000000000000178e+00
-5.626800000000000068e+01 -3.851100000000000279e+01 -9.987000000000000099e+00 -5.649999999999999467e-01
-3.641899999999999693e+01 -3.315899999999999892e+01 -7.197000000000000064e+00 2.032000000000000028e+00
-3.379099999999999682e+01 -2.648799999999999955e+01 -7.238000000000000433e+00 3.246999999999999886e+00
-5.510499999999999687e+01 -1.646199999999999974e+01 -1.099699999999999989e+01 2.450000000000000178e+00
-7.867700000000000671e+01 -1.205000000000000071e+00 -1.303100000000000058e+01 1.145999999999999908e+00
-7.740999999999999659e+01 1.093500000000000050e+01 -1.389499999999999957e+01 1.157999999999999918e+00
-4.791799999999999926e+01 7.729000000000000092e+00 -2.210300000000000153e+01 3.196000000000000174e+00
-6.451999999999999957e+00 -7.761000000000000121e+00 -3.731300000000000239e+01 6.182000000000000384e+00
3.629399999999999693e+01 -1.516499999999999915e+01 -4.245100000000000051e+01 8.612000000000000099e+00
7.511700000000000443e+01 -9.350000000000000533e-01 -2.511499999999999844e+01 1.039000000000000057e+01
9.274899999999999523e+01 2.479200000000000159e+01 2.061999999999999833e+00 1.091600000000000037e+01
7.546599999999999397e+01 4.332600000000000051e+01 1.934799999999999898e+01 7.474000000000000199e+00
4.338499999999999801e+01 5.005700000000000216e+01 2.771300000000000097e+01 -8.780000000000000027e-01
3.126699999999999946e+01 5.062500000000000000e+01 3.733599999999999852e+01 -1.012899999999999956e+01
4.184899999999999665e+01 4.372800000000000153e+01 4.322899999999999920e+01 -1.491999999999999993e+01
4.904299999999999926e+01 2.647899999999999920e+01 3.828900000000000148e+01 -1.468699999999999939e+01
4.157600000000000051e+01 1.048900000000000077e+01 3.494299999999999784e+01 -1.427999999999999936e+01
3.181599999999999895e+01 9.236000000000000654e+00 4.630299999999999727e+01 -1.657100000000000151e+01
2.528000000000000114e+01 1.482099999999999973e+01 5.890699999999999648e+01 -1.752799999999999869e+01
1.129299999999999926e+01 9.010999999999999233e+00 5.017499999999999716e+01 -1.336299999999999955e+01
-1.480599999999999916e+01 -1.080700000000000038e+01 2.250499999999999901e+01 -7.721000000000000085e+00
-3.939000000000000057e+01 -3.159700000000000131e+01 -2.349000000000000199e+00 -5.549999999999999822e+00
-4.294800000000000040e+01 -4.045400000000000063e+01 -1.406199999999999939e+01 -5.083999999999999631e+00
-1.967299999999999827e+01 -3.396099999999999852e+01 -2.032999999999999829e+01 -1.868000000000000105e+00
1.412199999999999989e+01 -1.882999999999999829e+01 -2.724399999999999977e+01 3.899999999999999911e+00
3.205299999999999727e+01 -3.777000000000000135e+00 -2.908200000000000074e+01 8.951000000000000512e+00
2.090399999999999991e+01 9.147000000000000242e+00 -2.073100000000000165e+01 1.193500000000000050e+01
-7.009000000000000341e+00 2.162300000000000111e+01 -8.185999999999999943e+00 1.312100000000000044e+01
-2.770799999999999841e+01 3.150300000000000011e+01 8.369999999999999662e-01 1.211400000000000077e+01
-3.547299999999999898e+01 3.326299999999999812e+01 7.312999999999999723e+00 8.558999999999999275e+00
-4.899000000000000199e+01 2.333800000000000097e+01 1.285200000000000031e+01 3.229999999999999982e+00
-7.809699999999999420e+01 3.942000000000000171e+00 1.125200000000000067e+01 -2.770000000000000018e+00
-1.015849999999999937e+02 -1.539700000000000024e+01 -6.229999999999999982e-01 -8.169999999999999929e+00
-9.434600000000000364e+01 -2.313700000000000045e+01 -1.373600000000000065e+01 -1.115399999999999991e+01
-5.806499999999999773e+01 -1.655399999999999849e+01 -1.878300000000000125e+01 -1.068399999999999928e+01
-1.065199999999999925e+01 -3.116999999999999993e+00 -1.718499999999999872e+01 -7.280000000000000249e+00
3.194600000000000151e+01 9.506999999999999673e+00 -1.359200000000000053e+01 -2.001999999999999780e+00
5.335199999999999676e+01 1.775400000000000134e+01 -7.634999999999999787e+00 3.459000000000000075e+00
4.336999999999999744e+01 1.860200000000000031e+01 5.080000000000000071e-01 6.812000000000000277e+00
1.523900000000000077e+01 1.141699999999999982e+01 5.857000000000000206e+00 7.166999999999999815e+00
-4.522000000000000242e+00 2.213999999999999968e+00 7.195999999999999730e+00 5.641000000000000014e+00
-3.310000000000000053e+00 -1.695000000000000062e+00 1.043800000000000061e+01 3.948999999999999844e+00
1.146899999999999942e+01 -6.760000000000000453e-01 1.586800000000000033e+01 3.468999999999999861e+00
2.392999999999999972e+01 -1.038000000000000034e+00 1.291999999999999993e+01 4.371000000000000441e+00
2.270400000000000063e+01 -5.475999999999999979e+00 -3.153999999999999915e+00 5.323999999999999844e+00
1.022799999999999976e+01 -1.082000000000000028e+01 -2.087000000000000099e+01 5.237000000000000099e+00
-2.423999999999999932e+00 -1.460899999999999999e+01 -2.824500000000000099e+01 4.636000000000000121e+00
-9.695999999999999730e+00 -1.766199999999999903e+01 -2.682799999999999940e+01 4.472999999999999865e+00
-1.345100000000000051e+01 -1.968299999999999983e+01 -2.290700000000000003e+01 4.602999999999999758e+00
-1.474499999999999922e+01 -1.715899999999999892e+01 -1.682700000000000173e+01 4.245000000000000107e+00
-1.232799999999999940e+01 -6.942000000000000171e+00 -6.445000000000000284e+00 3.224000000000000199e+00
-6.086999999999999744e+00 9.102999999999999758e+00 6.963000000000000078e+00 2.124000000000000110e+00
4.163999999999999702e+00 2.331700000000000017e+01 1.907300000000000040e+01 1.584000000000000075e+00
1.694500000000000028e+01 2.777499999999999858e+01 2.481800000000000139e+01 1.715000000000000080e+00
2.402499999999999858e+01 2.189399999999999835e+01 2.088100000000000023e+01 2.044000000000000039e+00
1.971900000000000119e+01 1.271000000000000085e+01 9.654999999999999361e+00 1.957000000000000073e+00
1.221799999999999997e+01 6.631000000000000227e+00 -1.129000000000000004e+00 1.250999999999999890e+00
1.112700000000000067e+01 3.633000000000000007e+00 -6.395999999999999908e+00 2.520000000000000018e-01
1.311299999999999955e+01 5.200000000000000178e-01 -8.045999999999999375e+00 -4.789999999999999813e-01
1.192500000000000071e+01 -3.278000000000000025e+00 -9.015000000000000568e+00 -5.709999999999999520e-01
8.917999999999999261e+00 -5.568999999999999950e+00 -8.910999999999999588e+00 -2.079999999999999905e-01
3.891000000000000014e+00 -6.144000000000000128e+00 -7.427999999999999936e+00 1.199999999999999956e-01
-9.852999999999999758e+00 -8.173999999999999488e+00 -5.942000000000000171e+00 2.530000000000000027e-01
-3.066499999999999915e+01 -1.265799999999999947e+01 -4.932000000000000384e+00 2.550000000000000044e-01
-3.992999999999999972e+01 -1.497799999999999976e+01 -3.919999999999999929e+00 -9.800000000000000377e-02
-2.205399999999999849e+01 -1.073199999999999932e+01 -2.962000000000000188e+00 -1.038999999999999924e+00
1.054100000000000037e+01 -2.020999999999999908e+00 -2.192000000000000171e+00 -2.205000000000000071e+00
3.016400000000000148e+01 5.217999999999999972e+00 -1.215000000000000080e+00 -2.947999999999999954e+00
3.156700000000000017e+01 6.652000000000000135e+00 4.259999999999999898e-01 -3.084999999999999964e+00
3.148300000000000054e+01 8.149999999999999467e-01 2.044000000000000039e+00 -2.850999999999999979e+00
3.319800000000000040e+01 -9.625000000000000000e+00 1.592999999999999972e+00 -2.370999999999999996e+00
2.437500000000000000e+01 -1.714999999999999858e+01 -1.487999999999999989e+00 -1.665000000000000036e+00
6.205000000000000071e+00 -1.599399999999999977e+01 -4.293000000000000149e+00 -9.709999999999999742e-01
-5.282000000000000028e+00 -8.721000000000000085e+00 -3.959000000000000075e+00 -7.159999999999999698e-01
-4.926999999999999602e+00 -2.033999999999999808e+00 -1.778999999999999915e+00 -1.086000000000000076e+00
-5.083999999999999631e+00 5.010000000000000009e-01 -9.549999999999999600e-01 -1.745000000000000107e+00
-1.559299999999999997e+01 -5.749999999999999556e-01 -1.096000000000000085e+00 -2.293000000000000149e+00
-2.977700000000000102e+01 -2.329000000000000181e+00 2.089999999999999858e+00 -2.744000000000000217e+00
-3.462199999999999989e+01 -2.321000000000000174e+00 1.025200000000000067e+01 -3.068999999999999950e+00
-2.748300000000000054e+01 -3.019000000000000128e+00 1.738400000000000034e+01 -2.927999999999999936e+00
-1.754400000000000048e+01 -1.054800000000000004e+01 1.483600000000000030e+01 -2.322000000000000064e+00
-1.479100000000000037e+01 -2.603500000000000014e+01 1.469000000000000083e+00 -1.727000000000000091e+00
-2.058399999999999963e+01 -4.086899999999999977e+01 -1.481600000000000072e+01 -1.425000000000000044e+00
-2.589999999999999858e+01 -4.415500000000000114e+01 -2.530799999999999983e+01 -1.354000000000000092e+00
-1.798199999999999932e+01 -3.281799999999999784e+01 -2.619000000000000128e+01 -1.548000000000000043e+00
9.064000000000000057e+00 -1.038299999999999912e+01 -1.782999999999999829e+01 -2.097999999999999865e+00
4.863199999999999790e+01 1.811700000000000088e+01 -4.065000000000000391e+00 -2.334000000000000075e+00
8.188200000000000500e+01 4.231400000000000006e+01 8.099000000000000199e+00 -7.800000000000000266e-01
8.581199999999999761e+01 4.763799999999999812e+01 1.319500000000000028e+01 2.870999999999999996e+00
5.661899999999999977e+01 3.298499999999999943e+01 1.395899999999999963e+01 6.131999999999999673e+00
2.366000000000000014e+01 1.810200000000000031e+01 2.005799999999999983e+01 5.600999999999999979e+00
1.747599999999999909e+01 1.984299999999999997e+01 3.509599999999999653e+01 9.379999999999999449e-01
2.836199999999999832e+01 2.871499999999999986e+01 4.725600000000000023e+01 -4.197000000000000064e+00
2.471999999999999886e+01 2.358299999999999841e+01 4.291899999999999693e+01 -6.538999999999999702e+00
3.669999999999999929e+00 4.248999999999999666e+00 2.794500000000000028e+01 -6.953000000000000291e+00
-1.033500000000000085e+01 -8.464999999999999858e+00 2.025700000000000145e+01 -7.549000000000000377e+00
-1.004100000000000037e+01 -4.157000000000000028e+00 2.174099999999999966e+01 -7.985000000000000320e+00
-1.552800000000000047e+01 4.474000000000000199e+00 1.737699999999999889e+01 -7.046000000000000263e+00
-3.897699999999999676e+01 3.262999999999999901e+00 4.011000000000000121e+00 -4.822000000000000064e+00
-6.239399999999999835e+01 -5.011000000000000121e+00 -3.971999999999999975e+00 -2.330000000000000071e+00
-6.071699999999999875e+01 -9.342999999999999972e+00 -1.435999999999999943e+00 -8.199999999999999512e-01
-3.527300000000000324e+01 -6.123000000000000220e+00 -8.629999999999999893e-01 -9.200000000000000400e-01
-1.020500000000000007e+01 3.709999999999999964e-01 -9.695000000000000284e+00 -2.061999999999999833e+00
-2.073999999999999844e+00 6.057000000000000384e+00 -1.858299999999999841e+01 -3.035000000000000142e+00
-5.208999999999999631e+00 1.159999999999999964e+01 -1.697700000000000031e+01 -2.479999999999999982e+00
-3.814999999999999947e+00 2.101300000000000168e+01 -8.122999999999999332e+00 3.669999999999999929e-01
1.074699999999999989e+01 3.459100000000000108e+01 -2.528999999999999915e+00 4.405999999999999694e+00
3.669500000000000028e+01 4.472899999999999920e+01 -2.980999999999999872e+00 7.181000000000000050e+00
6.709300000000000352e+01 4.324499999999999744e+01 -3.597999999999999865e+00 7.298000000000000043e+00
9.259000000000000341e+01 3.006400000000000006e+01 -1.560000000000000053e+00 5.684999999999999609e+00
1.062000000000000028e+02 1.214600000000000080e+01 -7.960000000000000409e-01 4.258000000000000007e+00
1.059959999999999951e+02 -2.213000000000000078e+00 -2.741999999999999993e+00 3.653999999999999915e+00
8.753400000000000603e+01 -9.397000000000000242e+00 -3.071000000000000174e+00 2.987000000000000099e+00
4.571200000000000330e+01 -1.458099999999999952e+01 -3.850000000000000089e-01 1.907999999999999918e+00
-6.516000000000000014e+00 -2.391600000000000037e+01 1.600000000000000089e+00 1.342000000000000082e+00
-4.243800000000000239e+01 -3.169999999999999929e+01 1.715000000000000080e+00 1.616000000000000103e+00
-5.642199999999999704e+01 -2.703699999999999903e+01 1.320000000000000062e+00 1.806999999999999940e+00
-6.531699999999999307e+01 -1.270899999999999963e+01 -1.743000000000000105e+00 1.572000000000000064e+00
-7.026300000000000523e+01 -2.996999999999999886e+00 -9.839999999999999858e+00 1.679000000000000048e+00
-5.982300000000000040e+01 -3.623000000000000220e+00 -1.892099999999999937e+01 2.286999999999999922e+00
-4.548100000000000165e+01 -7.685999999999999943e+00 -2.260999999999999943e+01 2.559000000000000163e+00
-4.427799999999999869e+01 -9.992000000000000881e+00 -2.063500000000000156e+01 2.323999999999999844e+00
-4.442399999999999949e+01 -1.346299999999999919e+01 -1.860200000000000031e+01 2.376999999999999780e+00
-3.232000000000000028e+01 -2.183699999999999974e+01 -2.116700000000000159e+01 2.911999999999999922e+00
-2.237399999999999878e+01 -3.294400000000000261e+01 -2.704599999999999937e+01 3.278999999999999915e+00
-2.645400000000000063e+01 -3.938000000000000256e+01 -2.966000000000000014e+01 3.282000000000000028e+00
-2.997100000000000009e+01 -3.514099999999999824e+01 -2.407999999999999829e+01 3.116999999999999993e+00
-1.927499999999999858e+01 -2.182499999999999929e+01 -1.319200000000000017e+01 2.416999999999999815e+00
-9.170000000000000373e-01 -6.870000000000000107e+00 -3.657999999999999918e+00 9.469999999999999529e-01
1.489400000000000013e+01 2.592000000000000082e+00 1.120000000000000107e+00 -2.770000000000000240e-01
2.446799999999999997e+01 3.009999999999999787e+00 -7.599999999999999811e-02 -2.640000000000000124e-01
2.317399999999999949e+01 -4.309000000000000163e+00 -7.205000000000000071e+00 -9.199999999999999845e-02
9.314000000000000057e+00 -1.369800000000000040e+01 -1.405899999999999928e+01 -1.542999999999999927e+00
-6.012999999999999901e+00 -1.963599999999999923e+01 -1.189899999999999913e+01 -3.576000000000000068e+00
-1.121400000000000041e+01 -2.123400000000000176e+01 -2.581999999999999851e+00 -3.129000000000000004e+00
-1.096599999999999930e+01 -1.994000000000000128e+01 3.024000000000000021e+00 -6.400000000000000133e-02
-1.496400000000000041e+01 -1.463299999999999912e+01 3.154999999999999805e+00 2.189999999999999947e+00
-2.038500000000000156e+01 -5.253999999999999559e+00 6.790000000000000036e+00 1.401000000000000023e+00
-1.942200000000000060e+01 1.875000000000000000e+00 1.430499999999999972e+01 -1.199999999999999956e+00
-1.304100000000000037e+01 2.073999999999999844e+00 1.495800000000000018e+01 -3.036000000000000032e+00
-7.434999999999999609e+00 1.195999999999999952e+00 6.741999999999999993e+00 -2.210999999999999854e+00
-7.584999999999999964e+00 6.644999999999999574e+00 1.284999999999999920e+00 1.794000000000000039e+00
-1.908699999999999974e+01 1.643599999999999994e+01 5.929999999999999716e+00 7.458000000000000185e+00
-4.183800000000000097e+01 2.568400000000000105e+01 1.449900000000000055e+01 1.102999999999999936e+01
-5.842399999999999949e+01 3.452499999999999858e+01 1.936499999999999844e+01 9.157999999999999474e+00
-4.849600000000000222e+01 4.218099999999999739e+01 2.170700000000000074e+01 2.931999999999999940e+00
-2.060500000000000043e+01 4.234899999999999665e+01 2.392299999999999827e+01 -3.063000000000000167e+00
-6.373999999999999666e+00 3.142599999999999838e+01 2.161400000000000077e+01 -6.777000000000000135e+00
-1.389400000000000013e+01 1.713700000000000045e+01 1.234500000000000064e+01 -1.034999999999999964e+01
-1.196400000000000041e+01 1.369400000000000084e+01 4.512999999999999901e+00 -1.428200000000000003e+01
2.615399999999999991e+01 2.676500000000000057e+01 6.616999999999999993e+00 -1.434200000000000053e+01
8.190500000000000114e+01 4.563799999999999812e+01 1.391699999999999982e+01 -7.841000000000000192e+00
1.078299999999999983e+02 5.306199999999999761e+01 1.632400000000000162e+01 6.079999999999999849e-01
8.171599999999999397e+01 4.224399999999999977e+01 1.332699999999999996e+01 4.323000000000000398e+00
3.371099999999999852e+01 2.267500000000000071e+01 1.090300000000000047e+01 2.923999999999999932e+00
7.719999999999999751e+00 9.272999999999999687e+00 9.630000000000000782e+00 1.012000000000000011e+00
9.917999999999999261e+00 7.657000000000000028e+00 6.405999999999999694e+00 9.649999999999999689e-01
1.655399999999999849e+01 1.150300000000000011e+01 3.422000000000000153e+00 1.467000000000000082e+00
1.391900000000000048e+01 1.228700000000000081e+01 4.458000000000000185e+00 1.582000000000000073e+00
7.661999999999999922e+00 7.344000000000000306e+00 5.650000000000000355e+00 2.319999999999999840e+00
6.413999999999999702e+00 -2.246999999999999886e+00 9.290000000000000480e-01 3.912999999999999812e+00
1.211599999999999966e+01 -1.521199999999999974e+01 -7.041999999999999815e+00 4.493000000000000327e+00
1.954400000000000048e+01 -2.780000000000000071e+01 -1.148099999999999987e+01 2.914000000000000146e+00
1.848199999999999932e+01 -3.456900000000000261e+01 -1.250900000000000034e+01 6.730000000000000426e-01
3.104000000000000092e+00 -3.521500000000000341e+01 -1.475300000000000011e+01 -5.699999999999999512e-01
-1.824399999999999977e+01 -3.511599999999999966e+01 -1.850000000000000000e+01 -1.397999999999999909e+00
-3.099399999999999977e+01 -3.749099999999999966e+01 -2.089999999999999858e+01 -3.099000000000000199e+00
-3.162000000000000099e+01 -3.982999999999999829e+01 -2.142399999999999949e+01 -5.102999999999999758e+00
-2.802899999999999991e+01 -3.892000000000000171e+01 -2.037600000000000122e+01 -5.365999999999999659e+00
-2.685300000000000153e+01 -3.600399999999999778e+01 -1.739699999999999847e+01 -3.169999999999999929e+00
-2.957400000000000162e+01 -3.524000000000000199e+01 -1.447400000000000020e+01 -2.770000000000000240e-01
-3.630700000000000216e+01 -3.798700000000000188e+01 -1.472300000000000075e+01 1.372999999999999998e+00
-4.521699999999999875e+01 -4.065999999999999659e+01 -1.759499999999999886e+01 2.076000000000000068e+00
-4.961399999999999721e+01 -3.806600000000000250e+01 -1.898999999999999844e+01 3.730999999999999872e+00
-4.038400000000000034e+01 -2.751200000000000045e+01 -1.544200000000000017e+01 7.125000000000000000e+00
-1.651699999999999946e+01 -1.147400000000000020e+01 -8.382999999999999119e+00 1.010699999999999932e+01
7.211000000000000298e+00 4.336999999999999744e+00 -3.979000000000000092e+00 9.281000000000000583e+00
1.545299999999999940e+01 1.772500000000000142e+01 -3.987999999999999989e+00 3.968999999999999861e+00
1.594100000000000072e+01 2.960800000000000054e+01 -7.720000000000000195e-01 -2.375000000000000000e+00
2.928800000000000026e+01 3.608899999999999864e+01 9.560000000000000497e+00 -5.315999999999999837e+00
5.616700000000000159e+01 3.133599999999999852e+01 1.780199999999999960e+01 -4.586000000000000298e+00
7.479999999999999716e+01 1.898400000000000176e+01 1.637099999999999866e+01 -4.873000000000000220e+00
6.936700000000000443e+01 1.004299999999999926e+01 1.150699999999999967e+01 -8.689000000000000057e+00
4.550900000000000034e+01 9.358000000000000540e+00 1.075099999999999945e+01 -1.138299999999999912e+01
1.823000000000000043e+01 1.132300000000000040e+01 1.062899999999999956e+01 -8.503000000000000114e+00
-4.399000000000000021e+00 8.647999999999999687e+00 6.272999999999999687e+00 -3.888999999999999790e+00
-2.264300000000000068e+01 8.950000000000000178e-01 2.814999999999999947e+00 -3.778999999999999915e+00
-3.855400000000000205e+01 -7.663000000000000256e+00 7.121999999999999886e+00 -7.048000000000000043e+00
-5.120100000000000051e+01 -1.532499999999999929e+01 1.631899999999999906e+01 -7.552999999999999936e+00
-5.433700000000000330e+01 -2.219800000000000040e+01 2.285200000000000031e+01 -3.095000000000000195e+00
-4.408800000000000097e+01 -2.587900000000000134e+01 2.260800000000000054e+01 2.633999999999999897e+00
-3.230899999999999750e+01 -2.569399999999999906e+01 1.474699999999999989e+01 5.376999999999999780e+00
-3.687299999999999756e+01 -2.559900000000000020e+01 2.755999999999999783e+00 4.679000000000000270e+00
-5.282600000000000051e+01 -2.550700000000000145e+01 -5.445000000000000284e+00 3.286000000000000032e+00
-5.195100000000000051e+01 -1.651800000000000068e+01 -4.397999999999999687e+00 3.310000000000000053e+00
-1.846499999999999986e+01 7.166999999999999815e+00 5.634999999999999787e+00 3.653999999999999915e+00
2.964199999999999946e+01 3.461500000000000199e+01 2.091799999999999926e+01 2.156000000000000139e+00
6.159000000000000341e+01 4.632900000000000063e+01 3.263700000000000045e+01 -3.970000000000000195e-01
6.699800000000000466e+01 3.900099999999999767e+01 3.038400000000000034e+01 -8.790000000000000036e-01
5.980499999999999972e+01 2.986499999999999844e+01 1.542500000000000071e+01 1.473000000000000087e+00
5.172299999999999898e+01 2.972100000000000009e+01 -2.389999999999999902e-01 3.861000000000000210e+00
3.611699999999999733e+01 2.848199999999999932e+01 -1.122700000000000031e+01 4.091000000000000192e+00
7.262999999999999901e+00 1.712600000000000122e+01 -2.063599999999999923e+01 3.182999999999999829e+00
-2.040599999999999881e+01 4.246000000000000441e+00 -2.651699999999999946e+01 2.936999999999999833e+00
-2.972100000000000009e+01 -1.112999999999999989e+00 -2.254799999999999827e+01 3.358999999999999986e+00
-2.410399999999999920e+01 -4.024000000000000021e+00 -9.817000000000000171e+00 3.468999999999999861e+00
-1.606899999999999906e+01 -8.807999999999999829e+00 3.513999999999999790e+00 2.899000000000000021e+00
-5.451999999999999957e+00 -7.129999999999999893e+00 1.122000000000000064e+01 1.955000000000000071e+00
1.198199999999999932e+01 5.317000000000000171e+00 1.150200000000000067e+01 1.090999999999999970e+00
2.538100000000000023e+01 1.488899999999999935e+01 5.057000000000000384e+00 6.929999999999999494e-01
2.191400000000000148e+01 7.700999999999999623e+00 -5.086000000000000298e+00 8.279999999999999583e-01
1.293599999999999994e+01 -9.147000000000000242e+00 -1.441799999999999926e+01 8.599999999999999867e-01
2.159199999999999875e+01 -1.734600000000000009e+01 -1.889099999999999824e+01 -3.899999999999999994e-02
4.601200000000000045e+01 -1.131700000000000017e+01 -1.667899999999999849e+01 -1.465999999999999970e+00
5.857300000000000040e+01 -1.183000000000000052e+00 -1.026399999999999935e+01 -1.721999999999999975e+00
4.401299999999999812e+01 3.830999999999999961e+00 -5.065999999999999837e+00 1.350000000000000089e-01
1.742500000000000071e+01 3.766999999999999904e+00 -4.493000000000000327e+00 2.976999999999999869e+00
-1.362999999999999989e+00 1.066000000000000059e+00 -7.716999999999999638e+00 4.791000000000000369e+00
-1.178899999999999970e+01 -3.319999999999999840e+00 -1.080400000000000027e+01 4.485999999999999766e+00
-2.079400000000000048e+01 -5.735999999999999766e+00 -9.759000000000000341e+00 2.507000000000000117e+00
-2.364499999999999957e+01 -8.010000000000000453e-01 -4.517000000000000348e+00 2.969999999999999862e-01
-1.193999999999999950e+01 1.066000000000000014e+01 4.859999999999999876e-01 -1.072000000000000064e+00
8.150999999999999801e+00 2.022400000000000020e+01 1.449999999999999900e-01 -2.248000000000000220e+00
2.068499999999999872e+01 2.114399999999999835e+01 -5.616999999999999993e+00 -4.584999999999999964e+00
1.879899999999999949e+01 1.450600000000000023e+01 -9.885999999999999233e+00 -7.065999999999999837e+00
7.875000000000000000e+00 4.264999999999999680e+00 -7.500000000000000000e+00 -6.562999999999999723e+00
-4.833999999999999631e+00 -7.193999999999999950e+00 -4.344000000000000306e+00 -2.793000000000000149e+00
-1.403299999999999947e+01 -1.596899999999999942e+01 -9.433999999999999275e+00 3.950000000000000178e-01
-1.683999999999999986e+01 -1.776500000000000057e+01 -2.076599999999999824e+01 7.149999999999999689e-01
-1.539700000000000024e+01 -1.424900000000000055e+01 -2.779599999999999937e+01 1.900000000000000022e-01
-6.687000000000000277e+00 -6.423000000000000043e+00 -2.201800000000000068e+01 3.960000000000000187e-01
2.430999999999999872e+01 1.424000000000000021e+01 -2.049999999999999878e-01 4.200000000000000261e-02
7.682699999999999818e+01 4.774000000000000199e+01 3.099299999999999855e+01 -8.060000000000000497e-01
1.175840000000000032e+02 7.172599999999999909e+01 5.293800000000000239e+01 6.219999999999999973e-01
1.210559999999999974e+02 7.106699999999999307e+01 5.171099999999999852e+01 4.692000000000000171e+00
9.844700000000000273e+01 5.866199999999999903e+01 3.400099999999999767e+01 7.291000000000000369e+00
6.507899999999999352e+01 4.626700000000000301e+01 1.686299999999999955e+01 4.777000000000000135e+00
1.807999999999999829e+01 2.565899999999999892e+01 9.695000000000000284e+00 -1.592000000000000082e+00
-3.711200000000000188e+01 -6.706999999999999851e+00 1.140000000000000036e+01 -7.064000000000000057e+00
-7.684499999999999886e+01 -3.587800000000000011e+01 1.473799999999999955e+01 -8.138999999999999346e+00
-8.820199999999999818e+01 -4.822299999999999898e+01 1.088799999999999990e+01 -5.594000000000000306e+00
-8.058199999999999363e+01 -4.494899999999999807e+01 -7.970000000000000417e-01 -2.694999999999999840e+00
-6.657500000000000284e+01 -3.369599999999999795e+01 -8.935000000000000497e+00 -1.141000000000000014e+00
-5.318299999999999983e+01 -2.087600000000000122e+01 -5.655000000000000249e+00 -7.000000000000000666e-02
-4.889999999999999858e+01 -1.260399999999999920e+01 -5.739999999999999547e-01 1.975000000000000089e+00
-5.914900000000000091e+01 -1.348499999999999943e+01 -7.155999999999999694e+00 5.261999999999999567e+00
-7.515200000000000102e+01 -2.176300000000000168e+01 -2.220700000000000074e+01 7.857000000000000206e+00
-8.143000000000000682e+01 -2.923900000000000077e+01 -3.131500000000000128e+01 7.052999999999999936e+00
-7.372400000000000375e+01 -2.883899999999999864e+01 -2.764099999999999824e+01 3.379999999999999893e+00
-6.136099999999999710e+01 -2.202499999999999858e+01 -1.729100000000000037e+01 4.889999999999999902e-01
-5.482600000000000051e+01 -1.758099999999999952e+01 -1.149600000000000044e+01 -5.929999999999999716e-01
-5.693200000000000216e+01 -2.189799999999999969e+01 -1.501500000000000057e+01 -3.317000000000000171e+00
-6.071000000000000085e+01 -2.979899999999999949e+01 -2.038500000000000156e+01 -9.551999999999999602e+00
-5.239200000000000301e+01 -2.936799999999999855e+01 -1.805499999999999972e+01 -1.522300000000000075e+01
-2.575000000000000000e+01 -1.771499999999999986e+01 -9.367000000000000881e+00 -1.534200000000000053e+01
9.957000000000000739e+00 -2.645999999999999908e+00 -4.560000000000000164e-01 -1.080300000000000082e+01
4.518500000000000227e+01 1.196499999999999986e+01 9.464999999999999858e+00 -6.030999999999999694e+00
7.676500000000000057e+01 2.813800000000000168e+01 2.141300000000000026e+01 -2.556999999999999940e+00
9.731399999999999295e+01 4.206900000000000261e+01 2.758099999999999952e+01 4.390000000000000013e-01
1.012780000000000058e+02 4.463400000000000034e+01 2.224800000000000111e+01 2.447000000000000064e+00
9.156499999999999773e+01 3.187900000000000134e+01 1.331400000000000006e+01 2.791999999999999815e+00
6.436700000000000443e+01 7.152000000000000135e+00 1.023099999999999987e+01 2.712000000000000188e+00
1.436599999999999966e+01 -2.254599999999999937e+01 8.381000000000000227e+00 3.595000000000000195e+00
-3.667499999999999716e+01 -4.747800000000000153e+01 -1.165999999999999925e+00 5.177999999999999936e+00
-5.341899999999999693e+01 -5.785799999999999699e+01 -1.455599999999999916e+01 6.612000000000000099e+00
-3.465999999999999659e+01 -5.081600000000000250e+01 -2.037699999999999889e+01 7.506000000000000227e+00
-1.198099999999999987e+01 -3.236599999999999966e+01 -1.359999999999999964e+01 7.274000000000000021e+00
-1.868000000000000105e+00 -1.116699999999999982e+01 3.116000000000000103e+00 5.256999999999999673e+00
4.241999999999999993e+00 5.429000000000000270e+00 2.151800000000000068e+01 2.233000000000000096e+00
8.282999999999999474e+00 1.149900000000000055e+01 2.880999999999999872e+01 1.469999999999999918e-01
2.806000000000000050e+00 6.798000000000000043e+00 1.935999999999999943e+01 -4.949999999999999956e-01
-6.043999999999999595e+00 -1.173999999999999932e+00 3.895999999999999908e+00 -1.241000000000000103e+00
-4.623999999999999666e+00 -4.636000000000000121e+00 -4.581000000000000405e+00 -2.632000000000000117e+00
6.309000000000000163e+00 -2.378000000000000114e+00 -7.001999999999999780e+00 -2.717000000000000082e+00
1.587400000000000055e+01 1.584000000000000075e+00 -1.054199999999999982e+01 -3.430000000000000271e-01
1.917000000000000171e+01 3.501999999999999780e+00 -1.525799999999999912e+01 2.500000000000000000e+00
1.685000000000000142e+01 3.886000000000000121e+00 -1.670200000000000173e+01 3.545999999999999819e+00
8.416999999999999815e+00 5.227000000000000313e+00 -1.400600000000000023e+01 3.068999999999999950e+00
-5.559000000000000163e+00 6.902999999999999581e+00 -1.041699999999999982e+01 2.438000000000000167e+00
-2.194800000000000040e+01 6.110000000000000320e+00 -9.016999999999999460e+00 2.071000000000000174e+00
-4.038400000000000034e+01 2.500000000000000000e+00 -9.632999999999999119e+00 1.893000000000000016e+00
-6.329699999999999704e+01 -1.776000000000000023e+00 -9.868999999999999773e+00 2.185000000000000053e+00
-8.667300000000000182e+01 -5.017000000000000348e+00 -8.656000000000000583e+00 3.212000000000000188e+00
-9.447899999999999920e+01 -6.038999999999999702e+00 -6.857000000000000206e+00 5.123000000000000220e+00
-7.148499999999999943e+01 -3.642999999999999794e+00 -4.543999999999999595e+00 7.782000000000000028e+00
-2.607999999999999829e+01 1.393000000000000016e+00 -9.050000000000000266e-01 9.385999999999999233e+00
1.379299999999999926e+01 6.828000000000000291e+00 3.539000000000000146e+00 7.209999999999999964e+00
3.405799999999999983e+01 1.269599999999999973e+01 8.523999999999999133e+00 1.437000000000000055e+00
4.303999999999999915e+01 1.898100000000000165e+01 1.415799999999999947e+01 -4.075000000000000178e+00
4.380899999999999750e+01 1.996000000000000085e+01 1.579700000000000060e+01 -6.405000000000000249e+00
2.830999999999999872e+01 1.070400000000000063e+01 9.150000000000000355e+00 -7.139999999999999680e+00
2.661999999999999922e+00 -1.239999999999999991e+00 2.724000000000000199e+00 -9.455999999999999517e+00
-1.141000000000000014e+01 -1.943999999999999950e+00 9.287000000000000810e+00 -1.233399999999999963e+01
-3.565999999999999837e+00 1.128700000000000081e+01 2.518199999999999861e+01 -1.127200000000000024e+01
1.652499999999999858e+01 2.698499999999999943e+01 3.405499999999999972e+01 -5.634999999999999787e+00
3.526599999999999824e+01 3.359799999999999898e+01 2.843100000000000094e+01 -4.209999999999999853e-01
4.542099999999999937e+01 2.979100000000000037e+01 1.542500000000000071e+01 7.229999999999999760e-01
4.330700000000000216e+01 2.059499999999999886e+01 4.463000000000000078e+00 -7.409999999999999920e-01
2.979400000000000048e+01 1.059200000000000053e+01 -1.671999999999999931e+00 -2.041999999999999815e+00
1.690099999999999980e+01 3.099000000000000199e+00 -4.567999999999999616e+00 -1.981999999999999984e+00
2.041100000000000136e+01 -9.859999999999999876e-01 -5.011999999999999567e+00 -3.479999999999999760e-01
3.877900000000000347e+01 -4.544999999999999929e+00 -2.075000000000000178e+00 1.754999999999999893e+00
5.321900000000000119e+01 -8.285999999999999588e+00 4.682000000000000384e+00 2.113999999999999879e+00
5.663499999999999801e+01 -6.916000000000000369e+00 1.267399999999999949e+01 6.129999999999999893e-01
6.308899999999999864e+01 1.631999999999999895e+00 1.589799999999999969e+01 -1.409999999999999865e-01
7.792300000000000182e+01 9.130000000000000782e+00 1.044100000000000072e+01 5.580000000000000515e-01
7.988599999999999568e+01 7.046999999999999709e+00 5.100000000000000089e-01 -4.800000000000000100e-02
4.947800000000000153e+01 -2.112999999999999989e+00 -5.863999999999999879e+00 -2.817000000000000171e+00
1.532000000000000028e+00 -9.519999999999999574e+00 -6.581000000000000405e+00 -4.150999999999999801e+00
-3.071999999999999886e+01 -1.066699999999999982e+01 -6.294999999999999929e+00 -1.675999999999999934e+00
-3.837100000000000222e+01 -7.097000000000000419e+00 -8.532999999999999474e+00 1.816999999999999948e+00
-4.011699999999999733e+01 -1.828000000000000069e+00 -1.136299999999999955e+01 2.940999999999999837e+00
-4.538499999999999801e+01 3.032999999999999918e+00 -1.142300000000000004e+01 2.354999999999999982e+00
-4.224399999999999977e+01 6.057999999999999829e+00 -9.048000000000000043e+00 2.363999999999999879e+00
-2.547800000000000153e+01 6.453000000000000291e+00 -7.416000000000000369e+00 2.994000000000000217e+00
-1.044999999999999929e+01 4.046999999999999709e+00 -8.143000000000000682e+00 2.841000000000000192e+00
-1.053400000000000070e+01 -4.239999999999999880e-01 -1.015000000000000036e+01 1.866999999999999993e+00
-1.920200000000000173e+01 -4.767000000000000348e+00 -1.252200000000000024e+01 1.258000000000000007e+00
-2.267200000000000060e+01 -6.858999999999999986e+00 -1.559699999999999953e+01 1.441999999999999948e+00
-1.887300000000000111e+01 -6.822000000000000064e+00 -1.876999999999999957e+01 1.806000000000000050e+00
-1.576800000000000068e+01 -6.282000000000000028e+00 -2.024899999999999878e+01 1.967999999999999972e+00
-1.633099999999999952e+01 -6.400000000000000355e+00 -1.941400000000000148e+01 2.250000000000000000e+00
-1.466999999999999993e+01 -6.714000000000000412e+00 -1.716100000000000136e+01 2.899999999999999911e+00
-7.706000000000000405e+00 -4.516000000000000014e+00 -1.402800000000000047e+01 3.343999999999999861e+00
-1.330999999999999961e+00 2.137000000000000011e+00 -9.307000000000000384e+00 2.652000000000000135e+00
-6.710000000000000409e-01 9.061999999999999389e+00 -3.357000000000000206e+00 9.649999999999999689e-01
-2.677999999999999936e+00 8.571999999999999176e+00 -1.200000000000000025e-02 -3.820000000000000062e-01
-3.819999999999999840e+00 -6.380000000000000115e-01 -2.556999999999999940e+00 -8.179999999999999494e-01
-8.080000000000000071e+00 -1.169699999999999918e+01 -8.127000000000000668e+00 -1.318999999999999950e+00
-1.944300000000000139e+01 -1.786400000000000077e+01 -1.040700000000000003e+01 -2.387999999999999901e+00
-2.903900000000000148e+01 -1.755499999999999972e+01 -6.661999999999999922e+00 -2.815999999999999837e+00
-1.962399999999999878e+01 -1.183600000000000030e+01 6.330000000000000071e-01 -1.522999999999999909e+00
1.309800000000000075e+01 -1.552000000000000046e+00 7.858999999999999986e+00 5.899999999999999689e-01
5.032500000000000284e+01 1.108799999999999919e+01 1.291799999999999926e+01 1.711000000000000076e+00
6.848900000000000432e+01 2.097899999999999920e+01 1.428200000000000003e+01 1.457999999999999963e+00
6.229599999999999937e+01 2.335300000000000153e+01 1.240900000000000070e+01 1.153999999999999915e+00
4.181499999999999773e+01 1.689799999999999969e+01 1.254100000000000037e+01 1.808999999999999941e+00
2.157900000000000063e+01 5.477000000000000313e+00 1.953200000000000003e+01 2.649999999999999911e+00
2.210000000000000142e+01 -1.608999999999999986e+00 2.930199999999999960e+01 2.065999999999999837e+00
5.109000000000000341e+01 1.229999999999999982e-01 3.280799999999999983e+01 -1.980000000000000093e-01
7.262900000000000489e+01 6.440000000000000169e-01 2.905000000000000071e+01 -2.257000000000000117e+00
4.070400000000000063e+01 -1.104899999999999949e+01 2.623000000000000043e+01 -2.390000000000000124e+00
-2.705300000000000082e+01 -2.773900000000000077e+01 2.830900000000000105e+01 -1.766000000000000014e+00
-6.333400000000000318e+01 -3.256099999999999994e+01 2.779400000000000048e+01 -2.798000000000000043e+00
-4.628099999999999881e+01 -2.368599999999999994e+01 1.686100000000000065e+01 -5.073999999999999844e+00
-2.301699999999999946e+01 -1.589100000000000001e+01 8.880000000000000115e-01 -5.738000000000000433e+00
-3.029100000000000037e+01 -1.757199999999999918e+01 -7.777999999999999581e+00 -3.785000000000000142e+00
-4.793999999999999773e+01 -2.143700000000000117e+01 -7.429000000000000270e+00 -1.169999999999999929e+00
-4.593599999999999994e+01 -1.976599999999999824e+01 -7.434999999999999609e+00 2.999999999999999889e-01
-3.131099999999999994e+01 -1.449499999999999922e+01 -1.196799999999999997e+01 7.429999999999999938e-01
-2.616900000000000048e+01 -9.474000000000000199e+00 -1.516200000000000081e+01 9.190000000000000391e-01
-2.993599999999999994e+01 -3.527000000000000135e+00 -1.356099999999999994e+01 1.046999999999999931e+00
-2.819500000000000028e+01 4.751000000000000334e+00 -1.270199999999999996e+01 1.122999999999999998e+00
-2.203500000000000014e+01 1.183699999999999974e+01 -1.754599999999999937e+01 1.258000000000000007e+00
-2.430099999999999838e+01 1.352800000000000047e+01 -2.367599999999999838e+01 1.304000000000000048e+00
-3.351599999999999824e+01 1.110500000000000043e+01 -2.319800000000000040e+01 6.029999999999999805e-01
-3.399600000000000222e+01 9.746999999999999886e+00 -1.572300000000000075e+01 -1.326999999999999957e+00
-2.146900000000000119e+01 1.091099999999999959e+01 -8.775999999999999801e+00 -3.765000000000000124e+00
-1.031300000000000061e+01 8.917999999999999261e+00 -8.861000000000000654e+00 -5.187999999999999723e+00
-1.266799999999999926e+01 -4.189999999999999836e-01 -1.499499999999999922e+01 -5.062000000000000277e+00
-2.402700000000000102e+01 -1.091000000000000014e+01 -2.017999999999999972e+01 -4.024000000000000021e+00
-3.312400000000000233e+01 -1.363700000000000045e+01 -1.792299999999999827e+01 -2.338999999999999968e+00
-3.330299999999999727e+01 -8.743999999999999773e+00 -7.618999999999999773e+00 2.699999999999999969e-02
-2.035600000000000165e+01 -2.608999999999999986e+00 5.615000000000000213e+00 2.688000000000000167e+00
6.850999999999999979e+00 1.058999999999999941e+00 1.566200000000000081e+01 5.383000000000000007e+00
3.929500000000000171e+01 3.361000000000000210e+00 2.024800000000000111e+01 7.092999999999999972e+00
6.195900000000000318e+01 6.918999999999999595e+00 2.109499999999999886e+01 5.477999999999999758e+00
6.644599999999999795e+01 1.148399999999999999e+01 1.916799999999999926e+01 8.339999999999999636e-01
5.279500000000000171e+01 1.206000000000000050e+01 1.282699999999999996e+01 -2.221000000000000085e+00
2.500000000000000000e+01 3.516999999999999904e+00 3.021999999999999797e+00 -1.489999999999999991e+00
-4.738000000000000433e+00 -9.893000000000000682e+00 -4.131000000000000227e+00 -1.104999999999999982e+00
-1.893299999999999983e+01 -1.465900000000000070e+01 -4.900000000000000355e+00 -3.689999999999999947e+00
-1.703399999999999892e+01 -4.961999999999999744e+00 -4.133000000000000007e+00 -4.823999999999999844e+00
-2.105499999999999972e+01 8.948999999999999844e+00 -8.085000000000000853e+00 -1.252999999999999892e+00
-4.304299999999999926e+01 1.836700000000000088e+01 -1.387700000000000067e+01 2.557999999999999829e+00
-6.156799999999999784e+01 2.929100000000000037e+01 -1.240799999999999947e+01 2.137000000000000011e+00
-5.001899999999999835e+01 4.747500000000000142e+01 -1.542000000000000037e+00 1.869999999999999996e-01
-1.511100000000000065e+01 6.391499999999999915e+01 1.067300000000000004e+01 9.010000000000000231e-01
1.662999999999999901e+01 6.726600000000000534e+01 1.826300000000000168e+01 3.104999999999999982e+00
3.572699999999999676e+01 5.981300000000000239e+01 2.262800000000000011e+01 3.435000000000000053e+00
4.586800000000000210e+01 5.065800000000000125e+01 2.179299999999999926e+01 2.255999999999999783e+00
4.229800000000000182e+01 4.248799999999999955e+01 9.250999999999999446e+00 2.658999999999999808e+00
2.091499999999999915e+01 3.201599999999999824e+01 -1.202299999999999969e+01 5.272000000000000242e+00
-7.331000000000000405e+00 1.630199999999999960e+01 -2.915899999999999892e+01 6.831999999999999851e+00
-2.729799999999999827e+01 -2.818000000000000060e+00 -3.404699999999999704e+01 4.496000000000000441e+00
-3.258800000000000097e+01 -1.780199999999999960e+01 -2.744699999999999918e+01 5.000000000000000278e-02
-2.337500000000000000e+01 -2.334799999999999898e+01 -1.318200000000000038e+01 -2.419000000000000039e+00
-2.540000000000000036e+00 -2.342800000000000082e+01 2.543000000000000149e+00 -2.358000000000000096e+00
2.485699999999999932e+01 -2.284299999999999997e+01 1.274799999999999933e+01 -3.085999999999999854e+00
5.460900000000000176e+01 -1.829899999999999949e+01 1.762099999999999866e+01 -6.145999999999999908e+00
8.256799999999999784e+01 -7.858999999999999986e+00 2.367899999999999849e+01 -8.618999999999999773e+00
9.760699999999999932e+01 -3.549999999999999822e-01 3.178699999999999903e+01 -7.647999999999999687e+00
8.686599999999999966e+01 -3.314000000000000057e+00 3.527499999999999858e+01 -4.961000000000000298e+00
5.398499999999999943e+01 -1.065199999999999925e+01 3.146399999999999864e+01 -3.994000000000000217e+00
1.886499999999999844e+01 -1.397700000000000031e+01 2.477299999999999969e+01 -4.870000000000000107e+00
-4.711000000000000298e+00 -1.550600000000000023e+01 1.700799999999999912e+01 -5.541999999999999815e+00
-1.743599999999999994e+01 -1.970499999999999829e+01 5.056000000000000050e+00 -5.161999999999999922e+00
-2.020100000000000051e+01 -2.313500000000000156e+01 -8.973000000000000753e+00 -3.625999999999999890e+00
-8.675000000000000711e+00 -2.079100000000000037e+01 -1.620100000000000051e+01 -7.950000000000000400e-01
1.419699999999999918e+01 -1.478100000000000058e+01 -1.358900000000000041e+01 2.363999999999999879e+00
3.517600000000000193e+01 -1.165199999999999925e+01 -7.663000000000000256e+00 4.312999999999999723e+00
4.645700000000000074e+01 -1.461299999999999955e+01 -4.134000000000000341e+00 4.846000000000000085e+00
5.351299999999999812e+01 -2.097200000000000131e+01 -4.266000000000000014e+00 4.714999999999999858e+00
6.193200000000000216e+01 -2.620799999999999841e+01 -9.368000000000000327e+00 4.245000000000000107e+00
6.809399999999999409e+01 -2.746499999999999986e+01 -1.889399999999999835e+01 4.274000000000000021e+00
6.880700000000000216e+01 -2.290200000000000102e+01 -2.672899999999999920e+01 6.958000000000000185e+00
6.584499999999999886e+01 -1.229899999999999949e+01 -2.635399999999999920e+01 1.254400000000000048e+01
5.505400000000000205e+01 9.600000000000000200e-02 -1.864799999999999969e+01 1.680199999999999960e+01
2.833399999999999963e+01 5.873999999999999666e+00 -1.064400000000000013e+01 1.518200000000000038e+01
-1.093699999999999939e+01 -2.383000000000000007e+00 -5.727000000000000313e+00 8.391000000000000014e+00
-5.243299999999999983e+01 -2.437300000000000111e+01 3.140000000000000013e-01 1.008999999999999897e+00
-9.460599999999999454e+01 -5.064300000000000068e+01 8.782999999999999474e+00 -4.168999999999999595e+00
-1.381270000000000095e+02 -6.931399999999999295e+01 1.079100000000000037e+01 -7.847000000000000419e+00
-1.667460000000000093e+02 -7.228499999999999659e+01 6.640000000000000346e-01 -1.092600000000000016e+01
-1.511970000000000027e+02 -5.604999999999999716e+01 -1.083500000000000085e+01 -1.217800000000000082e+01
-8.584000000000000341e+01 -2.477899999999999991e+01 -9.563000000000000611e+00 -1.034900000000000020e+01
-1.538000000000000078e+01 6.600999999999999979e+00 2.318999999999999950e+00 -6.764000000000000234e+00
3.588000000000000078e+00 2.157900000000000063e+01 1.095800000000000018e+01 -3.823999999999999844e+00
-2.819000000000000128e+01 1.773000000000000043e+01 9.650000000000000355e+00 -2.134999999999999787e+00
-5.591599999999999682e+01 9.092000000000000526e+00 5.368999999999999773e+00 -8.870000000000000107e-01
-4.726200000000000045e+01 9.242000000000000881e+00 7.969000000000000306e+00 3.230000000000000093e-01
-2.602199999999999847e+01 1.416000000000000014e+01 1.596000000000000085e+01 1.358999999999999986e+00
-2.351300000000000168e+01 1.043399999999999928e+01 1.767599999999999838e+01 2.023000000000000131e+00
-3.628600000000000136e+01 -1.665000000000000036e+00 7.991999999999999993e+00 2.075000000000000178e+00
-4.451599999999999824e+01 -8.787000000000000810e+00 -4.935999999999999943e+00 1.649999999999999911e+00
-4.161699999999999733e+01 -5.972999999999999865e+00 -1.281000000000000050e+01 1.512000000000000011e+00
-3.122200000000000131e+01 -4.000000000000000083e-02 -1.663500000000000156e+01 2.277000000000000135e+00
-1.599799999999999933e+01 4.761999999999999567e+00 -1.924599999999999866e+01 3.607000000000000206e+00
-1.929000000000000048e+00 8.941000000000000725e+00 -1.848400000000000176e+01 4.256999999999999673e+00
8.289999999999999591e-01 1.054100000000000037e+01 -1.233900000000000041e+01 2.971999999999999975e+00
-8.067000000000000171e+00 8.271000000000000796e+00 -3.428999999999999826e+00 2.270000000000000073e-01
-1.359800000000000075e+01 7.280999999999999694e+00 3.758000000000000007e+00 -1.475000000000000089e+00
-1.663999999999999924e+00 1.271000000000000085e+01 5.408000000000000362e+00 -7.269999999999999796e-01
2.585900000000000176e+01 2.210999999999999943e+01 1.330999999999999961e+00 7.099999999999999645e-01
5.540699999999999648e+01 2.995200000000000173e+01 -2.621999999999999886e+00 8.299999999999999600e-01
7.227500000000000568e+01 3.381000000000000227e+01 -2.141999999999999904e+00 3.119999999999999996e-01
6.777400000000000091e+01 3.284199999999999875e+01 -1.560999999999999943e+00 6.340000000000000080e-01
4.674499999999999744e+01 2.639699999999999847e+01 -5.655000000000000249e+00 1.516000000000000014e+00
2.613400000000000034e+01 1.650700000000000145e+01 -1.180400000000000027e+01 2.001999999999999780e+00
1.723499999999999943e+01 8.169000000000000483e+00 -1.450000000000000000e+01 2.130999999999999783e+00
1.298799999999999955e+01 5.482000000000000206e+00 -9.852000000000000313e+00 2.266000000000000014e+00
-1.700000000000000122e-01 8.182000000000000384e+00 1.189999999999999947e+00 2.560999999999999943e+00
-2.256400000000000006e+01 1.348700000000000010e+01 1.018800000000000061e+01 3.488999999999999879e+00
-3.852300000000000324e+01 2.048799999999999955e+01 1.092900000000000027e+01 4.695000000000000284e+00
-3.247800000000000153e+01 2.755399999999999849e+01 9.512000000000000455e+00 3.931000000000000050e+00
-7.315000000000000391e+00 2.807100000000000151e+01 1.430700000000000038e+01 3.880000000000000115e-01
1.923600000000000065e+01 1.964999999999999858e+01 2.380300000000000082e+01 -1.971999999999999975e+00
3.538499999999999801e+01 1.156000000000000050e+01 3.221999999999999886e+01 1.052000000000000046e+00
3.880400000000000205e+01 9.916999999999999815e+00 3.601100000000000279e+01 6.198000000000000398e+00
2.927400000000000091e+01 8.407999999999999474e+00 3.177799999999999869e+01 5.209999999999999964e+00
1.543800000000000061e+01 4.472999999999999865e+00 1.857400000000000162e+01 -3.492999999999999883e+00
1.070500000000000007e+01 4.589999999999999858e+00 1.300000000000000044e+00 -1.155300000000000082e+01
1.248900000000000077e+01 7.812999999999999723e+00 -1.388700000000000045e+01 -1.213799999999999990e+01
1.007300000000000040e+01 6.524000000000000021e+00 -2.287699999999999889e+01 -9.230999999999999872e+00
1.016499999999999915e+01 3.632000000000000117e+00 -2.126599999999999824e+01 -1.037899999999999956e+01
2.650700000000000145e+01 9.048999999999999488e+00 -7.323000000000000398e+00 -1.402200000000000024e+01
5.202600000000000335e+01 2.066900000000000048e+01 9.849999999999999645e+00 -1.192699999999999960e+01
6.363700000000000045e+01 2.299299999999999855e+01 1.500399999999999956e+01 -3.104999999999999982e+00
5.011099999999999710e+01 7.450000000000000178e+00 5.227999999999999758e+00 3.907000000000000028e+00
2.512999999999999901e+01 -1.320599999999999952e+01 -6.299000000000000377e+00 3.624000000000000110e+00
1.118099999999999916e+01 -1.972800000000000153e+01 -9.183999999999999275e+00 4.599999999999999922e-02
1.247700000000000031e+01 -1.156700000000000017e+01 -6.671999999999999709e+00 -1.088999999999999968e+00
1.409399999999999942e+01 -3.958000000000000185e+00 -5.304000000000000270e+00 4.420000000000000040e-01
9.682000000000000384e+00 -4.036999999999999922e+00 -5.389999999999999680e+00 1.935000000000000053e+00
9.640000000000000568e+00 -5.636000000000000121e+00 -4.658000000000000362e+00 2.540999999999999925e+00
1.286299999999999955e+01 -5.192999999999999616e+00 -3.865000000000000213e+00 2.873000000000000220e+00
-1.631000000000000005e+00 -7.842999999999999972e+00 -5.432000000000000384e+00 2.774000000000000021e+00
-3.625300000000000011e+01 -1.599000000000000021e+01 -9.189999999999999503e+00 1.836999999999999966e+00
-6.002900000000000347e+01 -2.223499999999999943e+01 -1.237400000000000055e+01 7.099999999999999645e-01
-5.334300000000000352e+01 -1.975499999999999901e+01 -1.338499999999999979e+01 3.729999999999999982e-01
-3.264999999999999858e+01 -1.331400000000000006e+01 -1.234399999999999942e+01 1.052000000000000046e+00
-1.514700000000000024e+01 -1.080100000000000016e+01 -8.795999999999999375e+00 2.548000000000000043e+00
2.180000000000000160e+00 -1.006499999999999950e+01 -4.445000000000000284e+00 4.450999999999999623e+00
1.815899999999999892e+01 -4.924000000000000377e+00 -4.926999999999999602e+00 5.716999999999999638e+00
2.366300000000000026e+01 4.184999999999999609e+00 -9.694000000000000838e+00 5.413000000000000256e+00
2.779700000000000060e+01 1.533600000000000030e+01 -6.684000000000000163e+00 3.781000000000000139e+00
4.708500000000000085e+01 2.929899999999999949e+01 1.021899999999999942e+01 1.697999999999999954e+00
6.912600000000000477e+01 4.035699999999999932e+01 2.761400000000000077e+01 -1.370000000000000107e-01
6.432800000000000296e+01 3.619800000000000040e+01 2.956800000000000139e+01 -1.487000000000000099e+00
2.999399999999999977e+01 1.469500000000000028e+01 1.763299999999999912e+01 -3.149999999999999911e+00
-6.179999999999999716e+00 -9.900000000000000355e+00 4.421999999999999709e+00 -6.352999999999999758e+00
-2.164199999999999946e+01 -2.252899999999999991e+01 -2.487000000000000099e+00 -9.971000000000000085e+00
-1.822599999999999909e+01 -2.151500000000000057e+01 -4.501000000000000334e+00 -9.679999999999999716e+00
-1.003400000000000070e+01 -1.460800000000000054e+01 -6.857999999999999652e+00 -3.032999999999999918e+00
-7.871999999999999886e+00 -7.365999999999999659e+00 -1.177699999999999925e+01 5.097000000000000419e+00
-1.806400000000000006e+01 -1.500999999999999890e+00 -1.472300000000000075e+01 6.892000000000000348e+00
-4.301200000000000045e+01 -6.209999999999999964e-01 -1.018500000000000050e+01 1.750000000000000000e+00
-7.191599999999999682e+01 -6.301000000000000156e+00 -1.096999999999999975e+00 -3.279999999999999805e+00
-8.177899999999999636e+01 -9.939000000000000057e+00 4.142999999999999794e+00 -3.710999999999999854e+00
-6.312899999999999778e+01 -2.378000000000000114e+00 3.201999999999999957e+00 -2.758000000000000007e+00
-3.552700000000000102e+01 9.651999999999999247e+00 3.210000000000000075e-01 -4.304999999999999716e+00
-2.343299999999999983e+01 1.192999999999999972e+01 -1.663000000000000034e+00 -5.735999999999999766e+00
-3.002899999999999991e+01 3.149999999999999911e+00 -1.397000000000000020e+00 -2.700000000000000178e+00
-4.603600000000000136e+01 -9.846999999999999531e+00 5.315000000000000391e+00 2.710999999999999854e+00
-6.363799999999999812e+01 -2.656500000000000128e+01 2.124899999999999878e+01 5.294999999999999929e+00
-7.043500000000000227e+01 -4.501400000000000290e+01 3.938000000000000256e+01 4.956000000000000405e+00
-5.105499999999999972e+01 -5.406900000000000261e+01 4.592900000000000205e+01 4.887999999999999901e+00
-7.876000000000000334e+00 -4.760300000000000153e+01 3.490999999999999659e+01 4.895999999999999908e+00
3.087199999999999989e+01 -3.341400000000000148e+01 1.532099999999999973e+01 2.741000000000000103e+00
3.526700000000000301e+01 -2.219099999999999895e+01 7.770000000000000240e-01 -6.440000000000000169e-01
8.176999999999999602e+00 -1.703999999999999915e+01 -4.690000000000000391e+00 -2.362000000000000099e+00
-1.198499999999999943e+01 -1.458600000000000030e+01 -6.907000000000000028e+00 -1.963000000000000078e+00
5.924000000000000377e+00 -1.082000000000000028e+01 -1.074200000000000088e+01 -1.058999999999999941e+00
4.438000000000000256e+01 -5.950999999999999623e+00 -1.487700000000000067e+01 -3.059999999999999942e-01
5.686399999999999721e+01 -4.270999999999999908e+00 -1.677899999999999991e+01 6.989999999999999547e-01
2.826099999999999923e+01 -8.237000000000000099e+00 -1.692599999999999838e+01 1.856000000000000094e+00
-9.507999999999999119e+00 -1.433399999999999963e+01 -1.661700000000000088e+01 2.638999999999999790e+00
-2.356899999999999906e+01 -1.704299999999999926e+01 -1.561599999999999966e+01 3.060999999999999943e+00
-1.009099999999999930e+01 -1.493500000000000050e+01 -1.369899999999999984e+01 3.718999999999999861e+00
2.189399999999999835e+01 -9.625999999999999446e+00 -1.218099999999999916e+01 4.940000000000000391e+00
5.897299999999999898e+01 -1.477999999999999980e+00 -1.196799999999999997e+01 5.975999999999999979e+00
7.678199999999999648e+01 9.256999999999999673e+00 -1.108200000000000074e+01 5.554999999999999716e+00
6.018099999999999739e+01 1.944300000000000139e+01 -7.557000000000000384e+00 3.716000000000000192e+00
2.511299999999999955e+01 2.463599999999999923e+01 -4.754999999999999893e+00 2.204000000000000181e+00
-3.915999999999999925e+00 2.251300000000000168e+01 -8.009000000000000341e+00 2.081999999999999851e+00
-2.393400000000000105e+01 1.322700000000000031e+01 -1.603099999999999881e+01 1.756999999999999895e+00
-4.269299999999999784e+01 -6.929999999999999494e-01 -2.231200000000000117e+01 -6.700000000000000400e-01
-5.548100000000000165e+01 -1.156000000000000050e+01 -2.355799999999999983e+01 -3.387999999999999901e+00
-5.171399999999999864e+01 -1.008099999999999952e+01 -2.112600000000000122e+01 -2.770000000000000018e+00
-3.349000000000000199e+01 2.733000000000000096e+00 -1.609299999999999997e+01 4.859999999999999876e-01
-1.014899999999999913e+01 1.599699999999999989e+01 -7.056000000000000050e+00 1.967999999999999972e+00
1.594800000000000040e+01 2.387600000000000122e+01 5.543999999999999595e+00 8.609999999999999876e-01
4.105499999999999972e+01 2.901099999999999923e+01 1.596499999999999986e+01 1.326000000000000068e+00
5.114399999999999835e+01 3.288700000000000045e+01 2.022800000000000153e+01 4.990000000000000213e+00
3.664800000000000324e+01 3.291799999999999926e+01 2.156200000000000117e+01 7.059000000000000163e+00
3.608000000000000096e+00 2.630699999999999861e+01 2.163299999999999912e+01 3.354999999999999982e+00
-3.296300000000000097e+01 1.311500000000000021e+01 1.666900000000000048e+01 -3.209999999999999964e+00
-5.579800000000000182e+01 -1.183999999999999941e+00 7.713000000000000078e+00 -7.448000000000000398e+00
-4.953699999999999903e+01 -6.400999999999999801e+00 3.043000000000000149e+00 -9.083000000000000185e+00
-9.518000000000000682e+00 4.195000000000000284e+00 7.195999999999999730e+00 -1.118999999999999950e+01
4.674600000000000222e+01 2.319000000000000128e+01 1.387500000000000000e+01 -1.439400000000000013e+01
8.350400000000000489e+01 3.353399999999999892e+01 1.236100000000000065e+01 -1.549200000000000088e+01
7.870099999999999341e+01 2.967299999999999827e+01 1.750999999999999890e+00 -1.138400000000000034e+01
4.838700000000000045e+01 2.255000000000000071e+01 -4.844000000000000306e+00 -3.499000000000000110e+00
2.699299999999999855e+01 1.982900000000000063e+01 2.927000000000000046e+00 3.103000000000000203e+00
2.831200000000000117e+01 1.677299999999999969e+01 1.536700000000000088e+01 5.350999999999999979e+00
3.290400000000000347e+01 8.428000000000000824e+00 1.521700000000000053e+01 4.626999999999999780e+00
1.677599999999999980e+01 -1.794000000000000039e+00 5.442999999999999616e+00 3.539000000000000146e+00
-1.226299999999999990e+01 -6.913000000000000256e+00 4.929999999999999716e+00 2.783999999999999808e+00
-2.320299999999999940e+01 -4.956999999999999851e+00 1.643299999999999983e+01 1.729999999999999982e+00
-4.831000000000000405e+00 -2.196000000000000174e+00 2.151899999999999835e+01 5.410000000000000364e-01
1.994399999999999906e+01 -6.365000000000000213e+00 9.426000000000000156e+00 3.529999999999999805e-01
2.182300000000000040e+01 -1.644699999999999918e+01 -7.703999999999999737e+00 1.330000000000000071e+00
-6.232000000000000206e+00 -2.412199999999999989e+01 -1.290600000000000058e+01 2.213999999999999968e+00
-4.627700000000000102e+01 -2.563899999999999935e+01 -6.937000000000000277e+00 2.399999999999999911e+00
-7.545699999999999363e+01 -2.543499999999999872e+01 -5.237000000000000099e+00 2.827999999999999847e+00
-8.728000000000000114e+01 -2.750000000000000000e+01 -1.587100000000000044e+01 4.483999999999999986e+00
-9.104399999999999693e+01 -2.986700000000000088e+01 -2.963400000000000034e+01 7.091999999999999638e+00
-9.392799999999999727e+01 -2.832600000000000051e+01 -3.406000000000000227e+01 8.907999999999999474e+00
-9.072899999999999920e+01 -2.063599999999999923e+01 -2.812600000000000122e+01 7.629999999999999893e+00
-7.223499999999999943e+01 -7.187000000000000277e+00 -1.735399999999999920e+01 2.871999999999999886e+00
-3.792499999999999716e+01 9.262999999999999901e+00 -4.519999999999999574e+00 -2.509999999999999787e+00
5.790000000000000036e+00 2.568100000000000094e+01 6.286999999999999922e+00 -5.240000000000000213e+00
5.524600000000000222e+01 4.161899999999999977e+01 7.666999999999999815e+00 -5.238999999999999879e+00
1.057750000000000057e+02 5.493800000000000239e+01 2.400000000000000050e-02 -4.589000000000000412e+00
1.412189999999999941e+02 5.590899999999999892e+01 -5.794999999999999929e+00 -3.880999999999999783e+00
1.437129999999999939e+02 3.924699999999999989e+01 -2.293000000000000149e+00 -2.436999999999999833e+00
1.156299999999999955e+02 1.969600000000000151e+01 7.926000000000000156e+00 -1.034000000000000030e+00
7.723099999999999454e+01 1.473799999999999955e+01 1.926899999999999835e+01 -8.269999999999999574e-01
4.366799999999999926e+01 1.747200000000000131e+01 2.863500000000000156e+01 -8.549999999999999822e-01
1.689699999999999847e+01 9.268000000000000682e+00 3.510399999999999920e+01 2.540000000000000036e-01
-5.738000000000000433e+00 -1.053800000000000026e+01 3.703399999999999892e+01 1.747000000000000108e+00
-2.442000000000000171e+01 -2.578300000000000125e+01 3.077100000000000080e+01 1.862000000000000099e+00
-3.482300000000000040e+01 -2.577499999999999858e+01 1.631299999999999883e+01 -7.900000000000000078e-02
-3.425500000000000256e+01 -1.724500000000000099e+01 7.810000000000000275e-01 -2.978000000000000203e+00
-2.932900000000000063e+01 -1.570800000000000018e+01 -9.057999999999999829e+00 -4.389000000000000234e+00
-2.805900000000000105e+01 -2.509299999999999997e+01 -1.285100000000000087e+01 -2.906000000000000139e+00
-2.805300000000000082e+01 -3.190500000000000114e+01 -1.321899999999999942e+01 -2.429999999999999938e-01
-2.358599999999999852e+01 -2.514000000000000057e+01 -1.225099999999999945e+01 9.609999999999999654e-01
-1.731200000000000117e+01 -1.140600000000000058e+01 -1.138299999999999912e+01 5.649999999999999467e-01
-1.480000000000000071e+01 -3.125000000000000000e+00 -1.063899999999999935e+01 1.479999999999999927e-01
-1.551800000000000068e+01 -3.137999999999999901e+00 -9.596999999999999531e+00 2.399999999999999911e-01
-1.745100000000000051e+01 -7.174000000000000377e+00 -9.618000000000000327e+00 3.310000000000000164e-01
-2.200000000000000000e+01 -1.260500000000000043e+01 -1.179100000000000037e+01 4.000000000000000222e-01
-2.746699999999999875e+01 -1.877899999999999991e+01 -1.422700000000000031e+01 6.260000000000000009e-01
-2.663400000000000034e+01 -2.114699999999999847e+01 -1.425999999999999979e+01 6.089999999999999858e-01
-1.541699999999999982e+01 -1.160599999999999987e+01 -1.089700000000000024e+01 2.290000000000000091e-01
3.032999999999999918e+00 9.753999999999999559e+00 -4.809000000000000163e+00 1.100000000000000006e-01
1.984100000000000108e+01 2.827499999999999858e+01 1.048000000000000043e+00 3.499999999999999778e-01
2.231599999999999895e+01 2.910500000000000043e+01 2.601999999999999869e+00 3.930000000000000160e-01
7.594000000000000306e+00 1.488499999999999979e+01 -7.309999999999999831e-01 4.209999999999999853e-01
-7.575000000000000178e+00 4.769999999999999796e-01 -4.464999999999999858e+00 9.030000000000000249e-01
-9.467000000000000526e+00 -7.206000000000000405e+00 -4.721000000000000085e+00 1.219000000000000083e+00
-8.083999999999999631e+00 -1.351800000000000068e+01 -4.133000000000000007e+00 7.299999999999999822e-01
-1.695100000000000051e+01 -2.186400000000000077e+01 -7.349000000000000199e+00 1.360000000000000098e-01
-3.166000000000000014e+01 -2.733699999999999974e+01 -1.225099999999999945e+01 1.809999999999999942e-01
-4.239000000000000057e+01 -2.580799999999999983e+01 -1.338499999999999979e+01 4.040000000000000258e-01
-4.769400000000000261e+01 -2.048699999999999832e+01 -1.207099999999999973e+01 1.940000000000000058e-01
-4.795700000000000074e+01 -1.678000000000000114e+01 -1.431499999999999950e+01 -1.499999999999999944e-02
-4.195199999999999818e+01 -1.512899999999999956e+01 -1.990899999999999892e+01 9.160000000000000364e-01
-3.243399999999999750e+01 -1.128899999999999970e+01 -2.077799999999999869e+01 3.604000000000000092e+00
-2.212199999999999989e+01 -1.552000000000000046e+00 -1.052999999999999936e+01 6.839000000000000412e+00
-6.195999999999999730e+00 1.384500000000000064e+01 9.137000000000000455e+00 7.754999999999999893e+00
1.926699999999999946e+01 3.105499999999999972e+01 3.141799999999999926e+01 4.623999999999999666e+00
4.490599999999999881e+01 4.393800000000000239e+01 4.805899999999999750e+01 -7.900000000000000355e-01
5.520300000000000296e+01 4.522999999999999687e+01 4.991400000000000148e+01 -5.214000000000000412e+00
4.599600000000000222e+01 3.089999999999999858e+01 3.244500000000000028e+01 -7.855000000000000426e+00
2.711100000000000065e+01 6.102999999999999758e+00 4.552999999999999936e+00 -1.043999999999999950e+01
1.022100000000000009e+01 -1.644600000000000151e+01 -1.560100000000000087e+01 -1.290499999999999936e+01
7.900000000000000355e-01 -2.613500000000000156e+01 -1.764300000000000068e+01 -1.197400000000000020e+01
3.659999999999999920e-01 -2.129400000000000048e+01 -6.655000000000000249e+00 -6.456000000000000405e+00
9.474999999999999645e+00 -8.976000000000000867e+00 5.275000000000000355e+00 -7.740000000000000213e-01
2.553399999999999892e+01 -3.810000000000000053e-01 1.023300000000000054e+01 5.659999999999999476e-01
4.032000000000000028e+01 -3.301000000000000156e+00 9.929999999999999716e+00 -1.076000000000000068e+00
4.001700000000000301e+01 -1.748400000000000176e+01 1.045299999999999940e+01 -1.675999999999999934e+00
1.238599999999999923e+01 -3.718599999999999994e+01 9.409000000000000696e+00 -9.299999999999999933e-02
-3.792999999999999972e+01 -5.531900000000000261e+01 -2.460999999999999854e+00 2.940999999999999837e+00
-8.471200000000000330e+01 -6.486400000000000432e+01 -2.159199999999999875e+01 7.666999999999999815e+00
-9.862600000000000477e+01 -5.986200000000000188e+01 -2.925900000000000034e+01 1.372700000000000031e+01
-7.169700000000000273e+01 -3.865400000000000347e+01 -1.723900000000000077e+01 1.809900000000000020e+01
-2.056800000000000139e+01 -4.363999999999999879e+00 2.392999999999999794e+00 1.732400000000000162e+01
3.709700000000000131e+01 3.954200000000000159e+01 2.016799999999999926e+01 1.134999999999999964e+01
9.391899999999999693e+01 8.369700000000000273e+01 3.822299999999999898e+01 3.559000000000000163e+00
1.293590000000000089e+02 1.037390000000000043e+02 5.027300000000000324e+01 -3.298999999999999932e+00
1.114129999999999967e+02 8.264300000000000068e+01 4.163600000000000279e+01 -8.827999999999999403e+00
4.741100000000000136e+01 4.274000000000000199e+01 1.549099999999999966e+01 -1.241399999999999970e+01
-8.082000000000000739e+00 2.313200000000000145e+01 -7.634999999999999787e+00 -1.347400000000000020e+01
-1.897100000000000009e+01 2.868199999999999861e+01 -1.707000000000000028e+01 -1.383000000000000007e+01
8.060000000000000497e-01 3.529699999999999704e+01 -1.768700000000000117e+01 -1.418500000000000050e+01
3.161199999999999832e+01 3.496600000000000108e+01 -1.527699999999999925e+01 -1.123399999999999999e+01
7.343000000000000682e+01 3.853300000000000125e+01 -1.217699999999999960e+01 -4.009000000000000341e+00
1.151809999999999974e+02 4.419899999999999807e+01 -9.365000000000000213e+00 2.553999999999999826e+00
1.267840000000000060e+02 3.834499999999999886e+01 -4.775999999999999801e+00 5.123000000000000220e+00
9.589400000000000546e+01 2.239600000000000080e+01 2.778000000000000025e+00 6.320999999999999730e+00
4.104899999999999949e+01 1.290000000000000036e+01 8.256000000000000227e+00 8.076000000000000512e+00
-1.354400000000000048e+01 1.679799999999999827e+01 8.087999999999999190e+00 7.493000000000000327e+00
-5.762199999999999989e+01 2.224599999999999866e+01 6.991999999999999993e+00 3.105999999999999872e+00
-9.221899999999999409e+01 1.349300000000000033e+01 7.431000000000000050e+00 -7.069999999999999618e-01
-1.132399999999999949e+02 -1.218900000000000006e+01 3.609999999999999876e+00 -3.200000000000000067e-02
-1.074689999999999941e+02 -4.098499999999999943e+01 -4.961000000000000298e+00 2.209000000000000075e+00
-7.681999999999999318e+01 -5.403999999999999915e+01 -8.817000000000000171e+00 1.457999999999999963e+00
-4.785699999999999932e+01 -4.563400000000000034e+01 -4.942000000000000171e+00 -3.920000000000000151e-01
-3.955899999999999750e+01 -2.846499999999999986e+01 -2.358999999999999986e+00 1.086000000000000076e+00
-4.185199999999999676e+01 -1.819399999999999906e+01 -6.541000000000000369e+00 3.806999999999999940e+00
-3.877499999999999858e+01 -1.913500000000000156e+01 -1.144299999999999962e+01 2.367999999999999883e+00
-3.174599999999999866e+01 -2.640399999999999991e+01 -8.897999999999999687e+00 -2.063000000000000167e+00
-2.869200000000000017e+01 -3.245400000000000063e+01 2.255999999999999783e+00 -3.474000000000000199e+00
-2.738400000000000034e+01 -3.148000000000000043e+01 1.491300000000000026e+01 -7.580000000000000071e-01
-2.108500000000000085e+01 -2.448499999999999943e+01 1.849399999999999977e+01 1.750999999999999890e+00
-1.155700000000000038e+01 -1.833099999999999952e+01 9.632999999999999119e+00 2.144000000000000128e+00
-7.477999999999999758e+00 -1.747800000000000153e+01 -2.563000000000000167e+00 3.144000000000000128e+00
-1.262500000000000000e+01 -1.945400000000000063e+01 -8.727000000000000313e+00 6.756999999999999673e+00
-2.013299999999999912e+01 -1.917000000000000171e+01 -1.156900000000000084e+01 1.072700000000000031e+01
-1.905199999999999960e+01 -1.573300000000000054e+01 -1.655399999999999849e+01 1.077100000000000080e+01
-5.243999999999999773e+00 -1.225399999999999956e+01 -1.932900000000000063e+01 5.376000000000000334e+00
1.428500000000000014e+01 -1.017099999999999937e+01 -1.526200000000000045e+01 -2.096000000000000085e+00
2.406200000000000117e+01 -1.057799999999999940e+01 -1.209399999999999942e+01 -7.511000000000000121e+00
1.076800000000000068e+01 -1.860200000000000031e+01 -1.818799999999999883e+01 -1.088100000000000023e+01
-1.775100000000000122e+01 -3.358700000000000330e+01 -2.576699999999999946e+01 -1.355899999999999928e+01
-3.035399999999999920e+01 -3.916100000000000136e+01 -2.111499999999999844e+01 -1.313599999999999923e+01
-5.802999999999999936e+00 -2.165599999999999881e+01 -4.575999999999999623e+00 -7.051999999999999602e+00
3.758899999999999864e+01 5.871999999999999886e+00 1.305400000000000027e+01 1.044999999999999929e+00
6.048599999999999710e+01 1.741499999999999915e+01 2.496999999999999886e+01 4.780999999999999694e+00
4.600300000000000011e+01 7.054999999999999716e+00 2.811100000000000065e+01 3.384999999999999787e+00
1.392900000000000027e+01 -8.144999999999999574e+00 1.965700000000000003e+01 1.491000000000000103e+00
-5.772999999999999687e+00 -1.346700000000000053e+01 2.971000000000000085e+00 1.796000000000000041e+00
-4.525000000000000355e+00 -1.049099999999999966e+01 -1.176200000000000045e+01 2.536999999999999922e+00
4.091999999999999638e+00 -6.418000000000000149e+00 -1.782900000000000063e+01 2.032999999999999918e+00
6.503999999999999559e+00 -1.659000000000000030e+00 -1.745899999999999963e+01 1.366000000000000103e+00
8.529999999999999805e-01 6.756000000000000227e+00 -1.628800000000000026e+01 1.725000000000000089e+00
-6.628000000000000114e+00 1.754400000000000048e+01 -1.585299999999999976e+01 2.529999999999999805e+00
-5.081000000000000405e+00 2.685300000000000153e+01 -1.284900000000000020e+01 3.432999999999999829e+00
1.425500000000000078e+01 3.222800000000000153e+01 -5.756999999999999673e+00 5.565999999999999837e+00
4.304299999999999926e+01 3.251500000000000057e+01 4.500000000000000111e-01 8.955999999999999517e+00
5.757699999999999818e+01 2.817299999999999827e+01 6.300000000000000044e-02 1.058500000000000085e+01
4.818699999999999761e+01 2.084100000000000108e+01 -4.884999999999999787e+00 7.599999999999999645e+00
2.958999999999999986e+01 1.040000000000000036e+01 -8.038999999999999702e+00 1.510999999999999899e+00
1.205400000000000027e+01 -3.923999999999999932e+00 -9.320999999999999730e+00 -3.221000000000000085e+00
-1.028400000000000070e+01 -1.860200000000000031e+01 -1.430100000000000016e+01 -4.384000000000000341e+00
-3.543999999999999773e+01 -2.632499999999999929e+01 -2.275600000000000023e+01 -4.208999999999999631e+00
-4.599499999999999744e+01 -2.253099999999999881e+01 -2.519399999999999906e+01 -5.966999999999999638e+00
-3.026599999999999824e+01 -9.539999999999999147e+00 -1.447100000000000009e+01 -9.131000000000000227e+00
3.346000000000000085e+00 4.567999999999999616e+00 3.040000000000000036e+00 -9.903000000000000469e+00
3.172200000000000131e+01 1.131199999999999939e+01 1.362100000000000044e+01 -7.009999999999999787e+00
3.473599999999999710e+01 8.929999999999999716e+00 1.170400000000000063e+01 -3.644000000000000128e+00
1.378899999999999970e+01 3.576000000000000068e+00 3.233000000000000096e+00 -2.600000000000000089e+00
-8.781000000000000583e+00 3.028000000000000025e+00 -4.025999999999999801e+00 -3.225999999999999979e+00
-1.388199999999999967e+01 1.006000000000000050e+01 -6.636000000000000121e+00 -3.432999999999999829e+00
-6.051999999999999602e+00 1.954500000000000171e+01 -3.141999999999999904e+00 -1.747999999999999998e+00
-2.459999999999999964e+00 2.336400000000000077e+01 7.200000000000000178e+00 1.768000000000000016e+00
-5.373999999999999666e+00 2.330199999999999960e+01 2.259799999999999898e+01 5.145999999999999908e+00
-2.800000000000000058e-02 3.259100000000000108e+01 4.058100000000000307e+01 6.169999999999999929e+00
1.855499999999999972e+01 5.392399999999999949e+01 5.867399999999999949e+01 4.176999999999999602e+00
3.319200000000000017e+01 6.650700000000000500e+01 6.978700000000000614e+01 -1.179999999999999938e-01
2.679200000000000159e+01 5.259599999999999653e+01 6.651099999999999568e+01 -4.714000000000000412e+00
3.773000000000000131e+00 2.438599999999999923e+01 5.254999999999999716e+01 -6.599999999999999645e+00
-1.908599999999999852e+01 3.665000000000000036e+00 3.767399999999999949e+01 -4.977000000000000313e+00
-2.992899999999999849e+01 -8.904999999999999361e+00 2.313500000000000156e+01 -3.541999999999999815e+00
-2.310099999999999909e+01 -2.105399999999999849e+01 5.591999999999999638e+00 -5.690000000000000391e+00
7.369999999999999885e-01 -2.465700000000000003e+01 -1.007300000000000040e+01 -8.512999999999999901e+00
2.674800000000000111e+01 -1.052399999999999913e+01 -1.629200000000000159e+01 -6.629999999999999893e+00
3.275800000000000267e+01 7.633000000000000007e+00 -1.519500000000000028e+01 -7.600000000000000089e-01
1.559800000000000075e+01 9.284000000000000696e+00 -1.286999999999999922e+01 3.516999999999999904e+00
-2.375000000000000000e+00 -3.334000000000000075e+00 -9.198000000000000398e+00 4.083999999999999631e+00
-5.083999999999999631e+00 -1.230899999999999928e+01 -3.644000000000000128e+00 3.415999999999999925e+00
-3.311999999999999833e+00 -1.092300000000000004e+01 -1.153999999999999915e+00 3.189000000000000057e+00
-1.096700000000000053e+01 -7.522999999999999687e+00 -4.512999999999999901e+00 2.842000000000000082e+00
-2.462999999999999901e+01 -1.051600000000000001e+01 -9.470000000000000639e+00 2.104999999999999982e+00
-3.750699999999999790e+01 -1.913500000000000156e+01 -1.221100000000000030e+01 1.661000000000000032e+00
-4.861399999999999721e+01 -2.550799999999999912e+01 -1.543099999999999916e+01 1.973999999999999977e+00
-5.257800000000000296e+01 -2.314099999999999824e+01 -2.210500000000000043e+01 2.722999999999999865e+00
-4.159199999999999875e+01 -1.347700000000000031e+01 -2.676000000000000156e+01 3.307999999999999829e+00
-1.936299999999999955e+01 -4.400999999999999801e+00 -2.143599999999999994e+01 3.803999999999999826e+00
4.060000000000000275e-01 -3.480999999999999872e+00 -1.033000000000000007e+01 4.772000000000000242e+00
9.289999999999999147e+00 -1.110399999999999920e+01 -7.251000000000000334e+00 5.745000000000000107e+00
9.329000000000000625e+00 -2.036899999999999977e+01 -1.702400000000000091e+01 5.575000000000000178e+00
3.831999999999999851e+00 -2.485800000000000054e+01 -3.089699999999999847e+01 4.911999999999999922e+00
-7.149000000000000021e+00 -2.239300000000000068e+01 -3.963300000000000267e+01 5.692000000000000171e+00
-2.012300000000000111e+01 -1.239499999999999957e+01 -3.960300000000000153e+01 7.179999999999999716e+00
-2.716100000000000136e+01 2.689999999999999947e+00 -2.859199999999999875e+01 5.613000000000000433e+00
-2.618900000000000006e+01 1.536999999999999922e+01 -7.293000000000000149e+00 -5.190000000000000169e-01
-2.364399999999999835e+01 1.930799999999999983e+01 1.642999999999999972e+01 -7.275999999999999801e+00
-2.049599999999999866e+01 1.664799999999999969e+01 3.303099999999999881e+01 -9.586999999999999744e+00
-5.139000000000000234e+00 1.596599999999999930e+01 3.782900000000000063e+01 -7.371000000000000441e+00
2.679799999999999827e+01 2.098999999999999844e+01 2.918100000000000094e+01 -4.711000000000000298e+00
5.552100000000000080e+01 2.289900000000000091e+01 1.088599999999999923e+01 -3.645999999999999908e+00
6.013199999999999790e+01 1.243999999999999950e+01 -2.744000000000000217e+00 -2.383000000000000007e+00
4.925900000000000034e+01 -1.348999999999999977e+00 1.000000000000000021e-02 2.000000000000000111e-01
4.610999999999999943e+01 -1.449000000000000066e+00 1.220500000000000007e+01 2.422000000000000153e+00
5.356199999999999761e+01 9.757999999999999119e+00 2.061299999999999955e+01 2.693000000000000060e+00
5.495799999999999841e+01 1.432399999999999984e+01 2.471300000000000097e+01 1.332000000000000073e+00
3.996600000000000108e+01 5.466000000000000192e+00 2.836499999999999844e+01 -2.700000000000000178e-01
1.689900000000000091e+01 -7.551999999999999602e+00 2.683899999999999864e+01 -7.540000000000000036e-01
2.876999999999999780e+00 -1.395199999999999996e+01 1.644900000000000162e+01 -2.699999999999999969e-02
1.407999999999999918e+00 -9.189000000000000057e+00 3.919999999999999929e+00 4.849999999999999867e-01
-3.807999999999999829e+00 4.690000000000000391e+00 -3.508000000000000007e+00 -1.160000000000000059e-01
-2.201999999999999957e+01 1.816199999999999903e+01 -6.221000000000000085e+00 -9.220000000000000417e-01
-3.912299999999999756e+01 1.814900000000000091e+01 -6.506000000000000227e+00 -9.190000000000000391e-01
-4.211699999999999733e+01 1.419000000000000039e+00 -5.309000000000000163e+00 -3.990000000000000213e-01
-3.733400000000000318e+01 -1.816199999999999903e+01 -5.644999999999999574e+00 2.299999999999999961e-02
-3.219400000000000261e+01 -2.484499999999999886e+01 -1.026200000000000045e+01 3.420000000000000262e-01
-2.242999999999999972e+01 -2.030000000000000071e+01 -1.601399999999999935e+01 6.929999999999999494e-01
-8.358999999999999986e+00 -1.875400000000000134e+01 -1.656800000000000139e+01 1.046999999999999931e+00
-3.525999999999999801e+00 -2.673600000000000065e+01 -1.041799999999999926e+01 1.419000000000000039e+00
-1.459200000000000053e+01 -3.536299999999999955e+01 -2.854999999999999982e+00 1.671999999999999931e+00
-2.678699999999999903e+01 -3.318900000000000006e+01 -1.360000000000000098e-01 1.296000000000000041e+00
-2.335500000000000043e+01 -2.296999999999999886e+01 -3.681999999999999940e+00 5.199999999999999761e-02
-9.618999999999999773e+00 -1.833699999999999974e+01 -1.000000000000000000e+01 -1.326000000000000068e+00
-2.916999999999999815e+00 -2.330399999999999849e+01 -1.477500000000000036e+01 -1.840999999999999970e+00
-5.990000000000000213e+00 -2.690500000000000114e+01 -1.651800000000000068e+01 -1.542999999999999927e+00
-5.229000000000000092e+00 -1.999800000000000111e+01 -1.667699999999999960e+01 -1.250999999999999890e+00
7.349999999999999645e+00 -5.089999999999999858e+00 -1.652299999999999969e+01 -1.157000000000000028e+00
2.097299999999999898e+01 1.093299999999999983e+01 -1.497899999999999920e+01 -8.239999999999999547e-01
1.728800000000000026e+01 2.269000000000000128e+01 -1.098300000000000054e+01 -2.869999999999999774e-01
-8.826000000000000512e+00 2.487900000000000134e+01 -6.474000000000000199e+00 7.699999999999999900e-02
-4.341100000000000136e+01 1.431000000000000050e+01 -4.296000000000000263e+00 4.040000000000000258e-01
-6.642900000000000205e+01 -3.942000000000000171e+00 -4.057999999999999829e+00 9.300000000000000488e-01
-6.408799999999999386e+01 -1.683699999999999974e+01 -2.858000000000000096e+00 1.229999999999999982e+00
-3.342499999999999716e+01 -1.379400000000000048e+01 3.019999999999999907e-01 8.329999999999999627e-01
1.192699999999999960e+01 2.616999999999999993e+00 3.537999999999999812e+00 7.799999999999999989e-02
4.484700000000000131e+01 1.971300000000000097e+01 5.296000000000000263e+00 -4.889999999999999902e-01
4.799000000000000199e+01 2.894300000000000139e+01 5.983999999999999986e+00 -8.379999999999999671e-01
3.031299999999999883e+01 3.146600000000000108e+01 6.195000000000000284e+00 -9.909999999999999920e-01
1.364899999999999913e+01 3.038599999999999923e+01 5.155999999999999694e+00 -7.069999999999999618e-01
1.259200000000000053e+01 2.626699999999999946e+01 2.315999999999999837e+00 -8.999999999999999320e-03
2.987300000000000111e+01 2.060000000000000142e+01 -1.360000000000000098e-01 9.340000000000000524e-01
5.685199999999999676e+01 1.553800000000000026e+01 6.009999999999999787e-01 2.479999999999999982e+00
7.426099999999999568e+01 9.643000000000000682e+00 2.785000000000000142e+00 4.774000000000000021e+00
6.484199999999999875e+01 7.299999999999999822e-01 1.667000000000000037e+00 6.173000000000000043e+00
3.220400000000000063e+01 -7.838000000000000078e+00 -2.487000000000000099e+00 4.344000000000000306e+00
-1.118000000000000105e+00 -1.075099999999999945e+01 -3.955000000000000071e+00 -2.010000000000000120e-01
-1.891400000000000148e+01 -9.166999999999999815e+00 -1.913999999999999924e+00 -3.845000000000000195e+00
-2.167500000000000071e+01 -7.817999999999999616e+00 -2.196000000000000174e+00 -4.764000000000000234e+00
-1.013700000000000045e+01 -5.113999999999999879e+00 -4.067999999999999616e+00 -5.589999999999999858e+00
1.605799999999999983e+01 3.940999999999999837e+00 9.719999999999999751e-01 -8.211999999999999744e+00
3.949199999999999733e+01 1.509500000000000064e+01 1.255199999999999960e+01 -9.266999999999999460e+00
3.574799999999999756e+01 1.711299999999999955e+01 2.018700000000000117e+01 -5.974000000000000199e+00
7.075999999999999623e+00 7.943999999999999950e+00 1.962099999999999866e+01 -2.063000000000000167e+00
-1.939399999999999835e+01 -1.875000000000000000e+00 1.481300000000000061e+01 -1.292000000000000037e+00
-2.487800000000000011e+01 -3.040000000000000036e+00 8.108999999999999986e+00 -8.040000000000000480e-01
-1.294299999999999962e+01 2.350999999999999979e+00 1.550999999999999934e+00 2.630999999999999783e+00
4.060999999999999943e+00 6.506000000000000227e+00 8.549999999999999822e-01 6.599000000000000199e+00
1.756500000000000128e+01 7.596000000000000085e+00 7.942999999999999616e+00 8.307000000000000384e+00
2.164600000000000080e+01 1.021400000000000041e+01 1.727299999999999969e+01 9.028000000000000469e+00
1.270299999999999940e+01 1.571199999999999974e+01 2.554799999999999827e+01 1.009200000000000053e+01
-2.503000000000000114e+00 1.950199999999999889e+01 3.454399999999999693e+01 9.952999999999999403e+00
-9.285000000000000142e+00 1.771799999999999997e+01 4.108599999999999852e+01 7.054999999999999716e+00
-3.317000000000000171e+00 1.015000000000000036e+01 3.703999999999999915e+01 1.993999999999999995e+00
2.561999999999999833e+00 -2.314999999999999947e+00 2.140299999999999869e+01 -4.065999999999999837e+00
-5.514999999999999680e+00 -1.772599999999999909e+01 1.824000000000000066e+00 -1.059800000000000075e+01
-2.704799999999999827e+01 -3.134700000000000131e+01 -1.498399999999999999e+01 -1.654599999999999937e+01
-5.000600000000000023e+01 -3.814399999999999835e+01 -2.585600000000000165e+01 -1.972299999999999898e+01
-6.135099999999999909e+01 -3.679800000000000182e+01 -2.785900000000000176e+01 -1.827499999999999858e+01
-5.226500000000000057e+01 -2.945899999999999963e+01 -2.131899999999999906e+01 -1.241200000000000081e+01
-2.279899999999999949e+01 -1.962900000000000134e+01 -1.383500000000000085e+01 -4.897000000000000242e+00
1.183999999999999986e+01 -1.130700000000000038e+01 -1.329700000000000060e+01 6.099999999999999867e-01
2.925100000000000122e+01 -6.993999999999999773e+00 -1.864699999999999847e+01 2.717000000000000082e+00
2.342299999999999827e+01 -5.719999999999999751e+00 -2.304500000000000171e+01 3.121999999999999886e+00
1.055700000000000038e+01 -4.881000000000000227e+00 -2.194999999999999929e+01 3.612999999999999989e+00
3.979999999999999982e+00 -4.152999999999999581e+00 -1.504899999999999949e+01 4.043000000000000149e+00
-2.987000000000000099e+00 -6.783999999999999808e+00 -6.535999999999999588e+00 4.000000000000000000e+00
-2.241100000000000136e+01 -1.572499999999999964e+01 -3.794999999999999929e+00 4.232000000000000206e+00
-5.110999999999999943e+01 -2.797400000000000020e+01 -9.685000000000000497e+00 5.357999999999999652e+00
-6.974699999999999989e+01 -3.515500000000000114e+01 -1.753000000000000114e+01 6.714000000000000412e+00
-6.099600000000000222e+01 -3.085900000000000176e+01 -1.813100000000000023e+01 7.248999999999999666e+00
-2.700799999999999912e+01 -1.578500000000000014e+01 -1.041900000000000048e+01 6.849999999999999645e+00
1.369100000000000072e+01 3.273000000000000131e+00 -1.526000000000000023e+00 6.144999999999999574e+00
4.188000000000000256e+01 1.703200000000000003e+01 3.644000000000000128e+00 5.232999999999999652e+00
4.731000000000000227e+01 1.880600000000000094e+01 6.783999999999999808e+00 3.604000000000000092e+00
3.247299999999999898e+01 1.107399999999999984e+01 8.698999999999999844e+00 1.479000000000000092e+00
9.971000000000000085e+00 6.584999999999999964e+00 7.395999999999999908e+00 -2.000000000000000042e-02
-1.004700000000000060e+01 1.693599999999999994e+01 5.328999999999999737e+00 -2.680000000000000160e-01
-2.454500000000000171e+01 3.939099999999999824e+01 7.256999999999999673e+00 1.729999999999999871e-01
-2.473400000000000176e+01 6.166899999999999693e+01 1.229100000000000037e+01 2.010000000000000120e-01
5.099999999999999645e+00 7.924899999999999523e+01 1.726800000000000068e+01 -6.710000000000000409e-01
6.071900000000000119e+01 9.609499999999999886e+01 2.023300000000000054e+01 -1.457000000000000073e+00
1.029039999999999964e+02 1.053940000000000055e+02 1.507499999999999929e+01 -5.769999999999999574e-01
8.967799999999999727e+01 8.657899999999999352e+01 -2.519000000000000128e+00 1.907999999999999918e+00
2.213899999999999935e+01 3.370300000000000296e+01 -2.127700000000000102e+01 4.075999999999999623e+00
-5.297399999999999665e+01 -2.532999999999999829e+01 -2.505900000000000105e+01 5.174000000000000377e+00
-8.746399999999999864e+01 -5.409599999999999653e+01 -1.725100000000000122e+01 7.299000000000000377e+00
-7.314499999999999602e+01 -4.790500000000000114e+01 -1.498399999999999999e+01 1.215799999999999947e+01
-3.738400000000000034e+01 -3.247299999999999898e+01 -1.948799999999999955e+01 1.740299999999999869e+01
-5.323000000000000398e+00 -2.466700000000000159e+01 -1.217500000000000071e+01 1.801399999999999935e+01
1.920499999999999829e+01 -1.698400000000000176e+01 1.450000000000000000e+01 1.121000000000000085e+01
3.613199999999999790e+01 -3.782000000000000028e+00 4.023199999999999932e+01 -3.400000000000000244e-02
3.599799999999999756e+01 3.343999999999999861e+00 4.246999999999999886e+01 -9.051999999999999602e+00
1.658999999999999986e+01 -4.488000000000000433e+00 2.495299999999999940e+01 -1.272100000000000009e+01
-6.921000000000000263e+00 -1.912800000000000011e+01 8.486000000000000654e+00 -1.478500000000000014e+01
-2.225499999999999901e+01 -2.910999999999999943e+01 3.402000000000000135e+00 -1.931599999999999895e+01
-3.395900000000000318e+01 -3.179299999999999926e+01 2.553999999999999826e+00 -2.373300000000000054e+01
-4.663700000000000045e+01 -2.608800000000000097e+01 -1.665000000000000036e+00 -2.194000000000000128e+01
-5.220600000000000307e+01 -9.102999999999999758e+00 -5.153999999999999915e+00 -1.289100000000000001e+01
-4.686500000000000199e+01 8.878000000000000114e+00 -3.165999999999999925e+00 -2.883999999999999897e+00
-4.471500000000000341e+01 3.620000000000000107e+00 -3.076000000000000068e+00 1.544999999999999929e+00
-5.606799999999999784e+01 -2.895200000000000173e+01 -1.365600000000000058e+01 6.720000000000000417e-01
-5.962899999999999778e+01 -5.637500000000000000e+01 -2.791700000000000159e+01 -8.239999999999999547e-01
-2.268599999999999994e+01 -5.144500000000000028e+01 -3.073000000000000043e+01 -9.900000000000000466e-02
4.169899999999999807e+01 -3.025799999999999912e+01 -2.203600000000000136e+01 3.138999999999999790e+00
7.428199999999999648e+01 -2.318700000000000117e+01 -1.646600000000000108e+01 7.900000000000000355e+00
5.289600000000000080e+01 -2.761799999999999855e+01 -1.675100000000000122e+01 1.134600000000000009e+01
2.855900000000000105e+01 -1.900400000000000134e+01 -8.769999999999999574e+00 1.130700000000000038e+01
4.381700000000000017e+01 5.214000000000000412e+00 9.176000000000000156e+00 9.407999999999999474e+00
7.261299999999999955e+01 2.626099999999999923e+01 1.954200000000000159e+01 7.443999999999999950e+00
7.762099999999999511e+01 3.894500000000000028e+01 1.847700000000000031e+01 3.717999999999999972e+00
6.835699999999999932e+01 5.188400000000000034e+01 2.520700000000000074e+01 -2.879999999999999893e+00
6.684099999999999397e+01 6.083200000000000074e+01 4.786899999999999977e+01 -9.361000000000000654e+00
6.474500000000000455e+01 5.156499999999999773e+01 6.677200000000000557e+01 -1.261400000000000077e+01
4.573499999999999943e+01 2.447100000000000009e+01 6.057900000000000063e+01 -1.338199999999999967e+01
1.542600000000000016e+01 -4.060999999999999943e+00 3.248700000000000188e+01 -1.356499999999999950e+01
-9.794000000000000483e+00 -2.043799999999999883e+01 3.931000000000000050e+00 -1.221599999999999930e+01
-1.801099999999999923e+01 -2.150700000000000145e+01 -1.032099999999999973e+01 -7.516000000000000014e+00
-3.196000000000000174e+00 -1.079800000000000004e+01 -1.362599999999999945e+01 -1.231999999999999984e+00
2.801999999999999957e+01 3.616999999999999993e+00 -1.544899999999999984e+01 2.970000000000000195e+00
5.849300000000000210e+01 1.490700000000000003e+01 -1.748999999999999844e+01 4.644000000000000128e+00
7.684499999999999886e+01 2.335699999999999932e+01 -1.629200000000000159e+01 5.788999999999999702e+00
7.626800000000000068e+01 2.891600000000000037e+01 -1.227399999999999913e+01 6.616999999999999993e+00
4.578000000000000114e+01 2.350499999999999901e+01 -8.872999999999999332e+00 6.134000000000000341e+00
-1.320299999999999940e+01 7.900000000000000355e-01 -6.961999999999999744e+00 5.126999999999999780e+00
-7.257899999999999352e+01 -3.093900000000000006e+01 -6.937999999999999723e+00 5.056000000000000050e+00
-1.019489999999999981e+02 -5.355799999999999983e+01 -1.174799999999999933e+01 5.421000000000000263e+00
-9.987399999999999523e+01 -5.675600000000000023e+01 -2.140700000000000003e+01 5.094000000000000306e+00
-8.761299999999999955e+01 -4.705599999999999739e+01 -2.998199999999999932e+01 4.724999999999999645e+00
-8.006699999999999307e+01 -3.703300000000000125e+01 -3.321600000000000108e+01 4.911999999999999922e+00
-7.466200000000000614e+01 -2.991700000000000159e+01 -3.284499999999999886e+01 4.046000000000000263e+00
-6.480700000000000216e+01 -2.162999999999999901e+01 -3.083399999999999963e+01 1.175999999999999934e+00
-5.260600000000000165e+01 -1.327100000000000080e+01 -2.742200000000000060e+01 -1.558999999999999941e+00
-4.254699999999999704e+01 -9.368000000000000327e+00 -2.455799999999999983e+01 -2.486000000000000210e+00
-3.004799999999999827e+01 -6.163999999999999702e+00 -2.258899999999999864e+01 -2.951000000000000068e+00
-1.040000000000000036e+01 3.189999999999999947e+00 -1.780799999999999983e+01 -3.512000000000000011e+00
5.158999999999999808e+00 1.260100000000000087e+01 -1.064400000000000013e+01 -2.192000000000000171e+00
1.247000000000000108e+00 8.849999999999999645e+00 -7.786999999999999922e+00 7.950000000000000400e-01
-1.720100000000000051e+01 -6.775999999999999801e+00 -1.080799999999999983e+01 1.983999999999999986e+00
-2.869399999999999906e+01 -1.827299999999999969e+01 -1.287500000000000000e+01 3.699999999999999956e-01
-1.844999999999999929e+01 -1.479899999999999949e+01 -8.726000000000000867e+00 -1.066999999999999948e+00
9.586000000000000298e+00 1.100999999999999979e+00 1.124000000000000110e+00 -4.739999999999999769e-01
3.696500000000000341e+01 2.006299999999999883e+01 1.315900000000000070e+01 7.299999999999999822e-01
4.657600000000000051e+01 3.176399999999999935e+01 2.171000000000000085e+01 1.012000000000000011e+00
3.755700000000000216e+01 3.045799999999999841e+01 2.292099999999999937e+01 6.710000000000000409e-01
2.110600000000000165e+01 2.084900000000000020e+01 1.927400000000000091e+01 6.420000000000000151e-01
5.530000000000000249e+00 1.354400000000000048e+01 1.525000000000000000e+01 1.467999999999999972e+00
-5.913999999999999702e+00 1.294500000000000028e+01 1.146799999999999997e+01 2.974000000000000199e+00
-6.865000000000000213e+00 1.494800000000000040e+01 6.110999999999999766e+00 4.027999999999999581e+00
7.195999999999999730e+00 1.501900000000000013e+01 -7.600000000000000089e-01 3.891999999999999904e+00
2.413800000000000168e+01 1.324099999999999966e+01 -5.570000000000000284e+00 3.955000000000000071e+00
2.369200000000000017e+01 1.191200000000000081e+01 -3.552000000000000046e+00 5.642999999999999794e+00
4.080000000000000071e+00 9.747999999999999332e+00 6.567999999999999616e+00 6.679000000000000270e+00
-1.569400000000000084e+01 3.616999999999999993e+00 2.071999999999999886e+01 3.565999999999999837e+00
-1.685200000000000031e+01 -7.000000000000000666e-02 3.425000000000000000e+01 -2.197999999999999954e+00
3.439999999999999947e+00 1.092399999999999949e+01 4.552600000000000335e+01 -5.544999999999999929e+00
2.635200000000000031e+01 3.137800000000000011e+01 5.125300000000000011e+01 -5.344000000000000306e+00
2.529299999999999926e+01 3.863499999999999801e+01 4.615599999999999881e+01 -5.174999999999999822e+00
-1.887000000000000011e+00 2.462500000000000000e+01 3.241299999999999670e+01 -6.649000000000000021e+00
-2.862099999999999866e+01 6.988000000000000433e+00 1.905300000000000082e+01 -6.876000000000000334e+00
-3.421800000000000352e+01 3.988999999999999879e+00 1.061100000000000065e+01 -3.757000000000000117e+00
-2.203399999999999892e+01 1.616300000000000026e+01 6.722999999999999865e+00 4.599999999999999922e-02
-3.757000000000000117e+00 3.136899999999999977e+01 7.708000000000000185e+00 8.739999999999999991e-01
1.265700000000000003e+01 3.671500000000000341e+01 1.090900000000000070e+01 -8.229999999999999538e-01
2.210900000000000176e+01 2.957300000000000040e+01 9.313000000000000611e+00 -2.005999999999999783e+00
2.589900000000000091e+01 1.935399999999999920e+01 9.799999999999999822e-01 -1.818999999999999950e+00
3.348100000000000165e+01 1.408600000000000030e+01 -6.676000000000000156e+00 -1.826000000000000068e+00
4.886500000000000199e+01 1.031799999999999962e+01 -6.780000000000000249e+00 -2.416999999999999815e+00
6.032399999999999807e+01 1.602999999999999980e+00 -2.668000000000000149e+00 -2.096000000000000085e+00
5.546999999999999886e+01 -9.721999999999999531e+00 -2.853000000000000203e+00 -3.639999999999999902e-01
3.792999999999999972e+01 -1.540099999999999980e+01 -9.199999999999999289e+00 1.304000000000000048e+00
1.911299999999999955e+01 -1.285299999999999976e+01 -1.567600000000000016e+01 1.762000000000000011e+00
6.328999999999999737e+00 -8.960000000000000853e+00 -1.784700000000000131e+01 1.627999999999999892e+00
4.698999999999999844e+00 -1.128800000000000026e+01 -1.820200000000000173e+01 1.903999999999999915e+00
1.481900000000000084e+01 -1.900700000000000145e+01 -2.041499999999999915e+01 2.414000000000000146e+00
2.417399999999999949e+01 -2.546499999999999986e+01 -2.319099999999999895e+01 2.463999999999999968e+00
1.579400000000000048e+01 -2.714600000000000080e+01 -2.377700000000000102e+01 2.279999999999999805e+00
-9.891000000000000014e+00 -2.662600000000000122e+01 -2.257100000000000151e+01 2.427999999999999936e+00
-3.427499999999999858e+01 -2.785800000000000054e+01 -2.034600000000000009e+01 2.293000000000000149e+00
-4.467699999999999960e+01 -3.133899999999999864e+01 -1.672400000000000020e+01 8.030000000000000471e-01
-4.735099999999999909e+01 -3.475000000000000000e+01 -1.365300000000000047e+01 -1.639999999999999902e+00
-5.430899999999999750e+01 -3.684599999999999653e+01 -1.399300000000000033e+01 -3.520000000000000018e+00
-6.710899999999999466e+01 -3.825500000000000256e+01 -1.630499999999999972e+01 -4.302999999999999936e+00
-7.505200000000000671e+01 -3.755899999999999750e+01 -1.672800000000000153e+01 -4.894000000000000128e+00
-6.289099999999999824e+01 -2.961100000000000065e+01 -1.409099999999999930e+01 -5.884999999999999787e+00
-2.553000000000000114e+01 -1.266600000000000037e+01 -8.727999999999999758e+00 -6.264000000000000234e+00
1.594999999999999929e+01 4.399000000000000021e+00 -3.280000000000000138e-01 -4.628999999999999559e+00
2.708599999999999852e+01 1.001699999999999946e+01 8.929999999999999716e+00 -1.512000000000000011e+00
3.120999999999999996e+00 5.222999999999999865e+00 1.338700000000000045e+01 7.409999999999999920e-01
-2.066600000000000037e+01 1.512999999999999901e+00 1.024499999999999922e+01 8.449999999999999734e-01
-1.692800000000000082e+01 3.587000000000000188e+00 4.871000000000000441e+00 1.029999999999999943e-01
4.000000000000000222e-01 6.983999999999999986e+00 6.852000000000000313e+00 2.030000000000000138e-01
9.542999999999999261e+00 1.280000000000000071e+01 1.977899999999999991e+01 8.709999999999999964e-01
1.909299999999999997e+01 2.655099999999999838e+01 3.497399999999999665e+01 1.046000000000000041e+00
4.357300000000000040e+01 4.021600000000000108e+01 3.851899999999999835e+01 9.599999999999999645e-01
6.814499999999999602e+01 3.713400000000000034e+01 2.660500000000000043e+01 1.300999999999999934e+00
7.159499999999999886e+01 1.891799999999999926e+01 9.621000000000000441e+00 1.701000000000000068e+00
5.867699999999999960e+01 5.820000000000000284e+00 -8.750000000000000000e-01 1.649000000000000021e+00
4.199799999999999756e+01 6.834999999999999964e+00 -3.846999999999999975e+00 1.578000000000000069e+00
2.031099999999999994e+01 1.018999999999999950e+01 -5.410999999999999588e+00 1.901000000000000023e+00
-5.060999999999999943e+00 6.483999999999999986e+00 -8.454000000000000625e+00 2.111000000000000210e+00
-2.018799999999999883e+01 1.633000000000000007e+00 -9.186999999999999389e+00 1.637000000000000011e+00
-1.895899999999999963e+01 2.511000000000000121e+00 -3.879999999999999893e+00 8.279999999999999583e-01
-1.273300000000000054e+01 4.961999999999999744e+00 3.690999999999999837e+00 4.929999999999999938e-01
-1.322499999999999964e+01 8.920000000000000151e-01 5.554999999999999716e+00 8.319999999999999618e-01
-2.076300000000000168e+01 -1.084600000000000009e+01 8.400000000000000522e-02 1.201999999999999957e+00
-3.053099999999999881e+01 -2.380099999999999838e+01 -6.721000000000000085e+00 1.070999999999999952e+00
-3.835799999999999699e+01 -3.096499999999999986e+01 -1.111700000000000088e+01 8.419999999999999707e-01
-4.064500000000000313e+01 -3.017099999999999937e+01 -1.466699999999999982e+01 1.147999999999999909e+00
-3.539600000000000080e+01 -2.275000000000000000e+01 -1.637500000000000000e+01 1.961999999999999966e+00
-2.192899999999999849e+01 -9.912000000000000810e+00 -1.144899999999999984e+01 3.153000000000000025e+00
-6.250000000000000000e-01 5.379999999999999893e+00 -4.149999999999999800e-01 4.538999999999999702e+00
2.293900000000000006e+01 1.535100000000000087e+01 8.810999999999999943e+00 4.700999999999999623e+00
3.848299999999999699e+01 1.336500000000000021e+01 1.064799999999999969e+01 2.088999999999999968e+00
3.950500000000000256e+01 1.641999999999999904e+00 6.809000000000000163e+00 -1.913999999999999924e+00
2.719500000000000028e+01 -1.259299999999999997e+01 4.380000000000000004e-01 -3.874000000000000110e+00
6.589999999999999858e+00 -2.486400000000000077e+01 -7.161999999999999922e+00 -2.976999999999999869e+00
-1.494899999999999984e+01 -3.213499999999999801e+01 -1.346899999999999942e+01 -1.568999999999999950e+00
-2.679299999999999926e+01 -2.953399999999999892e+01 -1.537199999999999989e+01 -7.209999999999999742e-01
-2.281500000000000128e+01 -1.617699999999999960e+01 -1.307000000000000028e+01 6.490000000000000213e-01
-1.198499999999999943e+01 -1.143999999999999906e+00 -8.746000000000000441e+00 2.080999999999999961e+00
-9.903999999999999915e+00 4.599000000000000199e+00 -2.278999999999999915e+00 1.596999999999999975e+00
-1.905199999999999960e+01 1.020999999999999908e+00 6.623999999999999666e+00 -3.729999999999999982e-01
-2.963500000000000156e+01 -3.843999999999999861e+00 1.266000000000000014e+01 -1.425999999999999934e+00
-3.679200000000000159e+01 -7.467999999999999972e+00 8.733999999999999986e+00 -1.439999999999999947e+00
-4.312599999999999767e+01 -1.365099999999999980e+01 -3.544000000000000039e+00 -1.913999999999999924e+00
-4.916700000000000159e+01 -2.069500000000000028e+01 -1.506300000000000061e+01 -1.290000000000000036e+00
-5.247399999999999665e+01 -1.992500000000000071e+01 -2.036799999999999855e+01 3.395000000000000018e+00
-4.828699999999999903e+01 -7.671999999999999709e+00 -1.923600000000000065e+01 9.650000000000000355e+00
-2.604299999999999926e+01 9.740999999999999659e+00 -1.112899999999999956e+01 1.096799999999999997e+01
1.995400000000000063e+01 2.528900000000000148e+01 3.011000000000000121e+00 6.214999999999999858e+00
6.960200000000000387e+01 3.830499999999999972e+01 1.753900000000000148e+01 8.149999999999999467e-01
8.264199999999999591e+01 4.663199999999999790e+01 2.512500000000000000e+01 -2.287999999999999812e+00
3.994100000000000250e+01 4.043900000000000006e+01 2.130999999999999872e+01 -6.036999999999999922e+00
-2.896900000000000119e+01 1.688400000000000034e+01 9.387000000000000455e+00 -1.231199999999999939e+01
-7.465399999999999636e+01 -7.115999999999999659e+00 -2.699999999999999969e-02 -1.715099999999999980e+01
-7.809199999999999875e+01 -1.199099999999999966e+01 -1.483000000000000096e+00 -1.526500000000000057e+01
-5.669100000000000250e+01 1.818999999999999950e+00 -2.787999999999999812e+00 -6.658999999999999808e+00
-2.644099999999999895e+01 1.808899999999999864e+01 -1.227399999999999913e+01 3.116999999999999993e+00
1.656299999999999883e+01 2.346600000000000108e+01 -2.340200000000000102e+01 8.028999999999999915e+00
7.200900000000000034e+01 1.848100000000000165e+01 -2.095299999999999940e+01 5.738000000000000433e+00
1.202249999999999943e+02 1.654899999999999949e+01 2.489999999999999991e-01 -1.100000000000000089e+00
1.412500000000000000e+02 2.835000000000000142e+01 2.774399999999999977e+01 -6.232000000000000206e+00
1.271209999999999951e+02 4.143299999999999983e+01 4.003799999999999670e+01 -5.575999999999999623e+00
7.666700000000000159e+01 2.714399999999999835e+01 2.483599999999999852e+01 -2.755999999999999783e+00
2.180000000000000160e+00 -1.919999999999999929e+01 -4.767000000000000348e+00 -4.482999999999999652e+00
-6.302900000000000347e+01 -5.775099999999999767e+01 -1.877400000000000091e+01 -9.964999999999999858e+00
-8.268300000000000693e+01 -4.416899999999999693e+01 -3.060000000000000053e+00 -1.136999999999999922e+01
-4.717199999999999704e+01 1.526099999999999923e+01 2.579400000000000048e+01 -5.451999999999999957e+00
1.591300000000000026e+01 6.920900000000000318e+01 4.524199999999999733e+01 2.492999999999999883e+00
6.670600000000000307e+01 8.143300000000000693e+01 5.320100000000000051e+01 6.844000000000000306e+00
9.506100000000000705e+01 6.448199999999999932e+01 5.940899999999999892e+01 7.309999999999999609e+00
1.200669999999999931e+02 4.872999999999999687e+01 6.225600000000000023e+01 6.413999999999999702e+00
1.366310000000000002e+02 3.882800000000000296e+01 5.084000000000000341e+01 6.411999999999999922e+00
1.074039999999999964e+02 1.749299999999999855e+01 2.655999999999999872e+01 8.179999999999999716e+00
3.237299999999999756e+01 -1.762800000000000011e+01 5.229000000000000092e+00 9.932999999999999829e+00
-3.201200000000000045e+01 -4.426100000000000279e+01 -4.844000000000000306e+00 8.615999999999999659e+00
-4.782800000000000296e+01 -4.635499999999999687e+01 -1.097899999999999920e+01 4.320000000000000284e+00
-3.551100000000000279e+01 -3.466100000000000136e+01 -1.893799999999999883e+01 6.530000000000000249e-01
-2.750400000000000134e+01 -2.744099999999999895e+01 -2.392599999999999838e+01 -5.800000000000000294e-02
-2.846699999999999875e+01 -2.719000000000000128e+01 -2.308599999999999852e+01 1.028000000000000025e+00
-3.055199999999999960e+01 -2.771300000000000097e+01 -2.281500000000000128e+01 1.977000000000000091e+00
-3.473100000000000165e+01 -2.937999999999999901e+01 -2.841600000000000037e+01 2.282999999999999918e+00
-4.300099999999999767e+01 -3.412400000000000233e+01 -3.534400000000000119e+01 2.198999999999999844e+00
-4.753900000000000148e+01 -3.680599999999999739e+01 -3.613199999999999790e+01 1.808999999999999941e+00
-3.936699999999999733e+01 -3.205700000000000216e+01 -3.136299999999999955e+01 1.399999999999999911e+00
-2.022500000000000142e+01 -2.141100000000000136e+01 -2.781099999999999994e+01 1.606000000000000094e+00
-1.227000000000000091e+00 -9.419999999999999929e+00 -2.843499999999999872e+01 2.315999999999999837e+00
7.653999999999999915e+00 6.590000000000000302e-01 -3.048499999999999943e+01 2.451999999999999957e+00
5.195999999999999730e+00 7.094000000000000306e+00 -3.121600000000000108e+01 1.762999999999999901e+00
-4.027000000000000135e+00 9.916999999999999815e+00 -3.040800000000000125e+01 1.455999999999999961e+00
-1.664399999999999835e+01 9.962999999999999190e+00 -2.967999999999999972e+01 2.068999999999999950e+00
-3.037099999999999866e+01 6.567000000000000171e+00 -3.135600000000000165e+01 2.376999999999999780e+00
-4.023100000000000165e+01 -1.110999999999999988e+00 -3.438799999999999812e+01 1.328999999999999959e+00
-4.163600000000000279e+01 -9.845000000000000639e+00 -3.279399999999999693e+01 -2.409999999999999920e-01
-3.557699999999999818e+01 -1.266499999999999915e+01 -2.314799999999999969e+01 -6.189999999999999947e-01
-2.463100000000000023e+01 -4.604000000000000092e+00 -9.926999999999999602e+00 5.500000000000000444e-01
-8.624000000000000554e+00 1.275099999999999945e+01 1.387999999999999901e+00 1.473999999999999977e+00
6.625000000000000000e+00 2.972299999999999898e+01 1.034299999999999997e+01 5.620000000000000551e-01
3.862999999999999989e+00 3.180199999999999960e+01 1.650600000000000023e+01 -9.479999999999999538e-01
-2.601500000000000057e+01 1.311400000000000077e+01 1.620700000000000074e+01 -8.149999999999999467e-01
-6.248400000000000176e+01 -1.263899999999999935e+01 8.634999999999999787e+00 4.249999999999999889e-01
-7.378199999999999648e+01 -2.607799999999999940e+01 -5.420000000000000373e-01 5.600000000000000117e-02
-5.745100000000000051e+01 -2.535300000000000153e+01 -5.442999999999999616e+00 -2.799999999999999822e+00
-3.909199999999999875e+01 -2.246900000000000119e+01 -6.298000000000000043e+00 -5.838000000000000078e+00
-3.103099999999999881e+01 -2.207700000000000173e+01 -5.900000000000000355e+00 -6.669999999999999929e+00
-2.237099999999999866e+01 -1.927199999999999847e+01 -3.419000000000000039e+00 -5.730999999999999872e+00
-8.324999999999999289e+00 -1.331199999999999939e+01 3.512000000000000011e+00 -5.057999999999999829e+00
3.509999999999999787e+00 -9.643000000000000682e+00 1.309299999999999997e+01 -5.626999999999999780e+00
1.530700000000000038e+01 -1.030599999999999916e+01 1.926300000000000168e+01 -6.894999999999999574e+00
3.911599999999999966e+01 -1.074399999999999977e+01 1.753699999999999903e+01 -7.448999999999999844e+00
7.134300000000000352e+01 -6.294999999999999929e+00 1.090499999999999936e+01 -5.935999999999999943e+00
8.778900000000000148e+01 1.806000000000000050e+00 7.350999999999999979e+00 -2.866999999999999993e+00
7.284000000000000341e+01 8.521000000000000796e+00 9.910000000000000142e+00 -7.329999999999999849e-01
4.074699999999999989e+01 1.200799999999999912e+01 1.416699999999999982e+01 -7.710000000000000187e-01
1.748600000000000065e+01 1.553200000000000003e+01 1.639900000000000091e+01 -1.122999999999999998e+00
8.442000000000000171e+00 2.059100000000000108e+01 1.719999999999999929e+01 2.409999999999999920e-01
-3.154999999999999805e+00 2.112300000000000111e+01 1.698300000000000054e+01 2.563000000000000167e+00
-2.629599999999999937e+01 1.063799999999999990e+01 1.430799999999999983e+01 3.702999999999999847e+00
-4.642300000000000182e+01 -5.213000000000000078e+00 9.175000000000000711e+00 3.028000000000000025e+00
-4.569299999999999784e+01 -1.245800000000000018e+01 4.709999999999999964e+00 1.750000000000000000e+00
-2.662800000000000011e+01 -7.546999999999999709e+00 4.009999999999999787e+00 1.131999999999999895e+00
-7.796000000000000263e+00 -1.310999999999999943e+00 6.375000000000000000e+00 1.191000000000000059e+00
-9.829999999999999849e-01 -1.754999999999999893e+00 9.198000000000000398e+00 1.272000000000000020e+00
8.970000000000000195e-01 -5.230000000000000426e+00 1.176800000000000068e+01 1.201000000000000068e+00
1.095100000000000051e+01 -6.065999999999999837e+00 1.380499999999999972e+01 1.233000000000000096e+00
2.759600000000000009e+01 -3.721999999999999975e+00 1.336800000000000033e+01 1.352999999999999980e+00
3.380299999999999727e+01 -1.419999999999999873e-01 9.868999999999999773e+00 1.296999999999999931e+00
1.867200000000000060e+01 3.032999999999999918e+00 6.033999999999999808e+00 1.006000000000000005e+00
-6.391000000000000014e+00 5.267000000000000348e+00 4.219999999999999751e+00 7.620000000000000107e-01
-2.060000000000000142e+01 6.975999999999999979e+00 3.551000000000000156e+00 9.280000000000000471e-01
-1.889399999999999835e+01 7.939000000000000057e+00 2.253000000000000114e+00 1.465999999999999970e+00
-1.251900000000000013e+01 8.053000000000000824e+00 7.369999999999999885e-01 1.800999999999999934e+00
-8.486000000000000654e+00 9.500999999999999446e+00 6.480000000000000204e-01 1.475000000000000089e+00
-2.838000000000000078e+00 1.385599999999999987e+01 1.377999999999999892e+00 6.640000000000000346e-01
7.431000000000000050e+00 1.796399999999999864e+01 3.970000000000000195e-01 -2.000000000000000111e-01
1.800900000000000034e+01 1.713500000000000156e+01 -2.083000000000000185e+00 -9.449999999999999512e-01
2.346999999999999886e+01 1.170299999999999940e+01 -2.990000000000000213e+00 -1.540999999999999925e+00
2.212800000000000011e+01 7.091999999999999638e+00 -2.350000000000000089e+00 -1.792999999999999927e+00
1.517900000000000027e+01 7.520999999999999908e+00 -4.158999999999999808e+00 -1.495999999999999996e+00
8.108000000000000540e+00 1.191399999999999970e+01 -9.092000000000000526e+00 -8.289999999999999591e-01
1.044800000000000040e+01 1.654400000000000048e+01 -1.125900000000000034e+01 -2.969999999999999862e-01
2.517999999999999972e+01 1.951099999999999923e+01 -5.496000000000000441e+00 -1.779999999999999916e-01
4.032099999999999795e+01 1.985800000000000054e+01 5.155999999999999694e+00 -2.889999999999999791e-01
3.913499999999999801e+01 1.464600000000000080e+01 1.233500000000000085e+01 -3.370000000000000218e-01
1.872500000000000142e+01 2.761000000000000121e+00 1.143999999999999950e+01 -2.489999999999999991e-01
-6.671000000000000263e+00 -9.965999999999999304e+00 5.116999999999999993e+00 -1.089999999999999997e-01
-2.271799999999999997e+01 -1.549399999999999977e+01 -1.796999999999999931e+00 4.000000000000000083e-03
-3.010600000000000165e+01 -1.216300000000000026e+01 -6.411999999999999922e+00 6.500000000000000222e-02
-3.641799999999999926e+01 -5.256999999999999673e+00 -6.681000000000000050e+00 1.350000000000000089e-01
-4.009799999999999898e+01 -9.020000000000000240e-01 -2.560000000000000053e+00 3.860000000000000098e-01
-3.403699999999999903e+01 -7.249999999999999778e-01 1.457000000000000073e+00 8.890000000000000124e-01
-1.921999999999999886e+01 -2.020000000000000018e+00 9.569999999999999618e-01 1.364999999999999991e+00
-4.445999999999999730e+00 -2.366000000000000103e+00 -2.338999999999999968e+00 1.425000000000000044e+00
4.166000000000000369e+00 -1.941999999999999948e+00 -3.645999999999999908e+00 1.030000000000000027e+00
8.173000000000000043e+00 -1.689999999999999947e+00 -1.891999999999999904e+00 4.400000000000000022e-01
1.273799999999999955e+01 -1.711999999999999966e+00 3.519999999999999796e-01 -1.680000000000000104e-01
2.021999999999999886e+01 -1.512000000000000011e+00 1.377000000000000002e+00 -7.459999999999999964e-01
2.871099999999999852e+01 -1.256999999999999895e+00 1.177000000000000046e+00 -1.161999999999999922e+00
3.620000000000000284e+01 -2.345000000000000195e+00 -8.519999999999999796e-01 -1.189000000000000057e+00
4.529200000000000159e+01 -5.950000000000000178e+00 -5.708000000000000185e+00 -6.189999999999999947e-01
5.949399999999999977e+01 -1.147100000000000009e+01 -1.177100000000000080e+01 4.680000000000000271e-01
7.157500000000000284e+01 -1.662900000000000134e+01 -1.432099999999999973e+01 1.431999999999999940e+00
6.600600000000000023e+01 -1.889699999999999847e+01 -1.051399999999999935e+01 1.479000000000000092e+00
4.004899999999999949e+01 -1.722599999999999909e+01 -3.649999999999999911e+00 5.889999999999999680e-01
8.605000000000000426e+00 -1.231499999999999950e+01 1.401999999999999913e+00 -4.859999999999999876e-01
-1.801000000000000156e+01 -6.099999999999999645e+00 4.318999999999999950e+00 -1.324000000000000066e+00
-4.364800000000000324e+01 -2.508999999999999897e+00 5.344999999999999751e+00 -2.241000000000000103e+00
-6.698900000000000432e+01 -5.594000000000000306e+00 1.981999999999999984e+00 -3.277000000000000135e+00
-7.200799999999999557e+01 -1.242300000000000004e+01 -2.685999999999999943e+00 -3.525999999999999801e+00
-4.837899999999999778e+01 -1.290900000000000070e+01 2.012000000000000011e+00 -2.275999999999999801e+00
-7.349999999999999645e+00 -3.060000000000000053e+00 1.833099999999999952e+01 -3.990000000000000213e-01
2.789499999999999957e+01 7.794999999999999929e+00 3.121900000000000119e+01 5.610000000000000542e-01
3.760399999999999920e+01 8.215999999999999304e+00 2.598300000000000054e+01 5.769999999999999574e-01
1.598300000000000054e+01 -2.177999999999999936e+00 8.022000000000000242e+00 9.469999999999999529e-01
-2.320299999999999940e+01 -1.391399999999999970e+01 -5.639999999999999680e+00 2.040000000000000036e+00
-5.289600000000000080e+01 -1.820400000000000063e+01 -8.743999999999999773e+00 3.052000000000000046e+00
-4.759000000000000341e+01 -1.173700000000000010e+01 -8.132999999999999119e+00 3.698999999999999844e+00
-5.176000000000000156e+00 6.158000000000000362e+00 -8.833000000000000185e+00 4.193999999999999950e+00
3.389999999999999858e+01 3.179200000000000159e+01 -8.964000000000000412e+00 3.986000000000000210e+00
1.490600000000000058e+01 5.247299999999999898e+01 -5.745000000000000107e+00 2.427000000000000046e+00
-6.144700000000000273e+01 5.442799999999999727e+01 1.681999999999999940e+00 3.499999999999999778e-01
-1.296289999999999907e+02 3.746500000000000341e+01 1.019400000000000084e+01 -4.689999999999999725e-01
-1.400670000000000073e+02 1.429199999999999982e+01 1.151099999999999923e+01 3.210000000000000075e-01
-1.088430000000000035e+02 -2.617999999999999883e+00 1.491999999999999993e+00 6.770000000000000462e-01
-7.157999999999999829e+01 -7.772000000000000242e+00 -1.197400000000000020e+01 -1.229000000000000092e+00
-3.643599999999999994e+01 -2.709000000000000075e+00 -1.850100000000000122e+01 -3.931999999999999940e+00
-9.130000000000000338e-01 5.440999999999999837e+00 -1.761599999999999966e+01 -4.416000000000000369e+00
2.577899999999999991e+01 9.737999999999999545e+00 -1.589000000000000057e+01 -2.508000000000000007e+00
3.574799999999999756e+01 9.057999999999999829e+00 -1.640299999999999869e+01 -7.339999999999999858e-01
3.348100000000000165e+01 5.950999999999999623e+00 -1.618900000000000006e+01 -3.719999999999999973e-01
2.328399999999999892e+01 7.940000000000000391e-01 -1.315900000000000070e+01 -4.030000000000000249e-01
2.689000000000000057e+00 -7.846000000000000085e+00 -1.094899999999999984e+01 2.109999999999999931e-01
-2.369699999999999918e+01 -1.779200000000000159e+01 -1.431199999999999939e+01 1.518999999999999906e+00
-3.965899999999999892e+01 -2.482199999999999918e+01 -2.249399999999999977e+01 3.455000000000000071e+00
-3.659400000000000119e+01 -2.953999999999999915e+01 -2.953600000000000136e+01 5.972999999999999865e+00
-2.097400000000000020e+01 -3.378199999999999648e+01 -2.936100000000000065e+01 8.339999999999999858e+00
4.339999999999999858e+00 -3.129799999999999827e+01 -1.976000000000000156e+01 9.369999999999999218e+00
4.282000000000000028e+01 -1.474099999999999966e+01 -3.341000000000000192e+00 8.313000000000000611e+00
8.279900000000000659e+01 7.075999999999999623e+00 1.377999999999999936e+01 5.230000000000000426e+00
1.011749999999999972e+02 1.401399999999999935e+01 2.461499999999999844e+01 9.300000000000000488e-01
9.621500000000000341e+01 1.860999999999999988e+00 2.517399999999999949e+01 -3.431000000000000050e+00
9.523199999999999932e+01 -9.275000000000000355e+00 1.879799999999999827e+01 -6.766000000000000014e+00
1.214980000000000047e+02 -1.300000000000000044e+00 1.599300000000000033e+01 -8.451999999999999957e+00
1.636819999999999879e+02 1.924899999999999878e+01 2.436799999999999855e+01 -9.085000000000000853e+00
1.868820000000000050e+02 3.317300000000000182e+01 3.745000000000000284e+01 -9.606999999999999318e+00
1.712539999999999907e+02 3.198400000000000176e+01 3.923799999999999955e+01 -8.829000000000000625e+00
1.243310000000000031e+02 2.024800000000000111e+01 2.172700000000000031e+01 -5.434999999999999609e+00
5.930700000000000216e+01 5.052999999999999936e+00 -3.955000000000000071e+00 -2.572999999999999954e+00
-6.876000000000000334e+00 -6.576999999999999957e+00 -1.558099999999999952e+01 -3.923999999999999932e+00
-4.282900000000000063e+01 -8.314999999999999503e+00 -3.201000000000000068e+00 -6.088000000000000078e+00
-3.588799999999999812e+01 -2.607000000000000206e+00 1.778500000000000014e+01 -3.290000000000000036e+00
-2.121000000000000085e+01 -1.403999999999999915e+00 2.487600000000000122e+01 2.121999999999999886e+00
-3.517999999999999972e+01 -1.077200000000000024e+01 1.479899999999999949e+01 2.793000000000000149e+00
-6.427299999999999613e+01 -2.180099999999999838e+01 2.451999999999999957e+00 -2.157000000000000028e+00
-7.051399999999999579e+01 -2.311700000000000088e+01 -1.260999999999999899e+00 -6.780000000000000249e+00
-3.955799999999999983e+01 -1.398000000000000043e+01 -6.730000000000000426e-01 -6.887999999999999901e+00
9.401999999999999247e+00 -1.016000000000000014e+00 -3.274999999999999911e+00 -2.810999999999999943e+00
3.671999999999999886e+01 7.365000000000000213e+00 -6.168999999999999595e+00 2.919000000000000039e+00
1.305599999999999916e+01 3.472999999999999865e+00 -4.017999999999999794e+00 6.546000000000000263e+00
-4.200699999999999790e+01 -1.000000000000000000e+01 -1.133999999999999897e+00 5.907000000000000028e+00
-7.457500000000000284e+01 -1.806599999999999895e+01 -2.835999999999999854e+00 3.766999999999999904e+00
-6.190400000000000347e+01 -1.275200000000000067e+01 -5.110999999999999766e+00 4.035000000000000142e+00
-3.296099999999999852e+01 -3.883000000000000007e+00 -4.410999999999999588e+00 5.822000000000000064e+00
-1.830999999999999872e+01 -1.794999999999999929e+00 -5.629999999999999893e+00 5.783000000000000362e+00
-1.219400000000000084e+01 -2.081999999999999851e+00 -1.136800000000000033e+01 3.895999999999999908e+00
3.240000000000000213e+00 4.674000000000000377e+00 -1.496000000000000085e+01 2.537999999999999812e+00
2.123400000000000176e+01 1.826999999999999957e+01 -1.071499999999999986e+01 2.313000000000000167e+00
1.976599999999999824e+01 3.015700000000000003e+01 -3.193000000000000060e+00 2.676000000000000156e+00
-7.509999999999999787e+00 3.109299999999999997e+01 -1.913000000000000034e+00 4.628000000000000114e+00
-4.985999999999999943e+01 1.442300000000000004e+01 -9.679000000000000270e+00 8.984999999999999432e+00
-9.438700000000000045e+01 -1.657300000000000040e+01 -1.933999999999999986e+01 1.297300000000000075e+01
-1.252960000000000065e+02 -4.217199999999999704e+01 -2.246600000000000108e+01 1.235399999999999920e+01
-1.235460000000000065e+02 -4.198299999999999699e+01 -1.772599999999999909e+01 6.988000000000000433e+00
-8.715600000000000591e+01 -2.074899999999999878e+01 -9.037000000000000810e+00 1.018000000000000016e+00
-4.456700000000000017e+01 -4.181000000000000050e+00 -6.860000000000000542e-01 -2.399999999999999911e+00
-2.622599999999999909e+01 -6.025999999999999801e+00 3.870000000000000107e+00 -4.025000000000000355e+00
-2.682700000000000173e+01 -1.334600000000000009e+01 4.753999999999999559e+00 -6.413000000000000256e+00
-1.958399999999999963e+01 -8.627000000000000668e+00 7.786999999999999922e+00 -9.932000000000000384e+00
3.499999999999999778e-01 7.371000000000000441e+00 1.712999999999999901e+01 -1.132099999999999973e+01
1.375500000000000078e+01 2.135900000000000176e+01 2.658099999999999952e+01 -8.032000000000000028e+00
9.731999999999999318e+00 2.558999999999999986e+01 2.545799999999999841e+01 -3.133999999999999897e+00
-3.330999999999999961e+00 2.245200000000000173e+01 1.263299999999999912e+01 -1.627000000000000002e+00
-1.316600000000000037e+01 1.638200000000000145e+01 -2.153000000000000025e+00 -3.142999999999999794e+00
-1.461899999999999977e+01 8.531000000000000583e+00 -1.032699999999999996e+01 -3.463999999999999968e+00
-9.877000000000000668e+00 -8.499999999999999778e-01 -1.229700000000000060e+01 -1.570000000000000062e+00
-5.102000000000000313e+00 -9.029999999999999361e+00 -1.357799999999999940e+01 -1.710000000000000131e-01
-4.591000000000000192e+00 -1.203200000000000003e+01 -1.624899999999999878e+01 -6.870000000000000551e-01
-8.851000000000000867e+00 -9.262000000000000455e+00 -1.689699999999999847e+01 -1.631999999999999895e+00
-1.782199999999999918e+01 -4.919999999999999929e+00 -1.374600000000000044e+01 -1.370000000000000107e+00
-3.137099999999999866e+01 -2.681000000000000050e+00 -1.044699999999999918e+01 -1.600000000000000033e-01
-4.667300000000000182e+01 -6.879999999999999449e-01 -9.483000000000000540e+00 7.630000000000000115e-01
-5.425099999999999767e+01 5.413000000000000256e+00 -8.224999999999999645e+00 9.849999999999999867e-01
-4.084700000000000131e+01 1.517900000000000027e+01 -4.881999999999999673e+00 9.799999999999999822e-01
-7.491999999999999993e+00 2.221600000000000108e+01 -1.572999999999999954e+00 9.180000000000000382e-01
2.460399999999999920e+01 2.199899999999999878e+01 4.789999999999999813e-01 6.089999999999999858e-01
3.882000000000000028e+01 1.748900000000000077e+01 2.293000000000000149e+00 2.919999999999999818e-01
3.935199999999999676e+01 1.365199999999999925e+01 3.597999999999999865e+00 3.519999999999999796e-01
3.774499999999999744e+01 1.073000000000000043e+01 2.891000000000000014e+00 5.879999999999999671e-01
3.882900000000000063e+01 6.472000000000000419e+00 3.920000000000000151e-01 5.789999999999999591e-01
4.039300000000000068e+01 -2.000000000000000042e-03 -1.395000000000000018e+00 3.890000000000000124e-01
3.705899999999999750e+01 -8.521000000000000796e+00 -4.909999999999999920e-01 3.489999999999999769e-01
2.526399999999999935e+01 -1.749299999999999855e+01 1.239999999999999991e+00 5.390000000000000346e-01
8.683999999999999275e+00 -2.373199999999999932e+01 1.700000000000000122e-01 7.870000000000000329e-01
-4.008000000000000007e+00 -2.582799999999999940e+01 -3.233999999999999986e+00 8.379999999999999671e-01
-9.083000000000000185e+00 -2.559400000000000119e+01 -4.732999999999999652e+00 5.769999999999999574e-01
-1.089600000000000080e+01 -2.500100000000000122e+01 -1.921000000000000041e+00 2.540000000000000036e-01
-1.496400000000000041e+01 -2.475000000000000000e+01 4.131000000000000227e+00 2.089999999999999913e-01
-2.130499999999999972e+01 -2.629899999999999949e+01 1.096100000000000030e+01 3.589999999999999858e-01
-2.230300000000000082e+01 -3.167500000000000071e+01 1.548600000000000065e+01 3.649999999999999911e-01
-9.148999999999999133e+00 -3.932000000000000028e+01 1.485100000000000087e+01 1.529999999999999971e-01
1.578599999999999959e+01 -4.243099999999999739e+01 9.640000000000000568e+00 8.000000000000000167e-03
4.086699999999999733e+01 -3.462899999999999778e+01 4.554999999999999716e+00 4.400000000000000022e-01
6.018800000000000239e+01 -1.736400000000000077e+01 3.011000000000000121e+00 1.973999999999999977e+00
7.375499999999999545e+01 1.096999999999999975e+00 2.991999999999999993e+00 4.246000000000000441e+00
7.812199999999999989e+01 1.485500000000000043e+01 1.062999999999999945e+00 5.424999999999999822e+00
7.232299999999999329e+01 2.527599999999999980e+01 -1.949999999999999956e+00 3.935999999999999943e+00
6.294100000000000250e+01 3.508200000000000074e+01 -2.637000000000000011e+00 6.670000000000000373e-01
4.982399999999999807e+01 4.149199999999999733e+01 -6.929999999999999494e-01 -2.076999999999999957e+00
2.233200000000000074e+01 3.888900000000000290e+01 4.799999999999999822e-01 -3.596999999999999975e+00
-1.548799999999999955e+01 2.758399999999999963e+01 -9.649999999999999689e-01 -5.266000000000000014e+00
-3.410099999999999909e+01 1.792899999999999849e+01 -1.838999999999999968e+00 -7.724999999999999645e+00
-1.241699999999999982e+01 2.196999999999999886e+01 2.528000000000000025e+00 -8.981999999999999318e+00
3.040099999999999980e+01 3.880799999999999983e+01 1.166699999999999982e+01 -6.897999999999999687e+00
5.498299999999999699e+01 5.394599999999999795e+01 1.874800000000000111e+01 -2.817000000000000171e+00
4.754800000000000182e+01 5.732800000000000296e+01 1.767899999999999849e+01 -1.819999999999999951e-01
3.159799999999999898e+01 5.518800000000000239e+01 9.923999999999999488e+00 9.800000000000000377e-02
3.242799999999999727e+01 5.689600000000000080e+01 1.411999999999999922e+00 9.199999999999999845e-02
4.353000000000000114e+01 5.638900000000000290e+01 -4.503000000000000114e+00 1.108999999999999986e+00
3.917799999999999727e+01 3.980799999999999983e+01 -7.310999999999999943e+00 2.326999999999999957e+00
1.171000000000000085e+01 1.050500000000000078e+01 -5.945999999999999730e+00 2.899999999999999911e+00
-1.773699999999999832e+01 -9.840999999999999304e+00 4.139999999999999791e-01 3.108000000000000096e+00
-2.488800000000000168e+01 -9.086000000000000298e+00 9.295999999999999375e+00 3.297000000000000153e+00
-9.647999999999999687e+00 1.348000000000000087e+00 1.598099999999999987e+01 3.177000000000000046e+00
6.312999999999999723e+00 4.174999999999999822e+00 1.744900000000000162e+01 2.460999999999999854e+00
7.400999999999999801e+00 -4.434000000000000163e+00 1.364300000000000068e+01 1.048999999999999932e+00
2.527000000000000135e+00 -1.537899999999999956e+01 7.642999999999999794e+00 -1.250999999999999890e+00
8.282000000000000028e+00 -1.919300000000000139e+01 6.084999999999999964e+00 -4.043999999999999595e+00
2.184600000000000009e+01 -1.684299999999999997e+01 1.297000000000000064e+01 -6.073000000000000398e+00
2.773100000000000165e+01 -1.705900000000000105e+01 2.126399999999999935e+01 -6.394999999999999574e+00
2.522500000000000142e+01 -2.197100000000000009e+01 1.984199999999999875e+01 -4.972999999999999865e+00
2.625700000000000145e+01 -2.371999999999999886e+01 9.343999999999999417e+00 -2.436999999999999833e+00
2.918400000000000105e+01 -1.902400000000000091e+01 2.479999999999999982e-01 7.000000000000000666e-02
1.888100000000000023e+01 -1.534500000000000064e+01 -3.224000000000000199e+00 1.536999999999999922e+00
-7.429999999999999716e+00 -1.822200000000000131e+01 -5.697000000000000064e+00 1.711000000000000076e+00
-3.324199999999999733e+01 -2.340399999999999991e+01 -9.074999999999999289e+00 1.209999999999999964e+00
-4.244500000000000028e+01 -2.473699999999999832e+01 -1.011500000000000021e+01 1.485000000000000098e+00
-3.891499999999999915e+01 -2.268799999999999883e+01 -9.618000000000000327e+00 3.907999999999999918e+00
-4.443800000000000239e+01 -2.295799999999999841e+01 -1.193099999999999916e+01 8.131999999999999673e+00
-7.116200000000000614e+01 -2.944900000000000162e+01 -1.391699999999999982e+01 1.148000000000000043e+01
-9.963800000000000523e+01 -3.978999999999999915e+01 -7.381999999999999673e+00 1.054899999999999949e+01
-9.876900000000000546e+01 -4.769200000000000017e+01 6.482999999999999652e+00 4.698999999999999844e+00
-6.741599999999999682e+01 -4.922500000000000142e+01 1.681899999999999906e+01 -2.141000000000000014e+00
-3.998400000000000176e+01 -4.632000000000000028e+01 1.621199999999999974e+01 -5.161999999999999922e+00
-4.129999999999999716e+01 -4.355299999999999727e+01 6.089000000000000412e+00 -4.480000000000000426e+00
-5.161599999999999966e+01 -4.086299999999999955e+01 -6.947000000000000064e+00 -4.605000000000000426e+00
-3.763600000000000279e+01 -3.205599999999999739e+01 -1.549799999999999933e+01 -7.048000000000000043e+00
-4.296999999999999709e+00 -1.405300000000000082e+01 -1.744999999999999929e+01 -7.307999999999999829e+00
1.439000000000000057e+01 7.041000000000000369e+00 -1.826099999999999923e+01 -2.081999999999999851e+00
8.314999999999999503e+00 2.462199999999999989e+01 -2.162300000000000111e+01 4.855999999999999872e+00
3.350000000000000089e+00 4.018200000000000216e+01 -2.120599999999999952e+01 7.522000000000000242e+00
1.932499999999999929e+01 5.631400000000000006e+01 -8.275000000000000355e+00 4.700999999999999623e+00
4.107699999999999818e+01 6.635200000000000387e+01 1.332099999999999973e+01 -1.200000000000000025e-02
3.931400000000000006e+01 5.966599999999999682e+01 2.529299999999999926e+01 -2.285000000000000142e+00
8.098000000000000753e+00 3.732399999999999807e+01 1.499200000000000088e+01 -1.193000000000000060e+00
-2.814799999999999969e+01 1.403999999999999915e+01 -5.241999999999999993e+00 -3.770000000000000018e-01
-4.446500000000000341e+01 7.560000000000000053e-01 -1.258000000000000007e+01 -2.822999999999999954e+00
-4.188600000000000279e+01 -5.258000000000000007e+00 -5.211000000000000298e+00 -5.689000000000000057e+00
-3.725099999999999767e+01 -8.667999999999999261e+00 -4.839999999999999858e-01 -4.530000000000000249e+00
-3.753600000000000136e+01 -7.653999999999999915e+00 -4.964999999999999858e+00 -3.270000000000000129e-01
-3.569899999999999807e+01 -2.116999999999999993e+00 -8.304000000000000270e+00 2.460999999999999854e+00
-2.578200000000000003e+01 2.060999999999999943e+00 -5.282000000000000028e+00 2.379000000000000004e+00
-1.286899999999999977e+01 4.929999999999999938e-01 -4.089000000000000412e+00 1.500000000000000000e+00
-6.139000000000000234e+00 -4.942000000000000171e+00 -1.110699999999999932e+01 1.368999999999999995e+00
-3.222999999999999865e+00 -8.608000000000000540e+00 -2.071999999999999886e+01 1.495000000000000107e+00
9.480999999999999872e+00 -5.677999999999999936e+00 -2.379299999999999926e+01 1.161999999999999922e+00
3.252700000000000102e+01 3.024999999999999911e+00 -1.946999999999999886e+01 7.309999999999999831e-01
4.594400000000000261e+01 1.057099999999999973e+01 -1.476099999999999923e+01 8.519999999999999796e-01
4.229399999999999693e+01 1.237800000000000011e+01 -1.480400000000000027e+01 1.344000000000000083e+00
4.221699999999999875e+01 1.212400000000000055e+01 -1.664999999999999858e+01 1.546000000000000041e+00
5.855700000000000216e+01 1.475300000000000011e+01 -1.389799999999999969e+01 1.326000000000000068e+00
7.579099999999999682e+01 1.980499999999999972e+01 -5.732000000000000206e+00 1.062999999999999945e+00
7.753700000000000614e+01 2.437199999999999989e+01 2.148000000000000131e+00 9.669999999999999707e-01
6.389600000000000080e+01 2.536499999999999844e+01 5.198999999999999844e+00 9.569999999999999618e-01
4.024600000000000222e+01 1.982300000000000040e+01 4.541000000000000369e+00 9.399999999999999467e-01
1.526399999999999935e+01 9.243999999999999773e+00 3.095000000000000195e+00 8.790000000000000036e-01
2.611000000000000210e+00 -2.810000000000000275e-01 1.661999999999999922e+00 7.690000000000000169e-01
4.349000000000000199e+00 -5.913999999999999702e+00 2.580000000000000071e-01 6.710000000000000409e-01
4.395999999999999908e+00 -9.833999999999999631e+00 -6.450000000000000178e-01 6.099999999999999867e-01
-8.234999999999999432e+00 -1.243399999999999928e+01 -8.449999999999999734e-01 5.140000000000000124e-01
-2.444699999999999918e+01 -1.207199999999999918e+01 2.079999999999999905e-01 3.509999999999999787e-01
-3.212599999999999767e+01 -1.086500000000000021e+01 2.732000000000000206e+00 1.849999999999999978e-01
-3.164000000000000057e+01 -1.272600000000000087e+01 4.152999999999999581e+00 4.900000000000000189e-02
-2.745299999999999940e+01 -1.682300000000000040e+01 1.701999999999999957e+00 -8.500000000000000611e-02
-2.089900000000000091e+01 -1.887000000000000099e+01 -2.533999999999999808e+00 -2.049999999999999878e-01
-1.649699999999999989e+01 -1.732799999999999940e+01 -4.274000000000000021e+00 -2.750000000000000222e-01
-2.067000000000000171e+01 -1.447300000000000075e+01 -3.343999999999999861e+00 -3.109999999999999987e-01
-3.119800000000000040e+01 -1.254199999999999982e+01 -2.237000000000000099e+00 -3.679999999999999938e-01
-3.886399999999999721e+01 -1.126600000000000001e+01 -6.570000000000000284e-01 -4.640000000000000235e-01
-3.963000000000000256e+01 -9.653000000000000469e+00 3.420999999999999819e+00 -5.689999999999999503e-01
-3.780599999999999739e+01 -8.743000000000000327e+00 8.526999999999999247e+00 -6.420000000000000151e-01
-3.758500000000000085e+01 -9.830000000000000071e+00 1.000799999999999912e+01 -6.560000000000000275e-01
-3.548100000000000165e+01 -1.074099999999999966e+01 6.695999999999999730e+00 -5.939999999999999725e-01
-2.409600000000000009e+01 -7.900000000000000355e+00 3.266999999999999904e+00 -4.869999999999999885e-01
-5.275000000000000355e+00 -1.574999999999999956e+00 3.505999999999999783e+00 -4.420000000000000040e-01
5.995000000000000107e+00 4.173000000000000043e+00 5.875000000000000000e+00 -5.300000000000000266e-01
-1.700000000000000122e-01 5.532000000000000028e+00 7.570999999999999730e+00 -6.860000000000000542e-01
-1.052299999999999969e+01 1.840999999999999970e+00 8.291999999999999815e+00 -8.070000000000000506e-01
-2.013999999999999790e+00 -3.375000000000000000e+00 8.971999999999999531e+00 -8.880000000000000115e-01
2.705099999999999838e+01 -4.865999999999999659e+00 9.500000000000000000e+00 -9.639999999999999680e-01
5.262800000000000011e+01 -1.419000000000000039e+00 8.944000000000000838e+00 -1.008999999999999897e+00
5.546399999999999864e+01 2.509999999999999787e+00 7.256000000000000227e+00 -9.789999999999999813e-01
4.287400000000000233e+01 2.685999999999999943e+00 5.264999999999999680e+00 -9.300000000000000488e-01
3.309599999999999653e+01 -1.539999999999999980e-01 3.729999999999999982e+00 -9.699999999999999734e-01
3.187999999999999901e+01 -3.013999999999999790e+00 3.045999999999999819e+00 -1.094999999999999973e+00
3.575600000000000023e+01 -4.366999999999999993e+00 2.838999999999999968e+00 -1.157999999999999918e+00
4.570900000000000318e+01 -3.531000000000000139e+00 2.802000000000000046e+00 -1.074000000000000066e+00
6.105700000000000216e+01 1.630000000000000060e-01 3.709000000000000075e+00 -9.240000000000000435e-01
6.631399999999999295e+01 5.416000000000000369e+00 5.564000000000000057e+00 -7.990000000000000435e-01
4.260199999999999676e+01 8.294999999999999929e+00 6.812999999999999723e+00 -6.500000000000000222e-01
-7.841000000000000192e+00 6.216000000000000192e+00 6.764999999999999680e+00 -4.199999999999999845e-01
-6.291199999999999903e+01 1.731000000000000094e+00 5.980999999999999872e+00 -1.880000000000000004e-01
-1.033100000000000023e+02 -3.639999999999999902e-01 4.717999999999999972e+00 -6.900000000000000577e-02
-1.226290000000000049e+02 9.799999999999999822e-01 3.225999999999999979e+00 -5.099999999999999672e-02
-1.241910000000000025e+02 3.109999999999999876e+00 2.013999999999999790e+00 -5.999999999999999778e-02
-1.149069999999999965e+02 5.636999999999999567e+00 1.151000000000000023e+00 -6.800000000000000488e-02
-9.219400000000000261e+01 1.149399999999999977e+01 7.500000000000000000e-01 -7.099999999999999367e-02
-4.550600000000000023e+01 1.960600000000000165e+01 1.239000000000000101e+00 -5.500000000000000028e-02
1.507699999999999996e+01 2.312199999999999989e+01 2.290999999999999925e+00 -2.699999999999999969e-02
5.474099999999999966e+01 1.909299999999999997e+01 2.859999999999999876e+00 -1.899999999999999953e-02
5.627300000000000324e+01 1.216399999999999970e+01 2.454000000000000181e+00 -3.699999999999999817e-02
4.152300000000000324e+01 6.288999999999999702e+00 1.556000000000000050e+00 -4.200000000000000261e-02
3.893299999999999983e+01 1.915999999999999925e+00 1.028999999999999915e+00 -8.999999999999999320e-03
5.465500000000000114e+01 8.750000000000000000e-01 1.330999999999999961e+00 3.099999999999999978e-02
8.285299999999999443e+01 5.025999999999999801e+00 2.361000000000000210e+00 4.700000000000000011e-02
1.165090000000000003e+02 1.230000000000000071e+01 4.110999999999999766e+00 5.899999999999999689e-02
1.348120000000000118e+02 1.944800000000000040e+01 6.357000000000000206e+00 9.800000000000000377e-02
1.094800000000000040e+02 2.429799999999999827e+01 7.621000000000000441e+00 1.529999999999999971e-01
4.549600000000000222e+01 2.391499999999999915e+01 6.280000000000000249e+00 1.729999999999999871e-01
-1.172100000000000009e+01 1.704799999999999827e+01 2.528000000000000025e+00 1.219999999999999973e-01
-2.977299999999999969e+01 8.821999999999999176e+00 -1.596000000000000085e+00 3.099999999999999978e-02
-2.262699999999999889e+01 7.283000000000000362e+00 -3.455000000000000071e+00 -1.099999999999999936e-02
-1.779700000000000060e+01 1.401900000000000013e+01 -2.145999999999999908e+00 4.200000000000000261e-02
-1.971099999999999852e+01 2.135500000000000043e+01 1.890000000000000013e-01 1.469999999999999918e-01
-1.839199999999999946e+01 2.055900000000000105e+01 1.122000000000000108e+00 2.449999999999999956e-01
-1.184299999999999997e+01 1.071899999999999942e+01 1.479999999999999927e-01 3.350000000000000200e-01
-6.525999999999999801e+00 -2.115000000000000213e+00 -2.661999999999999922e+00 4.279999999999999916e-01
-5.429000000000000270e+00 -1.152299999999999969e+01 -6.668999999999999595e+00 4.819999999999999840e-01
-5.299999999999999822e+00 -1.499099999999999966e+01 -9.804999999999999716e+00 4.510000000000000120e-01
-4.745000000000000107e+00 -1.510599999999999987e+01 -1.065099999999999980e+01 3.729999999999999982e-01
-7.400999999999999801e+00 -1.670499999999999829e+01 -9.961999999999999744e+00 3.350000000000000200e-01
-1.361999999999999922e+01 -2.059700000000000131e+01 -8.765000000000000568e+00 3.579999999999999849e-01
-1.676300000000000168e+01 -2.275700000000000145e+01 -7.197000000000000064e+00 3.920000000000000151e-01
-1.247000000000000064e+01 -2.102100000000000080e+01 -5.996000000000000441e+00 4.099999999999999756e-01
-4.934999999999999609e+00 -1.809600000000000009e+01 -6.400000000000000355e+00 4.279999999999999916e-01
-8.249999999999999556e-01 -1.664399999999999835e+01 -7.737000000000000099e+00 4.480000000000000093e-01
-1.858999999999999986e+00 -1.554700000000000060e+01 -7.645999999999999908e+00 4.580000000000000182e-01
-5.092999999999999972e+00 -1.316200000000000081e+01 -5.229000000000000092e+00 4.490000000000000102e-01
-7.304000000000000270e+00 -1.097100000000000009e+01 -1.868999999999999995e+00 4.149999999999999800e-01
-7.642999999999999794e+00 -1.075600000000000023e+01 9.929999999999999938e-01 3.699999999999999956e-01
-7.774000000000000021e+00 -1.120500000000000007e+01 2.916999999999999815e+00 3.330000000000000182e-01
-9.782999999999999474e+00 -1.071700000000000053e+01 3.482000000000000206e+00 3.049999999999999933e-01
-1.290900000000000070e+01 -9.826000000000000512e+00 2.430000000000000160e+00 2.839999999999999747e-01
-1.441399999999999970e+01 -8.685000000000000497e+00 8.940000000000000169e-01 2.680000000000000160e-01
-1.421000000000000085e+01 -6.673000000000000043e+00 -7.000000000000000146e-03 2.500000000000000000e-01
-1.434500000000000064e+01 -4.937999999999999723e+00 -1.046000000000000041e+00 2.290000000000000091e-01
-1.422199999999999953e+01 -5.107000000000000206e+00 -2.512999999999999901e+00 2.220000000000000029e-01
-1.155000000000000071e+01 -6.514000000000000234e+00 -2.790999999999999925e+00 2.250000000000000056e-01
-7.589000000000000412e+00 -7.434000000000000163e+00 -1.752000000000000002e+00 2.139999999999999958e-01
-7.040000000000000036e+00 -7.294999999999999929e+00 -1.685999999999999943e+00 1.859999999999999987e-01
-1.212199999999999989e+01 -6.697000000000000064e+00 -3.448999999999999844e+00 1.630000000000000060e-01
-1.946699999999999875e+01 -6.141000000000000014e+00 -4.721000000000000085e+00 1.600000000000000033e-01
-2.394300000000000139e+01 -5.149000000000000021e+00 -3.125000000000000000e+00 1.620000000000000051e-01
-2.360600000000000165e+01 -3.307999999999999829e+00 2.379999999999999893e-01 1.479999999999999927e-01
-1.993299999999999983e+01 -1.316000000000000059e+00 2.299999999999999822e+00 1.260000000000000009e-01
-1.505499999999999972e+01 -5.899999999999999689e-02 2.366000000000000103e+00 1.079999999999999988e-01
-9.967999999999999972e+00 1.600000000000000033e-02 2.158999999999999808e+00 9.600000000000000200e-02
-5.134000000000000341e+00 -1.356999999999999984e+00 2.584999999999999964e+00 6.700000000000000400e-02
-1.675000000000000044e+00 -3.714999999999999858e+00 3.145000000000000018e+00 3.000000000000000062e-03
6.199999999999999956e-02 -5.461999999999999744e+00 3.330000000000000071e+00 -8.000000000000000167e-02
2.040999999999999925e+00 -5.318999999999999950e+00 2.991000000000000103e+00 -1.400000000000000133e-01
5.004999999999999893e+00 -3.946000000000000174e+00 2.221999999999999975e+00 -1.529999999999999971e-01
6.184999999999999609e+00 -2.732000000000000206e+00 1.405000000000000027e+00 -1.370000000000000107e-01
4.371999999999999886e+00 -1.782000000000000028e+00 7.900000000000000355e-01 -1.189999999999999947e-01
2.325000000000000178e+00 -7.670000000000000151e-01 -7.000000000000000146e-03 -1.069999999999999979e-01
2.148000000000000131e+00 1.099999999999999936e-02 -1.608999999999999986e+00 -8.999999999999999667e-02
3.777000000000000135e+00 9.959999999999999964e-01 -3.559000000000000163e+00 -6.099999999999999867e-02
7.384000000000000341e+00 3.575000000000000178e+00 -4.105999999999999872e+00 -2.999999999999999889e-02
1.248399999999999999e+01 7.788000000000000256e+00 -3.052999999999999936e+00 -1.600000000000000033e-02
1.577100000000000080e+01 1.167300000000000004e+01 -3.072000000000000064e+00 -2.000000000000000042e-02
1.338599999999999923e+01 1.350999999999999979e+01 -5.051999999999999602e+00 -3.099999999999999978e-02
6.200000000000000178e+00 1.384200000000000053e+01 -5.673000000000000043e+00 -5.000000000000000278e-02
8.299999999999999600e-01 1.504800000000000004e+01 -3.040000000000000036e+00 -8.599999999999999312e-02
3.004000000000000004e+00 1.871300000000000097e+01 1.059999999999999970e-01 -1.160000000000000059e-01
1.090700000000000003e+01 2.262900000000000134e+01 1.475000000000000089e+00 -1.019999999999999934e-01
1.724800000000000111e+01 2.182900000000000063e+01 2.338000000000000078e+00 -5.800000000000000294e-02
1.713899999999999935e+01 1.489899999999999913e+01 3.450000000000000178e+00 -4.800000000000000100e-02
1.222600000000000087e+01 6.988999999999999879e+00 2.818000000000000060e+00 -8.999999999999999667e-02
7.025999999999999801e+00 3.464999999999999858e+00 -2.900000000000000147e-02 -1.370000000000000107e-01
3.165999999999999925e+00 3.270999999999999908e+00 -1.677000000000000046e+00 -1.479999999999999927e-01
-1.970000000000000084e-01 1.667000000000000037e+00 2.210000000000000020e-01 -1.239999999999999991e-01
-2.273000000000000131e+00 -3.794000000000000039e+00 2.793000000000000149e+00 -9.700000000000000289e-02
-1.802000000000000046e+00 -1.254599999999999937e+01 2.226999999999999869e+00 -9.199999999999999845e-02
-1.411999999999999922e+00 -2.189399999999999835e+01 -5.520000000000000462e-01 -1.010000000000000064e-01
-5.317000000000000171e+00 -2.722299999999999898e+01 -2.194999999999999840e+00 -1.120000000000000023e-01
-1.028999999999999915e+01 -2.537800000000000011e+01 -2.354000000000000092e+00 -1.340000000000000080e-01
-4.666999999999999815e+00 -1.781800000000000139e+01 -3.197999999999999954e+00 -1.549999999999999989e-01
1.490600000000000058e+01 -8.596000000000000085e+00 -4.910000000000000142e+00 -1.559999999999999998e-01
3.098100000000000165e+01 -6.969999999999999529e-01 -4.945000000000000284e+00 -1.439999999999999891e-01
2.596699999999999875e+01 5.142999999999999794e+00 -2.463999999999999968e+00 -1.459999999999999909e-01
9.624000000000000554e+00 9.592000000000000526e+00 -3.220000000000000084e-01 -1.660000000000000087e-01
3.924999999999999822e+00 1.381600000000000072e+01 -7.249999999999999778e-01 -1.839999999999999969e-01
1.093599999999999994e+01 1.894000000000000128e+01 -2.366000000000000103e+00 -1.749999999999999889e-01
2.028200000000000003e+01 2.498199999999999932e+01 -3.129000000000000004e+00 -1.360000000000000098e-01
3.089799999999999969e+01 3.015599999999999881e+01 -2.323999999999999844e+00 -9.199999999999999845e-02
4.032699999999999818e+01 3.191400000000000148e+01 -4.660000000000000253e-01 -7.099999999999999367e-02
3.368800000000000239e+01 2.906800000000000139e+01 1.417000000000000037e+00 -8.799999999999999489e-02
5.958000000000000185e+00 2.323799999999999955e+01 2.939000000000000057e+00 -1.290000000000000036e-01
-2.414300000000000068e+01 1.772100000000000009e+01 4.046999999999999709e+00 -1.529999999999999971e-01
-3.825500000000000256e+01 1.436200000000000010e+01 3.656000000000000139e+00 -1.449999999999999900e-01
-3.918999999999999773e+01 1.209200000000000053e+01 1.457000000000000073e+00 -1.350000000000000089e-01
-3.820400000000000063e+01 8.535000000000000142e+00 -6.500000000000000222e-02 -1.390000000000000124e-01
-3.724600000000000222e+01 2.460999999999999854e+00 1.368999999999999995e+00 -1.179999999999999938e-01
-3.228699999999999903e+01 -5.057000000000000384e+00 4.873999999999999666e+00 -7.299999999999999545e-02
-2.352499999999999858e+01 -1.192999999999999972e+01 8.365000000000000213e+00 -5.600000000000000117e-02
-1.500799999999999912e+01 -1.748300000000000054e+01 1.102899999999999991e+01 -7.799999999999999989e-02
-9.500999999999999446e+00 -2.253800000000000026e+01 1.316999999999999993e+01 -8.500000000000000611e-02
-7.453000000000000291e+00 -2.760200000000000031e+01 1.498900000000000077e+01 -5.399999999999999939e-02
-7.469000000000000306e+00 -3.266799999999999926e+01 1.563599999999999923e+01 -1.799999999999999864e-02
-6.629999999999999893e+00 -3.719599999999999795e+01 1.394100000000000072e+01 0.000000000000000000e+00
-3.548000000000000043e+00 -3.800800000000000267e+01 9.948000000000000398e+00 1.499999999999999944e-02
-2.049999999999999878e-01 -3.059400000000000119e+01 4.493999999999999773e+00 3.300000000000000155e-02
1.864999999999999991e+00 -1.578200000000000003e+01 -1.320000000000000062e+00 3.899999999999999994e-02
3.968999999999999861e+00 -1.167000000000000037e+00 -5.418000000000000149e+00 3.300000000000000155e-02
6.943999999999999950e+00 7.064000000000000057e+00 -6.453999999999999737e+00 2.999999999999999889e-02
1.030899999999999928e+01 1.012500000000000000e+01 -5.785999999999999588e+00 2.699999999999999969e-02
1.556900000000000084e+01 1.316200000000000081e+01 -5.102000000000000313e+00 1.400000000000000029e-02
2.480799999999999983e+01 1.954700000000000060e+01 -4.342999999999999972e+00 -2.000000000000000042e-03
3.515100000000000335e+01 2.890399999999999991e+01 -3.217999999999999972e+00 -6.000000000000000125e-03
3.911599999999999966e+01 3.793999999999999773e+01 -2.083000000000000185e+00 1.000000000000000021e-03
3.270000000000000284e+01 4.391499999999999915e+01 -1.282999999999999918e+00 1.400000000000000029e-02
2.114099999999999824e+01 4.761999999999999744e+01 -1.127999999999999892e+00 3.099999999999999978e-02
1.314000000000000057e+01 4.992799999999999727e+01 -2.121999999999999886e+00 3.400000000000000244e-02
1.126800000000000068e+01 4.772099999999999653e+01 -4.198999999999999844e+00 1.600000000000000033e-02
1.230100000000000016e+01 3.853300000000000125e+01 -5.945999999999999730e+00 4.000000000000000083e-03
1.275300000000000011e+01 2.520100000000000051e+01 -5.993999999999999773e+00 1.600000000000000033e-02
1.012599999999999945e+01 1.117200000000000060e+01 -4.448999999999999844e+00 3.599999999999999728e-02
3.379999999999999893e+00 -2.809000000000000163e+00 -1.256999999999999895e+00 4.700000000000000011e-02
-6.358999999999999986e+00 -1.535800000000000054e+01 4.131000000000000227e+00 3.899999999999999994e-02
-1.781599999999999895e+01 -2.636499999999999844e+01 1.019100000000000072e+01 8.000000000000000167e-03
-3.005900000000000105e+01 -4.134000000000000341e+01 1.539000000000000057e+01 -2.299999999999999961e-02
-3.990500000000000114e+01 -6.239300000000000068e+01 2.247899999999999920e+01 -2.699999999999999969e-02
-4.298400000000000176e+01 -7.732699999999999818e+01 3.308200000000000074e+01 -1.000000000000000021e-03
-3.938600000000000279e+01 -7.232899999999999352e+01 3.997399999999999665e+01 3.500000000000000333e-02
-3.493599999999999994e+01 -5.409799999999999898e+01 3.514800000000000324e+01 5.999999999999999778e-02
-3.399900000000000233e+01 -4.291499999999999915e+01 2.286499999999999844e+01 7.199999999999999456e-02
-3.373799999999999955e+01 -4.360699999999999932e+01 1.376200000000000045e+01 7.599999999999999811e-02
-2.930600000000000094e+01 -4.080299999999999727e+01 1.001500000000000057e+01 8.200000000000000344e-02
-2.186400000000000077e+01 -2.436499999999999844e+01 6.083000000000000185e+00 9.700000000000000289e-02
-1.687300000000000111e+01 -2.176000000000000156e+00 -1.191000000000000059e+00 1.150000000000000050e-01
-1.670100000000000051e+01 1.441499999999999915e+01 -1.076200000000000045e+01 1.150000000000000050e-01
-1.870400000000000063e+01 2.258599999999999852e+01 -2.072500000000000142e+01 1.059999999999999970e-01
-1.906800000000000139e+01 2.369200000000000017e+01 -2.923699999999999832e+01 1.239999999999999991e-01
-1.573600000000000065e+01 1.851999999999999957e+01 -3.517699999999999960e+01 1.519999999999999962e-01
-8.525000000000000355e+00 9.503000000000000114e+00 -3.854599999999999937e+01 1.370000000000000107e-01
1.112000000000000099e+00 2.258000000000000007e+00 -3.907600000000000051e+01 8.300000000000000433e-02
1.080700000000000038e+01 1.717000000000000082e+00 -3.653799999999999670e+01 4.800000000000000100e-02
1.915899999999999892e+01 7.352000000000000313e+00 -3.300200000000000244e+01 4.200000000000000261e-02
2.557900000000000063e+01 1.412299999999999933e+01 -3.170400000000000063e+01 3.799999999999999906e-02
2.805000000000000071e+01 1.653000000000000114e+01 -3.362899999999999778e+01 4.800000000000000100e-02
2.450900000000000034e+01 1.079899999999999949e+01 -3.716599999999999682e+01 7.900000000000000078e-02
1.705300000000000082e+01 -2.689000000000000057e+00 -3.973499999999999943e+01 8.000000000000000167e-02
1.049900000000000055e+01 -1.847400000000000020e+01 -3.912199999999999989e+01 2.800000000000000058e-02
7.008000000000000007e+00 -3.128900000000000148e+01 -3.466499999999999915e+01 -1.899999999999999953e-02
6.075999999999999623e+00 -4.031199999999999761e+01 -2.764099999999999824e+01 -1.200000000000000025e-02
7.706000000000000405e+00 -4.377199999999999847e+01 -2.044099999999999895e+01 6.000000000000000125e-03
1.268299999999999983e+01 -3.559899999999999665e+01 -1.411299999999999955e+01 -2.699999999999999969e-02
2.106599999999999895e+01 -1.744200000000000017e+01 -7.650000000000000355e+00 -7.199999999999999456e-02
3.009100000000000108e+01 -4.250000000000000000e+00 -1.580999999999999961e+00 -4.599999999999999922e-02
3.481099999999999994e+01 -3.705000000000000071e+00 1.937999999999999945e+00 2.999999999999999889e-02
3.422599999999999909e+01 -4.671999999999999709e+00 4.437000000000000277e+00 4.599999999999999922e-02
3.353000000000000114e+01 1.635999999999999899e+00 1.034699999999999953e+01 -1.000000000000000021e-02
3.612299999999999756e+01 9.451000000000000512e+00 2.020400000000000063e+01 -3.500000000000000333e-02
3.796500000000000341e+01 1.551900000000000013e+01 3.017099999999999937e+01 1.499999999999999944e-02
3.331099999999999994e+01 2.565200000000000102e+01 3.692799999999999727e+01 7.799999999999999989e-02
2.147500000000000142e+01 3.876299999999999812e+01 3.878000000000000114e+01 8.899999999999999578e-02
6.910000000000000142e+00 4.462700000000000244e+01 3.469800000000000040e+01 4.700000000000000011e-02
-3.375999999999999890e+00 4.138199999999999790e+01 2.572700000000000031e+01 1.000000000000000021e-03
-5.323999999999999844e+00 3.880899999999999750e+01 1.589300000000000068e+01 -7.000000000000000146e-03
-3.716000000000000192e+00 4.176700000000000301e+01 9.656000000000000583e+00 1.299999999999999940e-02
-6.700999999999999623e+00 4.438199999999999790e+01 8.067000000000000171e+00 1.499999999999999944e-02
-1.399399999999999977e+01 4.257200000000000273e+01 8.856999999999999318e+00 -1.299999999999999940e-02
-1.905699999999999861e+01 4.023599999999999710e+01 1.118399999999999928e+01 -4.800000000000000100e-02
-2.078200000000000003e+01 4.078199999999999648e+01 1.716900000000000048e+01 -7.199999999999999456e-02
-2.236299999999999955e+01 3.992600000000000193e+01 2.690099999999999980e+01 -7.099999999999999367e-02
-2.195499999999999829e+01 2.939699999999999847e+01 3.510600000000000165e+01 -2.400000000000000050e-02
-1.539600000000000080e+01 7.886000000000000121e+00 3.592799999999999727e+01 5.000000000000000278e-02
-5.573999999999999844e+00 -1.435299999999999976e+01 2.990700000000000003e+01 8.699999999999999400e-02
-1.350000000000000089e-01 -2.701200000000000045e+01 2.249699999999999989e+01 6.199999999999999956e-02
-2.193999999999999950e+00 -3.108800000000000097e+01 1.607199999999999918e+01 2.599999999999999881e-02
-9.845000000000000639e+00 -3.366899999999999693e+01 8.631000000000000227e+00 2.199999999999999872e-02
-2.043700000000000117e+01 -3.950099999999999767e+01 8.400000000000000522e-02 2.800000000000000058e-02
-2.927400000000000091e+01 -5.010099999999999909e+01 -6.610000000000000320e+00 1.000000000000000021e-02
-3.004899999999999949e+01 -6.208299999999999841e+01 -9.804000000000000270e+00 -1.000000000000000021e-02
-2.097700000000000031e+01 -6.669400000000000261e+01 -9.016000000000000014e+00 0.000000000000000000e+00
-4.775000000000000355e+00 -5.752799999999999869e+01 -3.560000000000000053e+00 1.899999999999999953e-02
1.421199999999999974e+01 -3.736800000000000210e+01 3.987000000000000099e+00 1.099999999999999936e-02
2.580099999999999838e+01 -1.578700000000000081e+01 8.128999999999999559e+00 -7.000000000000000146e-03
1.970299999999999940e+01 -1.014999999999999902e+00 7.440000000000000391e+00 -1.000000000000000021e-03
2.831999999999999851e+00 7.602000000000000313e+00 5.631999999999999673e+00 3.000000000000000062e-03
-6.807000000000000384e+00 1.830000000000000071e+01 4.799999999999999822e+00 -2.999999999999999889e-02
-6.038999999999999702e+00 3.529699999999999704e+01 2.717000000000000082e+00 -7.299999999999999545e-02
-7.237000000000000099e+00 5.127300000000000324e+01 -3.347999999999999865e+00 -9.199999999999999845e-02
-1.486200000000000010e+01 5.437500000000000000e+01 -1.324399999999999977e+01 -1.049999999999999961e-01
-2.091799999999999926e+01 3.903499999999999659e+01 -2.330499999999999972e+01 -1.330000000000000071e-01
-2.369600000000000151e+01 9.089999999999999858e+00 -2.801599999999999824e+01 -1.489999999999999936e-01
-3.118499999999999872e+01 -2.255600000000000094e+01 -2.487800000000000011e+01 -1.260000000000000009e-01
-4.156799999999999784e+01 -3.930799999999999983e+01 -1.739499999999999957e+01 -8.000000000000000167e-02
-4.063600000000000279e+01 -3.642099999999999937e+01 -1.028400000000000070e+01 -4.800000000000000100e-02
-2.602599999999999980e+01 -2.587900000000000134e+01 -4.171000000000000263e+00 -5.700000000000000205e-02
-1.384600000000000009e+01 -1.695599999999999952e+01 2.620999999999999996e+00 -9.500000000000000111e-02
-1.169100000000000072e+01 -3.289000000000000146e+00 1.091099999999999959e+01 -1.209999999999999964e-01
-3.657999999999999918e+00 2.208200000000000074e+01 2.016100000000000136e+01 -9.199999999999999845e-02
2.378500000000000014e+01 5.011500000000000199e+01 2.754100000000000037e+01 -1.099999999999999936e-02
5.412899999999999778e+01 6.406499999999999773e+01 2.806599999999999895e+01 5.999999999999999778e-02
5.773899999999999721e+01 6.017699999999999960e+01 1.893599999999999994e+01 5.999999999999999778e-02
3.170899999999999963e+01 5.074600000000000222e+01 3.817000000000000171e+00 1.400000000000000029e-02
5.006000000000000227e+00 4.600999999999999801e+01 -9.351000000000000867e+00 -2.000000000000000042e-02
3.516999999999999904e+00 4.403199999999999648e+01 -1.498399999999999999e+01 -2.900000000000000147e-02
2.292999999999999972e+01 4.095300000000000296e+01 -1.336599999999999966e+01 -3.099999999999999978e-02
3.817099999999999937e+01 3.815500000000000114e+01 -9.169000000000000483e+00 -2.999999999999999889e-02
3.231900000000000261e+01 3.591599999999999682e+01 -7.294999999999999929e+00 -2.199999999999999872e-02
1.259800000000000075e+01 3.149899999999999878e+01 -7.828000000000000291e+00 -2.599999999999999881e-02
-2.564999999999999947e+00 2.490399999999999991e+01 -4.879999999999999893e+00 -5.000000000000000278e-02
-7.102000000000000313e+00 1.815500000000000114e+01 7.043000000000000149e+00 -5.600000000000000117e-02
-9.153999999999999915e+00 1.010399999999999920e+01 2.570499999999999829e+01 -2.800000000000000058e-02
-1.396100000000000030e+01 -1.929999999999999938e+00 4.200099999999999767e+01 2.000000000000000042e-03
-1.797800000000000153e+01 -1.612399999999999878e+01 4.741799999999999926e+01 1.299999999999999940e-02
-1.800300000000000011e+01 -2.653099999999999881e+01 4.013300000000000267e+01 2.900000000000000147e-02
-1.524300000000000033e+01 -3.167399999999999949e+01 2.537099999999999866e+01 6.300000000000000044e-02
-1.195599999999999952e+01 -3.810000000000000142e+01 1.044299999999999962e+01 8.799999999999999489e-02
-9.794999999999999929e+00 -4.972699999999999676e+01 -1.088999999999999968e+00 8.799999999999999489e-02
-8.403999999999999915e+00 -5.816499999999999915e+01 -1.037299999999999933e+01 8.000000000000000167e-02
-4.516000000000000014e+00 -5.216199999999999903e+01 -1.901000000000000156e+01 8.300000000000000433e-02
4.086999999999999744e+00 -3.444299999999999784e+01 -2.658899999999999864e+01 8.899999999999999578e-02
1.495599999999999952e+01 -2.019300000000000139e+01 -3.288000000000000256e+01 9.099999999999999756e-02
2.311400000000000077e+01 -1.871699999999999875e+01 -3.834499999999999886e+01 9.299999999999999933e-02
2.423000000000000043e+01 -2.512800000000000011e+01 -4.264900000000000091e+01 9.099999999999999756e-02
1.595400000000000063e+01 -3.152599999999999980e+01 -4.618299999999999983e+01 7.099999999999999367e-02
2.137000000000000011e+00 -3.625399999999999778e+01 -5.015500000000000114e+01 3.200000000000000067e-02
-4.644000000000000128e+00 -3.842000000000000171e+01 -5.308899999999999864e+01 -8.999999999999999320e-03
4.277000000000000135e+00 -3.557099999999999795e+01 -5.276299999999999812e+01 -2.599999999999999881e-02
1.880799999999999983e+01 -3.238300000000000267e+01 -5.167999999999999972e+01 -6.000000000000000125e-03
2.304599999999999937e+01 -3.813199999999999790e+01 -5.348700000000000188e+01 1.200000000000000025e-02
1.950799999999999912e+01 -5.066100000000000136e+01 -5.577100000000000080e+01 -1.700000000000000122e-02
2.163500000000000156e+01 -5.636899999999999977e+01 -5.292199999999999704e+01 -5.700000000000000205e-02
2.991799999999999926e+01 -4.853199999999999648e+01 -4.329399999999999693e+01 -4.299999999999999656e-02
3.605700000000000216e+01 -3.282900000000000063e+01 -2.948199999999999932e+01 4.000000000000000083e-03
4.180499999999999972e+01 -1.408300000000000018e+01 -1.455499999999999972e+01 1.799999999999999864e-02
5.570100000000000051e+01 8.871000000000000441e+00 -6.830000000000000515e-01 1.000000000000000021e-02
7.387500000000000000e+01 3.276800000000000068e+01 1.036400000000000077e+01 3.200000000000000067e-02
7.303400000000000603e+01 4.759899999999999665e+01 1.769600000000000151e+01 6.800000000000000488e-02
3.324799999999999756e+01 4.848400000000000176e+01 2.126200000000000045e+01 4.399999999999999745e-02
-2.876500000000000057e+01 4.059599999999999653e+01 2.113899999999999935e+01 -5.099999999999999672e-02
-7.015800000000000125e+01 3.147299999999999898e+01 1.875000000000000000e+01 -1.290000000000000036e-01
-7.308100000000000307e+01 2.455000000000000071e+01 1.674099999999999966e+01 -1.189999999999999947e-01
-5.988900000000000290e+01 1.977199999999999847e+01 1.615500000000000114e+01 -5.700000000000000205e-02
-5.397099999999999653e+01 1.753000000000000114e+01 1.655999999999999872e+01 -1.700000000000000122e-02
-5.329500000000000171e+01 2.001800000000000068e+01 1.822100000000000009e+01 -1.400000000000000029e-02
-4.836500000000000199e+01 2.647400000000000020e+01 2.106599999999999895e+01 -1.200000000000000025e-02
-4.226700000000000301e+01 3.004400000000000048e+01 2.353399999999999892e+01 2.000000000000000042e-03
-4.045700000000000074e+01 2.590099999999999980e+01 2.458999999999999986e+01 2.000000000000000042e-03
-3.684199999999999875e+01 1.997299999999999898e+01 2.492999999999999972e+01 -1.099999999999999936e-02
-2.584499999999999886e+01 2.068199999999999861e+01 2.557100000000000151e+01 -0.000000000000000000e+00
-1.661799999999999855e+01 2.549699999999999989e+01 2.695200000000000173e+01 3.300000000000000155e-02
-1.822700000000000031e+01 2.603300000000000125e+01 2.916700000000000159e+01 3.899999999999999994e-02
-2.214600000000000080e+01 2.041000000000000014e+01 3.116199999999999903e+01 4.000000000000000083e-03
-1.711899999999999977e+01 1.058300000000000018e+01 3.049200000000000088e+01 -3.099999999999999978e-02
-8.650000000000000355e+00 -3.394000000000000128e+00 2.637699999999999889e+01 -3.200000000000000067e-02
-6.988000000000000433e+00 -1.792200000000000060e+01 2.167800000000000082e+01 -1.000000000000000021e-02
-8.717000000000000526e+00 -2.476699999999999946e+01 1.960000000000000142e+01 8.000000000000000167e-03
-4.546000000000000263e+00 -2.179599999999999937e+01 1.988200000000000145e+01 1.000000000000000021e-03
4.953999999999999737e+00 -1.671499999999999986e+01 1.920400000000000063e+01 -2.299999999999999961e-02
1.199200000000000088e+01 -1.920100000000000051e+01 1.461899999999999977e+01 -2.699999999999999969e-02
1.312700000000000067e+01 -3.660399999999999920e+01 6.743000000000000327e+00 5.000000000000000104e-03
9.960000000000000853e+00 -6.824299999999999500e+01 -5.510000000000000453e-01 4.000000000000000083e-02
3.294000000000000039e+00 -9.500499999999999545e+01 -3.810999999999999943e+00 3.899999999999999994e-02
-4.310999999999999943e+00 -9.273000000000000398e+01 -2.843999999999999861e+00 1.899999999999999953e-02
-5.293999999999999595e+00 -6.267600000000000193e+01 -5.250000000000000222e-01 1.200000000000000025e-02
1.270999999999999908e+00 -2.861700000000000088e+01 -5.580000000000000515e-01 1.200000000000000025e-02
1.391000000000000014e+00 -5.350999999999999979e+00 -3.966000000000000192e+00 -1.099999999999999936e-02
-1.456099999999999994e+01 1.118699999999999939e+01 -7.503000000000000114e+00 -4.000000000000000083e-02
-3.267099999999999937e+01 2.785600000000000165e+01 -7.650999999999999801e+00 -2.400000000000000050e-02
-3.325999999999999801e+01 4.428399999999999892e+01 -5.179999999999999716e+00 2.800000000000000058e-02
-1.800700000000000145e+01 5.965200000000000102e+01 -3.325000000000000178e+00 5.700000000000000205e-02
-2.657999999999999918e+00 7.756699999999999307e+01 -3.709000000000000075e+00 5.800000000000000294e-02
7.988999999999999879e+00 9.631499999999999773e+01 -5.578999999999999737e+00 8.500000000000000611e-02
2.242899999999999849e+01 1.043750000000000000e+02 -6.136999999999999567e+00 1.360000000000000098e-01
4.117499999999999716e+01 9.453000000000000114e+01 -2.358000000000000096e+00 1.419999999999999873e-01
4.655899999999999750e+01 7.241500000000000625e+01 4.123000000000000220e+00 7.099999999999999367e-02
2.705499999999999972e+01 4.740200000000000102e+01 8.124000000000000554e+00 -2.999999999999999889e-02
1.641000000000000014e+00 2.598699999999999832e+01 9.904999999999999361e+00 -1.019999999999999934e-01
-2.670999999999999819e+00 1.366699999999999982e+01 1.482000000000000028e+01 -1.300000000000000044e-01
1.278200000000000003e+01 1.252200000000000024e+01 2.161100000000000065e+01 -1.250000000000000000e-01
2.628800000000000026e+01 1.731200000000000117e+01 2.145299999999999940e+01 -9.700000000000000289e-02
2.656899999999999906e+01 1.987699999999999889e+01 1.162700000000000067e+01 -5.899999999999999689e-02
1.744300000000000139e+01 1.596899999999999942e+01 4.729999999999999760e-01 -2.599999999999999881e-02
4.849999999999999645e+00 7.762999999999999901e+00 -4.243999999999999773e+00 -2.000000000000000042e-03
-6.411999999999999922e+00 2.517999999999999794e+00 -3.435000000000000053e+00 1.700000000000000122e-02
-1.197499999999999964e+01 5.048000000000000043e+00 -1.467000000000000082e+00 2.900000000000000147e-02
-1.236999999999999922e+01 9.467999999999999972e+00 -3.970000000000000195e-01 2.699999999999999969e-02
-1.214000000000000057e+01 4.201999999999999957e+00 9.700000000000000289e-02 1.899999999999999953e-02
-1.230000000000000071e+01 -1.243200000000000038e+01 1.635999999999999899e+00 1.799999999999999864e-02
-8.795999999999999375e+00 -2.794999999999999929e+01 5.251999999999999780e+00 2.900000000000000147e-02
2.923999999999999932e+00 -3.132100000000000151e+01 9.384999999999999787e+00 5.800000000000000294e-02
2.478099999999999881e+01 -2.618100000000000094e+01 1.150500000000000078e+01 1.039999999999999952e-01
5.194700000000000273e+01 -2.351300000000000168e+01 1.126699999999999946e+01 1.320000000000000062e-01
6.946099999999999852e+01 -2.850400000000000134e+01 1.113899999999999935e+01 1.039999999999999952e-01
6.279500000000000171e+01 -3.837599999999999767e+01 1.492999999999999972e+01 4.499999999999999833e-02
3.665999999999999659e+01 -4.586299999999999955e+01 2.355999999999999872e+01 1.799999999999999864e-02
1.363499999999999979e+01 -4.324300000000000210e+01 3.106700000000000017e+01 1.899999999999999953e-02
8.817999999999999616e+00 -2.987699999999999889e+01 3.045599999999999952e+01 -1.000000000000000021e-02
1.479199999999999982e+01 -1.562299999999999933e+01 2.366700000000000159e+01 -7.599999999999999811e-02
1.791499999999999915e+01 -1.072100000000000009e+01 1.765800000000000125e+01 -1.100000000000000006e-01
1.857799999999999940e+01 -1.448700000000000010e+01 1.256600000000000072e+01 -8.100000000000000255e-02
2.280600000000000094e+01 -1.996999999999999886e+01 3.681000000000000050e+00 -4.100000000000000172e-02
2.532400000000000162e+01 -2.586799999999999855e+01 -7.988000000000000433e+00 -5.199999999999999761e-02
1.923000000000000043e+01 -3.681300000000000239e+01 -1.744999999999999929e+01 -1.010000000000000064e-01
1.185500000000000043e+01 -5.400999999999999801e+01 -2.401399999999999935e+01 -1.219999999999999973e-01
1.305799999999999983e+01 -7.174500000000000455e+01 -2.971799999999999997e+01 -8.000000000000000167e-02
1.795200000000000173e+01 -8.331699999999999307e+01 -3.485699999999999932e+01 -1.000000000000000021e-02
1.564600000000000080e+01 -8.576999999999999602e+01 -3.954299999999999926e+01 2.800000000000000058e-02
5.503000000000000114e+00 -7.934199999999999875e+01 -4.460699999999999932e+01 3.099999999999999978e-02
-5.929000000000000270e+00 -6.735899999999999466e+01 -4.990599999999999881e+01 2.900000000000000147e-02
-1.561599999999999966e+01 -5.516899999999999693e+01 -5.491100000000000136e+01 2.400000000000000050e-02
-2.320200000000000173e+01 -4.513799999999999812e+01 -6.019700000000000273e+01 1.400000000000000029e-02
-2.621999999999999886e+01 -3.592600000000000193e+01 -6.688400000000000034e+01 2.800000000000000058e-02
-2.429599999999999937e+01 -2.872899999999999920e+01 -7.485999999999999943e+01 7.599999999999999811e-02
-2.292200000000000060e+01 -2.886700000000000088e+01 -8.092499999999999716e+01 1.239999999999999991e-01
-2.518599999999999994e+01 -3.709599999999999653e+01 -7.959900000000000375e+01 1.390000000000000124e-01
-2.614699999999999847e+01 -4.234700000000000131e+01 -6.888899999999999579e+01 1.150000000000000050e-01
-2.362399999999999878e+01 -3.027700000000000102e+01 -5.356499999999999773e+01 5.299999999999999850e-02
-2.592200000000000060e+01 -1.747000000000000108e+00 -3.911200000000000188e+01 -2.999999999999999889e-02
-3.889999999999999858e+01 2.421699999999999875e+01 -2.644900000000000162e+01 -9.099999999999999756e-02
-5.376400000000000290e+01 3.298100000000000165e+01 -1.573600000000000065e+01 -1.089999999999999997e-01
-5.783500000000000085e+01 3.414399999999999835e+01 -8.830999999999999517e+00 -1.049999999999999961e-01
-5.002199999999999847e+01 4.728900000000000148e+01 -4.900999999999999801e+00 -1.010000000000000064e-01
-3.790800000000000125e+01 7.237900000000000489e+01 1.239999999999999991e-01 -1.110000000000000014e-01
-2.697899999999999920e+01 9.095900000000000318e+01 7.879999999999999893e+00 -1.360000000000000098e-01
-1.789499999999999957e+01 9.505200000000000671e+01 1.647800000000000153e+01 -1.489999999999999936e-01
-8.849999999999999645e+00 9.715800000000000125e+01 2.565899999999999892e+01 -1.160000000000000059e-01
1.643999999999999906e+00 1.097690000000000055e+02 3.713199999999999790e+01 -3.899999999999999994e-02
1.075900000000000034e+01 1.276430000000000007e+02 4.819700000000000273e+01 2.900000000000000147e-02
1.092800000000000082e+01 1.341819999999999879e+02 5.188499999999999801e+01 2.900000000000000147e-02
-1.475999999999999979e+00 1.206650000000000063e+02 4.661200000000000188e+01 -3.500000000000000333e-02
-1.775900000000000034e+01 9.576999999999999602e+01 4.009700000000000131e+01 -8.999999999999999667e-02
-2.359700000000000131e+01 7.473499999999999943e+01 4.108899999999999864e+01 -9.600000000000000200e-02
-1.463000000000000078e+01 6.124600000000000222e+01 5.078199999999999648e+01 -8.999999999999999667e-02
-6.909999999999999476e-01 4.524099999999999966e+01 6.326100000000000279e+01 -9.600000000000000200e-02
5.951999999999999957e+00 1.883999999999999986e+01 7.112600000000000477e+01 -6.800000000000000488e-02
3.060000000000000053e+00 -1.149699999999999989e+01 7.047599999999999909e+01 2.400000000000000050e-02
-2.802999999999999936e+00 -3.163400000000000034e+01 6.307399999999999807e+01 1.320000000000000062e-01
-7.828000000000000291e+00 -3.521300000000000097e+01 5.273700000000000188e+01 1.920000000000000040e-01
-1.666400000000000148e+01 -2.916900000000000048e+01 3.979200000000000159e+01 1.920000000000000040e-01
-3.333700000000000330e+01 -2.450300000000000011e+01 2.313500000000000156e+01 1.539999999999999980e-01
-4.980700000000000216e+01 -2.454500000000000171e+01 5.780000000000000249e+00 9.900000000000000466e-02
-5.298400000000000176e+01 -2.554700000000000060e+01 -7.349999999999999645e+00 4.900000000000000189e-02
-4.268299999999999983e+01 -2.622700000000000031e+01 -1.568200000000000038e+01 2.599999999999999881e-02
-3.052799999999999869e+01 -2.862199999999999989e+01 -2.240500000000000114e+01 1.899999999999999953e-02
-2.142299999999999827e+01 -3.087900000000000134e+01 -2.816400000000000148e+01 -6.000000000000000125e-03
-8.909000000000000696e+00 -2.889000000000000057e+01 -2.879200000000000159e+01 -3.899999999999999994e-02
1.210599999999999987e+01 -2.157400000000000162e+01 -2.090200000000000102e+01 -4.200000000000000261e-02
3.883200000000000074e+01 -6.964000000000000412e+00 -8.265000000000000568e+00 -1.400000000000000029e-02
6.352000000000000313e+01 1.547700000000000031e+01 8.709999999999999964e-01 8.999999999999999320e-03
7.585299999999999443e+01 3.381700000000000017e+01 3.762999999999999901e+00 2.199999999999999872e-02
7.013800000000000523e+01 3.570400000000000063e+01 5.982000000000000206e+00 3.300000000000000155e-02
5.368800000000000239e+01 3.320000000000000284e+01 1.139899999999999913e+01 4.000000000000000083e-02
3.869299999999999784e+01 4.882699999999999818e+01 1.558500000000000085e+01 2.900000000000000147e-02
2.811400000000000077e+01 7.715399999999999636e+01 1.388499999999999979e+01 -4.000000000000000083e-03
1.915299999999999869e+01 8.773000000000000398e+01 8.615000000000000213e+00 -3.099999999999999978e-02
1.228599999999999959e+01 6.618099999999999739e+01 3.608000000000000096e+00 -2.000000000000000042e-02
7.674999999999999822e+00 2.967800000000000082e+01 -6.069999999999999840e-01 1.299999999999999940e-02
2.431000000000000050e+00 1.893000000000000016e+00 -3.714999999999999858e+00 2.299999999999999961e-02
-2.789000000000000146e+00 -1.058500000000000085e+01 -4.924000000000000377e+00 1.099999999999999936e-02
-2.895999999999999908e+00 -1.704599999999999937e+01 -5.636999999999999567e+00 4.000000000000000083e-03
4.041999999999999815e+00 -2.751099999999999923e+01 -7.908000000000000362e+00 -2.000000000000000042e-03
1.440499999999999936e+01 -4.043500000000000227e+01 -1.096599999999999930e+01 -1.499999999999999944e-02
2.438700000000000045e+01 -4.660499999999999687e+01 -1.153999999999999915e+01 -1.600000000000000033e-02
3.306099999999999994e+01 -4.510499999999999687e+01 -7.863999999999999879e+00 -3.000000000000000062e-03
3.923899999999999721e+01 -4.628699999999999903e+01 -2.761000000000000121e+00 -4.000000000000000083e-03
3.962100000000000222e+01 -5.569200000000000017e+01 -4.789999999999999813e-01 -1.000000000000000021e-02
3.403300000000000125e+01 -6.596099999999999852e+01 -3.899999999999999994e-02 3.099999999999999978e-02
3.110099999999999909e+01 -6.791800000000000637e+01 4.338000000000000078e+00 1.179999999999999938e-01
4.071300000000000097e+01 -6.117600000000000193e+01 1.414799999999999969e+01 1.950000000000000067e-01
5.695199999999999818e+01 -5.313900000000000290e+01 2.256599999999999895e+01 2.260000000000000064e-01
6.035199999999999676e+01 -5.097299999999999898e+01 2.293400000000000105e+01 2.179999999999999993e-01
4.352600000000000335e+01 -5.475900000000000034e+01 1.693100000000000094e+01 1.849999999999999978e-01
1.936899999999999977e+01 -6.093200000000000216e+01 1.101099999999999923e+01 1.310000000000000053e-01
-9.900000000000000466e-02 -6.986599999999999966e+01 8.577999999999999403e+00 6.099999999999999867e-02
-1.475000000000000000e+01 -8.048600000000000421e+01 8.108999999999999986e+00 -8.000000000000000167e-03
-2.425499999999999901e+01 -8.080200000000000671e+01 6.419999999999999929e+00 -4.299999999999999656e-02
-2.299699999999999989e+01 -6.086399999999999721e+01 1.991999999999999993e+00 -4.000000000000000083e-02
-1.044800000000000040e+01 -3.214399999999999835e+01 -4.237000000000000099e+00 -3.500000000000000333e-02
3.935000000000000053e+00 -1.511400000000000077e+01 -9.942999999999999616e+00 -5.600000000000000117e-02
8.497999999999999332e+00 -1.294800000000000040e+01 -1.342099999999999937e+01 -8.799999999999999489e-02
-1.829999999999999960e-01 -1.168099999999999916e+01 -1.599300000000000033e+01 -1.000000000000000056e-01
-1.384500000000000064e+01 1.890000000000000013e-01 -2.078099999999999881e+01 -8.799999999999999489e-02
-2.001500000000000057e+01 1.948799999999999955e+01 -2.764999999999999858e+01 -7.599999999999999811e-02
-1.357600000000000051e+01 3.410999999999999943e+01 -3.309000000000000341e+01 -6.600000000000000311e-02
-9.330000000000000515e-01 3.880199999999999960e+01 -3.555199999999999960e+01 -4.800000000000000100e-02
5.334999999999999964e+00 3.924000000000000199e+01 -3.624900000000000233e+01 -2.800000000000000058e-02
-3.361000000000000210e+00 4.025399999999999778e+01 -3.607999999999999829e+01 -2.699999999999999969e-02
-2.276699999999999946e+01 3.938900000000000290e+01 -3.609599999999999653e+01 -5.800000000000000294e-02
-3.696900000000000119e+01 3.478199999999999648e+01 -3.800699999999999790e+01 -1.120000000000000023e-01
-3.260300000000000153e+01 3.219100000000000250e+01 -3.980899999999999750e+01 -1.549999999999999989e-01
-1.374600000000000044e+01 3.608800000000000097e+01 -3.376700000000000301e+01 -1.499999999999999944e-01
3.880000000000000115e-01 3.700999999999999801e+01 -1.538100000000000023e+01 -1.059999999999999970e-01
-4.375000000000000000e+00 2.307600000000000051e+01 5.713000000000000078e+00 -5.000000000000000278e-02
-2.273100000000000165e+01 3.083000000000000185e+00 1.321899999999999942e+01 2.199999999999999872e-02
-4.007000000000000028e+01 -3.210999999999999854e+00 5.306000000000000050e+00 1.089999999999999997e-01
-5.146900000000000119e+01 1.568999999999999950e+00 -3.668000000000000149e+00 1.600000000000000033e-01
-6.217399999999999949e+01 -5.689000000000000057e+00 -5.128999999999999559e+00 1.400000000000000133e-01
-7.428499999999999659e+01 -2.957000000000000028e+01 -5.413999999999999702e+00 8.599999999999999312e-02
-8.419799999999999329e+01 -4.856900000000000261e+01 -1.116399999999999970e+01 4.499999999999999833e-02
-8.951999999999999602e+01 -5.271300000000000097e+01 -1.927100000000000080e+01 1.799999999999999864e-02
-8.906900000000000261e+01 -5.445000000000000284e+01 -2.335900000000000176e+01 -1.799999999999999864e-02
-8.093999999999999773e+01 -5.542300000000000182e+01 -2.236700000000000088e+01 -7.000000000000000666e-02
-6.707200000000000273e+01 -3.881400000000000006e+01 -2.030600000000000094e+01 -1.219999999999999973e-01
-5.422999999999999687e+01 -3.323999999999999844e+00 -1.967899999999999849e+01 -1.330000000000000071e-01
-4.588900000000000290e+01 2.523400000000000176e+01 -1.862000000000000099e+01 -9.099999999999999756e-02
-3.862100000000000222e+01 2.465899999999999892e+01 -1.555599999999999916e+01 -3.899999999999999994e-02
-3.063200000000000145e+01 -5.550000000000000488e-01 -1.315199999999999925e+01 -1.799999999999999864e-02
-2.693900000000000006e+01 -3.002599999999999980e+01 -1.535200000000000031e+01 -2.199999999999999872e-02
-3.052299999999999969e+01 -4.703300000000000125e+01 -2.161199999999999832e+01 -4.700000000000000011e-02
-3.486200000000000188e+01 -4.752000000000000313e+01 -2.602799999999999869e+01 -9.800000000000000377e-02
-3.067299999999999827e+01 -4.090800000000000125e+01 -2.321499999999999986e+01 -1.509999999999999953e-01
-1.475799999999999912e+01 -3.790800000000000125e+01 -1.365099999999999980e+01 -1.710000000000000131e-01
1.080000000000000071e+01 -3.301599999999999824e+01 -1.649000000000000021e+00 -1.660000000000000087e-01
4.175999999999999801e+01 -1.308000000000000007e+01 9.977999999999999758e+00 -1.549999999999999989e-01
7.113700000000000045e+01 1.663899999999999935e+01 2.112399999999999878e+01 -1.189999999999999947e-01
8.996200000000000330e+01 3.488000000000000256e+01 3.172899999999999920e+01 -5.600000000000000117e-02
9.157399999999999807e+01 3.367600000000000193e+01 3.941100000000000136e+01 -8.999999999999999320e-03
7.616400000000000148e+01 3.101599999999999824e+01 4.030499999999999972e+01 -1.499999999999999944e-02
5.260199999999999676e+01 4.903499999999999659e+01 3.412500000000000000e+01 -5.700000000000000205e-02
3.558899999999999864e+01 8.491100000000000136e+01 2.742099999999999937e+01 -9.800000000000000377e-02
3.715200000000000102e+01 1.172180000000000035e+02 2.776699999999999946e+01 -1.010000000000000064e-01
5.553900000000000148e+01 1.392040000000000077e+02 3.553999999999999915e+01 -5.600000000000000117e-02
7.278000000000000114e+01 1.602340000000000089e+02 4.508599999999999852e+01 -7.000000000000000146e-03
7.103499999999999659e+01 1.749329999999999927e+02 5.189699999999999847e+01 0.000000000000000000e+00
5.312899999999999778e+01 1.629459999999999980e+02 5.601200000000000045e+01 -7.000000000000000146e-03
3.688499999999999801e+01 1.219980000000000047e+02 6.094899999999999807e+01 3.500000000000000333e-02
2.982000000000000028e+01 7.631399999999999295e+01 6.980400000000000205e+01 1.199999999999999956e-01
2.446099999999999852e+01 5.007900000000000063e+01 8.117600000000000193e+01 1.769999999999999907e-01
1.690500000000000114e+01 4.485499999999999687e+01 9.028799999999999670e+01 1.680000000000000104e-01
1.318699999999999939e+01 4.257200000000000273e+01 9.364900000000000091e+01 1.270000000000000018e-01
1.882300000000000040e+01 2.850000000000000000e+01 9.133199999999999363e+01 9.600000000000000200e-02
3.713199999999999790e+01 1.129599999999999937e+01 8.561700000000000443e+01 9.099999999999999756e-02
7.306100000000000705e+01 1.363400000000000034e+01 7.801399999999999579e+01 1.150000000000000050e-01
1.210240000000000009e+02 3.917999999999999972e+01 6.845199999999999818e+01 1.690000000000000113e-01
1.565250000000000057e+02 5.808200000000000074e+01 5.705299999999999727e+01 2.280000000000000082e-01
1.586490000000000009e+02 4.005400000000000205e+01 4.397299999999999898e+01 2.600000000000000089e-01
1.315209999999999866e+02 -2.822999999999999954e+00 2.820499999999999829e+01 2.399999999999999911e-01
9.054099999999999682e+01 -3.152400000000000091e+01 9.615000000000000213e+00 1.809999999999999942e-01
4.277900000000000347e+01 -3.486200000000000188e+01 -9.210000000000000853e+00 1.340000000000000080e-01
-5.793999999999999595e+00 -3.610900000000000176e+01 -2.544800000000000040e+01 1.360000000000000098e-01
-3.908100000000000307e+01 -4.797500000000000142e+01 -3.820499999999999829e+01 1.529999999999999971e-01
-4.602700000000000102e+01 -5.891899999999999693e+01 -4.693399999999999750e+01 1.300000000000000044e-01
-4.242699999999999960e+01 -6.774299999999999500e+01 -5.119100000000000250e+01 6.800000000000000488e-02
-5.910999999999999943e+01 -9.235800000000000409e+01 -5.315899999999999892e+01 1.200000000000000025e-02
-1.032800000000000011e+02 -1.321200000000000045e+02 -5.700099999999999767e+01 -1.899999999999999953e-02
-1.470759999999999934e+02 -1.571920000000000073e+02 -6.449299999999999500e+01 -3.500000000000000333e-02
-1.624979999999999905e+02 -1.484420000000000073e+02 -7.244100000000000250e+01 -5.000000000000000278e-02
-1.499170000000000016e+02 -1.201650000000000063e+02 -7.454200000000000159e+01 -5.600000000000000117e-02
-1.236940000000000026e+02 -9.718600000000000705e+01 -6.657399999999999807e+01 -5.199999999999999761e-02
-9.163200000000000500e+01 -9.121800000000000352e+01 -5.204999999999999716e+01 -5.800000000000000294e-02
-5.939800000000000324e+01 -1.010480000000000018e+02 -4.134499999999999886e+01 -6.500000000000000222e-02
-3.722500000000000142e+01 -1.179869999999999948e+02 -4.109000000000000341e+01 -4.399999999999999745e-02
-3.349600000000000222e+01 -1.294170000000000016e+02 -4.733299999999999841e+01 -4.000000000000000083e-03
-4.807099999999999795e+01 -1.291980000000000075e+02 -5.248899999999999721e+01 1.700000000000000122e-02
-6.963200000000000500e+01 -1.249579999999999984e+02 -5.301299999999999812e+01 1.000000000000000021e-02
-8.050100000000000477e+01 -1.279729999999999990e+02 -5.021800000000000352e+01 -1.200000000000000025e-02
-7.289700000000000557e+01 -1.376810000000000116e+02 -5.078199999999999648e+01 -5.399999999999999939e-02
-5.371200000000000330e+01 -1.386630000000000109e+02 -6.104699999999999704e+01 -1.110000000000000014e-01
-2.599299999999999855e+01 -1.136149999999999949e+02 -7.581499999999999773e+01 -1.499999999999999944e-01
1.655000000000000071e+01 -6.602700000000000102e+01 -8.387800000000000011e+01 -1.350000000000000089e-01
6.469400000000000261e+01 -2.199699999999999989e+01 -8.443099999999999739e+01 -6.400000000000000133e-02
8.583899999999999864e+01 5.149000000000000021e+00 -8.398799999999999955e+01 2.199999999999999872e-02
6.131799999999999784e+01 3.453399999999999892e+01 -8.328300000000000125e+01 4.499999999999999833e-02
1.810900000000000176e+01 8.753300000000000125e+01 -7.933899999999999864e+01 -1.299999999999999940e-02
5.041000000000000369e+00 1.590089999999999861e+02 -7.164300000000000068e+01 -5.800000000000000294e-02
3.885199999999999676e+01 2.254749999999999943e+02 -6.002700000000000102e+01 -8.000000000000000167e-03
8.514300000000000068e+01 2.670339999999999918e+02 -4.332800000000000296e+01 8.100000000000000255e-02
9.996800000000000352e+01 2.812919999999999732e+02 -2.089199999999999946e+01 1.000000000000000056e-01
7.834799999999999898e+01 2.784839999999999804e+02 5.953999999999999737e+00 3.899999999999999994e-02
5.085900000000000176e+01 2.651000000000000227e+02 3.289600000000000080e+01 -3.799999999999999906e-02
5.176599999999999824e+01 2.468309999999999889e+02 5.694500000000000028e+01 -9.600000000000000200e-02
9.580700000000000216e+01 2.406229999999999905e+02 8.006699999999999307e+01 -1.360000000000000098e-01
1.586829999999999927e+02 2.552369999999999948e+02 1.023250000000000028e+02 -1.380000000000000115e-01
1.876719999999999970e+02 2.671510000000000105e+02 1.159330000000000069e+02 -8.400000000000000522e-02
1.572810000000000059e+02 2.418799999999999955e+02 1.129590000000000032e+02 -3.000000000000000062e-03
9.084900000000000375e+01 1.697189999999999941e+02 9.692499999999999716e+01 5.500000000000000028e-02
1.752100000000000080e+01 6.826300000000000523e+01 8.073999999999999488e+01 6.400000000000000133e-02
-4.983700000000000330e+01 -3.370400000000000063e+01 7.189499999999999602e+01 4.800000000000000100e-02
-9.982099999999999795e+01 -1.134909999999999997e+02 6.617300000000000182e+01 6.300000000000000044e-02
-1.315680000000000121e+02 -1.728089999999999975e+02 5.618599999999999994e+01 1.130000000000000032e-01
-1.629170000000000016e+02 -2.297359999999999900e+02 3.871600000000000108e+01 1.209999999999999964e-01
-1.992110000000000127e+02 -2.849809999999999945e+02 1.568099999999999916e+01 4.100000000000000172e-02
-2.194170000000000016e+02 -3.196429999999999723e+02 -7.426000000000000156e+00 -7.299999999999999545e-02
-2.102529999999999859e+02 -3.251179999999999950e+02 -2.609900000000000020e+01 -1.300000000000000044e-01
-1.865920000000000130e+02 -3.066449999999999818e+02 -4.035099999999999909e+01 -1.089999999999999997e-01
-1.676829999999999927e+02 -2.668949999999999818e+02 -5.252400000000000091e+01 -8.699999999999999400e-02
-1.550560000000000116e+02 -2.116999999999999886e+02 -6.196999999999999886e+01 -1.340000000000000080e-01
-1.383269999999999982e+02 -1.590310000000000059e+02 -6.368800000000000239e+01 -2.169999999999999984e-01
-1.064620000000000033e+02 -1.204050000000000011e+02 -5.414300000000000068e+01 -2.630000000000000115e-01
-5.392900000000000205e+01 -8.273600000000000421e+01 -3.503900000000000148e+01 -2.620000000000000107e-01
1.176800000000000068e+01 -2.720400000000000063e+01 -9.205000000000000071e+00 -2.369999999999999885e-01
7.518999999999999773e+01 4.067799999999999727e+01 2.174899999999999878e+01 -1.620000000000000051e-01
1.334480000000000075e+02 9.738200000000000500e+01 5.471200000000000330e+01 4.000000000000000083e-03
1.900639999999999930e+02 1.257199999999999989e+02 8.404200000000000159e+01 2.079999999999999905e-01
2.216980000000000075e+02 1.175250000000000057e+02 1.029099999999999966e+02 3.170000000000000040e-01
1.934989999999999952e+02 7.816200000000000614e+01 1.070060000000000002e+02 2.770000000000000240e-01
1.212800000000000011e+02 3.877499999999999858e+01 9.882299999999999329e+01 1.630000000000000060e-01
6.987500000000000000e+01 2.808299999999999841e+01 8.504300000000000637e+01 7.900000000000000078e-02
7.231199999999999761e+01 3.442099999999999937e+01 7.060899999999999466e+01 6.600000000000000311e-02
8.978499999999999659e+01 3.035600000000000165e+01 5.866799999999999926e+01 9.400000000000000022e-02
6.860999999999999943e+01 1.620700000000000074e+01 5.096399999999999864e+01 9.700000000000000289e-02
8.675000000000000711e+00 1.010200000000000031e+01 4.416400000000000148e+01 4.599999999999999922e-02
-4.617499999999999716e+01 1.780699999999999861e+01 3.284000000000000341e+01 -1.700000000000000122e-02
-6.775900000000000034e+01 3.318500000000000227e+01 1.899699999999999989e+01 -4.499999999999999833e-02
-6.534699999999999420e+01 5.184700000000000131e+01 1.001699999999999946e+01 -3.599999999999999728e-02
-5.611299999999999955e+01 7.050199999999999534e+01 6.027999999999999581e+00 -2.500000000000000139e-02
-4.387700000000000244e+01 7.982399999999999807e+01 -1.173000000000000043e+00 -4.800000000000000100e-02
-2.693700000000000117e+01 6.956900000000000261e+01 -1.649800000000000111e+01 -9.900000000000000466e-02
-3.771999999999999797e+00 4.570499999999999829e+01 -3.546399999999999864e+01 -1.350000000000000089e-01
2.827700000000000102e+01 3.323100000000000165e+01 -4.825699999999999790e+01 -1.350000000000000089e-01
6.489499999999999602e+01 4.726500000000000057e+01 -4.743200000000000216e+01 -1.010000000000000064e-01
8.827200000000000557e+01 6.293200000000000216e+01 -3.556000000000000227e+01 -4.800000000000000100e-02
7.722700000000000387e+01 3.221600000000000108e+01 -2.547700000000000031e+01 -8.000000000000000167e-03
2.427299999999999969e+01 -5.635900000000000176e+01 -2.646499999999999986e+01 4.000000000000000083e-03
-5.396099999999999852e+01 -1.491949999999999932e+02 -3.242799999999999727e+01 3.799999999999999906e-02
-1.201359999999999957e+02 -1.818959999999999866e+02 -3.206700000000000017e+01 1.170000000000000068e-01
-1.415790000000000077e+02 -1.499579999999999984e+02 -2.497899999999999920e+01 1.749999999999999889e-01
-1.224230000000000018e+02 -9.941899999999999693e+01 -1.849200000000000088e+01 1.640000000000000069e-01
-9.737099999999999511e+01 -6.218699999999999761e+01 -1.580700000000000038e+01 1.219999999999999973e-01
-8.670900000000000318e+01 -3.392999999999999972e+01 -1.610500000000000043e+01 8.200000000000000344e-02
-7.914000000000000057e+01 -6.291999999999999815e+00 -2.078399999999999892e+01 2.800000000000000058e-02
-6.255700000000000216e+01 1.744500000000000028e+01 -3.172599999999999909e+01 -3.699999999999999817e-02
-4.305199999999999960e+01 3.847200000000000131e+01 -4.583800000000000097e+01 -7.699999999999999900e-02
-2.819800000000000040e+01 6.508700000000000330e+01 -5.695700000000000074e+01 -7.199999999999999456e-02
-1.341799999999999926e+01 9.941299999999999670e+01 -6.352300000000000324e+01 -4.100000000000000172e-02
1.185200000000000031e+01 1.360840000000000032e+02 -6.978400000000000603e+01 -2.500000000000000139e-02
5.652000000000000313e+01 1.705080000000000098e+02 -7.516200000000000614e+01 -4.200000000000000261e-02
1.226460000000000008e+02 2.018580000000000041e+02 -6.786299999999999955e+01 -6.600000000000000311e-02
1.919550000000000125e+02 2.244180000000000064e+02 -3.973299999999999699e+01 -5.500000000000000028e-02
2.228449999999999989e+02 2.157119999999999891e+02 -4.019000000000000128e+00 -2.500000000000000139e-02
1.886599999999999966e+02 1.538029999999999973e+02 1.557799999999999940e+01 -3.300000000000000155e-02
1.173979999999999961e+02 5.876800000000000068e+01 1.281499999999999950e+01 -9.700000000000000289e-02
6.267999999999999972e+01 -1.487599999999999945e+01 2.580999999999999961e+00 -1.799999999999999933e-01
4.270499999999999829e+01 -4.304200000000000159e+01 -1.417999999999999927e+00 -2.399999999999999911e-01
3.957000000000000028e+01 -5.050900000000000034e+01 1.129999999999999893e+00 -2.530000000000000027e-01
4.104999999999999716e+01 -5.575900000000000034e+01 4.745000000000000107e+00 -2.169999999999999984e-01
4.570900000000000318e+01 -4.566299999999999670e+01 5.794999999999999929e+00 -1.580000000000000016e-01
4.376299999999999812e+01 -1.352299999999999969e+01 3.846999999999999975e+00 -1.130000000000000032e-01
2.593100000000000094e+01 1.962999999999999901e+01 2.037999999999999812e+00 -9.199999999999999845e-02
1.219999999999999973e-01 2.891499999999999915e+01 4.532000000000000028e+00 -4.399999999999999745e-02
-1.798799999999999955e+01 1.035999999999999943e+01 1.101999999999999957e+01 7.099999999999999367e-02
-2.402599999999999980e+01 -1.788400000000000034e+01 1.561299999999999955e+01 1.970000000000000084e-01
-3.094200000000000017e+01 -3.585499999999999687e+01 1.271799999999999997e+01 2.340000000000000135e-01
-5.420900000000000318e+01 -4.109199999999999875e+01 3.677999999999999936e+00 1.729999999999999871e-01
-8.540999999999999659e+01 -3.809799999999999898e+01 -3.899000000000000021e+00 1.019999999999999934e-01
-9.167300000000000182e+01 -2.273799999999999955e+01 -4.780999999999999694e+00 8.000000000000000167e-02
-5.303699999999999903e+01 -1.235000000000000098e+00 -1.296999999999999931e+00 6.700000000000000400e-02
1.021700000000000053e+01 -6.006000000000000227e+00 2.116999999999999993e+00 3.899999999999999994e-02
5.576500000000000057e+01 -5.844800000000000040e+01 4.572000000000000064e+00 3.799999999999999906e-02
5.603000000000000114e+01 -1.317609999999999957e+02 6.634999999999999787e+00 8.400000000000000522e-02
1.514899999999999913e+01 -1.837050000000000125e+02 8.153999999999999915e+00 1.229999999999999982e-01
-3.801599999999999824e+01 -2.050980000000000132e+02 1.049799999999999933e+01 1.179999999999999938e-01
-7.084699999999999420e+01 -2.064720000000000084e+02 1.645899999999999963e+01 1.089999999999999997e-01
-6.996999999999999886e+01 -1.870660000000000025e+02 2.535600000000000165e+01 1.199999999999999956e-01
-4.495300000000000296e+01 -1.476059999999999945e+02 3.151699999999999946e+01 1.330000000000000071e-01
-1.189000000000000057e+01 -1.072270000000000039e+02 3.075100000000000122e+01 1.459999999999999909e-01
1.665599999999999881e+01 -8.034099999999999397e+01 2.545400000000000063e+01 1.789999999999999925e-01
2.908599999999999852e+01 -5.607800000000000296e+01 2.023900000000000077e+01 2.119999999999999940e-01
1.728099999999999881e+01 -2.223499999999999943e+01 1.601899999999999835e+01 1.940000000000000058e-01
-1.353200000000000003e+01 1.097799999999999976e+01 1.144500000000000028e+01 1.250000000000000000e-01
-4.207800000000000296e+01 3.405799999999999983e+01 7.549000000000000377e+00 7.099999999999999367e-02
-4.403499999999999659e+01 6.109899999999999665e+01 7.506000000000000227e+00 7.799999999999999989e-02
-1.357499999999999929e+01 9.961599999999999966e+01 1.129899999999999949e+01 1.130000000000000032e-01
2.657100000000000151e+01 1.216029999999999944e+02 1.358000000000000007e+01 1.209999999999999964e-01
4.249699999999999989e+01 9.968600000000000705e+01 9.188000000000000611e+00 9.900000000000000466e-02
2.187300000000000111e+01 5.133100000000000307e+01 -1.221999999999999975e+00 6.500000000000000222e-02
-1.577699999999999925e+01 1.649399999999999977e+01 -1.212299999999999933e+01 1.499999999999999944e-02
-4.351299999999999812e+01 1.061299999999999955e+01 -1.676699999999999946e+01 -4.200000000000000261e-02
-5.022200000000000131e+01 2.353800000000000026e+01 -9.458000000000000185e+00 -6.199999999999999956e-02
-4.045700000000000074e+01 4.580199999999999960e+01 1.075900000000000034e+01 -1.899999999999999953e-02
-2.647400000000000020e+01 7.050499999999999545e+01 3.509199999999999875e+01 4.499999999999999833e-02
-2.044200000000000017e+01 8.142100000000000648e+01 4.860600000000000165e+01 4.700000000000000011e-02
-2.449299999999999855e+01 6.757800000000000296e+01 4.498599999999999710e+01 -2.000000000000000042e-02
-2.678200000000000003e+01 4.863600000000000279e+01 3.333899999999999864e+01 -8.100000000000000255e-02
-1.042200000000000060e+01 5.936899999999999977e+01 2.600100000000000122e+01 -8.999999999999999667e-02
2.789900000000000091e+01 9.595600000000000307e+01 2.590599999999999881e+01 -8.000000000000000167e-02
6.604000000000000625e+01 9.963299999999999557e+01 2.730000000000000071e+01 -7.000000000000000666e-02
7.486899999999999977e+01 2.564999999999999858e+01 2.288700000000000045e+01 -4.399999999999999745e-02
5.255499999999999972e+01 -8.492900000000000205e+01 1.183300000000000018e+01 1.000000000000000021e-02
2.379799999999999827e+01 -1.461649999999999920e+02 1.655000000000000027e+00 8.000000000000000167e-02
4.740000000000000213e+00 -1.319439999999999884e+02 -2.988999999999999879e+00 1.199999999999999956e-01
-1.013899999999999935e+01 -9.215200000000000102e+01 -7.794999999999999929e+00 1.140000000000000041e-01
-2.867899999999999849e+01 -7.157800000000000296e+01 -1.773799999999999955e+01 1.290000000000000036e-01
-4.954399999999999693e+01 -6.375600000000000023e+01 -2.833200000000000074e+01 2.049999999999999878e-01
-6.754399999999999693e+01 -4.557500000000000284e+01 -3.546399999999999864e+01 2.610000000000000098e-01
-7.557299999999999329e+01 -1.333399999999999963e+01 -4.371000000000000085e+01 2.129999999999999949e-01
-6.671299999999999386e+01 2.235399999999999920e+01 -5.762299999999999756e+01 1.019999999999999934e-01
-4.614000000000000057e+01 4.928399999999999892e+01 -7.268800000000000239e+01 1.299999999999999940e-02
-3.308100000000000307e+01 5.714900000000000091e+01 -8.153000000000000114e+01 -5.000000000000000278e-02
-4.002000000000000313e+01 4.718800000000000239e+01 -8.284499999999999886e+01 -1.340000000000000080e-01
-5.799199999999999733e+01 3.864099999999999824e+01 -7.818699999999999761e+01 -2.399999999999999911e-01
-7.036299999999999955e+01 4.681000000000000227e+01 -6.628300000000000125e+01 -3.079999999999999960e-01
-7.125100000000000477e+01 5.828499999999999659e+01 -4.733299999999999841e+01 -3.160000000000000031e-01
-6.367399999999999949e+01 5.221200000000000330e+01 -2.800499999999999901e+01 -3.220000000000000084e-01
-4.936099999999999710e+01 3.839399999999999835e+01 -1.584500000000000064e+01 -3.639999999999999902e-01
-2.957100000000000151e+01 4.312100000000000222e+01 -1.082199999999999918e+01 -3.870000000000000107e-01
-1.127100000000000080e+01 6.395199999999999818e+01 -6.256000000000000227e+00 -3.529999999999999805e-01
-3.995999999999999996e+00 7.022299999999999898e+01 2.412999999999999812e+00 -3.109999999999999987e-01
-1.035999999999999943e+01 4.611099999999999710e+01 1.308000000000000007e+01 -3.009999999999999898e-01
-2.089900000000000091e+01 8.451000000000000512e+00 2.109400000000000119e+01 -2.969999999999999862e-01
-1.773799999999999955e+01 -1.570899999999999963e+01 2.428500000000000014e+01 -2.650000000000000133e-01
1.263100000000000023e+01 -8.615999999999999659e+00 2.477199999999999847e+01 -2.240000000000000047e-01
6.649399999999999977e+01 3.123499999999999943e+01 2.769500000000000028e+01 -2.089999999999999913e-01
1.206170000000000044e+02 7.195399999999999352e+01 3.457699999999999818e+01 -2.149999999999999967e-01
1.465819999999999936e+02 5.604200000000000159e+01 3.953399999999999892e+01 -1.950000000000000067e-01
1.382520000000000095e+02 -3.064999999999999858e+01 3.852400000000000091e+01 -1.429999999999999882e-01
1.165690000000000026e+02 -1.222819999999999965e+02 3.742000000000000171e+01 -8.300000000000000433e-02
9.635599999999999454e+01 -1.512340000000000089e+02 4.284899999999999665e+01 -1.799999999999999864e-02
7.164700000000000557e+01 -1.270729999999999933e+02 5.041599999999999682e+01 5.600000000000000117e-02
4.445000000000000284e+01 -9.639199999999999591e+01 5.009499999999999886e+01 1.110000000000000014e-01
3.809700000000000131e+01 -6.847899999999999920e+01 4.081700000000000017e+01 1.400000000000000133e-01
6.514100000000000534e+01 -2.601699999999999946e+01 3.206499999999999773e+01 1.650000000000000078e-01
9.664100000000000534e+01 1.960000000000000142e+01 2.947100000000000009e+01 1.950000000000000067e-01
8.291599999999999682e+01 2.585699999999999932e+01 2.698300000000000054e+01 2.200000000000000011e-01
1.030100000000000016e+01 -2.911499999999999844e+01 1.706700000000000017e+01 2.240000000000000047e-01
-7.592199999999999704e+01 -1.111689999999999969e+02 1.286000000000000032e+00 1.970000000000000084e-01
-1.172039999999999935e+02 -1.571750000000000114e+02 -1.223900000000000077e+01 1.419999999999999873e-01
-1.016989999999999981e+02 -1.373909999999999911e+02 -1.769900000000000162e+01 8.100000000000000255e-02
-6.234400000000000119e+01 -7.634000000000000341e+01 -1.668299999999999983e+01 3.699999999999999817e-02
-2.405499999999999972e+01 -9.518000000000000682e+00 -1.481900000000000084e+01 3.099999999999999978e-02
1.086299999999999955e+01 5.240999999999999659e+01 -1.479899999999999949e+01 4.900000000000000189e-02
2.348400000000000176e+01 1.088960000000000008e+02 -1.561800000000000033e+01 2.500000000000000139e-02
-1.694399999999999906e+01 1.520550000000000068e+02 -1.664999999999999858e+01 -7.900000000000000078e-02
-8.845499999999999829e+01 1.777580000000000098e+02 -1.827199999999999847e+01 -1.940000000000000058e-01
-1.157379999999999995e+02 1.951349999999999909e+02 -1.995899999999999963e+01 -2.169999999999999984e-01
-5.548799999999999955e+01 2.170589999999999975e+02 -1.970499999999999829e+01 -1.400000000000000133e-01
6.320499999999999829e+01 2.440680000000000121e+02 -1.361800000000000033e+01 -2.000000000000000042e-02
1.819840000000000089e+02 2.570819999999999936e+02 2.005999999999999783e+00 9.900000000000000466e-02
2.576850000000000023e+02 2.333360000000000127e+02 2.554899999999999949e+01 2.049999999999999878e-01
2.725149999999999864e+02 1.689089999999999918e+02 4.970900000000000318e+01 2.790000000000000258e-01
2.252040000000000077e+02 7.531799999999999784e+01 6.566599999999999682e+01 3.109999999999999987e-01
1.251539999999999964e+02 -3.126200000000000045e+01 6.562199999999999989e+01 3.180000000000000049e-01
3.934000000000000163e+00 -1.247240000000000038e+02 4.700900000000000034e+01 3.059999999999999942e-01
-8.970199999999999818e+01 -1.775769999999999982e+02 1.758599999999999852e+01 2.600000000000000089e-01
-1.305200000000000102e+02 -1.892820000000000107e+02 -8.721999999999999531e+00 1.859999999999999987e-01
-1.362230000000000132e+02 -1.860629999999999882e+02 -2.250000000000000000e+01 1.239999999999999991e-01
-1.352800000000000011e+02 -1.841939999999999884e+02 -2.345200000000000173e+01 9.800000000000000377e-02
-1.368280000000000030e+02 -1.737630000000000052e+02 -1.888700000000000045e+01 8.000000000000000167e-02
-1.378750000000000000e+02 -1.449250000000000114e+02 -1.887199999999999989e+01 4.299999999999999656e-02
-1.351419999999999959e+02 -1.056009999999999991e+02 -2.532799999999999940e+01 -1.700000000000000122e-02
-1.190330000000000013e+02 -6.496699999999999875e+01 -2.808899999999999864e+01 -7.499999999999999722e-02
-7.546399999999999864e+01 -2.175499999999999901e+01 -2.059700000000000131e+01 -1.039999999999999952e-01
-9.567999999999999616e+00 2.402599999999999980e+01 -1.167099999999999937e+01 -9.600000000000000200e-02
4.190899999999999892e+01 6.182000000000000028e+01 -1.179899999999999949e+01 -7.499999999999999722e-02
4.141599999999999682e+01 7.625499999999999545e+01 -1.924399999999999977e+01 -6.800000000000000488e-02
-3.694999999999999840e+00 5.971699999999999875e+01 -2.797599999999999909e+01 -8.699999999999999400e-02
-4.531300000000000239e+01 2.518199999999999861e+01 -3.520900000000000318e+01 -1.199999999999999956e-01
-5.044500000000000028e+01 3.209999999999999964e+00 -3.633899999999999864e+01 -1.229999999999999982e-01
-2.923900000000000077e+01 1.255000000000000071e+01 -2.774500000000000099e+01 -5.099999999999999672e-02
-5.350000000000000311e-01 3.830599999999999739e+01 -1.576999999999999957e+01 6.800000000000000488e-02
3.565599999999999881e+01 5.264200000000000301e+01 -9.413999999999999702e+00 1.280000000000000027e-01
7.317600000000000193e+01 4.650200000000000244e+01 -7.887999999999999901e+00 8.400000000000000522e-02
8.302700000000000102e+01 2.760200000000000031e+01 -6.445999999999999730e+00 1.200000000000000025e-02
5.004500000000000171e+01 3.234999999999999876e+00 -6.046999999999999709e+00 -2.100000000000000130e-02
1.020000000000000018e+00 -2.035699999999999932e+01 -8.641000000000000014e+00 -2.999999999999999889e-02
-2.852599999999999980e+01 -3.621600000000000108e+01 -1.270899999999999963e+01 -4.299999999999999656e-02
-3.614200000000000301e+01 -4.632399999999999807e+01 -1.738200000000000145e+01 -5.899999999999999689e-02
-4.143900000000000006e+01 -6.121600000000000108e+01 -2.227899999999999991e+01 -8.799999999999999489e-02
-5.092099999999999937e+01 -8.135299999999999443e+01 -2.380999999999999872e+01 -1.250000000000000000e-01
-5.489399999999999835e+01 -9.147299999999999898e+01 -1.881200000000000117e+01 -1.260000000000000009e-01
-4.962700000000000244e+01 -8.153199999999999648e+01 -9.759000000000000341e+00 -7.399999999999999634e-02
-4.320000000000000284e+01 -6.110900000000000176e+01 -9.180000000000000382e-01 -3.799999999999999906e-02
-4.075999999999999801e+01 -4.547399999999999665e+01 6.849999999999999645e+00 -6.700000000000000400e-02
-3.697299999999999898e+01 -3.584700000000000131e+01 1.250300000000000011e+01 -1.100000000000000006e-01
-2.603900000000000148e+01 -2.225900000000000034e+01 1.298499999999999943e+01 -9.900000000000000466e-02
-1.232399999999999984e+01 -3.718999999999999861e+00 9.779999999999999361e+00 -2.900000000000000147e-02
-5.522999999999999687e+00 6.801000000000000156e+00 8.928000000000000824e+00 3.799999999999999906e-02
-6.246999999999999886e+00 3.902000000000000135e+00 1.232900000000000063e+01 5.700000000000000205e-02
-2.266000000000000014e+00 1.949999999999999956e+00 1.753900000000000148e+01 4.800000000000000100e-02
1.614799999999999969e+01 1.055400000000000027e+01 2.477299999999999969e+01 5.899999999999999689e-02
4.100300000000000011e+01 1.376200000000000045e+01 3.440999999999999659e+01 9.800000000000000377e-02
5.584899999999999665e+01 -2.188000000000000167e+00 4.056000000000000227e+01 1.429999999999999882e-01
5.709599999999999653e+01 -1.863200000000000145e+01 3.751700000000000301e+01 1.920000000000000040e-01
5.358200000000000074e+01 -1.289400000000000013e+01 2.857100000000000151e+01 2.389999999999999902e-01
4.934700000000000131e+01 3.439000000000000057e+00 2.051599999999999824e+01 2.429999999999999938e-01
4.056400000000000006e+01 6.166999999999999815e+00 1.569699999999999918e+01 1.880000000000000004e-01
2.442999999999999972e+01 -3.540999999999999925e+00 1.366399999999999970e+01 1.150000000000000050e-01
1.903999999999999915e+00 -1.038499999999999979e+01 1.322700000000000031e+01 7.000000000000000666e-02
-2.163400000000000034e+01 -1.567500000000000071e+01 1.111899999999999977e+01 6.900000000000000577e-02
-3.659100000000000108e+01 -3.488000000000000256e+01 4.262999999999999901e+00 8.300000000000000433e-02
-3.881499999999999773e+01 -7.046599999999999397e+01 -6.233999999999999986e+00 6.600000000000000311e-02
-3.504099999999999682e+01 -9.958700000000000330e+01 -1.561299999999999955e+01 1.400000000000000029e-02
-3.034100000000000108e+01 -9.510200000000000387e+01 -1.909799999999999898e+01 -1.799999999999999864e-02
-1.934499999999999886e+01 -5.452199999999999847e+01 -1.550399999999999956e+01 -8.000000000000000167e-03
1.020000000000000018e+00 3.047000000000000153e+00 -9.592000000000000526e+00 -2.000000000000000042e-03
2.127799999999999869e+01 6.350500000000000256e+01 -8.619999999999999218e+00 -3.099999999999999978e-02
3.228999999999999915e+01 1.228499999999999943e+02 -1.314300000000000068e+01 -7.099999999999999367e-02
3.720799999999999841e+01 1.697980000000000018e+02 -1.601300000000000168e+01 -8.899999999999999578e-02
3.878900000000000148e+01 1.879759999999999991e+02 -1.380599999999999916e+01 -7.799999999999999989e-02
2.931500000000000128e+01 1.788449999999999989e+02 -1.114000000000000057e+01 -7.699999999999999900e-02
1.176600000000000001e+01 1.649780000000000086e+02 -1.112899999999999956e+01 -1.110000000000000014e-01
1.386200000000000010e+01 1.668240000000000123e+02 -1.017399999999999949e+01 -1.519999999999999962e-01
5.210600000000000165e+01 1.796599999999999966e+02 -4.225999999999999979e+00 -1.610000000000000042e-01
9.668399999999999750e+01 1.715509999999999877e+02 4.847999999999999865e+00 -1.360000000000000098e-01
1.074759999999999991e+02 1.170610000000000070e+02 1.179199999999999982e+01 -9.600000000000000200e-02
9.211799999999999500e+01 3.956499999999999773e+01 1.644399999999999906e+01 -4.599999999999999922e-02
8.715600000000000591e+01 -1.016699999999999982e+01 2.414000000000000057e+01 2.400000000000000050e-02
9.294299999999999784e+01 -2.305000000000000071e+01 3.354200000000000159e+01 8.899999999999999578e-02
7.718600000000000705e+01 -3.505400000000000205e+01 3.335000000000000142e+01 8.999999999999999667e-02
4.120400000000000063e+01 -5.863300000000000267e+01 1.940599999999999881e+01 1.600000000000000033e-02
2.984799999999999898e+01 -6.133100000000000307e+01 4.602999999999999758e+00 -3.200000000000000067e-02
6.118200000000000216e+01 -2.678800000000000026e+01 1.792999999999999927e+00 3.400000000000000244e-02
9.030400000000000205e+01 5.411999999999999922e+00 5.977999999999999758e+00 1.529999999999999971e-01
6.744100000000000250e+01 -6.498000000000000220e+00 3.403000000000000025e+00 1.869999999999999996e-01
-1.590999999999999970e+00 -4.582000000000000028e+01 -8.602000000000000313e+00 1.170000000000000068e-01
-7.486400000000000432e+01 -7.611199999999999477e+01 -2.063500000000000156e+01 3.400000000000000244e-02
-1.230330000000000013e+02 -1.039989999999999952e+02 -2.495200000000000173e+01 -1.799999999999999864e-02
-1.396200000000000045e+02 -1.474490000000000123e+02 -2.088400000000000034e+01 -6.700000000000000400e-02
-1.278469999999999942e+02 -1.806699999999999875e+02 -1.071100000000000030e+01 -1.100000000000000006e-01
-9.645099999999999341e+01 -1.677280000000000086e+02 7.690000000000000169e-01 -1.250000000000000000e-01
-5.916299999999999670e+01 -1.169230000000000018e+02 6.336000000000000298e+00 -1.400000000000000133e-01
-2.550100000000000122e+01 -5.967300000000000182e+01 4.421000000000000263e+00 -1.690000000000000113e-01
4.552999999999999936e+00 -1.052599999999999980e+01 2.427999999999999936e+00 -1.779999999999999916e-01
2.737399999999999878e+01 2.286700000000000088e+01 5.826999999999999957e+00 -1.489999999999999936e-01
2.716900000000000048e+01 2.740899999999999892e+01 1.170100000000000051e+01 -1.160000000000000059e-01
-1.209000000000000075e+00 7.126000000000000334e+00 1.659799999999999898e+01 -1.199999999999999956e-01
-3.193199999999999861e+01 -1.144400000000000084e+01 2.051800000000000068e+01 -1.529999999999999971e-01
-3.431099999999999994e+01 -1.309399999999999942e+01 2.194999999999999929e+01 -1.570000000000000007e-01
-1.238299999999999912e+01 -1.023499999999999943e+01 1.839699999999999847e+01 -1.010000000000000064e-01
1.489000000000000101e+00 -1.473199999999999932e+01 1.169999999999999929e+01 -2.100000000000000130e-02
-1.187800000000000011e+01 -1.660000000000000142e+01 6.597000000000000419e+00 5.299999999999999850e-02
-4.075000000000000000e+01 -8.259999999999999787e+00 4.011000000000000121e+00 1.130000000000000032e-01
-6.376800000000000068e+01 -5.594999999999999751e+00 -2.030000000000000138e-01 1.310000000000000053e-01
-7.195499999999999829e+01 -1.890399999999999991e+01 -8.941000000000000725e+00 8.699999999999999400e-02
-6.938299999999999557e+01 -2.951000000000000156e+01 -2.001300000000000168e+01 2.599999999999999881e-02
-6.415099999999999625e+01 -2.055199999999999960e+01 -2.966900000000000048e+01 -4.000000000000000083e-03
-5.986899999999999977e+01 -2.889999999999999791e-01 -3.620400000000000063e+01 -2.299999999999999961e-02
-5.275500000000000256e+01 2.483299999999999841e+01 -3.927400000000000091e+01 -6.700000000000000400e-02
-3.765500000000000114e+01 6.640600000000000591e+01 -3.799300000000000210e+01 -1.079999999999999988e-01
-1.637699999999999889e+01 1.218780000000000001e+02 -3.105099999999999838e+01 -8.200000000000000344e-02
2.250000000000000056e-01 1.537829999999999870e+02 -1.996099999999999852e+01 1.899999999999999953e-02
8.860000000000000098e-01 1.293739999999999952e+02 -1.070299999999999940e+01 1.199999999999999956e-01
-1.290799999999999947e+01 6.635500000000000398e+01 -8.483000000000000540e+00 1.419999999999999873e-01
-2.923999999999999844e+01 1.314600000000000080e+01 -1.237700000000000067e+01 7.499999999999999722e-02
-4.114399999999999835e+01 -4.003999999999999559e+00 -1.768599999999999994e+01 -2.100000000000000130e-02
-4.613499999999999801e+01 7.136999999999999567e+00 -2.032000000000000028e+01 -8.000000000000000167e-02
-3.562899999999999778e+01 2.852299999999999969e+01 -1.696000000000000085e+01 -8.100000000000000255e-02
-5.828000000000000291e+00 4.541599999999999682e+01 -5.886000000000000121e+00 -5.600000000000000117e-02
2.563200000000000145e+01 4.906700000000000017e+01 8.451999999999999957e+00 -4.299999999999999656e-02
3.613600000000000279e+01 4.058500000000000085e+01 1.647500000000000142e+01 -4.399999999999999745e-02
2.828800000000000026e+01 2.612399999999999878e+01 1.376099999999999923e+01 -4.000000000000000083e-02
2.601399999999999935e+01 1.057799999999999940e+01 6.304999999999999716e+00 -2.000000000000000042e-02
4.302900000000000347e+01 8.399999999999999689e-01 2.745999999999999996e+00 1.400000000000000029e-02
6.691400000000000148e+01 2.299999999999999961e-02 4.626000000000000334e+00 5.199999999999999761e-02
7.795000000000000284e+01 -4.450000000000000067e-01 6.455000000000000071e+00 8.100000000000000255e-02
7.923999999999999488e+01 -4.206000000000000405e+00 4.875000000000000000e+00 1.019999999999999934e-01
9.140699999999999648e+01 -2.330000000000000127e-01 4.376000000000000334e+00 1.199999999999999956e-01
1.114969999999999999e+02 1.241600000000000037e+01 9.746000000000000441e+00 1.250000000000000000e-01
1.066569999999999965e+02 1.452100000000000080e+01 1.607900000000000063e+01 1.069999999999999979e-01
6.520000000000000284e+01 -3.634999999999999787e+00 1.433799999999999919e+01 8.000000000000000167e-02
1.831899999999999906e+01 -2.970799999999999841e+01 5.177999999999999936e+00 5.999999999999999778e-02
-7.511000000000000121e+00 -5.575600000000000023e+01 -1.495999999999999996e+00 4.499999999999999833e-02
-2.030300000000000082e+01 -8.539600000000000080e+01 3.669999999999999929e-01 3.400000000000000244e-02
-3.215699999999999648e+01 -1.097450000000000045e+02 7.971000000000000085e+00 4.000000000000000083e-02
-4.024399999999999977e+01 -1.136539999999999964e+02 1.569200000000000017e+01 4.900000000000000189e-02
-4.413300000000000267e+01 -1.054800000000000040e+02 1.942399999999999949e+01 2.699999999999999969e-02
-4.843699999999999761e+01 -1.025259999999999962e+02 1.723000000000000043e+01 -1.600000000000000033e-02
-5.027000000000000313e+01 -9.661700000000000443e+01 1.037299999999999933e+01 -2.599999999999999881e-02
-4.567199999999999704e+01 -7.024399999999999977e+01 2.145999999999999908e+00 4.000000000000000083e-03
-4.013300000000000267e+01 -3.249499999999999744e+01 -5.293999999999999595e+00 2.100000000000000130e-02
-4.026800000000000068e+01 -8.960000000000000853e+00 -1.114100000000000001e+01 -6.000000000000000125e-03
-4.328699999999999903e+01 -5.926000000000000156e+00 -1.398300000000000054e+01 -4.900000000000000189e-02
-4.043999999999999773e+01 -4.368000000000000327e+00 -1.186200000000000010e+01 -5.700000000000000205e-02
-2.737999999999999901e+01 1.161200000000000010e+01 -5.536999999999999922e+00 -2.599999999999999881e-02
-1.063199999999999967e+01 3.092500000000000071e+01 -8.319999999999999618e-01 1.099999999999999936e-02
-1.243000000000000105e+00 3.125199999999999889e+01 -2.706999999999999851e+00 3.300000000000000155e-02
-8.980000000000000204e-01 1.471299999999999919e+01 -6.863999999999999879e+00 5.000000000000000278e-02
-3.438000000000000167e+00 3.125999999999999890e+00 -5.195999999999999730e+00 6.099999999999999867e-02
-7.963000000000000078e+00 8.790000000000000036e-01 9.010000000000000231e-01 5.500000000000000028e-02
-1.537299999999999933e+01 -3.314999999999999947e+00 2.416999999999999815e+00 2.900000000000000147e-02
-1.829899999999999949e+01 -6.615999999999999659e+00 -3.087000000000000188e+00 -4.000000000000000083e-03
-1.093900000000000006e+01 3.930000000000000160e-01 -8.944000000000000838e+00 -1.700000000000000122e-02
-4.909999999999999920e-01 1.003700000000000081e+01 -9.830999999999999517e+00 -1.400000000000000029e-02
3.830999999999999961e+00 8.054999999999999716e+00 -6.498000000000000220e+00 -3.099999999999999978e-02
4.121000000000000441e+00 -5.019999999999999574e+00 -9.120000000000000329e-01 -8.599999999999999312e-02
7.371999999999999886e+00 -1.600400000000000134e+01 7.057999999999999829e+00 -1.419999999999999873e-01
1.402699999999999925e+01 -1.447600000000000087e+01 1.643199999999999861e+01 -1.380000000000000115e-01
2.021799999999999997e+01 -1.963000000000000078e+00 2.270899999999999963e+01 -8.799999999999999489e-02
2.546300000000000097e+01 1.298099999999999987e+01 2.230099999999999838e+01 -6.500000000000000222e-02
3.147599999999999909e+01 2.612500000000000000e+01 1.683500000000000085e+01 -9.500000000000000111e-02
3.584899999999999665e+01 3.815800000000000125e+01 1.074200000000000088e+01 -1.239999999999999991e-01
3.262500000000000000e+01 4.789200000000000301e+01 7.360000000000000320e+00 -1.000000000000000056e-01
2.053200000000000003e+01 5.356499999999999773e+01 7.911999999999999922e+00 -4.800000000000000100e-02
7.269000000000000128e+00 5.655199999999999960e+01 1.116099999999999959e+01 1.000000000000000021e-03
2.270000000000000018e+00 5.842399999999999949e+01 1.323199999999999932e+01 5.999999999999999778e-02
6.541999999999999815e+00 5.878999999999999915e+01 1.021599999999999930e+01 1.130000000000000032e-01
1.271199999999999974e+01 5.582900000000000063e+01 2.430000000000000160e+00 1.079999999999999988e-01
1.491499999999999915e+01 4.555400000000000205e+01 -5.341999999999999638e+00 5.800000000000000294e-02
1.593500000000000050e+01 2.566799999999999926e+01 -8.701999999999999957e+00 3.799999999999999906e-02
2.214900000000000091e+01 2.283999999999999808e+00 -7.232999999999999652e+00 7.000000000000000666e-02
3.291499999999999915e+01 -1.380100000000000016e+01 -3.829000000000000181e+00 1.089999999999999997e-01
4.165899999999999892e+01 -1.772899999999999920e+01 -2.988999999999999879e+00 1.170000000000000068e-01
4.802199999999999847e+01 -1.225399999999999956e+01 -7.386999999999999567e+00 1.029999999999999943e-01
5.786200000000000188e+01 -3.774000000000000021e+00 -1.297400000000000020e+01 1.120000000000000023e-01
6.843699999999999761e+01 -1.137000000000000011e+00 -1.267300000000000004e+01 1.630000000000000060e-01
6.620300000000000296e+01 -8.823000000000000398e+00 -7.432999999999999829e+00 2.190000000000000002e-01
4.481400000000000006e+01 -1.920299999999999940e+01 -5.472000000000000419e+00 2.290000000000000091e-01
1.646300000000000097e+01 -2.221900000000000119e+01 -9.304000000000000270e+00 1.869999999999999996e-01
-1.502999999999999892e+00 -1.935699999999999932e+01 -1.301699999999999946e+01 1.189999999999999947e-01
-5.493000000000000327e+00 -1.624699999999999989e+01 -1.203400000000000070e+01 6.700000000000000400e-02
-3.588000000000000078e+00 -8.683999999999999275e+00 -6.676999999999999602e+00 6.600000000000000311e-02
-2.423000000000000043e+00 9.541000000000000369e+00 1.153000000000000025e+00 1.069999999999999979e-01
-4.706999999999999851e+00 3.170799999999999841e+01 7.801000000000000156e+00 1.360000000000000098e-01
-1.022600000000000087e+01 4.598400000000000176e+01 9.509000000000000341e+00 1.300000000000000044e-01
-1.449799999999999933e+01 5.232600000000000051e+01 8.287000000000000810e+00 1.079999999999999988e-01
-1.539199999999999946e+01 5.810000000000000142e+01 1.022199999999999953e+01 8.400000000000000522e-02
-1.855099999999999838e+01 6.234499999999999886e+01 1.653099999999999881e+01 5.800000000000000294e-02
-2.671000000000000085e+01 5.778999999999999915e+01 2.130099999999999838e+01 4.900000000000000189e-02
-3.107799999999999940e+01 4.480799999999999983e+01 1.920400000000000063e+01 4.100000000000000172e-02
-2.500000000000000000e+01 3.089900000000000091e+01 1.242999999999999972e+01 -4.000000000000000083e-03
-1.722700000000000031e+01 1.893199999999999861e+01 7.517000000000000348e+00 -6.400000000000000133e-02
-1.883200000000000074e+01 6.078000000000000291e+00 7.017999999999999794e+00 -6.900000000000000577e-02
-2.607000000000000028e+01 -7.628000000000000114e+00 8.226000000000000867e+00 -2.299999999999999961e-02
-2.803300000000000125e+01 -1.719800000000000040e+01 8.257999999999999119e+00 -3.000000000000000062e-03
-2.303699999999999903e+01 -1.925900000000000034e+01 6.102999999999999758e+00 -3.400000000000000244e-02
-1.726200000000000045e+01 -1.637500000000000000e+01 2.141000000000000014e+00 -5.800000000000000294e-02
-1.394200000000000017e+01 -1.342800000000000082e+01 -1.685000000000000053e+00 -3.400000000000000244e-02
-1.276500000000000057e+01 -1.269500000000000028e+01 -3.821000000000000174e+00 -1.200000000000000025e-02
-1.415199999999999925e+01 -1.416699999999999982e+01 -5.131999999999999673e+00 -4.900000000000000189e-02
-1.683200000000000074e+01 -1.714199999999999946e+01 -6.623000000000000220e+00 -1.069999999999999979e-01
-1.702700000000000102e+01 -1.989199999999999946e+01 -7.232000000000000206e+00 -1.130000000000000032e-01
-1.428700000000000081e+01 -2.094099999999999895e+01 -6.413000000000000256e+00 -7.699999999999999900e-02
-1.176900000000000013e+01 -2.070400000000000063e+01 -6.126999999999999780e+00 -7.900000000000000078e-02
-1.035699999999999932e+01 -2.004899999999999949e+01 -7.592999999999999972e+00 -1.250000000000000000e-01
-8.724000000000000199e+00 -1.930499999999999972e+01 -8.948999999999999844e+00 -1.479999999999999927e-01
-6.818999999999999950e+00 -1.916900000000000048e+01 -8.586000000000000298e+00 -1.250000000000000000e-01
-5.480999999999999872e+00 -2.007600000000000051e+01 -7.815999999999999837e+00 -1.089999999999999997e-01
-5.315000000000000391e+00 -2.144099999999999895e+01 -8.061999999999999389e+00 -1.320000000000000062e-01
-6.282000000000000028e+00 -2.261599999999999966e+01 -8.561999999999999389e+00 -1.710000000000000131e-01
-7.209999999999999964e+00 -2.326899999999999835e+01 -8.535000000000000142e+00 -1.849999999999999978e-01
-7.315999999999999837e+00 -2.311700000000000088e+01 -8.477999999999999758e+00 -1.610000000000000042e-01
-7.310999999999999943e+00 -2.212399999999999878e+01 -8.435999999999999943e+00 -1.390000000000000124e-01
-7.552999999999999936e+00 -2.089399999999999835e+01 -7.620000000000000107e+00 -1.539999999999999980e-01
-7.533000000000000362e+00 -2.076800000000000068e+01 -6.275000000000000355e+00 -1.799999999999999933e-01
-7.386999999999999567e+00 -2.211299999999999955e+01 -5.895999999999999908e+00 -1.940000000000000058e-01
-7.570999999999999730e+00 -2.310200000000000031e+01 -6.724999999999999645e+00 -2.330000000000000127e-01
-7.721000000000000085e+00 -2.244900000000000162e+01 -7.078999999999999737e+00 -3.069999999999999951e-01
-7.126999999999999780e+00 -2.123100000000000165e+01 -6.073999999999999844e+00 -3.770000000000000018e-01
-5.815000000000000391e+00 -2.042000000000000171e+01 -4.552999999999999936e+00 -4.179999999999999827e-01
-4.592999999999999972e+00 -1.948900000000000077e+01 -3.335999999999999854e+00 -4.510000000000000120e-01
-4.137999999999999901e+00 -1.797899999999999920e+01 -2.830000000000000071e+00 -4.829999999999999849e-01
-4.463000000000000078e+00 -1.620499999999999829e+01 -2.970000000000000195e+00 -4.939999999999999947e-01
-4.740000000000000213e+00 -1.455000000000000071e+01 -2.762000000000000011e+00 -4.819999999999999840e-01
-3.678999999999999826e+00 -1.323199999999999932e+01 -2.120999999999999996e+00 -4.719999999999999751e-01
-1.368999999999999995e+00 -1.226500000000000057e+01 -2.529999999999999805e+00 -4.660000000000000253e-01
4.410000000000000031e-01 -1.123499999999999943e+01 -3.754999999999999893e+00 -4.410000000000000031e-01
9.899999999999999911e-01 -9.858999999999999986e+00 -3.290999999999999925e+00 -3.830000000000000071e-01
1.324000000000000066e+00 -8.425000000000000711e+00 -5.600000000000000533e-01 -3.170000000000000040e-01
2.008999999999999897e+00 -6.778999999999999915e+00 1.828000000000000069e+00 -2.700000000000000178e-01
2.561999999999999833e+00 -4.325000000000000178e+00 1.784000000000000030e+00 -2.349999999999999867e-01
3.228000000000000203e+00 -1.616000000000000103e+00 1.859999999999999987e-01 -1.970000000000000084e-01
4.549999999999999822e+00 1.700000000000000122e-01 -8.830000000000000071e-01 -1.610000000000000042e-01
5.666999999999999815e+00 1.231999999999999984e+00 -7.319999999999999840e-01 -1.370000000000000107e-01
5.711000000000000298e+00 2.572999999999999954e+00 -2.599999999999999881e-02 -9.800000000000000377e-02
5.426999999999999602e+00 3.995999999999999996e+00 8.259999999999999565e-01 -2.400000000000000050e-02
5.501999999999999780e+00 4.568999999999999950e+00 1.762999999999999901e+00 5.999999999999999778e-02
5.285000000000000142e+00 4.631999999999999673e+00 2.096000000000000085e+00 1.160000000000000059e-01
4.280000000000000249e+00 5.096000000000000085e+00 1.300999999999999934e+00 1.559999999999999998e-01
3.479999999999999982e+00 5.791999999999999815e+00 3.370000000000000218e-01 2.139999999999999958e-01
4.235000000000000320e+00 6.615999999999999659e+00 6.009999999999999787e-01 2.909999999999999809e-01
5.995000000000000107e+00 7.934000000000000163e+00 2.214999999999999858e+00 3.539999999999999813e-01
6.833999999999999631e+00 9.356999999999999318e+00 3.888999999999999790e+00 3.980000000000000204e-01
6.402999999999999581e+00 1.082300000000000040e+01 3.990000000000000213e+00 4.410000000000000031e-01
5.810999999999999943e+00 1.279499999999999993e+01 2.343999999999999861e+00 4.769999999999999796e-01
5.269000000000000128e+00 1.433500000000000085e+01 7.239999999999999769e-01 4.769999999999999796e-01
4.592999999999999972e+00 1.461500000000000021e+01 5.769999999999999574e-01 4.640000000000000235e-01
4.373999999999999666e+00 1.483699999999999974e+01 1.197000000000000064e+00 4.799999999999999822e-01
4.583999999999999631e+00 1.565000000000000036e+01 1.225000000000000089e+00 5.230000000000000204e-01
4.304000000000000270e+00 1.615599999999999881e+01 1.104000000000000092e+00 5.590000000000000524e-01
3.811999999999999833e+00 1.639199999999999946e+01 2.218999999999999861e+00 5.779999999999999583e-01
4.088000000000000078e+00 1.693100000000000094e+01 4.052999999999999936e+00 5.719999999999999529e-01
4.637999999999999901e+00 1.653000000000000114e+01 4.947000000000000064e+00 5.550000000000000488e-01
4.605999999999999872e+00 1.371899999999999942e+01 4.822000000000000064e+00 5.570000000000000506e-01
4.642999999999999794e+00 1.013199999999999967e+01 4.112000000000000099e+00 5.669999999999999485e-01
5.600999999999999979e+00 8.618999999999999773e+00 2.334999999999999964e+00 5.580000000000000515e-01
6.801999999999999602e+00 9.028000000000000469e+00 4.289999999999999925e-01 5.370000000000000329e-01
7.054999999999999716e+00 9.651999999999999247e+00 7.520000000000000018e-01 5.220000000000000195e-01
6.291000000000000369e+00 1.056000000000000050e+01 2.814999999999999947e+00 5.010000000000000009e-01
5.086999999999999744e+00 1.254100000000000037e+01 3.503000000000000114e+00 4.689999999999999725e-01
3.684000000000000163e+00 1.490499999999999936e+01 2.438000000000000167e+00 4.470000000000000084e-01
2.410000000000000142e+00 1.596700000000000053e+01 2.208000000000000185e+00 4.390000000000000013e-01
2.111000000000000210e+00 1.564400000000000013e+01 3.273000000000000131e+00 4.269999999999999907e-01
3.140000000000000124e+00 1.649399999999999977e+01 3.652000000000000135e+00 4.069999999999999729e-01
5.230000000000000426e+00 2.036299999999999955e+01 3.017999999999999794e+00 3.860000000000000098e-01
9.076999999999999957e+00 2.479899999999999949e+01 2.818000000000000060e+00 3.549999999999999822e-01
1.477800000000000047e+01 2.436599999999999966e+01 3.194999999999999840e+00 3.089999999999999969e-01
1.830099999999999838e+01 1.578100000000000058e+01 2.879999999999999893e+00 2.720000000000000195e-01
1.497400000000000020e+01 2.285000000000000142e+00 1.743999999999999995e+00 2.520000000000000018e-01
6.826999999999999957e+00 -8.492000000000000881e+00 1.322999999999999954e+00 2.149999999999999967e-01
7.720000000000000195e-01 -1.262500000000000000e+01 2.407000000000000028e+00 1.600000000000000033e-01
-2.449999999999999956e-01 -1.312700000000000067e+01 3.649999999999999911e+00 1.270000000000000018e-01
8.129999999999999449e-01 -1.407799999999999940e+01 3.532000000000000028e+00 1.189999999999999947e-01
7.880000000000000338e-01 -1.562299999999999933e+01 2.370000000000000107e+00 8.100000000000000255e-02
-7.479999999999999982e-01 -1.612999999999999901e+01 1.249000000000000110e+00 7.000000000000000146e-03
-2.771999999999999797e+00 -1.585500000000000043e+01 9.299999999999999933e-02 -4.399999999999999745e-02
-3.920999999999999819e+00 -1.616799999999999926e+01 -1.711999999999999966e+00 -5.199999999999999761e-02
-3.520999999999999908e+00 -1.710999999999999943e+01 -3.190999999999999837e+00 -7.000000000000000666e-02
-2.153000000000000025e+00 -1.744399999999999906e+01 -2.630999999999999783e+00 -1.219999999999999973e-01
-1.092000000000000082e+00 -1.612500000000000000e+01 -5.510000000000000453e-01 -1.729999999999999871e-01
-1.487999999999999989e+00 -1.372400000000000020e+01 9.270000000000000462e-01 -2.059999999999999887e-01
-3.189999999999999947e+00 -1.240600000000000058e+01 1.074999999999999956e+00 -2.359999999999999876e-01
-4.724000000000000199e+00 -1.297700000000000031e+01 7.710000000000000187e-01 -2.640000000000000124e-01
-5.001999999999999780e+00 -1.356400000000000006e+01 7.249999999999999778e-01 -2.740000000000000213e-01
-4.211000000000000298e+00 -1.296899999999999942e+01 7.179999999999999716e-01 -2.680000000000000160e-01
-3.318999999999999950e+00 -1.189400000000000013e+01 3.569999999999999840e-01 -2.710000000000000187e-01
-3.293000000000000149e+00 -1.025300000000000011e+01 -4.100000000000000172e-02 -2.969999999999999862e-01
-4.302999999999999936e+00 -7.786999999999999922e+00 1.719999999999999862e-01 -3.360000000000000209e-01
-5.330000000000000071e+00 -5.921000000000000263e+00 1.070999999999999952e+00 -3.509999999999999787e-01
-5.059999999999999609e+00 -5.160999999999999588e+00 1.913999999999999924e+00 -3.430000000000000271e-01
-3.740000000000000213e+00 -4.019000000000000128e+00 1.798000000000000043e+00 -3.549999999999999822e-01
-3.250000000000000000e+00 -2.262000000000000011e+00 7.129999999999999671e-01 -3.930000000000000160e-01
-4.517999999999999794e+00 -1.435000000000000053e+00 -4.189999999999999836e-01 -4.089999999999999747e-01
-6.067000000000000171e+00 -1.836000000000000076e+00 -9.270000000000000462e-01 -3.890000000000000124e-01
-6.099999999999999645e+00 -1.780000000000000027e+00 -8.239999999999999547e-01 -3.890000000000000124e-01
-4.982000000000000206e+00 -1.890000000000000013e-01 -1.739999999999999880e-01 -4.309999999999999942e-01
-4.376999999999999780e+00 1.804000000000000048e+00 6.049999999999999822e-01 -4.570000000000000173e-01
-4.671999999999999709e+00 2.658999999999999808e+00 4.239999999999999880e-01 -4.159999999999999809e-01
-5.033999999999999808e+00 2.770999999999999908e+00 -6.929999999999999494e-01 -3.479999999999999760e-01
-5.051000000000000156e+00 3.573999999999999844e+00 -9.719999999999999751e-01 -3.290000000000000147e-01
-4.663999999999999702e+00 4.919999999999999929e+00 2.479999999999999982e-01 -3.609999999999999876e-01
-3.831999999999999851e+00 5.743999999999999773e+00 1.171000000000000041e+00 -3.760000000000000009e-01
-3.061999999999999833e+00 6.511999999999999567e+00 3.579999999999999849e-01 -3.390000000000000235e-01
-3.079000000000000181e+00 7.886000000000000121e+00 -1.379000000000000004e+00 -2.869999999999999774e-01
-3.636000000000000121e+00 8.759999999999999787e+00 -2.470000000000000195e+00 -2.660000000000000142e-01
-3.435000000000000053e+00 8.503999999999999559e+00 -2.298999999999999932e+00 -2.680000000000000160e-01
-2.100000000000000089e+00 8.435000000000000497e+00 -1.375999999999999890e+00 -2.610000000000000098e-01
-9.639999999999999680e-01 9.224000000000000199e+00 -5.330000000000000293e-01 -2.479999999999999982e-01
-7.319999999999999840e-01 9.692999999999999616e+00 -7.199999999999999456e-02 -2.469999999999999973e-01
-7.319999999999999840e-01 9.224000000000000199e+00 2.800000000000000058e-02 -2.389999999999999902e-01
-9.130000000000000338e-01 8.625999999999999446e+00 -5.460000000000000409e-01 -2.119999999999999940e-01
-1.594999999999999973e+00 7.958999999999999631e+00 -1.733000000000000096e+00 -1.930000000000000049e-01
-1.681999999999999940e+00 6.682000000000000384e+00 -2.329000000000000181e+00 -2.010000000000000120e-01
-2.859999999999999765e-01 6.001000000000000334e+00 -1.645999999999999908e+00 -2.119999999999999940e-01
8.860000000000000098e-01 7.269999999999999574e+00 -9.829999999999999849e-01 -2.030000000000000138e-01
4.189999999999999836e-01 8.887000000000000455e+00 -1.429999999999999938e+00 -1.829999999999999960e-01
1.559999999999999998e-01 8.337999999999999190e+00 -1.780999999999999917e+00 -1.640000000000000069e-01
1.340999999999999970e+00 5.868000000000000327e+00 -9.519999999999999574e-01 -1.429999999999999882e-01
2.084999999999999964e+00 4.011000000000000121e+00 -5.199999999999999761e-02 -1.189999999999999947e-01
1.548000000000000043e+00 4.605999999999999872e+00 1.160000000000000059e-01 -9.400000000000000022e-02
1.239999999999999991e+00 6.541999999999999815e+00 2.710000000000000187e-01 -7.099999999999999367e-02
1.741999999999999993e+00 7.150999999999999801e+00 3.059999999999999942e-01 -5.299999999999999850e-02
2.589999999999999858e+00 6.208000000000000185e+00 -5.190000000000000169e-01 -2.800000000000000058e-02
3.329000000000000181e+00 5.682000000000000384e+00 -1.447999999999999954e+00 8.000000000000000167e-03
3.021999999999999797e+00 5.684999999999999609e+00 -1.330999999999999961e+00 3.500000000000000333e-02
1.667000000000000037e+00 4.668999999999999595e+00 -8.770000000000000018e-01 5.099999999999999672e-02
6.239999999999999991e-01 2.858000000000000096e+00 -1.673999999999999932e+00 6.500000000000000222e-02
-1.099999999999999936e-02 1.875999999999999890e+00 -3.625000000000000000e+00 7.000000000000000666e-02
-1.249000000000000110e+00 1.794000000000000039e+00 -5.091999999999999638e+00 5.999999999999999778e-02
-2.549999999999999822e+00 1.034999999999999920e+00 -5.304999999999999716e+00 5.800000000000000294e-02
-2.357000000000000206e+00 -1.203999999999999959e+00 -5.272000000000000242e+00 7.900000000000000078e-02
-7.830000000000000293e-01 -3.858999999999999986e+00 -5.849999999999999645e+00 1.029999999999999943e-01
2.359999999999999876e-01 -5.293000000000000149e+00 -5.823999999999999844e+00 1.100000000000000006e-01
-2.159999999999999976e-01 -4.801999999999999602e+00 -3.956999999999999851e+00 1.039999999999999952e-01
-4.460000000000000075e-01 -2.886000000000000121e+00 -1.576000000000000068e+00 9.800000000000000377e-02
1.006999999999999895e+00 -9.719999999999999751e-01 -1.019999999999999934e-01 1.029999999999999943e-01
2.591000000000000192e+00 -5.939999999999999725e-01 1.068999999999999950e+00 1.270000000000000018e-01
2.424999999999999822e+00 -1.745000000000000107e+00 1.872999999999999998e+00 1.529999999999999971e-01
1.933999999999999941e+00 -2.478000000000000203e+00 1.110000000000000098e+00 1.509999999999999953e-01
4.100999999999999979e+00 -1.358000000000000096e+00 -1.960000000000000075e-01 1.380000000000000115e-01
9.401999999999999247e+00 4.269999999999999907e-01 3.109999999999999987e-01 1.549999999999999989e-01
1.453899999999999970e+01 6.610000000000000320e-01 1.844999999999999973e+00 1.869999999999999996e-01
1.489600000000000080e+01 -1.161000000000000032e+00 1.449000000000000066e+00 1.859999999999999987e-01
9.433999999999999275e+00 -3.491999999999999993e+00 -5.639999999999999458e-01 1.580000000000000016e-01
2.447999999999999954e+00 -4.762999999999999901e+00 -6.510000000000000231e-01 1.400000000000000133e-01
-1.461000000000000076e+00 -5.333999999999999631e+00 2.052999999999999936e+00 1.380000000000000115e-01
-2.205999999999999961e+00 -6.136999999999999567e+00 4.089000000000000412e+00 1.429999999999999882e-01
-2.208000000000000185e+00 -6.384999999999999787e+00 2.825000000000000178e+00 1.620000000000000051e-01
-2.487000000000000099e+00 -5.679999999999999716e+00 2.129999999999999949e-01 1.890000000000000013e-01
-2.666999999999999815e+00 -5.913000000000000256e+00 -2.089999999999999913e-01 1.950000000000000067e-01
-2.728000000000000203e+00 -7.429000000000000270e+00 1.590999999999999970e+00 1.719999999999999862e-01
-3.471999999999999975e+00 -7.668999999999999595e+00 2.640000000000000124e+00 1.580000000000000016e-01
-5.432999999999999829e+00 -6.384999999999999787e+00 1.616000000000000103e+00 1.690000000000000113e-01
-7.434000000000000163e+00 -6.235999999999999766e+00 1.299999999999999940e-02 1.710000000000000131e-01
-7.682000000000000384e+00 -7.198999999999999844e+00 -4.919999999999999929e-01 1.640000000000000069e-01
-6.703000000000000291e+00 -6.554999999999999716e+00 2.139999999999999958e-01 1.869999999999999996e-01
-6.883000000000000007e+00 -4.387999999999999901e+00 1.050000000000000044e+00 2.369999999999999885e-01
-8.563000000000000611e+00 -4.189000000000000057e+00 1.090999999999999970e+00 2.560000000000000053e-01
-9.355999999999999872e+00 -7.541999999999999815e+00 2.760000000000000231e-01 2.240000000000000047e-01
-7.764000000000000234e+00 -1.104199999999999982e+01 -1.141000000000000014e+00 1.900000000000000022e-01
-4.383000000000000007e+00 -1.008500000000000085e+01 -2.682999999999999829e+00 1.970000000000000084e-01
6.770000000000000462e-01 -4.705000000000000071e+00 -3.056000000000000050e+00 2.149999999999999967e-01
7.482000000000000206e+00 -4.200000000000000261e-02 -1.463000000000000078e+00 2.109999999999999931e-01
1.248700000000000010e+01 -1.179999999999999938e+00 4.060000000000000275e-01 1.990000000000000102e-01
1.086299999999999955e+01 -8.005000000000000782e+00 5.050000000000000044e-01 2.010000000000000120e-01
4.631000000000000227e+00 -1.520299999999999940e+01 3.390000000000000235e-01 2.030000000000000138e-01
1.814999999999999947e+00 -1.720100000000000051e+01 3.209999999999999964e+00 1.910000000000000031e-01
5.500000000000000000e+00 -1.298399999999999999e+01 8.125999999999999446e+00 1.719999999999999862e-01
9.451999999999999957e+00 -6.649000000000000021e+00 9.462999999999999190e+00 1.539999999999999980e-01
7.136000000000000121e+00 -2.762999999999999901e+00 4.693999999999999950e+00 1.400000000000000133e-01
1.330000000000000071e+00 -1.518000000000000016e+00 -1.409999999999999920e+00 1.390000000000000124e-01
-2.849999999999999756e-01 -7.940000000000000391e-01 -3.060000000000000053e+00 1.469999999999999918e-01
2.785000000000000142e+00 -5.090000000000000080e-01 -4.359999999999999987e-01 1.409999999999999865e-01
4.073000000000000398e+00 -7.910000000000000364e-01 2.399000000000000021e+00 1.130000000000000032e-01
1.405000000000000027e+00 4.159999999999999809e-01 3.298000000000000043e+00 8.000000000000000167e-02
-1.082999999999999963e+00 3.641999999999999904e+00 2.834999999999999964e+00 6.700000000000000400e-02
-1.399999999999999911e+00 5.758000000000000007e+00 1.989000000000000101e+00 8.100000000000000255e-02
-2.032999999999999918e+00 5.248000000000000220e+00 1.133999999999999897e+00 9.800000000000000377e-02
-4.102000000000000313e+00 4.839000000000000412e+00 -1.170000000000000068e-01 9.099999999999999756e-02
-5.671999999999999709e+00 5.929999999999999716e+00 -2.212000000000000188e+00 5.500000000000000028e-02
-5.825000000000000178e+00 6.490000000000000213e+00 -4.445000000000000284e+00 8.999999999999999320e-03
-5.520999999999999908e+00 6.088000000000000078e+00 -5.402000000000000135e+00 -1.400000000000000029e-02
-4.796000000000000263e+00 6.995000000000000107e+00 -4.559000000000000163e+00 -6.000000000000000125e-03
-2.978000000000000203e+00 9.923000000000000043e+00 -2.855999999999999872e+00 1.000000000000000021e-03
-1.044000000000000039e+00 1.262299999999999933e+01 -1.437000000000000055e+00 -1.700000000000000122e-02
-8.020000000000000462e-01 1.307499999999999929e+01 -3.679999999999999938e-01 -4.399999999999999745e-02
-2.209000000000000075e+00 1.193299999999999983e+01 4.789999999999999813e-01 -6.400000000000000133e-02
-3.471999999999999975e+00 1.090900000000000070e+01 5.400000000000000355e-01 -8.100000000000000255e-02
-3.459999999999999964e+00 1.081099999999999994e+01 -2.179999999999999993e-01 -8.200000000000000344e-02
-2.777000000000000135e+00 1.162299999999999933e+01 -1.004999999999999893e+00 -6.199999999999999956e-02
-2.287999999999999812e+00 1.244999999999999929e+01 -1.338999999999999968e+00 -4.900000000000000189e-02
-1.743999999999999995e+00 1.204299999999999926e+01 -9.849999999999999867e-01 -5.800000000000000294e-02
-6.370000000000000107e-01 1.054400000000000048e+01 -3.599999999999999728e-02 -7.299999999999999545e-02
7.379999999999999893e-01 9.493999999999999773e+00 7.119999999999999662e-01 -8.699999999999999400e-02
1.681000000000000050e+00 9.682999999999999829e+00 1.054000000000000048e+00 -1.069999999999999979e-01
1.741999999999999993e+00 9.948000000000000398e+00 1.399000000000000021e+00 -1.280000000000000027e-01
9.979999999999999982e-01 8.785999999999999588e+00 1.173000000000000043e+00 -1.340000000000000080e-01
2.570000000000000062e-01 6.681000000000000050e+00 -6.300000000000000044e-02 -1.320000000000000062e-01
4.520000000000000129e-01 5.597000000000000419e+00 -1.036999999999999922e+00 -1.449999999999999900e-01
1.427999999999999936e+00 6.001999999999999780e+00 -4.269999999999999907e-01 -1.719999999999999862e-01
2.124000000000000110e+00 5.951999999999999957e+00 1.264999999999999902e+00 -1.930000000000000049e-01
1.917000000000000037e+00 4.288999999999999702e+00 2.431000000000000050e+00 -2.069999999999999896e-01
1.088999999999999968e+00 3.020999999999999908e+00 2.322000000000000064e+00 -2.159999999999999976e-01
5.010000000000000009e-01 3.896999999999999797e+00 1.717999999999999972e+00 -2.089999999999999913e-01
8.179999999999999494e-01 5.011999999999999567e+00 1.326000000000000068e+00 -1.910000000000000031e-01
1.552000000000000046e+00 4.347999999999999865e+00 7.870000000000000329e-01 -1.819999999999999951e-01
1.776000000000000023e+00 3.060000000000000053e+00 2.670000000000000151e-01 -1.799999999999999933e-01
1.649000000000000021e+00 2.462000000000000188e+00 7.329999999999999849e-01 -1.719999999999999862e-01
1.798000000000000043e+00 1.889000000000000012e+00 1.750999999999999890e+00 -1.710000000000000131e-01
2.032999999999999918e+00 6.760000000000000453e-01 1.800000000000000044e+00 -1.849999999999999978e-01
1.848999999999999977e+00 -8.950000000000000178e-01 7.069999999999999618e-01 -2.010000000000000120e-01
1.209999999999999964e+00 -2.572000000000000064e+00 -3.940000000000000169e-01 -2.010000000000000120e-01
4.630000000000000226e-01 -4.142000000000000348e+00 -8.609999999999999876e-01 -1.759999999999999898e-01
2.400000000000000050e-02 -4.796000000000000263e+00 -1.118000000000000105e+00 -1.390000000000000124e-01
9.199999999999999845e-02 -4.020999999999999908e+00 -1.612999999999999989e+00 -1.229999999999999982e-01
5.190000000000000169e-01 -3.079000000000000181e+00 -1.693000000000000060e+00 -1.390000000000000124e-01
7.890000000000000346e-01 -3.958000000000000185e+00 -6.590000000000000302e-01 -1.570000000000000007e-01
4.400000000000000022e-01 -6.362000000000000099e+00 4.939999999999999947e-01 -1.509999999999999953e-01
-2.230000000000000038e-01 -7.644000000000000128e+00 3.130000000000000004e-01 -1.350000000000000089e-01
-5.849999999999999645e-01 -7.097000000000000419e+00 -6.840000000000000524e-01 -1.380000000000000115e-01
-8.760000000000000009e-01 -7.793999999999999595e+00 -5.689999999999999503e-01 -1.479999999999999927e-01
-1.703999999999999959e+00 -1.161899999999999977e+01 1.258000000000000007e+00 -1.239999999999999991e-01
-2.709999999999999964e+00 -1.564799999999999969e+01 2.717999999999999972e+00 -7.199999999999999456e-02
-3.096999999999999975e+00 -1.664399999999999835e+01 1.550999999999999934e+00 -4.900000000000000189e-02
-3.128000000000000114e+00 -1.555100000000000016e+01 -7.880000000000000338e-01 -5.500000000000000028e-02
-3.255999999999999783e+00 -1.467800000000000082e+01 -1.002999999999999892e+00 -4.399999999999999745e-02
-2.640000000000000124e+00 -1.392200000000000060e+01 5.500000000000000444e-01 -1.700000000000000122e-02
-7.179999999999999716e-01 -1.201200000000000045e+01 1.094000000000000083e+00 -1.899999999999999953e-02
1.044999999999999929e+00 -9.019999999999999574e+00 2.419999999999999929e-01 -4.000000000000000083e-02
1.086000000000000076e+00 -6.290000000000000036e+00 -6.879999999999999449e-01 -3.799999999999999906e-02
3.930000000000000160e-01 -4.764000000000000234e+00 -1.133999999999999897e+00 -1.299999999999999940e-02
1.247000000000000108e+00 -3.987000000000000099e+00 -1.050999999999999934e+00 1.000000000000000021e-02
3.995000000000000107e+00 -2.705999999999999961e+00 -6.949999999999999512e-01 2.599999999999999881e-02
7.451999999999999957e+00 5.160000000000000142e-01 -5.460000000000000409e-01 3.200000000000000067e-02
1.123199999999999932e+01 5.844999999999999751e+00 -2.560000000000000053e-01 2.400000000000000050e-02
1.408099999999999952e+01 9.063000000000000611e+00 7.389999999999999902e-01 1.899999999999999953e-02
1.236200000000000010e+01 4.381000000000000227e+00 1.534999999999999920e+00 3.200000000000000067e-02
5.014000000000000234e+00 -6.471000000000000085e+00 8.439999999999999725e-01 4.100000000000000172e-02
-2.605999999999999872e+00 -1.449699999999999989e+01 -9.499999999999999556e-01 3.099999999999999978e-02
-4.549999999999999822e+00 -1.496499999999999986e+01 -2.361000000000000210e+00 2.000000000000000042e-02
-1.864000000000000101e+00 -1.218800000000000061e+01 -2.494000000000000217e+00 2.500000000000000139e-02
-2.030000000000000138e-01 -1.188100000000000023e+01 -1.538999999999999924e+00 2.900000000000000147e-02
-1.481000000000000094e+00 -1.408399999999999963e+01 -6.290000000000000036e-01 1.799999999999999864e-02
-2.612000000000000099e+00 -1.526600000000000001e+01 -7.229999999999999760e-01 1.299999999999999940e-02
-1.846999999999999975e+00 -1.422899999999999920e+01 -1.175999999999999934e+00 3.699999999999999817e-02
-1.028000000000000025e+00 -1.318599999999999994e+01 -9.419999999999999485e-01 7.499999999999999722e-02
-1.534000000000000030e+00 -1.363899999999999935e+01 -4.149999999999999800e-01 8.599999999999999312e-02
-2.403000000000000025e+00 -1.396499999999999986e+01 -4.440000000000000058e-01 5.800000000000000294e-02
-2.487999999999999989e+00 -1.234099999999999930e+01 -9.469999999999999529e-01 2.299999999999999961e-02
